   0.0000000000000000        1.0000000000000000       0.99999999999999989     
   4.0040040040040040E-003  0.99994004293512928       0.99999505531744592     
   8.0080080080080079E-003   1.0000000338352595       0.99998022131868325     
   1.2012012012012012E-002  0.99993802916322660       0.99995549815041107     
   1.6016016016016016E-002  0.99992383562207110       0.99992088605712559     
   2.0020020020020020E-002  0.99990770438594623       0.99987638538111856     
   2.4024024024024024E-002  0.99986140699607107       0.99982199656247328     
   2.8028028028028028E-002  0.99986743067541128       0.99975772013906072     
   3.2032032032032032E-002  0.99981198489394740       0.99968355674653397     
   3.6036036036036036E-002  0.99982278762737131       0.99959950711832180     
   4.0040040040040040E-002  0.99977163048006090       0.99950557208562174     
   4.4044044044044044E-002  0.99977832712853942       0.99940175257739161     
   4.8048048048048048E-002  0.99973767741889508       0.99928804962034012     
   5.2052052052052052E-002  0.99973718640456299       0.99916446433891792     
   5.6056056056056056E-002  0.99970852206192939       0.99903099795530459     
   6.0060060060060060E-002  0.99970146402150128       0.99888765178939798     
   6.4064064064064064E-002  0.99968340780944565       0.99873442725880068     
   6.8068068068068074E-002  0.99967235973302304       0.99857132587880615     
   7.2072072072072071E-002  0.99966229713692856       0.99839834926238324     
   7.6076076076076082E-002  0.99965033826177030       0.99821549912016094     
   8.0080080080080079E-002  0.99964565065996436       0.99802277726041122     
   8.4084084084084090E-002  0.99963538850334399       0.99782018558903074     
   8.8088088088088087E-002  0.99963414782729987       0.99760772610952264     
   9.2092092092092098E-002  0.99962729229733782       0.99738540092297623     
   9.6096096096096095E-002  0.99962844967211040       0.99715321222804643     
  0.10010010010010011       0.99962581742294543       0.99691116232093191     
  0.10410410410410410       0.99962905929784140       0.99665925359535279     
  0.10810810810810811       0.99963080858596343       0.99639748854252641     
  0.11211211211211211       0.99963627808532829       0.99612586975114281     
  0.11611611611611612       0.99964219809538490       0.99584439990733964     
  0.12012012012012012       0.99965022589274377       0.99555308179467450     
  0.12412412412412413       0.99965997174490129       0.99525191829409887     
  0.12812812812812813       0.99967088684493743       0.99494091238392868     
  0.13213213213213212       0.99968412412901475       0.99462006713981466     
  0.13613613613613615       0.99969815528302974       0.99428938573471282     
  0.14014014014014015       0.99971462198152017       0.99394887143885213     
  0.14414414414414414       0.99973186970548189       0.99359852761970280     
  0.14814814814814814       0.99975138201768521       0.99323835774194291     
  0.15215215215215216       0.99977183238370804       0.99286836536742373     
  0.15615615615615616       0.99979426229185808       0.99248855415513493     
  0.16016016016016016       0.99981781758803145       0.99209892786116838     
  0.16416416416416416       0.99984306302387849       0.99169949033868066     
  0.16816816816816818       0.99986957307264290       0.99129024553785539     
  0.17217217217217218       0.99989753236777190       0.99087119750586361     
  0.17617617617617617       0.99992681849346754       0.99044235038682449     
  0.18018018018018017       0.99995737381480265       0.99000370842176388     
  0.18418418418418420       0.99998924365423092       0.98955527594857196     
  0.18818818818818819        1.0000222531479621       0.98909705740196130     
  0.19219219219219219        1.0000565077540777       0.98862905731342254     
  0.19619619619619619        1.0000918042074940       0.98815128031117949     
  0.20020020020020021        1.0001282400231835       0.98766373112014327     
  0.20420420420420421        1.0001656334780897       0.98716641456186571     
  0.20820820820820821        1.0002040417229672       0.98665933555449203     
  0.21221221221221220        1.0002433235627681       0.98614249911271146     
  0.21621621621621623        1.0002834887716521       0.98561591034770846     
  0.22022022022022023        1.0003244359887873       0.98507957446711159     
  0.22422422422422422        1.0003661349636541       0.98453349677494206     
  0.22822822822822822        1.0004085139383811       0.98397768267156138     
  0.23223223223223224        1.0004515153787295       0.98341213765361868     
  0.23623623623623624        1.0004950846191640       0.98283686731399489     
  0.24024024024024024        1.0005391495119915       0.98225187734174813     
  0.24424424424424424        1.0005836619094459       0.98165717352205828     
  0.24824824824824826        1.0006285446151002       0.98105276173616818     
  0.25225225225225223        1.0006737489000992       0.98043864796132674     
  0.25625625625625625        1.0007191985183648       0.97981483827072957     
  0.26026026026026028        1.0007648405812175       0.97918133883345804     
  0.26426426426426425        1.0008106025969177       0.97853815591441973     
  0.26826826826826827        1.0008564265528070       0.97788529587428519     
  0.27227227227227230        1.0009022443171318       0.97722276516942586     
  0.27627627627627627        1.0009479936331864       0.97655057035184956     
  0.28028028028028029        1.0009936100088630       0.97586871806913633     
  0.28428428428428426        1.0010390284622124       0.97517721506437238     
  0.28828828828828829        1.0010841871626643       0.97447606817608334     
  0.29229229229229231        1.0011290200704044       0.97376528433816700     
  0.29629629629629628        1.0011734669508658       0.97304487057982403     
  0.30030030030030030        1.0012174621825891       0.97231483402548924     
  0.30430430430430433        1.0012609465007272       0.97157518189476044     
  0.30830830830830830        1.0013038556283687       0.97082592150232794     
  0.31231231231231232        1.0013461310280309       0.97006706025790113     
  0.31631631631631629        1.0013877104791915       0.96929860566613568     
  0.32032032032032032        1.0014285360900783       0.96852056532656006     
  0.32432432432432434        1.0014685480593177       0.96773294693349898     
  0.32832832832832831        1.0015076894712129       0.96693575827599854     
  0.33233233233233234        1.0015459029905662       0.96612900723774819     
  0.33633633633633636        1.0015831330840859       0.96531270179700357     
  0.34034034034034033        1.0016193249735275       0.96448685002650714     
  0.34434434434434436        1.0016544248194439       0.96365146009340885     
  0.34834834834834832        1.0016883804382821       0.96280654025918455     
  0.35235235235235235        1.0017211401337360       0.96195209887955491     
  0.35635635635635637        1.0017526542265696       0.96108814440440293     
  0.36036036036036034        1.0017828735451701       0.96021468537768961     
  0.36436436436436437        1.0018117510040405       0.95933173043737041     
  0.36836836836836839        1.0018392401270086       0.95843928831530878     
  0.37237237237237236        1.0018652965722437       0.95753736783719101     
  0.37637637637637639        1.0018898767381919       0.95662597792243798     
  0.38038038038038036        1.0019129391174906       0.95570512758411708     
  0.38438438438438438        1.0019344431850183       0.95477482592885377     
  0.38838838838838841        1.0019543503091273       0.95383508215674051     
  0.39239239239239238        1.0019726231984813       0.95288590556124697     
  0.39639639639639640        1.0019892262562966       0.95192730552912663     
  0.40040040040040042        1.0020041254352747       0.95095929154032544     
  0.40440440440440439        1.0020172883374450       0.94998187316788707     
  0.40840840840840842        1.0020286841984412       0.94899506007785894     
  0.41241241241241239        1.0020382839197342       0.94799886202919548     
  0.41641641641641641        1.0020460601189700       0.94699328887366341     
  0.42042042042042044        1.0020519870318028       0.94597835055574242     
  0.42442442442442441        1.0020560407051611       0.94495405711252856     
  0.42842842842842843        1.0020581987672228       0.94392041867363297     
  0.43243243243243246        1.0020584407445374       0.94287744546108421     
  0.43643643643643643        1.0020567478083255       0.94182514778922499     
  0.44044044044044045        1.0020531029159050       0.94076353606461094     
  0.44444444444444442        1.0020474906915253       0.93969262078590843     
  0.44844844844844844        1.0020398975525082       0.93861241254378935     
  0.45245245245245247        1.0020303116468399       0.93752292202082743     
  0.45645645645645644        1.0020187228637176       0.93642415999139239     
  0.46046046046046046        1.0020051228578208       0.93531613732154295     
  0.46446446446446449        1.0019895049957888       0.93419886496891991     
  0.46846846846846846        1.0019718644131441       0.93307235398263733     
  0.47247247247247248        1.0019521979309485       0.93193661550317397     
  0.47647647647647645        1.0019305041392104       0.93079166076226205     
  0.48048048048048048        1.0019067832835096       0.92963750108277710     
  0.48448448448448450        1.0018810373805958       0.92847414787862570     
  0.48848848848848847        1.0018532700401088       0.92730161265463229     
  0.49249249249249250        1.0018234866688871       0.92611990700642588     
  0.49649649649649652        1.0017916941816394       0.92492904262032505     
  0.50050050050050054        1.0017579013129361       0.92372903127322259     
  0.50450450450450446        1.0017221182254930       0.92251988483246872     
  0.50850850850850848        1.0016843569109319       0.92130161525575405     
  0.51251251251251251        1.0016446306955578       0.92007423459099136     
  0.51651651651651653        1.0016029547677165       0.91883775497619602     
  0.52052052052052056        1.0015593455429712       0.91759218863936653     
  0.52452452452452447        1.0015138213012271       0.91633754789836308     
  0.52852852852852850        1.0014664014611918       0.91507384516078605     
  0.53253253253253252        1.0014171073130496       0.91380109292385314     
  0.53653653653653655        1.0013659611680379       0.91251930377427604     
  0.54054054054054057        1.0013129872387354       0.91122849038813569     
  0.54454454454454460        1.0012582106193506       0.90992866553075669     
  0.54854854854854851        1.0012016583414152       0.90861984205658186     
  0.55255255255255253        1.0011433581663960       0.90730203290904443     
  0.55655655655655656        1.0010833398320067       0.90597525112043986     
  0.56056056056056058        1.0010216336598761       0.90463950981179786     
  0.56456456456456461        1.0009582719836614       0.90329482219275237     
  0.56856856856856852        1.0008932875476320       0.90194120156140967     
  0.57257257257257255        1.0008267151710843       0.90057866130421826     
  0.57657657657657657        1.0007585898925559       0.89920721489583666     
  0.58058058058058060        1.0006889488929063       0.89782687589899912     
  0.58458458458458462        1.0006178293761061       0.89643765796438168     
  0.58858858858858853        1.0005452707580331       0.89503957483046792     
  0.59259259259259256        1.0004713122731137       0.89363264032341216     
  0.59659659659659658        1.0003959954506789       0.89221686835690384     
  0.60060060060060061        1.0003193614101491       0.89079227293202834     
  0.60460460460460463        1.0002414536631188       0.88935886813713039     
  0.60860860860860866        1.0001623150781929       0.88791666814767300     
  0.61261261261261257        1.0000819910217320       0.88646568722609853     
  0.61661661661661660        1.0000005259659663       0.88500593972168740     
  0.62062062062062062       0.99991796700241775       0.88353744007041513     
  0.62462462462462465       0.99983436006256243       0.88206020279481145     
  0.62862862862862867       0.99974975383250364       0.88057424250381455     
  0.63263263263263259       0.99966419555851505       0.87907957389262892     
  0.63663663663663661       0.99957773539550998       0.87757621174257761     
  0.64064064064064064       0.99949042175387603       0.87606417092095823     
  0.64464464464464466       0.99940230612176550       0.87454346638089420     
  0.64864864864864868       0.99931343793751315       0.87301411316118804     
  0.65265265265265260       0.99922386989433443       0.87147612638617244     
  0.65665665665665662       0.99913365231301687       0.86992952126555978     
  0.66066066066066065       0.99904283896419754       0.86837431309429269     
  0.66466466466466467       0.99895148090906083       0.86681051725239278     
  0.66866866866866870       0.99885963286975399       0.86523814920480835     
  0.67267267267267272       0.99876734651434329       0.86365722450126059     
  0.67667667667667664       0.99867467738039761       0.86206775877609154     
  0.68068068068068066       0.99858167760327687       0.86046976774810768     
  0.68468468468468469       0.99848840342395495       0.85886326722042616     
  0.68868868868868871       0.99839490731002634       0.85724827308031681     
  0.69269269269269274       0.99830124608073301       0.85562480129904683     
  0.69669669669669665       0.99820747240858543       0.85399286793172080     
  0.70070070070070067       0.99811364356990295       0.85235248911712413     
  0.70470470470470470       0.99801981232479431       0.85070368107756156     
  0.70870870870870872       0.99792603627430965       0.84904646011869800     
  0.71271271271271275       0.99783236814601728       0.84738084262939628     
  0.71671671671671666       0.99773886575945225       0.84570684508155602     
  0.72072072072072069       0.99764558169437845       0.84402448402995045     
  0.72472472472472471       0.99755257386849117       0.84233377611206173     
  0.72872872872872874       0.99745989460926066       0.84063473804791822     
  0.73273273273273276       0.99736760182032125       0.83892738663992727     
  0.73673673673673679       0.99727574747254111       0.83721173877271082     
  0.74074074074074070       0.99718438933202902       0.83548781141293649     
  0.74474474474474472       0.99709357893025885       0.83375562160915173     
  0.74874874874874875       0.99700337378191517       0.83201518649161366     
  0.75275275275275277       0.99691382489539992       0.83026652327212069     
  0.75675675675675680       0.99682498940793485       0.82850964924384218     
  0.76076076076076071       0.99673691775037854       0.82674458178114663     
  0.76476476476476474       0.99664966655799281       0.82497133833943037     
  0.76876876876876876       0.99656328560441254       0.82318993645494531     
  0.77277277277277279       0.99647783091533715       0.82140039374462548     
  0.77677677677677681       0.99639335156017250       0.81960272790591149     
  0.78078078078078073       0.99630990282307752       0.81779695671657793     
  0.78478478478478475       0.99622753303820555       0.81598309803455460     
  0.78878878878878878       0.99614629661531884       0.81416116979775299     
  0.79279279279279280       0.99606624113107045       0.81233119002388599     
  0.79679679679679682       0.99598741997265072       0.81049317681029232     
  0.80080080080080085       0.99590987995310154       0.80864714833375506     
  0.80480480480480476       0.99583367330990591       0.80679312285032445     
  0.80880880880880879       0.99575884608785559       0.80493111869513490     
  0.81281281281281281       0.99568544922459157       0.80306115428222591     
  0.81681681681681684       0.99561352803638092       0.80118324810435759     
  0.82082082082082086       0.99554313197174771       0.79929741873283022     
  0.82482482482482478       0.99547430566576167       0.79740368481729917     
  0.82882882882882880       0.99540709691255203       0.79550206508558996     
  0.83283283283283283       0.99534154972950695       0.79359257834351515     
  0.83683683683683685       0.99527771005376309       0.79167524347468543     
  0.84084084084084088       0.99521562139197106       0.78975007944032627     
  0.84484484484484490       0.99515532761559256       0.78781710527908688     
  0.84884884884884881       0.99509687181161099       0.78587634010685514     
  0.85285285285285284       0.99504029557133189       0.78392780311656585     
  0.85685685685685686       0.99498564169195913       0.78197151357801298     
  0.86086086086086089       0.99493294924672271       0.78000749083765841     
  0.86486486486486491       0.99488226089104859       0.77803575431843952     
  0.86886886886886883       0.99483361292992178       0.77605632351957921     
  0.87287287287287285       0.99478704806457219       0.77406921801639061     
  0.87687687687687688       0.99474259952207689       0.77207445746008641     
  0.88088088088088090       0.99470031028121753       0.77007206157758135     
  0.88488488488488493       0.99466021015675998       0.76806205017129980     
  0.88888888888888884       0.99462234266811467       0.76604444311897812     
  0.89289289289289286       0.99458673384656171       0.76401926037346957     
  0.89689689689689689       0.99455342806455460       0.76198652196254524     
  0.90090090090090091       0.99452244720460703       0.75994624798869781     
  0.90490490490490494       0.99449383673765290       0.75789845862894112     
  0.90890890890890896       0.99446761403829365       0.75584317413461199     
  0.91291291291291288       0.99444382597608527       0.75378041483116964     
  0.91691691691691690       0.99442248502933162       0.75171020111799358     
  0.92092092092092093       0.99440363982087698       0.74963255346818269     
  0.92492492492492495       0.99438729743558152       0.74754749242835361     
  0.92892892892892898       0.99437350868834362       0.74545503861843632     
  0.93293293293293289       0.99436227471910266       0.74335521273147021     
  0.93693693693693691       0.99435364901088308       0.74124803553340046     
  0.94094094094094094       0.99434762621466455       0.73913352786287123     
  0.94494494494494496       0.99434426289453071       0.73701171063102144     
  0.94894894894894899       0.99434354672319991       0.73488260482127599     
  0.95295295295295290       0.99434553760886246       0.73274623148913998     
  0.95695695695695693       0.99435021575700655       0.73060261176198882     
  0.96096096096096095       0.99435764510360314       0.72845176683886093     
  0.96496496496496498       0.99436779773441386       0.72629371799024722     
  0.96896896896896900       0.99438074206586424       0.72412848655788020     
  0.97297297297297303       0.99439644139443284       0.72195609395452465     
  0.97697697697697694       0.99441496914611249       0.71977656166376347     
  0.98098098098098097       0.99443627924666134       0.71758991123978799     
  0.98498498498498499       0.99446045048101017       0.71539616430718200     
  0.98898898898898902       0.99448742694270065       0.71319534256071038     
  0.99299299299299304       0.99451729316713533       0.71098746776510235     
  0.99699699699699695       0.99454998279036311       0.70877256175483849     
   1.0010010010010011       0.99458558659102037       0.70655064643393239     
   1.0050050050050050       0.99462402712690035       0.70432174377571666     
   1.0090090090090089       0.99466540179947616       0.70208587582262261     
   1.0130130130130131       0.99470962164696308       0.69984306468596524     
   1.0170170170170170       0.99475679082099011       0.69759333254572309     
   1.0210210210210211       0.99480680858215242       0.69533670165031780     
   1.0250250250250250       0.99485978595391178       0.69307319431639725     
   1.0290290290290289       0.99491560998919348       0.69080283292861089     
   1.0330330330330331       0.99497439877208771       0.68852563993939231     
   1.0370370370370370       0.99503602694045434       0.68624163786873360     
   1.0410410410410411       0.99510061934778637       0.68395084930396588     
   1.0450450450450450       0.99516803841638135       0.68165329689953280     
   1.0490490490490489       0.99523841532961743       0.67934900337676996     
   1.0530530530530531       0.99531160041008038       0.67703799152367639     
   1.0570570570570570       0.99538773073093523       0.67472028419469277     
   1.0610610610610611       0.99546664491777204       0.67239590431047247     
   1.0650650650650650       0.99554848490345527       0.67006487485765720     
   1.0690690690690692       0.99563307859328165       0.66772721888864850     
   1.0730730730730731       0.99572057143760861       0.66538295952137927     
   1.0770770770770770       0.99581078163442593       0.66303211993908673     
   1.0810810810810811       0.99590385666330394       0.66067472339008138     
   1.0850850850850851       0.99599960654905484       0.65831079318751895     
   1.0890890890890892       0.99609817849251459       0.65594035270916762     
   1.0930930930930931       0.99619937655242830       0.65356342539717938     
   1.0970970970970970       0.99630334497734252       0.65118003475785569     
   1.1011011011011012       0.99640988435067734       0.64879020436141710     
   1.1051051051051051       0.99651913268850889       0.64639395784176923     
   1.1091091091091092       0.99663089048540965       0.64399131889626848     
   1.1131131131131131       0.99674528541076279       0.64158231128548826     
   1.1171171171171170       0.99686212179433642       0.63916695883298480     
   1.1211211211211212       0.99698151229085175       0.63674528542506059     
   1.1251251251251251       0.99710326990010745       0.63431731501052790     
   1.1291291291291292       0.99722748644572867       0.63188307160047219     
   1.1331331331331331       0.99735398934962682       0.62944257926801572     
   1.1371371371371370       0.99748284311032520       0.62699586214807856     
   1.1411411411411412       0.99761389625748187       0.62454294443713887     
   1.1451451451451451       0.99774717814451852       0.62208385039299618     
   1.1491491491491492       0.99788256629380623       0.61961860433452864     
   1.1531531531531531       0.99802004622751439       0.61714723064145538     
   1.1571571571571571       0.99815953341429375       0.61466975375409227     
   1.1611611611611612       0.99830095940232044       0.61218619817311382     
   1.1651651651651651       0.99844428793101891       0.60969658845930685     
   1.1691691691691692       0.99858938534699515       0.60720094923333146     
   1.1731731731731732       0.99873627528036490       0.60469930517547543     
   1.1771771771771771       0.99888474613456923       0.60219168102540976     
   1.1811811811811812       0.99903489445454374       0.59967810158194490     
   1.1851851851851851       0.99918641665667729       0.59715859170278607     
   1.1891891891891893       0.99933949677597378       0.59463317630428669     
   1.1931931931931932       0.99949372374015666       0.59210188036120104     
   1.1971971971971973       0.99964938497578892       0.58956472890643952     
   1.2012012012012012       0.99980594503799181       0.58702174703081855     
   1.2052052052052051       0.99996381220322250       0.58447295988281511     
   1.2092092092092093        1.0001223083746511       0.58191839266831502     
   1.2132132132132132        1.0002819816207227       0.57935807065036715     
   1.2172172172172173        1.0004419915950831       0.57679201914892964     
   1.2212212212212212        1.0006030463030557       0.57422026354062339     
   1.2252252252252251        1.0007641224762260       0.57164282925847876     
   1.2292292292292293        1.0009261094324664       0.56905974179168362     
   1.2332332332332332        1.0010877793297814       0.56647102668533400     
   1.2372372372372373        1.0012502251076609       0.56387670954017777     
   1.2412412412412412        1.0014119920726055       0.56127681601236523     
   1.2452452452452452        1.0015743997645936       0.55867137181319193     
   1.2492492492492493        1.0017357440577803       0.55606040270884771     
   1.2532532532532532        1.0018975942429815       0.55344393452015839     
   1.2572572572572573        1.0020579744377001       0.55082199312233371     
   1.2612612612612613        1.0022187265785909       0.54819460444470980     
   1.2652652652652652        1.0023775814970022       0.54556179447049202     
   1.2692692692692693        1.0025366757394827       0.54292358923649942     
   1.2732732732732732        1.0026934268861158       0.54028001483290677     
   1.2772772772772774        1.0028502863367448       0.53763109740298687     
   1.2812812812812813        1.0030043409151843       0.53497686314285187     
   1.2852852852852852        1.0031583744492676       0.53231733830119210     
   1.2892892892892893        1.0033091290294436       0.52965254917902038     
   1.2932932932932932        1.0034597346908325       0.52698252212940966     
   1.2972972972972974        1.0036065795974547       0.52430728355723166     
   1.3013013013013013        1.0037531486543514       0.52162685991889790     
   1.3053053053053052        1.0038954731494947       0.51894127772209575     
   1.3093093093093093        1.0040373948712082       0.51625056352552856     
   1.3133133133133132        1.0041745931914952       0.51355474393865164     
   1.3173173173173174        1.0043112603917814       0.51085384562140879     
   1.3213213213213213        1.0044427387837755       0.50814789528396931     
   1.3253253253253254        1.0045735543624577       0.50543691968646431     
   1.3293293293293293        1.0046987390904145       0.50272094563872183     
   1.3333333333333333        1.0048231233313536       0.50000000000000033     
   1.3373373373373374        1.0049414697996588       0.49727410967872421     
   1.3413413413413413        1.0050588687839297       0.49454330163221866     
   1.3453453453453454        1.0051698718180382       0.49180760286644143     
   1.3493493493493494        1.0052797670519336       0.48906704043571680     
   1.3533533533533533        1.0053829725690471       0.48632164144246692     
   1.3573573573573574        1.0054848915931569       0.48357143303694439     
   1.3613613613613613        1.0055799092761819       0.48081644241696458     
   1.3653653653653655        1.0056734377167635       0.47805669682763607     
   1.3693693693693694        1.0057599555073857       0.47529222356109019     
   1.3733733733733733        1.0058447504038113       0.47252304995621203     
   1.3773773773773774        1.0059225498494504       0.46974920339837073     
   1.3813813813813813        1.0059983544690203       0.46697071131914814     
   1.3853853853853855        1.0060673281556523       0.46418760119606600     
   1.3893893893893894        1.0061339881151647       0.46139990055231739     
   1.3933933933933933        1.0061941579527713       0.45860763695649082     
   1.3973973973973974        1.0062516393401686       0.45581083802230099     
   1.4014014014014013        1.0063031765567561       0.45300953140831446     
   1.4054054054054055        1.0063515851309333       0.45020374481767350     
   1.4094094094094094        1.0063948318550104       0.44739350599782696     
   1.4134134134134133        1.0064344341134028       0.44457884274025250     
   1.4174174174174174        1.0064699258092937       0.44175978288018319     
   1.4214214214214214        1.0065011720160790       0.43893635429633082     
   1.4254254254254255        1.0065296612622019       0.43610858491061116     
   1.4294294294294294        1.0065532096008201       0.43327650268786849     
   1.4334334334334333        1.0065756910198347       0.43044013563559824     
   1.4374374374374375        1.0065924335108443       0.42759951180366951     
   1.4414414414414414        1.0066101693046434       0.42475465928404799     
   1.4454454454454455        1.0066212591852435       0.42190560621051937     
   1.4494494494494494        1.0066358048901436       0.41905238075840973     
   1.4534534534534536        1.0066426853827279       0.41619501114430768     
   1.4574574574574575        1.0066559156760941       0.41333352562578418     
   1.4614614614614614        1.0066603496878044       0.41046795250111390     
   1.4654654654654655        1.0066744836030344       0.40759832010899610     
   1.4694694694694694        1.0066785839533727       0.40472465682827363     
   1.4734734734734736        1.0066962090046385       0.40184699107765148     
   1.4774774774774775        1.0067024689194688       0.39896535131541649     
   1.4814814814814814        1.0067265630235058       0.39607976603915679     
   1.4854854854854855        1.0067378861813074       0.39319026378547872     
   1.4894894894894894        1.0067718363947071       0.39029687312972589     
   1.4934934934934936        1.0067915662616616       0.38739962268569328     
   1.4974974974974975        1.0068391831850207       0.38449854110534909     
   1.5015015015015014        1.0068711295545125       0.38159365707854875     
   1.5055055055055055        1.0069366568116962       0.37868499933275013     
   1.5095095095095095        1.0069851189587271       0.37577259663273255     
   1.5135135135135136        1.0070732349135010       0.37285647778030873     
   1.5175175175175175        1.0071430209166874       0.36993667161404314     
   1.5215215215215214        1.0072588306743826       0.36701320700896550     
   1.5255255255255256        1.0073552696774803       0.36408611287628412     
   1.5295295295295295        1.0075042876115416       0.36115541816310132     
   1.5335335335335336        1.0076332334859286       0.35822115185212744     
   1.5375375375375375        1.0078213497975308       0.35528334296139380     
   1.5415415415415414        1.0079891755510244       0.35234202054396474     
   1.5455455455455456        1.0082226088477793       0.34939721368765114     
   1.5495495495495495        1.0084361870941327       0.34644895151472355     
   1.5535535535535536        1.0087214157108753       0.34349726318162310     
   1.5575575575575575        1.0089880843021317       0.34054217787867375     
   1.5615615615615615        1.0093317565800952       0.33758372482979260     
   1.5655655655655656        1.0096592663867605       0.33462193329220158     
   1.5695695695695695        1.0100680857087361       0.33165683255613898     
   1.5735735735735736        1.0104645282357785       0.32868845194456903     
   1.5775775775775776        1.0109451091608419       0.32571682081289088     
   1.5815815815815817        1.0114188207026098       0.32274196854864945     
   1.5855855855855856        1.0119775144480114       0.31976392457124525     
   1.5895895895895895        1.0125369568910703       0.31678271833164295     
   1.5935935935935936        1.0131796445310173       0.31379837931207866     
   1.5975975975975976        1.0138332604800842       0.31081093702577139     
   1.6016016016016017        1.0145651102721525       0.30782042101662782     
   1.6056056056056056        1.0153211517900671       0.30482686085895305     
   1.6096096096096095        1.0161463423070860       0.30183028615715729     
   1.6136136136136137        1.0170126776765716       0.29883072654546011     
   1.6176176176176176        1.0179340895007500       0.29582821168760254     
   1.6216216216216217        1.0189179866433258       0.29282277127655032     
   1.6256256256256256        1.0199368590521407       0.28981443503420135     
   1.6296296296296295        1.0210447560673765       0.28680323271109065     
   1.6336336336336337        1.0221603217820903       0.28378919408609704     
   1.6376376376376376        1.0233975820142340       0.28077234896614933     
   1.6416416416416417        1.0246066800962108       0.27775272718593036     
   1.6456456456456456        1.0259773487353840       0.27473035860758332     
   1.6496496496496496        1.0272740260957200       0.27170527312041282     
   1.6536536536536537        1.0287805929885474       0.26867750064059459     
   1.6576576576576576        1.0301557036345612       0.26564707111087615     
   1.6616616616616617        1.0317988745781610       0.26261401450028199     
   1.6656656656656657        1.0332396927582828       0.25957836080381591     
   1.6696696696696696        1.0350181919899339       0.25654014004216519     
   1.6736736736736737        1.0365080417544037       0.25349938226140467     
   1.6776776776776776        1.0384184310691174       0.25045611753269870     
   1.6816816816816818        1.0399363574531131       0.24741037595200283     
   1.6856856856856857        1.0419728873399607       0.24436218763976714     
   1.6896896896896898        1.0434933842532459       0.24131158274063927     
   1.6936936936936937        1.0456478688425870       0.23825859142316480     
   1.6976976976976976        1.0471406760520834       0.23520324387949043     
   1.7017017017017018        1.0494023592355530       0.23214557032506186     
   1.7057057057057057        1.0508323744006085       0.22908560099833006     
   1.7097097097097098        1.0531877835790722       0.22602336616044894     
   1.7137137137137137        1.0545151048750141       0.22295889609497727     
   1.7177177177177176        1.0569478264384797       0.21989222110757800     
   1.7217217217217218        1.0581280037344614       0.21682337152571932     
   1.7257257257257257        1.0606183007080581       0.21375237769837560     
   1.7297297297297298        1.0616028438936442       0.21067926999572606     
   1.7337337337337337        1.0641270852473925       0.20760407880885565     
   1.7377377377377377        1.0648643061192982       0.20452683454945109     
   1.7417417417417418        1.0673938711232520       0.20144756764950522     
   1.7457457457457457        1.0678308029093790       0.19836630856101312     
   1.7497497497497498        1.0703296429373954       0.19528308775567005     
   1.7537537537537538        1.0704144798060033       0.19219793572457314     
   1.7577577577577577        1.0728382392510378       0.18911088297791637     
   1.7617617617617618        1.0725203978630538       0.18602196004469188     
   1.7657657657657657        1.0748134945393353       0.18293119747238676     
   1.7697697697697699        1.0740549189321498       0.17983862582668017     
   1.7737737737737738        1.0761314858583626       0.17674427569114179     
   1.7777777777777777        1.0749206517824981       0.17364817766693028     
   1.7817817817817818        1.0766735389630220       0.17055036237248988     
   1.7857857857857857        1.0749882821623769       0.16745086044324664     
   1.7897897897897899        1.0763362539316343       0.16434970253130635     
   1.7937937937937938        1.0741387973557028       0.16124691930515228     
   1.7977977977977977        1.0750045288550338       0.15814254144934106     
   1.8018018018018018        1.0722533307224289       0.15503659966419786     
   1.8058058058058057        1.0725525506558731       0.15192912466551589     
   1.8098098098098099        1.0692077456398650       0.14882014718424907     
   1.8138138138138138        1.0688522995463139       0.14570969796621130     
   1.8178178178178179        1.0648741833027515       0.14259780777177095     
   1.8218218218218218        1.0637742155515804       0.13948450737554591     
   1.8258258258258258        1.0591216570935633       0.13636982756610005     
   1.8298298298298299        1.0571877944111310       0.13325379914563965     
   1.8338338338338338        1.0518167540580974       0.13013645292970785     
   1.8378378378378379        1.0489621104394495       0.12701781974687870     
   1.8418418418418419        1.0428244382210696       0.12389793043845529     
   1.8458458458458458        1.0389662835477844       0.12077681585816115     
   1.8498498498498499        1.0320089307420490       0.11765450687183837     
   1.8538538538538538        1.0270699259437193       0.11453103435714140     
   1.8578578578578580        1.0192346281788538       0.11140642920322855     
   1.8618618618618619        1.0131436123437856       0.10828072231046192     
   1.8658658658658658        1.0043670187799243       0.10515394459009815     
   1.8698698698698699       0.99705941200899850       0.10202612696398421     
   1.8738738738738738       0.98727356843464420        9.8897300364250137E-002
   1.8778778778778780       0.97869150443728359        9.5767495733004110E-002
   1.8818818818818819       0.96782456678424666        9.2636744022027262E-002
   1.8858858858858858       0.95791688114774542        8.9505076192466795E-002
   1.8898898898898899       0.94589394134760152        8.6372523214528804E-002
   1.8938938938938938       0.93461612169609154        8.3239116067172991E-002
   1.8978978978978980       0.92136005723557290        8.0104885737807094E-002
   1.9019019019019019       0.90867422641854700        7.6969863221979185E-002
   1.9059059059059058       0.89410652129838908        7.3834079523072429E-002
   1.9099099099099099       0.87998148991605041        7.0697565651994948E-002
   1.9139139139139139       0.86402300548282895        6.7560352626878470E-002
   1.9179179179179180       0.84843440412394089        6.4422471472768014E-002
   1.9219219219219219       0.83100609859400620        6.1283953221316440E-002
   1.9259259259259258       0.81393658474054165        5.8144828910476183E-002
   1.9299299299299300       0.79496019093645076        5.5005129584193228E-002
   1.9339339339339339       0.77639971835581312        5.1864886292100981E-002
   1.9379379379379380       0.75579839314719688        4.8724130089211899E-002
   1.9419419419419419       0.73574452971265314        4.5582892035611673E-002
   1.9459459459459461       0.71344348871294838        4.2441203196148525E-002
   1.9499499499499500       0.69190176954582716        3.9299094640131337E-002
   1.9539539539539539       0.66782891875788786        3.6156597441019275E-002
   1.9579579579579580       0.64481322378942407        3.3013742676113601E-002
   1.9619619619619619       0.61889979735734313        2.9870561426253450E-002
   1.9659659659659661       0.59443274491830889        2.6727084775504926E-002
   1.9699699699699700       0.56661395565010941        2.3583343810856781E-002
   1.9739739739739739       0.54072730599379737        2.0439369621911660E-002
   1.9779779779779780       0.51094301324016445        1.7295193300577764E-002
   1.9819819819819819       0.48367807776356830        1.4150845940762258E-002
   1.9859859859859861       0.45187347570087510        1.1006358638064652E-002
   1.9899899899899900       0.42328152902270610        7.8617624894684063E-003
   1.9939939939939939       0.38940785737623818        4.7170885930325071E-003
   1.9979979979979980       0.35955055042889983        1.5723680475848198E-003
   2.0020020020020022       0.32356582915954674       -1.5723680475845747E-003
   2.0060060060060061       0.29251560194527271       -4.7170885930322625E-003
   2.0100100100100100       0.25438539205927796       -7.8617624894681600E-003
   2.0140140140140139       0.22222588277743693       -1.1006358638064406E-002
   2.0180180180180178       0.18192408243253883       -1.4150845940762012E-002
   2.0220220220220222       0.14875051153982122       -1.7295193300577522E-002
   2.0260260260260261       0.10626024592786111       -2.0439369621911417E-002
   2.0300300300300300        7.2179638455061257E-002  -2.3583343810856538E-002
   2.0340340340340339        2.7494532415990220E-002  -2.6727084775504683E-002
   2.0380380380380378       -7.3747241773769344E-003  -2.9870561426253207E-002
   2.0420420420420422       -5.4248279493365054E-002  -3.3013742676113789E-002
   2.0460460460460461       -8.9776738003531434E-002  -3.6156597441019026E-002
   2.0500500500500500      -0.13880898364028640       -3.9299094640131087E-002
   2.0540540540540539      -0.17485551899139246       -4.2441203196148275E-002
   2.0580580580580579      -0.22600175788154364       -4.5582892035610979E-002
   2.0620620620620622      -0.26241292823407020       -4.8724130089212093E-002
   2.0660660660660661      -0.31561445736907895       -5.1864886292100738E-002
   2.0700700700700700      -0.35222186245157105       -5.5005129584192979E-002
   2.0740740740740740      -0.40740640402644401       -5.8144828910475933E-002
   2.0780780780780779      -0.44402433829045318       -6.1283953221315746E-002
   2.0820820820820822      -0.50110691036616051       -6.4422471472768209E-002
   2.0860860860860861      -0.53753024081771561       -6.7560352626878220E-002
   2.0900900900900901      -0.59641388187087141       -7.0697565651994698E-002
   2.0940940940940940      -0.63241569158596600       -7.3834079523071736E-002
   2.0980980980980979      -0.69299193100715117       -7.6969863221978935E-002
   2.1021021021021022      -0.72832085921496981       -8.0104885737806844E-002
   2.1061061061061062      -0.79047003214554801       -8.3239116067172741E-002
   2.1101101101101101      -0.82484748005474740       -8.6372523214528554E-002
   2.1141141141141140      -0.88843898546409983       -8.9505076192466101E-002
   2.1181181181181179      -0.92155601765010975       -9.2636744022027012E-002
   2.1221221221221223      -0.98644827503096366       -9.5767495733003860E-002
   2.1261261261261262       -1.0179621931949054       -9.8897300364249888E-002
   2.1301301301301301       -1.0840023315710845      -0.10202612696398396     
   2.1341341341341340       -1.1135328713951680      -0.10515394459009790     
   2.1381381381381384       -1.1805555336242419      -0.10828072231046167     
   2.1421421421421423       -1.2076803933406821      -0.11140642920322831     
   2.1461461461461462       -1.2755055365745498      -0.11453103435714115     
   2.1501501501501501       -1.2997555703929622      -0.11765450687183812     
   2.1541541541541540       -1.3681855731075752      -0.12077681585816090     
   2.1581581581581584       -1.3890354964252434      -0.12389793043845504     
   2.1621621621621623       -1.4578563873498265      -0.12701781974687892     
   2.1661661661661662       -1.4746937821823369      -0.13013645292970763     
   2.1701701701701701       -1.5437122981598148      -0.13325379914563942     
   2.1741741741741740       -1.5557644036715967      -0.13636982756609983     
   2.1781781781781784       -1.6246571508438601      -0.13948450737554569     
   2.1821821821821823       -1.6325141828944476      -0.14259780777177072     
   2.1861861861861862       -1.6922862415386077      -0.14570969796621108     
   2.1901901901901901       -1.7384934728623063      -0.14882014718424885     
   2.1941941941941940       -1.6396121095495748      -0.15192912466551567     
   2.1981981981981984       -1.6462462800027566      -0.15503659966419808     
   2.2022022022022023       -1.5820494429940288      -0.15814254144934084     
   2.2062062062062062       -1.5746252967525003      -0.16124691930515206     
   2.2102102102102101       -1.5220574631246726      -0.16434970253130612     
   2.2142142142142140       -1.5125110392692811      -0.16745086044324597     
   2.2182182182182184       -1.4653407476077274      -0.17055036237248966     
   2.2222222222222223       -1.4562368935415868      -0.17364817766693005     
   2.2262262262262262       -1.4131037755751188      -0.17674427569114157     
   2.2302302302302301       -1.4048529668203804      -0.17983862582667995     
   2.2342342342342341       -1.3653083018436567      -0.18293119747238654     
   2.2382382382382384       -1.3579644939069861      -0.18602196004469207     
   2.2422422422422423       -1.3217114986286813      -0.18911088297791614     
   2.2462462462462462       -1.3152785481878897      -0.19219793572457292     
   2.2502502502502502       -1.2820497976390102      -0.19528308775566983     
   2.2542542542542541       -1.2765276537874355      -0.19836630856101248     
   2.2582582582582584       -1.2460686720175322      -0.20144756764950500     
   2.2622622622622623       -1.2414576040314140      -0.20452683454945086     
   2.2662662662662663       -1.2135254892793543      -0.20760407880885542     
   2.2702702702702702       -1.2098254955582084      -0.21067926999572584     
   2.2742742742742741       -1.1841891642445752      -0.21375237769837538     
   2.2782782782782784       -1.1813987622993400      -0.21682337152571909     
   2.2822822822822824       -1.1578396499173380      -0.21989222110757778     
   2.2862862862862863       -1.1559543190485608      -0.22295889609497704     
   2.2902902902902902       -1.1342675627401162      -0.22602336616044871     
   2.2942942942942941       -1.1332777358615584      -0.22908560099832984     
   2.2982982982982985       -1.1132738942002740      -0.23214557032506164     
   2.3023023023023024       -1.1131625264162068      -0.23520324387949024     
   2.3063063063063063       -1.0946697196229875      -0.23825859142316458     
   2.3103103103103102       -1.0954096328846143      -0.24131158274063905     
   2.3143143143143141       -1.0782758146430971      -0.24436218763976694     
   2.3183183183183185       -1.0798271866242328      -0.24741037595200260     
   2.3223223223223224       -1.0639221074225742      -0.25045611753269847     
   2.3263263263263263       -1.0662305855417797      -0.25349938226140445     
   2.3303303303303302       -1.0514469498824657      -0.25654014004216497     
   2.3343343343343341       -1.0544428598534041      -0.25957836080381524     
   2.3383383383383385       -1.0406962634103591      -0.26261401450028221     
   2.3423423423423424       -1.0442952279828370      -0.26564707111087593     
   2.3463463463463463       -1.0315226717619554      -0.26867750064059437     
   2.3503503503503502       -1.0356277039013912      -0.27170527312041259     
   2.3543543543543541       -1.0237847522511898      -0.27473035860758266     
   2.3583583583583585       -1.0282896196856230      -0.27775272718593058     
   2.3623623623623624       -1.0173465114225684      -0.28077234896614911     
   2.3663663663663663       -1.0221399643099123      -0.28378919408609682     
   2.3703703703703702       -1.0120771389463608      -0.28680323271108998     
   2.3743743743743742       -1.0170474948073689      -0.28981443503420068     
   2.3783783783783785       -1.0078510380108621      -0.29282277127655010     
   2.3823823823823824       -1.0128906297038056      -0.29582821168760237     
   2.3863863863863863       -1.0045480827942304      -0.29883072654545989     
   2.3903903903903903       -1.0095571662886791      -0.30183028615715662     
   2.3943943943943946       -1.0020540269328824      -0.30482686085895327     
   2.3983983983983985       -1.0069438822262970      -0.30782042101662760     
   2.4024024024024024       -1.0002609818076893      -0.31081093702577117     
   2.4064064064064064       -1.0049560783432829      -0.31379837931207849     
   2.4104104104104103      -0.99906788987864559      -0.31678271833164234     
   2.4144144144144146       -1.0035071091892003      -0.31976392457124503     
   2.4184184184184185      -0.99838093488066715      -0.32274196854864923     
   2.4224224224224224       -1.0025179320419781      -0.32571682081289072     
   2.4264264264264264      -0.99811384937832703      -0.32868845194456880     
   2.4304304304304303       -1.0019166897945997      -0.33165683255613876     
   2.4344344344344346      -0.99818809607986692      -0.33462193329220136     
   2.4384384384384385       -1.0016383692647750      -0.33758372482979238     
   2.4424424424424425      -0.99853238861379068      -0.34054217787867352     
   2.4464464464464464       -1.0016270723832874      -0.34349726318162288     
   2.4504504504504503      -0.99908232003148578      -0.34644895151472338     
   2.4544544544544546       -1.0018269944362053      -0.34939721368765092     
   2.4584584584584586      -0.99978759517211924      -0.35234202054396457     
   2.4624624624624625       -1.0021875578476058      -0.35528334296139358     
   2.4664664664664664       -1.0006000746593871      -0.35822115185212722     
   2.4704704704704703       -1.0026692430627842      -0.36115541816310109     
   2.4744744744744747       -1.0014757605508098      -0.36408611287628395     
   2.4784784784784786       -1.0032381358402802      -0.36701320700896528     
   2.4824824824824825       -1.0023788473121553      -0.36993667161404292     
   2.4864864864864864       -1.0038627648069753      -0.37285647778030850     
   2.4904904904904903       -1.0032812778625357      -0.37577259663273233     
   2.4944944944944947       -1.0045152102098780      -0.37868499933275035     
   2.4984984984984986       -1.0041606073807487      -0.38159365707854853     
   2.5025025025025025       -1.0051719556336376      -0.38449854110534887     
   2.5065065065065064       -1.0049987520911148      -0.38739962268569306     
   2.5105105105105103       -1.0058136879248314      -0.39029687312972527     
   2.5145145145145147       -1.0057816021280792      -0.39319026378547894     
   2.5185185185185186       -1.0064247583221537      -0.39607976603915657     
   2.5225225225225225       -1.0064986378537795      -0.39896535131541627     
   2.5265265265265264       -1.0069927566950556      -0.40184699107765126     
   2.5305305305305303       -1.0071424506053048      -0.40472465682827302     
   2.5345345345345347       -1.0075081887085442      -0.40759832010899633     
   2.5385385385385386       -1.0077082543394746      -0.41046795250111373     
   2.5425425425425425       -1.0079641553309728      -0.41333352562578402     
   2.5465465465465464       -1.0081934618837305      -0.41619501114430751     
   2.5505505505505504       -1.0083560202683379      -0.41905238075840956     
   2.5545545545545547       -1.0085973159561710      -0.42190560621051959     
   2.5585585585585586       -1.0086810856719342      -0.42475465928404776     
   2.5625625625625625       -1.0089205622679980      -0.42759951180366890     
   2.5665665665665665       -1.0089382894317935      -0.43044013563559802     
   2.5705705705705704       -1.0091651596458202      -0.43327650268786827     
   2.5745745745745747       -1.0091279271794338      -0.43610858491061100     
   2.5785785785785786       -1.0093340238753472      -0.43893635429633066     
   2.5825825825825826       -1.0092514014689855      -0.44175978288018303     
   2.5865865865865865       -1.0094308042490814      -0.44457884274025233     
   2.5905905905905904       -1.0093109979912156      -0.44739350599782673     
   2.5945945945945947       -1.0094596903600945      -0.45020374481767333     
   2.5985985985985987       -1.0093096855052797      -0.45300953140831385     
   2.6026026026026026       -1.0094252184822248      -0.45581083802230121     
   2.6066066066066065       -1.0092509620186703      -0.45860763695649065     
   2.6106106106106104       -1.0093320658191358      -0.46139990055231678     
   2.6146146146146148       -1.0091387918169619      -0.46418760119606622     
   2.6186186186186187       -1.0091851521816910      -0.46697071131914791     
   2.6226226226226226       -1.0089771676406458      -0.46974920339837051     
   2.6266266266266265       -1.0089895260413362      -0.47252304995621180     
   2.6306306306306309       -1.0087703666935528      -0.47529222356109002     
   2.6346346346346348       -1.0087501137163848      -0.47805669682763591     
   2.6386386386386387       -1.0085226514397114      -0.48081644241696481     
   2.6426426426426426       -1.0084716946902985      -0.48357143303694416     
   2.6466466466466465       -1.0082382656620770      -0.48632164144246637     
   2.6506506506506509       -1.0081588778914949      -0.48906704043571703     
   2.6546546546546548       -1.0079213756252605      -0.49180760286644165     
   2.6586586586586587       -1.0078160676223609      -0.49454330163221849     
   2.6626626626626626       -1.0075760235569586      -0.49727410967872404     
   2.6666666666666665       -1.0074474394948685      -0.49999999999999972     
   2.6706706706706709       -1.0072060919049943      -0.50272094563872161     
   2.6746746746746748       -1.0070569246425909      -0.50543691968646454     
   2.6786786786786787       -1.0068152768521734      -0.50814789528396909     
   2.6826826826826826       -1.0066482007445308      -0.51085384562140823     
   2.6866866866866865       -1.0064070697247793      -0.51355474393865141     
   2.6906906906906909       -1.0062246886582435      -0.51625056352552878     
   2.6946946946946948       -1.0059847449344759      -0.51894127772209564     
   2.6986986986986987       -1.0057895534299941      -0.52162685991889768     
   2.7027027027027026       -1.0055513537200438      -0.52430728355723144     
   2.7067067067067065       -1.0053457088612618      -0.52698252212940910     
   2.7107107107107109       -1.0051097221423204      -0.52965254917902060     
   2.7147147147147148       -1.0048958247478132      -0.53231733830119188     
   2.7187187187187187       -1.0046624529700305      -0.53497686314285131     
   2.7227227227227226       -1.0044423362491894      -0.53763109740298709     
   2.7267267267267266       -1.0042119304991430      -0.54028001483290666     
   2.7307307307307309       -1.0039874546930569      -0.54292358923649919     
   2.7347347347347348       -1.0037603275129654      -0.54556179447049191     
   2.7387387387387387       -1.0035331793975493      -0.54819460444470958     
   2.7427427427427427       -1.0033096140823545      -0.55082199312233360     
   2.7467467467467466       -1.0030813101741369      -0.55344393452015828     
   2.7507507507507509       -1.0028615675664971      -0.55606040270884749     
   2.7547547547547548       -1.0026334601363784      -0.55867137181319182     
   2.7587587587587588       -1.0024177834486327      -0.56127681601236501     
   2.7627627627627627       -1.0021910686201294      -0.56387670954017755     
   2.7667667667667666       -1.0019796867565713      -0.56647102668533345     
   2.7707707707707709       -1.0017554139510954      -0.56905974179168384     
   2.7747747747747749       -1.0015485435915887      -0.57164282925847854     
   2.7787787787787788       -1.0013276259099646      -0.57422026354062317     
   2.7827827827827827       -1.0011254727642873      -0.57679201914892952     
   2.7867867867867866       -1.0009086978108752      -0.57935807065036660     
   2.7907907907907910       -1.0007114572124047      -0.58191839266831491     
   2.7947947947947949       -1.0004994980987185      -0.58447295988281489     
   2.7987987987987988       -1.0003073552498596      -0.58702174703081833     
   2.8028028028028027       -1.0001007814139504      -0.58956472890643896     
   2.8068068068068066      -0.99991391118012773      -0.59210188036120082     
   2.8108108108108110      -0.99971319886784005      -0.59463317630428647     
   2.8148148148148149      -0.99953176551734935      -0.59715859170278585     
   2.8188188188188188      -0.99933730791997522      -0.59967810158194468     
   2.8228228228228227      -0.99916146485185431      -0.60219168102540921     
   2.8268268268268266      -0.99897358145766180      -0.60469930517547521     
   2.8308308308308310      -0.99880347069832509      -0.60720094923333168     
   2.8348348348348349      -0.99862241615562375      -0.60969658845930674     
   2.8388388388388388      -0.99845816817954913      -0.61218619817311326     
   2.8428428428428427      -0.99828414048345238      -0.61466975375409216     
   2.8468468468468466      -0.99812587378105599      -0.61714723064145482     
   2.8508508508508510      -0.99795902159153405      -0.61961860433452842     
   2.8548548548548549      -0.99780684265167408      -0.62208385039299596     
   2.8588588588588588      -0.99764727217203542      -0.62454294443713865     
   2.8628628628628627      -0.99750127523526999      -0.62699586214807834     
   2.8668668668668666      -0.99734905610696789      -0.62944257926801550     
   2.8708708708708710      -0.99720932332482615      -0.63188307160047208     
   2.8748748748748749      -0.99706449418431586      -0.63431731501052735     
   2.8788788788788788      -0.99693109554448556      -0.63674528542506048     
   2.8828828828828827      -0.99679366864772012      -0.63916695883298458     
   2.8868868868868871      -0.99666666233813195      -0.64158231128548815     
   2.8908908908908910      -0.99653662787068509      -0.64399131889626826     
   2.8948948948948949      -0.99641606031781327      -0.64639395784176901     
   2.8988988988988988      -0.99629338998720796      -0.64879020436141721     
   2.9029029029029028      -0.99617929637299385      -0.65118003475785557     
   2.9069069069069071      -0.99606394653218755      -0.65356342539717915     
   2.9109109109109110      -0.99595635096096302      -0.65594035270916740     
   2.9149149149149149      -0.99584826542920912      -0.65831079318751873     
   2.9189189189189189      -0.99574718146273544      -0.66067472339008115     
   2.9229229229229228      -0.99564629361189338      -0.66303211993908662     
   2.9269269269269271      -0.99555172465649266      -0.66538295952137938     
   2.9309309309309310      -0.99545795953173188      -0.66772721888864839     
   2.9349349349349350      -0.99536989917826346      -0.67006487485765742     
   2.9389389389389389      -0.99528317497264718      -0.67239590431047236     
   2.9429429429429428      -0.99520160759609522      -0.67472028419469232     
   2.9469469469469471      -0.99512183694260548      -0.67703799152367616     
   2.9509509509509511      -0.99504673800155863      -0.67934900337676973     
   2.9549549549549550      -0.99497382912293586      -0.68165329689953269     
   2.9589589589589589      -0.99490516563726594      -0.68395084930396566     
   2.9629629629629628      -0.99483902302358729      -0.68624163786873338     
   2.9669669669669672      -0.99477675405373722      -0.68852563993939209     
   2.9709709709709711      -0.99471727917366815      -0.69080283292861111     
   2.9749749749749750      -0.99466135607142925      -0.69307319431639702     
   2.9789789789789789      -0.99460844788037683      -0.69533670165031769     
   2.9829829829829828      -0.99455881474638885      -0.69759333254572287     
   2.9869869869869872      -0.99451236988279368      -0.69984306468596547     
   2.9909909909909911      -0.99446896394103701      -0.70208587582262250     
   2.9949949949949950      -0.99442887700910210      -0.70432174377571644     
   2.9989989989989989      -0.99439162881236054      -0.70655064643393228     
   3.0030030030030028      -0.99435779252845169      -0.70877256175483805     
   3.0070070070070072      -0.99432662628157031      -0.71098746776510247     
   3.0110110110110111      -0.99429893142673087      -0.71319534256071015     
   3.0150150150150150      -0.99427376529361289      -0.71539616430718178     
   3.0190190190190189      -0.99425210066205982      -0.71758991123978788     
   3.0230230230230228      -0.99423284695337655      -0.71977656166376336     
   3.0270270270270272      -0.99421709934623981      -0.72195609395452442     
   3.0310310310310311      -0.99420366462822551      -0.72412848655788031     
   3.0350350350350350      -0.99419371872676898      -0.72629371799024711     
   3.0390390390390389      -0.99418600412242319      -0.72845176683886070     
   3.0430430430430429      -0.99418174220839628      -0.73060261176198871     
   3.0470470470470472      -0.99417964351579258      -0.73274623148913987     
   3.0510510510510511      -0.99418094540253332      -0.73488260482127588     
   3.0550550550550550      -0.99418435330316679      -0.73701171063102133     
   3.0590590590590589      -0.99419109636963632      -0.73913352786287101     
   3.0630630630630629      -0.99419989633609995      -0.74124803553339991     
   3.0670670670670672      -0.99421195487763658      -0.74335521273147032     
   3.0710710710710711      -0.99422602733195886      -0.74545503861843621     
   3.0750750750750750      -0.99424327249212174      -0.74754749242835339     
   3.0790790790790790      -0.99426249292320878      -0.74963255346818258     
   3.0830830830830829      -0.99428479261401992      -0.75171020111799314     
   3.0870870870870872      -0.99430903161845929      -0.75378041483116953     
   3.0910910910910911      -0.99433625038932683      -0.75584317413461222     
   3.0950950950950951      -0.99436537368255640      -0.75789845862894101     
   3.0990990990990990      -0.99439737252567018      -0.75994624798869759     
   3.1031031031031029      -0.99443124106704017      -0.76198652196254535     
   3.1071071071071072      -0.99446787723487606      -0.76401926037346968     
   3.1111111111111112      -0.99450634727169651      -0.76604444311897801     
   3.1151151151151151      -0.99454747417133316      -0.76806205017129969     
   3.1191191191191190      -0.99459039728068510      -0.77007206157758090     
   3.1231231231231229      -0.99463586440692420      -0.77207445746008596     
   3.1271271271271273      -0.99468308749596335      -0.77406921801639050     
   3.1311311311311312      -0.99473274032561587      -0.77605632351957909     
   3.1351351351351351      -0.99478410573673692      -0.77803575431843974     
   3.1391391391391390      -0.99483778565909675      -0.78000749083765863     
   3.1431431431431434      -0.99489313125590895      -0.78197151357801342     
   3.1471471471471473      -0.99495067551947669      -0.78392780311656574     
   3.1511511511511512      -0.99500983473767612      -0.78587634010685492     
   3.1551551551551551      -0.99507107642538295      -0.78781710527908644     
   3.1591591591591590      -0.99513387837136680      -0.78975007944032583     
   3.1631631631631634      -0.99519864642149181      -0.79167524347468532     
   3.1671671671671673      -0.99526491597771760      -0.79359257834351493     
   3.1711711711711712      -0.99533303526241401      -0.79550206508559018     
   3.1751751751751751      -0.99540259311766743      -0.79740368481729929     
   3.1791791791791790      -0.99547388446790397      -0.79929741873283011     
   3.1831831831831834      -0.99554654730479319      -0.80118324810435748     
   3.1871871871871873      -0.99562082760574222      -0.80306115428222580     
   3.1911911911911912      -0.99569640822972694      -0.80493111869513456     
   3.1951951951951951      -0.99577349053795461      -0.80679312285032412     
   3.1991991991991990      -0.99585179803914115      -0.80864714833375495     
   3.2032032032032034      -0.99593149167914019      -0.81049317681029209     
   3.2072072072072073      -0.99601233159582825      -0.81233119002388610     
   3.2112112112112112      -0.99609444236224098      -0.81416116979775310     
   3.2152152152152151      -0.99617761687019157      -0.81598309803455449     
   3.2192192192192191      -0.99626194719998928      -0.81779695671657726     
   3.2232232232232234      -0.99634725534182433      -0.81960272790591171     
   3.2272272272272273      -0.99643360452185048      -0.82140039374462503     
   3.2312312312312312      -0.99652084240296235      -0.82318993645494509     
   3.2352352352352352      -0.99660900680938780      -0.82497133833943015     
   3.2392392392392391      -0.99669796787166520      -0.82674458178114651     
   3.2432432432432434      -0.99678774121813596      -0.82850964924384241     
   3.2472472472472473      -0.99687821651411213      -0.83026652327212114     
   3.2512512512512513      -0.99696939012706243      -0.83201518649161355     
   3.2552552552552552      -0.99706116858018234      -0.83375562160915107     
   3.2592592592592591      -0.99715353171512089      -0.83548781141293604     
   3.2632632632632634      -0.99724640046028479      -0.83721173877271049     
   3.2672672672672673      -0.99733974060857011      -0.83892738663992716     
   3.2712712712712713      -0.99743348531210796      -0.84063473804791811     
   3.2752752752752752      -0.99752758855210100      -0.84233377611206173     
   3.2792792792792791      -0.99762199374774985      -0.84402448402995045     
   3.2832832832832834      -0.99771664509508473      -0.84570684508155636     
   3.2872872872872874      -0.99781149455925955      -0.84738084262939606     
   3.2912912912912913      -0.99790647836675483      -0.84904646011869733     
   3.2952952952952952      -0.99800155550290470      -0.85070368107756111     
   3.2992992992992991      -0.99809665585413510      -0.85235248911712369     
   3.3033033033033035      -0.99819174410305989      -0.85399286793172058     
   3.3073073073073074      -0.99828674522812000      -0.85562480129904661     
   3.3113113113113113      -0.99838162846776579      -0.85724827308031681     
   3.3153153153153152      -0.99847631517754021      -0.85886326722042616     
   3.3193193193193191      -0.99857077818299644      -0.86046976774810746     
   3.3233233233233235      -0.99866493632974163      -0.86206775877609132     
   3.3273273273273274      -0.99875876520675388      -0.86365722450126015     
   3.3313313313313313      -0.99885218214282434      -0.86523814920480790     
   3.3353353353353352      -0.99894516480681494      -0.86681051725239255     
   3.3393393393393391      -0.99903762985872280      -0.86837431309429247     
   3.3433433433433435      -0.99912955649698254      -0.86992952126555956     
   3.3473473473473474      -0.99922086146391920      -0.87147612638617244     
   3.3513513513513513      -0.99931152504167831      -0.87301411316118827     
   3.3553553553553552      -0.99940146469683866      -0.87454346638089397     
   3.3593593593593591      -0.99949066145259879      -0.87606417092095756     
   3.3633633633633635      -0.99957903405418536      -0.87757621174257716     
   3.3673673673673674      -0.99966656401665488      -0.87907957389262847     
   3.3713713713713713      -0.99975317182670576      -0.88057424250381433     
   3.3753753753753752      -0.99983883931538897      -0.88206020279481123     
   3.3793793793793796      -0.99992348912592499      -0.88353744007041513     
   3.3833833833833835       -1.0000071032937494      -0.88500593972168740     
   3.3873873873873874       -1.0000896069604215      -0.88646568722609875     
   3.3913913913913913       -1.0001709823163809      -0.88791666814767278     
   3.3953953953953953       -1.0002511572917669      -0.88935886813712972     
   3.3993993993993996       -1.0003301142325502      -0.89079227293202790     
   3.4034034034034035       -1.0004077841058183      -0.89221686835690339     
   3.4074074074074074       -1.0004841494498762      -0.89363264032341194     
   3.4114114114114114       -1.0005591444718387      -0.89503957483046781     
   3.4154154154154153       -1.0006327519857141      -0.89643765796438168     
   3.4194194194194196       -1.0007049096128089      -0.89782687589899912     
   3.4234234234234235       -1.0007756005468111      -0.89920721489583688     
   3.4274274274274275       -1.0008447659668380      -0.90057866130421815     
   3.4314314314314314       -1.0009123895759224      -0.90194120156140900     
   3.4354354354354353       -1.0009784162303799      -0.90329482219275192     
   3.4394394394394396       -1.0010428302904073      -0.90463950981179775     
   3.4434434434434436       -1.0011055803886986      -0.90597525112043964     
   3.4474474474474475       -1.0011666517052673      -0.90730203290904421     
   3.4514514514514514       -1.0012259967300841      -0.90861984205658186     
   3.4554554554554553       -1.0012836016270164      -0.90992866553075646     
   3.4594594594594597       -1.0013394228175929      -0.91122849038813580     
   3.4634634634634636       -1.0013934476262627      -0.91251930377427593     
   3.4674674674674675       -1.0014456364569533      -0.91380109292385281     
   3.4714714714714714       -1.0014959779832044      -0.91507384516078560     
   3.4754754754754753       -1.0015444366271906      -0.91633754789836286     
   3.4794794794794797       -1.0015910025862926      -0.91759218863936631     
   3.4834834834834836       -1.0016356443434959      -0.91883775497619591     
   3.4874874874874875       -1.0016783537926106      -0.92007423459099136     
   3.4914914914914914       -1.0017191035055208      -0.92130161525575383     
   3.4954954954954953       -1.0017578872439992      -0.92251988483246850     
   3.4994994994994997       -1.0017946816861953      -0.92372903127322248     
   3.5035035035035036       -1.0018294826306917      -0.92492904262032472     
   3.5075075075075075       -1.0018622708670961      -0.92611990700642566     
   3.5115115115115114       -1.0018930443966154      -0.92730161265463207     
   3.5155155155155153       -1.0019217881175546      -0.92847414787862559     
   3.5195195195195197       -1.0019485023791252      -0.92963750108277710     
   3.5235235235235236       -1.0019731762022519      -0.93079166076226205     
   3.5275275275275275       -1.0019958124097892      -0.93193661550317375     
   3.5315315315315314       -1.0020164041275299      -0.93307235398263721     
   3.5355355355355353       -1.0020349567889959      -0.93419886496891946     
   3.5395395395395397       -1.0020514676067740      -0.93531613732154262     
   3.5435435435435436       -1.0020659447316396      -0.93642415999139206     
   3.5475475475475475       -1.0020783894483265      -0.93752292202082732     
   3.5515515515515514       -1.0020888127150951      -0.93861241254378924     
   3.5555555555555554       -1.0020972198558367      -0.93969262078590843     
   3.5595595595595597       -1.0021036247405464      -0.94076353606461116     
   3.5635635635635636       -1.0021080366736421      -0.94182514778922477     
   3.5675675675675675       -1.0021104725001486      -0.94287744546108421     
   3.5715715715715715       -1.0021109454654542      -0.94392041867363274     
   3.5755755755755754       -1.0021094754247128      -0.94495405711252811     
   3.5795795795795797       -1.0021060794193168      -0.94597835055574231     
   3.5835835835835836       -1.0021007804459048      -0.94699328887366330     
   3.5875875875875876       -1.0020935994271907      -0.94799886202919548     
   3.5915915915915915       -1.0020845623885548      -0.94899506007785894     
   3.5955955955955954       -1.0020736940359649      -0.94998187316788696     
   3.5995995995995997       -1.0020610234249541      -0.95095929154032532     
   3.6036036036036037       -1.0020465789829294      -0.95192730552912663     
   3.6076076076076076       -1.0020303927669387      -0.95288590556124664     
   3.6116116116116115       -1.0020124968208202      -0.95383508215674029     
   3.6156156156156154       -1.0019929261728182      -0.95477482592885354     
   3.6196196196196198       -1.0019717163817738      -0.95570512758411708     
   3.6236236236236237       -1.0019489053472992      -0.95662597792243798     
   3.6276276276276276       -1.0019245321010115      -0.95753736783719101     
   3.6316316316316315       -1.0018986372825582      -0.95843928831530878     
   3.6356356356356359       -1.0018712632795008      -0.95933173043737030     
   3.6396396396396398       -1.0018424533870909      -0.96021468537768961     
   3.6436436436436437       -1.0018122531666918      -0.96108814440440271     
   3.6476476476476476       -1.0017807085353225      -0.96195209887955480     
   3.6516516516516515       -1.0017478679799228      -0.96280654025918444     
   3.6556556556556559       -1.0017137799917399      -0.96365146009340885     
   3.6596596596596598       -1.0016784957129690      -0.96448685002650714     
   3.6636636636636637       -1.0016420661847776      -0.96531270179700357     
   3.6676676676676676       -1.0016045448880198      -0.96612900723774797     
   3.6716716716716715       -1.0015659854123293      -0.96693575827599820     
   3.6756756756756759       -1.0015264431174684      -0.96773294693349898     
   3.6796796796796798       -1.0014859743010032      -0.96852056532655983     
   3.6836836836836837       -1.0014446356542084      -0.96929860566613557     
   3.6876876876876876       -1.0014024862408855      -0.97006706025790090     
   3.6916916916916915       -1.0013595836706335      -0.97082592150232783     
   3.6956956956956959       -1.0013159896933963      -0.97157518189476044     
   3.6996996996996998       -1.0012717624917369      -0.97231483402548924     
   3.7037037037037037       -1.0012269663155189      -0.97304487057982392     
   3.7077077077077076       -1.0011816597087815      -0.97376528433816678     
   3.7117117117117115       -1.0011359089620262      -0.97447606817608323     
   3.7157157157157159       -1.0010897731835939      -0.97517721506437227     
   3.7197197197197198       -1.0010433196796942      -0.97586871806913611     
   3.7237237237237237       -1.0009966088345916      -0.97655057035184933     
   3.7277277277277276       -1.0009497074916964      -0.97722276516942586     
   3.7317317317317316       -1.0009026784252908      -0.97788529587428519     
   3.7357357357357359       -1.0008555860834640      -0.97853815591441973     
   3.7397397397397398       -1.0008084971996845      -0.97918133883345804     
   3.7437437437437437       -1.0007614715271949      -0.97981483827072935     
   3.7477477477477477       -1.0007145812682638      -0.98043864796132674     
   3.7517517517517516       -1.0006678797530104      -0.98105276173616807     
   3.7557557557557559       -1.0006214452346125      -0.98165717352205806     
   3.7597597597597598       -1.0005753240073654      -0.98225187734174813     
   3.7637637637637638       -1.0005295992948018      -0.98283686731399489     
   3.7677677677677677       -1.0004843122829781      -0.98341213765361879     
   3.7717717717717716       -1.0004395467520659      -0.98397768267156138     
   3.7757757757757759       -1.0003953443945013      -0.98453349677494195     
   3.7797797797797799       -1.0003517811811333      -0.98507957446711136     
   3.7837837837837838       -1.0003089092657962      -0.98561591034770824     
   3.7877877877877877       -1.0002667838739692      -0.98614249911271146     
   3.7917917917917916       -1.0002254816083305      -0.98665933555449192     
   3.7957957957957960       -1.0001850212465129      -0.98716641456186571     
   3.7997997997997999       -1.0001455188501387      -0.98766373112014327     
   3.8038038038038038       -1.0001069424578335      -0.98815128031117960     
   3.8078078078078077       -1.0000694575882667      -0.98862905731342254     
   3.8118118118118116       -1.0000329768529885      -0.98909705740196108     
   3.8158158158158160      -0.99999771032869900      -0.98955527594857173     
   3.8198198198198199      -0.99996353155359763      -0.99000370842176366     
   3.8238238238238238      -0.99993066240745820      -0.99044235038682449     
   3.8278278278278277      -0.99989898824741319      -0.99087119750586350     
   3.8318318318318316      -0.99986866956101483      -0.99129024553785516     
   3.8358358358358360      -0.99983969930724115      -0.99169949033868066     
   3.8398398398398399      -0.99981205685705887      -0.99209892786116838     
   3.8438438438438438      -0.99978598258910600      -0.99248855415513493     
   3.8478478478478477      -0.99976111909890431      -0.99286836536742351     
   3.8518518518518516      -0.99973811441635219      -0.99323835774194280     
   3.8558558558558560      -0.99971612293702550      -0.99359852761970280     
   3.8598598598598599      -0.99969632147652665      -0.99394887143885202     
   3.8638638638638638      -0.99967730991923764      -0.99428938573471282     
   3.8678678678678677      -0.99966077288283250      -0.99462006713981466     
   3.8718718718718717      -0.99964489823387115      -0.99494091238392857     
   3.8758758758758760      -0.99963157535550562      -0.99525191829409909     
   3.8798798798798799      -0.99961907934250693      -0.99555308179467450     
   3.8838838838838838      -0.99960877655029501      -0.99584439990733942     
   3.8878878878878878      -0.99960000386863301      -0.99612586975114281     
   3.8918918918918921      -0.99959238226176383      -0.99639748854252641     
   3.8958958958958960      -0.99958775117618637      -0.99665925359535279     
   3.8998998998998999      -0.99958239220821155      -0.99691116232093191     
   3.9039039039039038      -0.99958228046244613      -0.99715321222804643     
   3.9079079079079078      -0.99957885298209870      -0.99738540092297623     
   3.9119119119119121      -0.99958336997639952      -0.99760772610952264     
   3.9159159159159160      -0.99958191457985612      -0.99782018558903074     
   3.9199199199199199      -0.99959056703018256      -0.99802277726041111     
   3.9239239239239239      -0.99959185729940048      -0.99821549912016083     
   3.9279279279279278      -0.99960319134791020      -0.99839834926238302     
   3.9319319319319321      -0.99960903757882169      -0.99857132587880604     
   3.9359359359359360      -0.99962044695445518      -0.99873442725880057     
   3.9399399399399400      -0.99963370538820373      -0.99888765178939798     
   3.9439439439439439      -0.99964167458960396      -0.99903099795530448     
   3.9479479479479478      -0.99966568907196540      -0.99916446433891781     
   3.9519519519519521      -0.99966670265821345      -0.99928804962034024     
   3.9559559559559561      -0.99970405151130182      -0.99940175257739150     
   3.9599599599599600      -0.99969612551837783      -0.99950557208562174     
   3.9639639639639639      -0.99974694454195201      -0.99959950711832180     
   3.9679679679679678      -0.99973126307256799      -0.99968355674653397     
   3.9719719719719722      -0.99979183458258658      -0.99975772013906072     
   3.9759759759759761      -0.99977388796133615      -0.99982199656247328     
   3.9799799799799800      -0.99983553459994823      -0.99987638538111856     
   3.9839839839839839      -0.99982722385791589      -0.99992088605712559     
   3.9879879879879878      -0.99987112017012569      -0.99995549815041107     
   3.9919919919919922      -0.99990319520798598      -0.99998022131868336     
   3.9959959959959961      -0.99987444676388537      -0.99999505531744570     
   4.0000000000000000       -1.0000000000000000       -1.0000000000000000     
