   0.0000000000000000        1.0000000000000000       0.99999999999999989     
   4.0040040040040040E-003   1.0001998625543744       0.99999505531744592     
   8.0080080080080079E-003   1.0000013714896958       0.99998022131868325     
   1.2012012012012012E-002   1.0002257781851118       0.99995549815041107     
   1.6016016016016016E-002   1.0001208091921898       0.99992088605712559     
   2.0020020020020020E-002   1.0002336781426664       0.99987638538111856     
   2.4024024024024024E-002   1.0002135146040658       0.99982199656247328     
   2.8028028028028028E-002   1.0002457503367672       0.99975772013906072     
   3.2032032032032032E-002   1.0002784976103807       0.99968355674653397     
   3.6036036036036036E-002   1.0002630770114180       0.99959950711832180     
   4.0040040040040040E-002   1.0003168510889289       0.99950557208562174     
   4.4044044044044044E-002   1.0002821087617111       0.99940175257739161     
   4.8048048048048048E-002   1.0003332638042217       0.99928804962034012     
   5.2052052052052052E-002   1.0002972831990198       0.99916446433891792     
   5.6056056056056056E-002   1.0003330915933066       0.99903099795530459     
   6.0060060060060060E-002   1.0003037245664894       0.99888765178939798     
   6.4064064064064064E-002   1.0003204284007488       0.99873442725880068     
   6.8068068068068074E-002   1.0002983909802838       0.99857132587880615     
   7.2072072072072071E-002   1.0002976153855274       0.99839834926238324     
   7.6076076076076082E-002   1.0002800368218718       0.99821549912016094     
   8.0080080080080079E-002   1.0002655935570957       0.99802277726041122     
   8.4084084084084090E-002   1.0002486705676978       0.99782018558903074     
   8.8088088088088087E-002   1.0002244900047255       0.99760772610952264     
   9.2092092092092098E-002   1.0002049766538714       0.99738540092297623     
   9.6096096096096095E-002   1.0001741222686873       0.99715321222804643     
  0.10010010010010011        1.0001498888773428       0.99691116232093191     
  0.10410410410410410        1.0001143226143134       0.99665925359535279     
  0.10810810810810811        1.0000843458852668       0.99639748854252641     
  0.11211211211211211        1.0000450945122339       0.99612586975114281     
  0.11611611611611612        1.0000091901573875       0.99584439990733964     
  0.12012012012012012       0.99996665294581311       0.99555308179467450     
  0.12412412412412413       0.99992515504375945       0.99525191829409887     
  0.12812812812812813       0.99987940184824120       0.99494091238392868     
  0.13213213213213212       0.99983289355072735       0.99462006713981466     
  0.13613613613613615       0.99978388736903878       0.99428938573471282     
  0.14014014014014015       0.99973301805164150       0.99394887143885213     
  0.14414414414414414       0.99968075016142954       0.99359852761970280     
  0.14814814814814814       0.99962613470288486       0.99323835774194291     
  0.15215215215215216       0.99957068718095399       0.99286836536742373     
  0.15615615615615616       0.99951286649425730       0.99248855415513493     
  0.16016016016016016       0.99945442558468356       0.99209892786116838     
  0.16416416416416416       0.99939386500518679       0.99169949033868066     
  0.16816816816816818       0.99933270734130164       0.99129024553785539     
  0.17217217217217218       0.99926981319860930       0.99087119750586361     
  0.17617617617617617       0.99920628119292909       0.99044235038682449     
  0.18018018018018017       0.99914142263535999       0.99000370842176388     
  0.18418418418418420       0.99907589928172225       0.98955527594857196     
  0.18818818818818819       0.99900942765031930       0.98909705740196130     
  0.19219219219219219       0.99894231592189897       0.98862905731342254     
  0.19619619619619619       0.99887457859195139       0.98815128031117949     
  0.20020020020020021       0.99880628697512286       0.98766373112014327     
  0.20420420420420421       0.99873763541384797       0.98716641456186571     
  0.20820820820820821       0.99866856912382895       0.98665933555449203     
  0.21221221221221220       0.99859936186937903       0.98614249911271146     
  0.21621621621621623       0.99852991838299199       0.98561591034770846     
  0.22022022022022023       0.99846052068073110       0.98507957446711159     
  0.22422422422422422       0.99839108825025846       0.98453349677494206     
  0.22822822822822822       0.99832186978995152       0.98397768267156138     
  0.23223223223223224       0.99825282736487508       0.98341213765361868     
  0.23623623623623624       0.99818415899124957       0.98283686731399489     
  0.24024024024024024       0.99811587677899671       0.98225187734174813     
  0.24424424424424424       0.99804812741695437       0.98165717352205828     
  0.24824824824824826       0.99798096746226994       0.98105276173616818     
  0.25225225225225223       0.99791450109723756       0.98043864796132674     
  0.25625625625625625       0.99784881751894450       0.97981483827072957     
  0.26026026026026028       0.99778399096369030       0.97918133883345804     
  0.26426426426426425       0.99772012991608083       0.97853815591441973     
  0.26826826826826827       0.99765729093487765       0.97788529587428519     
  0.27227227227227230       0.99759559002124620       0.97722276516942586     
  0.27627627627627627       0.99753507618246051       0.97655057035184956     
  0.28028028028028029       0.99747586384220488       0.97586871806913633     
  0.28428428428428426       0.99741800138295300       0.97517721506437238     
  0.28828828828828829       0.99736159601892549       0.97447606817608334     
  0.29229229229229231       0.99730669933939087       0.97376528433816700     
  0.29629629629629628       0.99725340836126097       0.97304487057982403     
  0.30030030030030030       0.99720177937987042       0.97231483402548924     
  0.30430430430430433       0.99715189849727548       0.97157518189476044     
  0.30830830830830830       0.99710382620687210       0.97082592150232794     
  0.31231231231231232       0.99705763851032791       0.97006706025790113     
  0.31631631631631629       0.99701339874917638       0.96929860566613568     
  0.32032032032032032       0.99697117408131142       0.96852056532656006     
  0.32432432432432434       0.99693102898903330       0.96773294693349898     
  0.32832832832832831       0.99689302349750231       0.96693575827599854     
  0.33233233233233234       0.99685722126590448       0.96612900723774819     
  0.33633633633633636       0.99682367682566042       0.96531270179700357     
  0.34034034034034033       0.99679245149906892       0.96448685002650714     
  0.34434434434434436       0.99676359538984249       0.96365146009340885     
  0.34834834834834832       0.99673716644850030       0.96280654025918455     
  0.35235235235235235       0.99671321122286749       0.96195209887955491     
  0.35635635635635637       0.99669178337721998       0.96108814440440293     
  0.36036036036036034       0.99667292654720807       0.96021468537768961     
  0.36436436436436437       0.99665668966931054       0.95933173043737041     
  0.36836836836836839       0.99664311358916413       0.95843928831530878     
  0.37237237237237236       0.99663224248871729       0.95753736783719101     
  0.37637637637637639       0.99662411434916442       0.95662597792243798     
  0.38038038038038036       0.99661876867042420       0.95570512758411708     
  0.38438438438438438       0.99661624048750308       0.95477482592885377     
  0.38838838838838841       0.99661656465138981       0.95383508215674051     
  0.39239239239239238       0.99661977298585491       0.95288590556124697     
  0.39639639639639640       0.99662589605187324       0.95192730552912663     
  0.40040040040040042       0.99663496246006944       0.95095929154032544     
  0.40440440440440439       0.99664699863672024       0.94998187316788707     
  0.40840840840840842       0.99666202966698403       0.94899506007785894     
  0.41241241241241239       0.99668007812662107       0.94799886202919548     
  0.41641641641641641       0.99670116546011478       0.94699328887366341     
  0.42042042042042044       0.99672531047228730       0.94597835055574242     
  0.42442442442442441       0.99675253098510364       0.94495405711252856     
  0.42842842842842843       0.99678284209787549       0.94392041867363297     
  0.43243243243243246       0.99681625804293028       0.94287744546108421     
  0.43643643643643643       0.99685279032923724       0.94182514778922499     
  0.44044044044044045       0.99689244953789491       0.94076353606461094     
  0.44444444444444442       0.99693524374638509       0.93969262078590843     
  0.44844844844844844       0.99698117987306545       0.93861241254378935     
  0.45245245245245247       0.99703026267426320       0.93752292202082743     
  0.45645645645645644       0.99708249546127203       0.93642415999139239     
  0.46046046046046046       0.99713787970764445       0.93531613732154295     
  0.46446446446446449       0.99719641524252334       0.93419886496891991     
  0.46846846846846846       0.99725810025801220       0.93307235398263733     
  0.47247247247247248       0.99732293123527549       0.93193661550317397     
  0.47647647647647645       0.99739090310580536       0.93079166076226205     
  0.48048048048048048       0.99746200913043803       0.92963750108277710     
  0.48448448448448450       0.99753624103446015       0.92847414787862570     
  0.48848848848848847       0.99761358893017527       0.92730161265463229     
  0.49249249249249250       0.99769404143745899       0.92611990700642588     
  0.49649649649649652       0.99777758558125329       0.92492904262032505     
  0.50050050050050054       0.99786420696870926       0.92372903127322259     
  0.50450450450450446       0.99795388962163756       0.92251988483246872     
  0.50850850850850848       0.99804661621685553       0.92130161525575405     
  0.51251251251251251       0.99814236784683241       0.92007423459099136     
  0.51651651651651653       0.99824112436513024       0.91883775497619602     
  0.52052052052052056       0.99834286403214023       0.91759218863936653     
  0.52452452452452447       0.99844756391648781       0.91633754789836308     
  0.52852852852852850       0.99855519957527661       0.91507384516078605     
  0.53253253253253252       0.99866574536281616       0.91380109292385314     
  0.53653653653653655       0.99877917422125151       0.91251930377427604     
  0.54054054054054057       0.99889545788496725       0.91122849038813569     
  0.54454454454454460       0.99901456675988010       0.90992866553075669     
  0.54854854854854851       0.99913647005486295       0.90861984205658186     
  0.55255255255255253       0.99926113572466591       0.90730203290904443     
  0.55655655655655656       0.99938853053105170       0.90597525112043986     
  0.56056056056056058       0.99951862008047776       0.90463950981179786     
  0.56456456456456461       0.99965136877717076       0.90329482219275237     
  0.56856856856856852       0.99978673993917122       0.90194120156140967     
  0.57257257257257255       0.99992469572574882       0.90057866130421826     
  0.57657657657657657        1.0000651972357382       0.89920721489583666     
  0.58058058058058060        1.0002082044745304       0.89782687589899912     
  0.58458458458458462        1.0003536764067378       0.89643765796438168     
  0.58858858858858853        1.0005015709629650       0.89503957483046792     
  0.59259259259259256        1.0006518450619966       0.89363264032341216     
  0.59659659659659658        1.0008044546365227       0.89221686835690384     
  0.60060060060060061        1.0009593546451852       0.89079227293202834     
  0.60460460460460463        1.0011164990999004       0.88935886813713039     
  0.60860860860860866        1.0012758410812213       0.88791666814767300     
  0.61261261261261257        1.0014373327576191       0.88646568722609853     
  0.61661661661661660        1.0016009254102451       0.88500593972168740     
  0.62062062062062062        1.0017665694407405       0.88353744007041513     
  0.62462462462462465        1.0019342144067371       0.88206020279481145     
  0.62862862862862867        1.0021038090183851       0.88057424250381455     
  0.63263263263263259        1.0022753011832779       0.87907957389262892     
  0.63663663663663661        1.0024486379934903       0.87757621174257761     
  0.64064064064064064        1.0026237657779664       0.87606417092095823     
  0.64464464464464466        1.0028006300816228       0.87454346638089420     
  0.64864864864864868        1.0029791757244375       0.87301411316118804     
  0.65265265265265260        1.0031593467724833       0.87147612638617244     
  0.65665665665665662        1.0033410866043797       0.86992952126555978     
  0.66066066066066065        1.0035243378732086       0.86837431309429269     
  0.66466466466466467        1.0037090425816153       0.86681051725239278     
  0.66866866866866870        1.0038951420332085       0.86523814920480835     
  0.67267267267267272        1.0040825769174169       0.86365722450126059     
  0.67667667667667664        1.0042712872498303       0.86206775877609154     
  0.68068068068068066        1.0044612124665997       0.86046976774810768     
  0.68468468468468469        1.0046522913546621       0.85886326722042616     
  0.68868868868868871        1.0048444621539043       0.85724827308031681     
  0.69269269269269274        1.0050376624801105       0.85562480129904683     
  0.69669669669669665        1.0052318294306779       0.85399286793172080     
  0.70070070070070067        1.0054268995060329       0.85235248911712413     
  0.70470470470470470        1.0056228087114349       0.85070368107756156     
  0.70870870870870872        1.0058194924860644       0.84904646011869800     
  0.71271271271271275        1.0060168857899807       0.84738084262939628     
  0.71671671671671666        1.0062149230534880       0.84570684508155602     
  0.72072072072072069        1.0064135382353663       0.84402448402995045     
  0.72472472472472471        1.0066126648067153       0.84233377611206173     
  0.72872872872872874        1.0068122357670939       0.84063473804791822     
  0.73273273273273276        1.0070121836739168       0.83892738663992727     
  0.73673673673673679        1.0072124406099290       0.83721173877271082     
  0.74074074074074070        1.0074129382568826       0.83548781141293649     
  0.74474474474474472        1.0076136078280236       0.83375562160915173     
  0.74874874874874875        1.0078143801540917       0.83201518649161366     
  0.75275275275275277        1.0080151856381592       0.83026652327212069     
  0.75675675675675680        1.0082159542597451       0.82850964924384218     
  0.76076076076076071        1.0084166156874470       0.82674458178114663     
  0.76476476476476474        1.0086170990661043       0.82497133833943037     
  0.76876876876876876        1.0088173333477397       0.82318993645494531     
  0.77277277277277279        1.0090172468997021       0.82140039374462548     
  0.77677677677677681        1.0092167679594848       0.81960272790591149     
  0.78078078078078073        1.0094158241668567       0.81779695671657793     
  0.78478478478478475        1.0096143430552376       0.81598309803455460     
  0.78878878878878878        1.0098122515777483       0.81416116979775299     
  0.79279279279279280        1.0100094765681054       0.81233119002388599     
  0.79679679679679682        1.0102059443438400       0.81049317681029232     
  0.80080080080080085        1.0104015810170024       0.80864714833375506     
  0.80480480480480476        1.0105963123407269       0.80679312285032445     
  0.80880880880880879        1.0107900636883758       0.80493111869513490     
  0.81281281281281281        1.0109827602710462       0.80306115428222591     
  0.81681681681681684        1.0111743267774094       0.80118324810435759     
  0.82082082082082086        1.0113646878187379       0.79929741873283022     
  0.82482482482482478        1.0115537674876187       0.79740368481729917     
  0.82882882882882880        1.0117414897406285       0.79550206508558996     
  0.83283283283283283        1.0119277781522418       0.79359257834351515     
  0.83683683683683685        1.0121125559543178       0.79167524347468543     
  0.84084084084084088        1.0122957462869273       0.78975007944032627     
  0.84484484484484490        1.0124772716378474       0.78781710527908688     
  0.84884884884884881        1.0126570546780922       0.78587634010685514     
  0.85285285285285284        1.0128350172461691       0.78392780311656585     
  0.85685685685685686        1.0130110814227369       0.78197151357801298     
  0.86086086086086089        1.0131851685268294       0.78000749083765841     
  0.86486486486486491        1.0133571999184916       0.77803575431843952     
  0.86886886886886883        1.0135270965100915       0.77605632351957921     
  0.87287287287287285        1.0136947788832680       0.77406921801639061     
  0.87687687687687688        1.0138601675106327       0.77207445746008641     
  0.88088088088088090        1.0140231822971151       0.77007206157758135     
  0.88488488488488493        1.0141837430995613       0.76806205017129980     
  0.88888888888888884        1.0143417693194092       0.76604444311897812     
  0.89289289289289286        1.0144971799993776       0.76401926037346957     
  0.89689689689689689        1.0146498941708955       0.76198652196254524     
  0.90090090090090091        1.0147998300520784       0.75994624798869781     
  0.90490490490490494        1.0149469061272161       0.75789845862894112     
  0.90890890890890896        1.0150910399884532       0.75584317413461199     
  0.91291291291291288        1.0152321493261174       0.75378041483116964     
  0.91691691691691690        1.0153701512763991       0.75171020111799358     
  0.92092092092092093        1.0155049626458321       0.74963255346818269     
  0.92492492492492495        1.0156365000083860       0.74754749242835361     
  0.92892892892892898        1.0157646794488124       0.74545503861843632     
  0.93293293293293289        1.0158894166899723       0.74335521273147021     
  0.93693693693693691        1.0160106272994951       0.74124803553340046     
  0.94094094094094094        1.0161282260254019       0.73913352786287123     
  0.94494494494494496        1.0162421278029312       0.73701171063102144     
  0.94894894894894899        1.0163522465772095       0.73488260482127599     
  0.95295295295295290        1.0164584963163010       0.73274623148913998     
  0.95695695695695693        1.0165607903747065       0.73060261176198882     
  0.96096096096096095        1.0166590416718837       0.72845176683886093     
  0.96496496496496498        1.0167531627331092       0.72629371799024722     
  0.96896896896896900        1.0168430656663827       0.72412848655788020     
  0.97297297297297303        1.0169286618433393       0.72195609395452465     
  0.97697697697697694        1.0170098626629631       0.71977656166376347     
  0.98098098098098097        1.0170865783824621       0.71758991123978799     
  0.98498498498498499        1.0171587193037284       0.71539616430718200     
  0.98898898898898902        1.0172261948384360       0.71319534256071038     
  0.99299299299299304        1.0172889140227921       0.71098746776510235     
  0.99699699699699695        1.0173467852043543       0.70877256175483849     
   1.0010010010010011        1.0173997163625552       0.70655064643393239     
   1.0050050050050050        1.0174476144522531       0.70432174377571666     
   1.0090090090090089        1.0174903864133640       0.70208587582262261     
   1.0130130130130131        1.0175279378917059       0.69984306468596524     
   1.0170170170170170        1.0175601743437570       0.69759333254572309     
   1.0210210210210211        1.0175870003123899       0.69533670165031780     
   1.0250250250250250        1.0176083197403956       0.69307319431639725     
   1.0290290290290289        1.0176240355723556       0.69080283292861089     
   1.0330330330330331        1.0176340505338193       0.68852563993939231     
   1.0370370370370370        1.0176382658461700       0.68624163786873360     
   1.0410410410410411        1.0176365827250338       0.68395084930396588     
   1.0450450450450450        1.0176289013693194       0.68165329689953280     
   1.0490490490490489        1.0176151206151793       0.67934900337676996     
   1.0530530530530531        1.0175951388723090       0.67703799152367639     
   1.0570570570570570        1.0175688531505074       0.67472028419469277     
   1.0610610610610611        1.0175361599447981       0.67239590431047247     
   1.0650650650650650        1.0174969543073598       0.67006487485765720     
   1.0690690690690692        1.0174511306836445       0.66772721888864850     
   1.0730730730730731        1.0173985820273368       0.66538295952137927     
   1.0770770770770770        1.0173392005894279       0.66303211993908673     
   1.0810810810810811        1.0172728770741180       0.66067472339008138     
   1.0850850850850851        1.0171995013825159       0.65831079318751895     
   1.0890890890890892        1.0171189618075480       0.65594035270916762     
   1.0930930930930931        1.0170311457339847       0.65356342539717938     
   1.0970970970970970        1.0169359388703103       0.65118003475785569     
   1.1011011011011012        1.0168332259068091       0.64879020436141710     
   1.1051051051051051        1.0167228897823681       0.64639395784176923     
   1.1091091091091092        1.0166048123023634       0.64399131889626848     
   1.1131131131131131        1.0164788734383090       0.64158231128548826     
   1.1171171171171170        1.0163449519072136       0.63916695883298480     
   1.1211211211211212        1.0162029245022040       0.63674528542506059     
   1.1251251251251251        1.0160526666348035       0.63431731501052790     
   1.1291291291291292        1.0158940516948134       0.63188307160047219     
   1.1331331331331331        1.0157269515568268       0.62944257926801572     
   1.1371371371371370        1.0155512359676995       0.62699586214807856     
   1.1411411411411412        1.0153667730186224       0.62454294443713887     
   1.1451451451451451        1.0151734285585550       0.62208385039299618     
   1.1491491491491492        1.0149710666330662       0.61961860433452864     
   1.1531531531531531        1.0147595489221863       0.61714723064145538     
   1.1571571571571571        1.0145387351471289       0.61466975375409227     
   1.1611611611611612        1.0143084825311937       0.61218619817311382     
   1.1651651651651651        1.0140686461753512       0.60969658845930685     
   1.1691691691691692        1.0138190785407746       0.60720094923333146     
   1.1731731731731732        1.0135596297944192       0.60469930517547543     
   1.1771771771771771        1.0132901473116469       0.60219168102540976     
   1.1811811811811812        1.0130104759930125       0.59967810158194490     
   1.1851851851851851        1.0127204577854307       0.59715859170278607     
   1.1891891891891893        1.0124199319712210       0.59463317630428669     
   1.1931931931931932        1.0121087347065751       0.59210188036120104     
   1.1971971971971973        1.0117866992837086       0.58956472890643952     
   1.2012012012012012        1.0114536556854117       0.58702174703081855     
   1.2052052052052051        1.0111094308212263       0.58447295988281511     
   1.2092092092092093        1.0107538480967870       0.58191839266831502     
   1.2132132132132132        1.0103867276250433       0.57935807065036715     
   1.2172172172172173        1.0100078858090940       0.57679201914892964     
   1.2212212212212212        1.0096171355293544       0.57422026354062339     
   1.2252252252252251        1.0092142857387782       0.57164282925847876     
   1.2292292292292293        1.0087991416267554       0.56905974179168362     
   1.2332332332332332        1.0083715042257630       0.56647102668533400     
   1.2372372372372373        1.0079311705525877       0.56387670954017777     
   1.2412412412412412        1.0074779332257007       0.56127681601236523     
   1.2452452452452452        1.0070115805842685       0.55867137181319193     
   1.2492492492492493        1.0065318963155487       0.55606040270884771     
   1.2532532532532532        1.0060386595523290       0.55344393452015839     
   1.2572572572572573        1.0055316445094815       0.55082199312233371     
   1.2612612612612613        1.0050106205606091       0.54819460444470980     
   1.2652652652652652        1.0044753518829432       0.54556179447049202     
   1.2692692692692693        1.0039255975138408       0.54292358923649942     
   1.2732732732732732        1.0033611110035039       0.54028001483290677     
   1.2772772772772774        1.0027816404517225       0.53763109740298687     
   1.2812812812812813        1.0021869281681401       0.53497686314285187     
   1.2852852852852852        1.0015767106895628       0.53231733830119210     
   1.2892892892892893        1.0009507184475681       0.52965254917902038     
   1.2932932932932932        1.0003086757667772       0.52698252212940966     
   1.2972972972972974       0.99965030053956894       0.52430728355723166     
   1.3013013013013013       0.99897530420578207       0.52162685991889790     
   1.3053053053053052       0.99828339143446532       0.51894127772209575     
   1.3093093093093093       0.99757426008531913       0.51625056352552856     
   1.3133133133133132       0.99684760089757274       0.51355474393865164     
   1.3173173173173174       0.99610309743361936       0.51085384562140879     
   1.3213213213213213       0.99534042577494863       0.50814789528396931     
   1.3253253253253254       0.99455925444872562       0.50543691968646431     
   1.3293293293293293       0.99375924413056205       0.50272094563872183     
   1.3333333333333333       0.99294004755508714       0.50000000000000033     
   1.3373373373373374       0.99210130922508710       0.49727410967872421     
   1.3413413413413413       0.99124266530758265       0.49454330163221866     
   1.3453453453453454       0.99036374334848964       0.49180760286644143     
   1.3493493493493494       0.98946416215634680       0.48906704043571680     
   1.3533533533533533       0.98854353152099117       0.48632164144246692     
   1.3573573573573574       0.98760145208813344       0.48357143303694439     
   1.3613613613613613       0.98663751507939801       0.48081644241696458     
   1.3653653653653655       0.98565130216250296       0.47805669682763607     
   1.3693693693693694       0.98464238516839186       0.47529222356109019     
   1.3733733733733733       0.98361032596385856       0.47252304995621203     
   1.3773773773773774       0.98255467615923686       0.46974920339837073     
   1.3813813813813813       0.98147497699315323       0.46697071131914814     
   1.3853853853853855       0.98037075902121851       0.46418760119606600     
   1.3893893893893894       0.97924154202624358       0.46139990055231739     
   1.3933933933933933       0.97808683467435464       0.45860763695649082     
   1.3973973973973974       0.97690613446890329       0.45581083802230099     
   1.4014014014014013       0.97569892735510233       0.45300953140831446     
   1.4054054054054055       0.97446468774205486       0.45020374481767350     
   1.4094094094094094       0.97320287803026273       0.44739350599782696     
   1.4134134134134133       0.97191294873405776       0.44457884274025250     
   1.4174174174174174       0.97059433789775940       0.44175978288018319     
   1.4214214214214214       0.96924647136061315       0.43893635429633082     
   1.4254254254254255       0.96786876201665484       0.43610858491061116     
   1.4294294294294294       0.96646061027648056       0.43327650268786849     
   1.4334334334334333       0.96502140311251039       0.43044013563559824     
   1.4374374374374375       0.96355051478702769       0.42759951180366951     
   1.4414414414414414       0.96204730560802676       0.42475465928404799     
   1.4454454454454455       0.96051112301148112       0.42190560621051937     
   1.4494494494494494       0.95894129993275845       0.41905238075840973     
   1.4534534534534536       0.95733715635358607       0.41619501114430768     
   1.4574574574574575       0.95569799716959625       0.41333352562578418     
   1.4614614614614614       0.95402311433939369       0.41046795250111390     
   1.4654654654654655       0.95231178409962847       0.40759832010899610     
   1.4694694694694694       0.95056326988565820       0.40472465682827363     
   1.4734734734734736       0.94877681871080644       0.40184699107765148     
   1.4774774774774775       0.94695166506616124       0.39896535131541649     
   1.4814814814814814       0.94508702623963869       0.39607976603915679     
   1.4854854854854855       0.94318210744709974       0.39319026378547872     
   1.4894894894894894       0.94123609581881240       0.39029687312972589     
   1.4934934934934936       0.93924816706615810       0.38739962268569328     
   1.4974974974974975       0.93721747780712750       0.38449854110534909     
   1.5015015015015014       0.93514317413332693       0.38159365707854875     
   1.5055055055055055       0.93302438188143644       0.37868499933275013     
   1.5095095095095095       0.93086021753473769       0.37577259663273255     
   1.5135135135135136       0.92864977597330922       0.37285647778030873     
   1.5175175175175175       0.92639214422367944       0.36993667161404314     
   1.5215215215215214       0.92408638613598038       0.36701320700896550     
   1.5255255255255256       0.92173155958554420       0.36408611287628412     
   1.5295295295295295       0.91932669742946982       0.36115541816310132     
   1.5335335335335336       0.91687082886570626       0.35822115185212744     
   1.5375375375375375       0.91436295591379868       0.35528334296139380     
   1.5415415415415414       0.91180207975105221       0.35234202054396474     
   1.5455455455455456       0.90918717184178799       0.34939721368765114     
   1.5495495495495495       0.90651720619725518       0.34644895151472355     
   1.5535535535535536       0.90379112414394658       0.34349726318162310     
   1.5575575575575575       0.90100787359461709       0.34054217787867375     
   1.5615615615615615       0.89816636629847979       0.33758372482979260     
   1.5655655655655656       0.89526552536550486       0.33462193329220158     
   1.5695695695695695       0.89230423367927181       0.33165683255613898     
   1.5735735735735736       0.88928139108597104       0.32868845194456903     
   1.5775775775775776       0.88619585247394972       0.32571682081289088     
   1.5815815815815817       0.88304649622294173       0.32274196854864945     
   1.5855855855855856       0.87983215026259598       0.31976392457124525     
   1.5895895895895895       0.87655167357653996       0.31678271833164295     
   1.5935935935935936       0.87320386834541441       0.31379837931207866     
   1.5975975975975976       0.86978757651439154       0.31081093702577139     
   1.6016016016016017       0.86630157590455370       0.30782042101662782     
   1.6056056056056056       0.86274469408127874       0.30482686085895305     
   1.6096096096096095       0.85911568608137834       0.30183028615715729     
   1.6136136136136137       0.85541336806312973       0.29883072654546011     
   1.6176176176176176       0.85163647404566378       0.29582821168760254     
   1.6216216216216217       0.84778381207904951       0.29282277127655032     
   1.6256256256256256       0.84385409712741699       0.28981443503420135     
   1.6296296296296295       0.83984613276889475       0.28680323271109065     
   1.6336336336336337       0.83575861707534849       0.28378919408609704     
   1.6376376376376376       0.83159035313669183       0.28077234896614933     
   1.6416416416416417       0.82734002449835065       0.27775272718593036     
   1.6456456456456456       0.82300643810205987       0.27473035860758332     
   1.6496496496496496       0.81858826553767672       0.27170527312041282     
   1.6536536536536537       0.81408432230261674       0.26867750064059459     
   1.6576576576576576       0.80949327080783084       0.26564707111087615     
   1.6616616616616617       0.80481394018017893       0.26261401450028199     
   1.6656656656656657       0.80004498663350554       0.25957836080381591     
   1.6696696696696696       0.79518525837236409       0.25654014004216519     
   1.6736736736736737       0.79023340859820057       0.25349938226140467     
   1.6776776776776776       0.78518831041901416       0.25045611753269870     
   1.6816816816816818       0.78004861740745024       0.24741037595200283     
   1.6856856856856857       0.77481323377963107       0.24436218763976714     
   1.6896896896896898       0.76948081705586713       0.24131158274063927     
   1.6936936936936937       0.76405030914382543       0.23825859142316480     
   1.6976976976976976       0.75852037527253802       0.23520324387949043     
   1.7017017017017018       0.75289000200160006       0.23214557032506186     
   1.7057057057057057       0.74715786620363889       0.22908560099833006     
   1.7097097097097098       0.74132300642417692       0.22602336616044894     
   1.7137137137137137       0.73538411527457215       0.22295889609497727     
   1.7177177177177176       0.72934029098903552       0.21989222110757800     
   1.7217217217217218       0.72319024615644234       0.21682337152571932     
   1.7257257257257257       0.71693314676493702       0.21375237769837560     
   1.7297297297297298       0.71056772974337845       0.21067926999572606     
   1.7337337337337337       0.70409323725396611       0.20760407880885565     
   1.7377377377377377       0.69750843502806203       0.20452683454945109     
   1.7417417417417418       0.69081265016810489       0.20144756764950522     
   1.7457457457457457       0.68400468174294604       0.19836630856101312     
   1.7497497497497498       0.67708395089762741       0.19528308775567005     
   1.7537537537537538       0.67004929461407392       0.19219793572457314     
   1.7577577577577577       0.66290023750768112       0.18911088297791637     
   1.7617617617617618       0.65563565905319243       0.18602196004469188     
   1.7657657657657657       0.64825519707794732       0.18293119747238676     
   1.7697697697697699       0.64075777809209966       0.17983862582668017     
   1.7737737737737738       0.63314316317824559       0.17674427569114179     
   1.7777777777777777       0.62541033034091664       0.17364817766693028     
   1.7817817817817818       0.61755917425049844       0.17055036237248988     
   1.7857857857857857       0.60958872872934700       0.16745086044324664     
   1.7897897897897899       0.60149903264467830       0.16434970253130635     
   1.7937937937937938       0.59328917976703832       0.16124691930515228     
   1.7977977977977977       0.58495936403329785       0.15814254144934106     
   1.8018018018018018       0.57650874303603028       0.15503659966419786     
   1.8058058058058057       0.56793767690581076       0.15192912466551589     
   1.8098098098098099       0.55924539060503786       0.14882014718424907     
   1.8138138138138138       0.55043242182105490       0.14570969796621130     
   1.8178178178178179       0.54149806603212447       0.14259780777177095     
   1.8218218218218218       0.53244305007273818       0.13948450737554591     
   1.8258258258258258       0.52326674259928074       0.13636982756610005     
   1.8298298298298299       0.51397007140006234       0.13325379914563965     
   1.8338338338338338       0.50455248039969669       0.13013645292970785     
   1.8378378378378379       0.49501511035306239       0.12701781974687870     
   1.8418418418418419       0.48535748187625632       0.12389793043845529     
   1.8458458458458458       0.47558096090028168       0.12077681585816115     
   1.8498498498498499       0.46568514538817168       0.11765450687183837     
   1.8538538538538538       0.45567163884518752       0.11453103435714140     
   1.8578578578578580       0.44554011636191354       0.11140642920322855     
   1.8618618618618619       0.43529243159747216       0.10828072231046192     
   1.8658658658658658       0.42492833556289450       0.10515394459009815     
   1.8698698698698699       0.41444994482630937       0.10202612696398421     
   1.8738738738738738       0.40385708400598214        9.8897300364250137E-002
   1.8778778778778780       0.39315214550501487        9.5767495733004110E-002
   1.8818818818818819       0.38233502400613395        9.2636744022027262E-002
   1.8858858858858858       0.37140840084068166        8.9505076192466795E-002
   1.8898898898898899       0.36037223585555839        8.6372523214528804E-002
   1.8938938938938938       0.34922951256855211        8.3239116067172991E-002
   1.8978978978978980       0.33798024960117545        8.0104885737807094E-002
   1.9019019019019019       0.32662774607952277        7.6969863221979185E-002
   1.9059059059059058       0.31517207138615583        7.3834079523072429E-002
   1.9099099099099099       0.30361685384066456        7.0697565651994948E-002
   1.9139139139139139       0.29196220381240745        6.7560352626878470E-002
   1.9179179179179180       0.28021209256344065        6.4422471472768014E-002
   1.9219219219219219       0.26836665977752250        6.1283953221316440E-002
   1.9259259259259258       0.25643023357292760        5.8144828910476183E-002
   1.9299299299299300       0.24440296924045102        5.5005129584193228E-002
   1.9339339339339339       0.23228956583437094        5.1864886292100981E-002
   1.9379379379379380       0.22009017837563172        4.8724130089211899E-002
   1.9419419419419419       0.20780989110145359        4.5582892035611673E-002
   1.9459459459459461       0.19544884058612463        4.2441203196148525E-002
   1.9499499499499500       0.18301251066441812        3.9299094640131337E-002
   1.9539539539539539       0.17050099886319622        3.6156597441019275E-002
   1.9579579579579580       0.15792020319646094        3.3013742676113601E-002
   1.9619619619619619       0.14527015900338777        2.9870561426253450E-002
   1.9659659659659661       0.13255719322506723        2.6727084775504926E-002
   1.9699699699699700       0.11978125322294997        2.3583343810856781E-002
   1.9739739739739739       0.10694910979907774        2.0439369621911660E-002
   1.9779779779779780        9.4060593724598268E-002   1.7295193300577764E-002
   1.9819819819819819        8.1122935034440583E-002   1.4150845940762258E-002
   1.9859859859859861        6.8135815651616791E-002   1.1006358638064652E-002
   1.9899899899899900        5.5106942690061722E-002   7.8617624894684063E-003
   1.9939939939939939        4.2035807889534288E-002   4.7170885930325071E-003
   1.9979979979979980        2.8930629651491905E-002   1.5723680475848198E-003
   2.0020020020020022        1.5790623729156381E-002  -1.5723680475845747E-003
   2.0060060060060061        2.6246567448885570E-003  -4.7170885930322625E-003
   2.0100100100100100       -1.0568654957063208E-002  -7.8617624894681600E-003
   2.0140140140140139       -2.3779196668121078E-002  -1.1006358638064406E-002
   2.0180180180180178       -3.7007849727048021E-002  -1.4150845940762012E-002
   2.0220220220220222       -5.0244819087956770E-002  -1.7295193300577522E-002
   2.0260260260260261       -6.3490524986547558E-002  -2.0439369621911417E-002
   2.0300300300300300       -7.6735482098394425E-002  -2.3583343810856538E-002
   2.0340340340340339       -8.9979686656869784E-002  -2.6727084775504683E-002
   2.0380380380380378      -0.10321395302927863       -2.9870561426253207E-002
   2.0420420420420422      -0.11643789438268426       -3.3013742676113789E-002
   2.0460460460460461      -0.12964262491923825       -3.6156597441019026E-002
   2.0500500500500500      -0.14282742169469123       -3.9299094640131087E-002
   2.0540540540540539      -0.15598370216644633       -4.2441203196148275E-002
   2.0580580580580579      -0.16911045142670417       -4.5582892035610979E-002
   2.0620620620620622      -0.18219939242354991       -4.8724130089212093E-002
   2.0660660660660661      -0.19524926047815763       -5.1864886292100738E-002
   2.0700700700700700      -0.20825208825835037       -5.5005129584192979E-002
   2.0740740740740740      -0.22120640428716576       -5.8144828910475933E-002
   2.0780780780780779      -0.23410455824726709       -6.1283953221315746E-002
   2.0820820820820822      -0.24694491548065337       -6.4422471472768209E-002
   2.0860860860860861      -0.25972015227895484       -6.7560352626878220E-002
   2.0900900900900901      -0.27242851431144949       -7.0697565651994698E-002
   2.0940940940940940      -0.28506301566112036       -7.3834079523071736E-002
   2.0980980980980979      -0.29762182520900105       -7.6969863221978935E-002
   2.1021021021021022      -0.31009830708199226       -8.0104885737806844E-002
   2.1061061061061062      -0.32249059525802848       -8.3239116067172741E-002
   2.1101101101101101      -0.33479241682828020       -8.6372523214528554E-002
   2.1141141141141140      -0.34700191143898718       -8.9505076192466101E-002
   2.1181181181181179      -0.35911318222946892       -9.2636744022027012E-002
   2.1221221221221223      -0.37112441312956646       -9.5767495733003860E-002
   2.1261261261261262      -0.38303009565285495       -9.8897300364249888E-002
   2.1301301301301301      -0.39482849391193381      -0.10202612696398396     
   2.1341341341341340      -0.40651449908882925      -0.10515394459009790     
   2.1381381381381384      -0.41808648948500832      -0.10828072231046167     
   2.1421421421421423      -0.42953976802048444      -0.11140642920322831     
   2.1461461461461462      -0.44087286164565115      -0.11453103435714115     
   2.1501501501501501      -0.45208149941684417      -0.11765450687183812     
   2.1541541541541540      -0.46316439145960869      -0.12077681585816090     
   2.1581581581581584      -0.47411770640920242      -0.12389793043845504     
   2.1621621621621623      -0.48494036630860332      -0.12701781974687892     
   2.1661661661661662      -0.49562898452554621      -0.13013645292970763     
   2.1701701701701701      -0.50618271118895619      -0.13325379914563942     
   2.1741741741741740      -0.51659859671546859      -0.13636982756609983     
   2.1781781781781784      -0.52687602190405303      -0.13948450737554569     
   2.1821821821821823      -0.53701245620769522      -0.14259780777177072     
   2.1861861861861862      -0.54700750541666432      -0.14570969796621108     
   2.1901901901901901      -0.55685903626375510      -0.14882014718424885     
   2.1941941941941940      -0.56656687208774770      -0.15192912466551567     
   2.1981981981981984      -0.57612925655463809      -0.15503659966419808     
   2.2022022022022023      -0.58554622470917062      -0.15814254144934084     
   2.2062062062062062      -0.59481637964064682      -0.16124691930515206     
   2.2102102102102101      -0.60393996382816084      -0.16434970253130612     
   2.2142142142142140      -0.61291592404274609      -0.16745086044324597     
   2.2182182182182184      -0.62174470603276644      -0.17055036237248966     
   2.2222222222222223      -0.63042558471473431      -0.17364817766693005     
   2.2262262262262262      -0.63895920375061044      -0.17674427569114157     
   2.2302302302302301      -0.64734514984623226      -0.17983862582667995     
   2.2342342342342341      -0.65558425739525561      -0.18293119747238654     
   2.2382382382382384      -0.66367640732439592      -0.18602196004469207     
   2.2422422422422423      -0.67162261563587922      -0.18911088297791614     
   2.2462462462462462      -0.67942303869649734      -0.19219793572457292     
   2.2502502502502502      -0.68707886320841538      -0.19528308775566983     
   2.2542542542542541      -0.69459050116471177      -0.19836630856101248     
   2.2582582582582584      -0.70195929753885755      -0.20144756764950500     
   2.2622622622622623      -0.70918589935020104      -0.20452683454945086     
   2.2662662662662663      -0.71627179619655523      -0.20760407880885542     
   2.2702702702702702      -0.72321784900464992      -0.21067926999572584     
   2.2742742742742741      -0.73002567743963087      -0.21375237769837538     
   2.2782782782782784      -0.73669633496655162      -0.21682337152571909     
   2.2822822822822824      -0.74323155615245518      -0.21989222110757778     
   2.2862862862862863      -0.74963256564157621      -0.22295889609497704     
   2.2902902902902902      -0.75590119741592887      -0.22602336616044871     
   2.2942942942942941      -0.76203882619426588      -0.22908560099832984     
   2.2982982982982985      -0.76804736983143351      -0.23214557032506164     
   2.3023023023023024      -0.77392833249428339      -0.23520324387949024     
   2.3063063063063063      -0.77968370055419856      -0.23825859142316458     
   2.3103103103103102      -0.78531508767689329      -0.24131158274063905     
   2.3143143143143141      -0.79082453379237827      -0.24436218763976694     
   2.3183183183183185      -0.79621374296457348      -0.24741037595200260     
   2.3223223223223224      -0.80148479430461506      -0.25045611753269847     
   2.3263263263263263      -0.80663946416487164      -0.25349938226140445     
   2.3303303303303302      -0.81167985719118119      -0.25654014004216497     
   2.3343343343343341      -0.81660780501836938      -0.25957836080381524     
   2.3383383383383385      -0.82142542503117633      -0.26261401450028221     
   2.3423423423423424      -0.82613458832864439      -0.26564707111087593     
   2.3463463463463463      -0.83073741317883587      -0.26867750064059437     
   2.3503503503503502      -0.83523579557103267      -0.27170527312041259     
   2.3543543543543541      -0.83963184380277656      -0.27473035860758266     
   2.3583583583583585      -0.84392746545495645      -0.27775272718593058     
   2.3623623623623624      -0.84812474903837576      -0.28077234896614911     
   2.3663663663663663      -0.85222560171038497      -0.28378919408609682     
   2.3703703703703702      -0.85623208342952972      -0.28680323271108998     
   2.3743743743743742      -0.86014609018597332      -0.28981443503420068     
   2.3783783783783785      -0.86396964566445433      -0.29282277127655010     
   2.3823823823823824      -0.86770462518658742      -0.29582821168760237     
   2.3863863863863863      -0.87135300946231597      -0.29883072654545989     
   2.3903903903903903      -0.87491664484214948      -0.30183028615715662     
   2.3943943943943946      -0.87839746334373192      -0.30482686085895327     
   2.3983983983983985      -0.88179727518782247      -0.30782042101662760     
   2.4024024024024024      -0.88511795891791389      -0.31081093702577117     
   2.4064064064064064      -0.88836128254664792      -0.31379837931207849     
   2.4104104104104103      -0.89152906724125169      -0.31678271833164234     
   2.4144144144144146      -0.89462303373823793      -0.31976392457124503     
   2.4184184184184185      -0.89764494274462137      -0.32274196854864923     
   2.4224224224224224      -0.90059646358912704      -0.32571682081289072     
   2.4264264264264264      -0.90347929418766770      -0.32868845194456880     
   2.4304304304304303      -0.90629504918969905      -0.33165683255613876     
   2.4344344344344346      -0.90904536207539688      -0.33462193329220136     
   2.4384384384384385      -0.91173179032692619      -0.33758372482979238     
   2.4424424424424425      -0.91435590196338179      -0.34054217787867352     
   2.4464464464464464      -0.91691919551918544      -0.34349726318162288     
   2.4504504504504503      -0.91942317308042920      -0.34644895151472338     
   2.4544544544544546      -0.92186927308695510      -0.34939721368765092     
   2.4584584584584586      -0.92425893170957063      -0.35234202054396457     
   2.4624624624624625      -0.92659352670915995      -0.35528334296139358     
   2.4664664664664664      -0.92887442878768711      -0.35822115185212722     
   2.4704704704704703      -0.93110295493745532      -0.36115541816310109     
   2.4744744744744747      -0.93328041120923622      -0.36408611287628395     
   2.4784784784784786      -0.93540805416812178      -0.36701320700896528     
   2.4824824824824825      -0.93748712634882347      -0.36993667161404292     
   2.4864864864864864      -0.93951882460205571      -0.37285647778030850     
   2.4904904904904903      -0.94150432934937178      -0.37577259663273233     
   2.4944944944944947      -0.94344477875631738      -0.37868499933275035     
   2.4984984984984986      -0.94534129275633882      -0.38159365707854853     
   2.5025025025025025      -0.94719495212478799      -0.38449854110534887     
   2.5065065065065064      -0.94900681811271814      -0.38739962268569306     
   2.5105105105105103      -0.95077791561988012      -0.39029687312972527     
   2.5145145145145147      -0.95250924916384372      -0.39319026378547894     
   2.5185185185185186      -0.95420178946120182      -0.39607976603915657     
   2.5225225225225225      -0.95585648635456100      -0.39896535131541627     
   2.5265265265265264      -0.95747425821010157      -0.40184699107765126     
   2.5305305305305303      -0.95905600233371768      -0.40472465682827302     
   2.5345345345345347      -0.96060258668069953      -0.40759832010899633     
   2.5385385385385386      -0.96211485821183629      -0.41046795250111373     
   2.5425425425425425      -0.96359363648809648      -0.41333352562578402     
   2.5465465465465464      -0.96503972034700125      -0.41619501114430751     
   2.5505505505505504      -0.96645388302265411      -0.41905238075840956     
   2.5545545545545547      -0.96783687746125546      -0.42190560621051959     
   2.5585585585585586      -0.96918943266554303      -0.42475465928404776     
   2.5625625625625625      -0.97051225791511131      -0.42759951180366890     
   2.5665665665665665      -0.97180604008506433      -0.43044013563559802     
   2.5705705705705704      -0.97307144699105652      -0.43327650268786827     
   2.5745745745745747      -0.97430912547553239      -0.43610858491061100     
   2.5785785785785786      -0.97551970405828192      -0.43893635429633066     
   2.5825825825825826      -0.97670379162084631      -0.44175978288018303     
   2.5865865865865865      -0.97786197951017617      -0.44457884274025233     
   2.5905905905905904      -0.97899484068329634      -0.44739350599782673     
   2.5945945945945947      -0.98010293138367166      -0.45020374481767333     
   2.5985985985985987      -0.98118679063475767      -0.45300953140831385     
   2.6026026026026026      -0.98224694158524228      -0.45581083802230121     
   2.6066066066066065      -0.98328389126229920      -0.45860763695649065     
   2.6106106106106104      -0.98429813166240498      -0.46139990055231678     
   2.6146146146146148      -0.98529013969350676      -0.46418760119606622     
   2.6186186186186187      -0.98626037807208211      -0.46697071131914791     
   2.6226226226226226      -0.98720929539856628      -0.46974920339837051     
   2.6266266266266265      -0.98813732690821954      -0.47252304995621180     
   2.6306306306306309      -0.98904489463652079      -0.47529222356109002     
   2.6346346346346348      -0.98993240806077842      -0.47805669682763591     
   2.6386386386386387      -0.99080026432221269      -0.48081644241696481     
   2.6426426426426426      -0.99164884878670789      -0.48357143303694416     
   2.6466466466466465      -0.99247853529834229      -0.48632164144246637     
   2.6506506506506509      -0.99328968668088502      -0.48906704043571703     
   2.6546546546546548      -0.99408265500392046      -0.49180760286644165     
   2.6586586586586587      -0.99485778204136122      -0.49454330163221849     
   2.6626626626626626      -0.99561539953631450      -0.49727410967872404     
   2.6666666666666665      -0.99635582962874258      -0.49999999999999972     
   2.6706706706706709      -0.99707938510910610      -0.50272094563872161     
   2.6746746746746748      -0.99778636982413027      -0.50543691968646454     
   2.6786786786786787      -0.99847707891223869      -0.50814789528396909     
   2.6826826826826826      -0.99915179919397479      -0.51085384562140823     
   2.6866866866866865      -0.99981080938449840      -0.51355474393865141     
   2.6906906906906909       -1.0004543804734267      -0.51625056352552878     
   2.6946946946946948       -1.0010827759113261      -0.51894127772209564     
   2.6986986986986987       -1.0016962519824453      -0.52162685991889768     
   2.7027027027027026       -1.0022950579633381      -0.52430728355723144     
   2.7067067067067065       -1.0028794364910540      -0.52698252212940910     
   2.7107107107107109       -1.0034496236928627      -0.52965254917902060     
   2.7147147147147148       -1.0040058495518505      -0.53231733830119188     
   2.7187187187187187       -1.0045483380072882      -0.53497686314285131     
   2.7227227227227226       -1.0050773073191659      -0.53763109740298709     
   2.7267267267267266       -1.0055929701391260      -0.54028001483290666     
   2.7307307307307309       -1.0060955338752131      -0.54292358923649919     
   2.7347347347347348       -1.0065852007334990      -0.54556179447049191     
   2.7387387387387387       -1.0070621680842107      -0.54819460444470958     
   2.7427427427427427       -1.0075266284742592      -0.55082199312233360     
   2.7467467467467466       -1.0079787699958700      -0.55344393452015828     
   2.7507507507507509       -1.0084187762702377      -0.55606040270884749     
   2.7547547547547548       -1.0088468268197910      -0.55867137181319182     
   2.7587587587587588       -1.0092630970231593      -0.56127681601236501     
   2.7627627627627627       -1.0096677584922589      -0.56387670954017755     
   2.7667667667667666       -1.0100609789986632      -0.56647102668533345     
   2.7707707707707709       -1.0104429228567788      -0.56905974179168384     
   2.7747747747747749       -1.0108137508216017      -0.57164282925847854     
   2.7787787787787788       -1.0111736204793356      -0.57422026354062317     
   2.7827827827827827       -1.0115226861164017      -0.57679201914892952     
   2.7867867867867866       -1.0118610991189358      -0.57935807065036660     
   2.7907907907907910       -1.0121890078127895      -0.58191839266831491     
   2.7947947947947949       -1.0125065578734453      -0.58447295988281489     
   2.7987987987987988       -1.0128138921366046      -0.58702174703081833     
   2.8028028028028027       -1.0131111510201534      -0.58956472890643896     
   2.8068068068068066       -1.0133984723047960      -0.59210188036120082     
   2.8108108108108110       -1.0136759915698008      -0.59463317630428647     
   2.8148148148148149       -1.0139438419429998      -0.59715859170278585     
   2.8188188188188188       -1.0142021545521229      -0.59967810158194468     
   2.8228228228228227       -1.0144510582433621      -0.60219168102540921     
   2.8268268268268266       -1.0146906800501962      -0.60469930517547521     
   2.8308308308308310       -1.0149211448795612      -0.60720094923333168     
   2.8348348348348349       -1.0151425760001576      -0.60969658845930674     
   2.8388388388388388       -1.0153550946951453      -0.61218619817311326     
   2.8428428428428427       -1.0155588207720192      -0.61466975375409216     
   2.8468468468468466       -1.0157538721805834      -0.61714723064145482     
   2.8508508508508510       -1.0159403655465920      -0.61961860433452842     
   2.8548548548548549       -1.0161184157536136      -0.62208385039299596     
   2.8588588588588588       -1.0162881365027150      -0.62454294443713865     
   2.8628628628628627       -1.0164496398567067      -0.62699586214807834     
   2.8668668668668666       -1.0166030368282242      -0.62944257926801550     
   2.8708708708708710       -1.0167484368846946      -0.63188307160047208     
   2.8748748748748749       -1.0168859485673134      -0.63431731501052735     
   2.8788788788788788       -1.0170156789548781      -0.63674528542506048     
   2.8828828828828827       -1.0171377343162697      -0.63916695883298458     
   2.8868868868868871       -1.0172522195311591      -0.64158231128548815     
   2.8908908908908910       -1.0173592387787236      -0.64399131889626826     
   2.8948948948948949       -1.0174588949130567      -0.64639395784176901     
   2.8988988988988988       -1.0175512901909733      -0.64879020436141721     
   2.9029029029029028       -1.0176365255997872      -0.65118003475785557     
   2.9069069069069071       -1.0177147016271837      -0.65356342539717915     
   2.9109109109109110       -1.0177859175388744      -0.65594035270916740     
   2.9149149149149149       -1.0178502721936331      -0.65831079318751873     
   2.9189189189189189       -1.0179078632681702      -0.66067472339008115     
   2.9229229229229228       -1.0179587881205563      -0.66303211993908662     
   2.9269269269269271       -1.0180031429595093      -0.66538295952137938     
   2.9309309309309310       -1.0180410237595372      -0.66772721888864839     
   2.9349349349349350       -1.0180725253716842      -0.67006487485765742     
   2.9389389389389389       -1.0180977424938116      -0.67239590431047236     
   2.9429429429429428       -1.0181167687197878      -0.67472028419469232     
   2.9469469469469471       -1.0181296975683229      -0.67703799152367616     
   2.9509509509509511       -1.0181366214675487      -0.67934900337676973     
   2.9549549549549550       -1.0181376328458234      -0.68165329689953269     
   2.9589589589589589       -1.0181328230084206      -0.68395084930396566     
   2.9629629629629628       -1.0181222827583303      -0.68624163786873338     
   2.9669669669669672       -1.0181061030826970      -0.68852563993939209     
   2.9709709709709711       -1.0180843738057794      -0.69080283292861111     
   2.9749749749749750       -1.0180571849550757      -0.69307319431639702     
   2.9789789789789789       -1.0180246256483241      -0.69533670165031769     
   2.9829829829829828       -1.0179867848878832      -0.69759333254572287     
   2.9869869869869872       -1.0179437509749893      -0.69984306468596547     
   2.9909909909909911       -1.0178956122447400      -0.70208587582262250     
   2.9949949949949950       -1.0178424560722839      -0.70432174377571644     
   2.9989989989989989       -1.0177843700773008      -0.70655064643393228     
   3.0030030030030028       -1.0177214410183248      -0.70877256175483805     
   3.0070070070070072       -1.0176537556329739      -0.71098746776510247     
   3.0110110110110111       -1.0175814001166945      -0.71319534256071015     
   3.0150150150150150       -1.0175044605699541      -0.71539616430718178     
   3.0190190190190189       -1.0174230223728988      -0.71758991123978788     
   3.0230230230230228       -1.0173371712006614      -0.71977656166376336     
   3.0270270270270272       -1.0172469917576998      -0.72195609395452442     
   3.0310310310310311       -1.0171525689652612      -0.72412848655788031     
   3.0350350350350350       -1.0170539872329587      -0.72629371799024711     
   3.0390390390390389       -1.0169513307217921      -0.72845176683886070     
   3.0430430430430429       -1.0168446832793492      -0.73060261176198871     
   3.0470470470470472       -1.0167341286892699      -0.73274623148913987     
   3.0510510510510511       -1.0166197500679597      -0.73488260482127588     
   3.0550550550550550       -1.0165016308227934      -0.73701171063102133     
   3.0590590590590589       -1.0163798535580155      -0.73913352786287101     
   3.0630630630630629       -1.0162545010083117      -0.74124803553339991     
   3.0670670670670672       -1.0161256555526472      -0.74335521273147032     
   3.0710710710710711       -1.0159933992552272      -0.74545503861843621     
   3.0750750750750750       -1.0158578140304213      -0.74754749242835339     
   3.0790790790790790       -1.0157189815993370      -0.74963255346818258     
   3.0830830830830829       -1.0155769832112205      -0.75171020111799314     
   3.0870870870870872       -1.0154319003175976      -0.75378041483116953     
   3.0910910910910911       -1.0152838136217979      -0.75584317413461222     
   3.0950950950950951       -1.0151328040511369      -0.75789845862894101     
   3.0990990990990990       -1.0149789520476533      -0.75994624798869759     
   3.1031031031031029       -1.0148223378784080      -0.76198652196254535     
   3.1071071071071072       -1.0146630416986457      -0.76401926037346968     
   3.1111111111111112       -1.0145011432730022      -0.76604444311897801     
   3.1151151151151151       -1.0143367222282509      -0.76806205017129969     
   3.1191191191191190       -1.0141698580709750      -0.77007206157758090     
   3.1231231231231229       -1.0140006297799025      -0.77207445746008596     
   3.1271271271271273       -1.0138291165650966      -0.77406921801639050     
   3.1311311311311312       -1.0136553968948823      -0.77605632351957909     
   3.1351351351351351       -1.0134795494706632      -0.77803575431843974     
   3.1391391391391390       -1.0133016524609240      -0.78000749083765863     
   3.1431431431431434       -1.0131217839107767      -0.78197151357801342     
   3.1471471471471473       -1.0129400217178293      -0.78392780311656574     
   3.1511511511511512       -1.0127564433287117      -0.78587634010685492     
   3.1551551551551551       -1.0125711262113681      -0.78781710527908644     
   3.1591591591591590       -1.0123841473829573      -0.78975007944032583     
   3.1631631631631634       -1.0121955836840693      -0.79167524347468532     
   3.1671671671671673       -1.0120055118521127      -0.79359257834351493     
   3.1711711711711712       -1.0118140080429696      -0.79550206508559018     
   3.1751751751751751       -1.0116211486056139      -0.79740368481729929     
   3.1791791791791790       -1.0114270091327164      -0.79929741873283011     
   3.1831831831831834       -1.0112316654335138      -0.80118324810435748     
   3.1871871871871873       -1.0110351926528842      -0.80306115428222580     
   3.1911911911911912       -1.0108376659177809      -0.80493111869513456     
   3.1951951951951951       -1.0106391599973807      -0.80679312285032412     
   3.1991991991991990       -1.0104397493008839      -0.80864714833375495     
   3.2032032032032034       -1.0102395081301925      -0.81049317681029209     
   3.2072072072072073       -1.0100385102449396      -0.81233119002388610     
   3.2112112112112112       -1.0098368293732720      -0.81416116979775310     
   3.2152152152152151       -1.0096345386816339      -0.81598309803455449     
   3.2192192192192191       -1.0094317111992246      -0.81779695671657726     
   3.2232232232232234       -1.0092284195761205      -0.81960272790591171     
   3.2272272272272273       -1.0090247360679010      -0.82140039374462503     
   3.2312312312312312       -1.0088207327451402      -0.82318993645494509     
   3.2352352352352352       -1.0086164811177405      -0.82497133833943015     
   3.2392392392392391       -1.0084120525934352      -0.82674458178114651     
   3.2432432432432434       -1.0082075179447145      -0.82850964924384241     
   3.2472472472472473       -1.0080029478484032      -0.83026652327212114     
   3.2512512512512513       -1.0077984123375139      -0.83201518649161355     
   3.2552552552552552       -1.0075939812777370      -0.83375562160915107     
   3.2592592592592591       -1.0073897239772540      -0.83548781141293604     
   3.2632632632632634       -1.0071857094206438      -0.83721173877271049     
   3.2672672672672673       -1.0069820061473265      -0.83892738663992716     
   3.2712712712712713       -1.0067786822476654      -0.84063473804791811     
   3.2752752752752752       -1.0065758054109248      -0.84233377611206173     
   3.2792792792792791       -1.0063734428250080      -0.84402448402995045     
   3.2832832832832834       -1.0061716612627891      -0.84570684508155636     
   3.2872872872872874       -1.0059705269761434      -0.84738084262939606     
   3.2912912912912913       -1.0057701057700621      -0.84904646011869733     
   3.2952952952952952       -1.0055704629133619      -0.85070368107756111     
   3.2992992992992991       -1.0053716631952698      -0.85235248911712369     
   3.3033033033033035       -1.0051737708515998      -0.85399286793172058     
   3.3073073073073074       -1.0049768496000304      -0.85562480129904661     
   3.3113113113113113       -1.0047809626021689      -0.85724827308031681     
   3.3153153153153152       -1.0045861724347203      -0.85886326722042616     
   3.3193193193193191       -1.0043925411470960      -0.86046976774810746     
   3.3233233233233235       -1.0042001301189512      -0.86206775877609132     
   3.3273273273273274       -1.0040090002090314      -0.86365722450126015     
   3.3313313313313313       -1.0038192115674880      -0.86523814920480790     
   3.3353353353353352       -1.0036308237869409      -0.86681051725239255     
   3.3393393393393391       -1.0034438957375982      -0.86837431309429247     
   3.3433433433433435       -1.0032584856802866      -0.86992952126555956     
   3.3473473473473474       -1.0030746511444653      -0.87147612638617244     
   3.3513513513513513       -1.0028924489968010      -0.87301411316118827     
   3.3553553553553552       -1.0027119353597034      -0.87454346638089397     
   3.3593593593593591       -1.0025331656431422      -0.87606417092095756     
   3.3633633633633635       -1.0023561944932551      -0.87757621174257716     
   3.3673673673673674       -1.0021810757989538      -0.87907957389262847     
   3.3713713713713713       -1.0020078626591085      -0.88057424250381433     
   3.3753753753753752       -1.0018366073747889      -0.88206020279481123     
   3.3793793793793796       -1.0016673614252798      -0.88353744007041513     
   3.3833833833833835       -1.0015001754545363      -0.88500593972168740     
   3.3873873873873874       -1.0013350992486785      -0.88646568722609875     
   3.3913913913913913       -1.0011721817229768      -0.88791666814767278     
   3.3953953953953953       -1.0010114708954971      -0.88935886813712972     
   3.3993993993993996       -1.0008530138792293      -0.89079227293202790     
   3.4034034034034035       -1.0006968568479364      -0.89221686835690339     
   3.4074074074074074       -1.0005430450369110      -0.89363264032341194     
   3.4114114114114114       -1.0003916226981242      -0.89503957483046781     
   3.4154154154154153       -1.0002426331119554      -0.89643765796438168     
   3.4194194194194196       -1.0000961185302248      -0.89782687589899912     
   3.4234234234234235      -0.99995212019914481      -0.89920721489583688     
   3.4274274274274275      -0.99981067829180603      -0.90057866130421815     
   3.4314314314314314      -0.99967183193850229      -0.90194120156140900     
   3.4354354354354353      -0.99953561915567490      -0.90329482219275192     
   3.4394394394394396      -0.99940207687288896      -0.90463950981179775     
   3.4434434434434436      -0.99927124087341057      -0.90597525112043964     
   3.4474474474474475      -0.99914314579829755      -0.90730203290904421     
   3.4514514514514514      -0.99901782512193371      -0.90861984205658186     
   3.4554554554554553      -0.99889531110847440      -0.90992866553075646     
   3.4594594594594597      -0.99877563484380716      -0.91122849038813580     
   3.4634634634634636      -0.99865882613453416      -0.91251930377427593     
   3.4674674674674675      -0.99854491358452824      -0.91380109292385281     
   3.4714714714714714      -0.99843392447936652      -0.91507384516078560     
   3.4754754754754753      -0.99832588484724871      -0.91633754789836286     
   3.4794794794794797      -0.99822081936011953      -0.91759218863936631     
   3.4834834834834836      -0.99811875140329342      -0.91883775497619591     
   3.4874874874874875      -0.99801970294399966      -0.92007423459099136     
   3.4914914914914914      -0.99792369464486319      -0.92130161525575383     
   3.4954954954954953      -0.99783074568959973      -0.92251988483246850     
   3.4994994994994997      -0.99774087392995947      -0.92372903127322248     
   3.5035035035035036      -0.99765409569516539      -0.92492904262032472     
   3.5075075075075075      -0.99757042593543299      -0.92611990700642566     
   3.5115115115115114      -0.99748987805407185      -0.92730161265463207     
   3.5155155155155153      -0.99741246401985362      -0.92847414787862559     
   3.5195195195195197      -0.99733819421751424      -0.92963750108277710     
   3.5235235235235236      -0.99726707759358724      -0.93079166076226205     
   3.5275275275275275      -0.99719912141584632      -0.93193661550317375     
   3.5315315315315314      -0.99713433151861153      -0.93307235398263721     
   3.5355355355355353      -0.99707271200778991      -0.93419886496891946     
   3.5395395395395397      -0.99701426551475492      -0.93531613732154262     
   3.5435435435435436      -0.99695899292669188      -0.93642415999139206     
   3.5475475475475475      -0.99690689358802909      -0.93752292202082732     
   3.5515515515515514      -0.99685796512516234      -0.93861241254378924     
   3.5555555555555554      -0.99681220348753519      -0.93969262078590843     
   3.5595595595595597      -0.99676960304244133      -0.94076353606461116     
   3.5635635635635636      -0.99673015623478944      -0.94182514778922477     
   3.5675675675675675      -0.99669385411649392      -0.94287744546108421     
   3.5715715715715715      -0.99666068558817000      -0.94392041867363274     
   3.5755755755755754      -0.99663063831622278      -0.94495405711252811     
   3.5795795795795797      -0.99660369763148038      -0.94597835055574231     
   3.5835835835835836      -0.99657984771524388      -0.94699328887366330     
   3.5875875875875876      -0.99655907036764446      -0.94799886202919548     
   3.5915915915915915      -0.99654134616673773      -0.94899506007785894     
   3.5955955955955954      -0.99652665337304946      -0.94998187316788696     
   3.5995995995995997      -0.99651496890567304      -0.95095929154032532     
   3.6036036036036037      -0.99650626747822280      -0.95192730552912663     
   3.6076076076076076      -0.99650052230277830      -0.95288590556124664     
   3.6116116116116115      -0.99649770456586950      -0.95383508215674029     
   3.6156156156156154      -0.99649778364991359      -0.95477482592885354     
   3.6196196196196198      -0.99650072742673346      -0.95570512758411708     
   3.6236236236236237      -0.99650650135157892      -0.95662597792243798     
   3.6276276276276276      -0.99651506992908989      -0.95753736783719101     
   3.6316316316316315      -0.99652639433192747      -0.95843928831530878     
   3.6356356356356359      -0.99654043609382170      -0.95933173043737030     
   3.6396396396396398      -0.99655715197575034      -0.96021468537768961     
   3.6436436436436437      -0.99657650059872238      -0.96108814440440271     
   3.6476476476476476      -0.99659843437119944      -0.96195209887955480     
   3.6516516516516515      -0.99662290895069983      -0.96280654025918444     
   3.6556556556556559      -0.99664987248226533      -0.96365146009340885     
   3.6596596596596598      -0.99667927759813113      -0.96448685002650714     
   3.6636636636636637      -0.99671106838602419      -0.96531270179700357     
   3.6676676676676676      -0.99674519422851371      -0.96612900723774797     
   3.6716716716716715      -0.99678159566594682      -0.96693575827599820     
   3.6756756756756759      -0.99682021813242161      -0.96773294693349898     
   3.6796796796796798      -0.99686099970433728      -0.96852056532655983     
   3.6836836836836837      -0.99690388079809522      -0.96929860566613557     
   3.6876876876876876      -0.99694879827809191      -0.97006706025790090     
   3.6916916916916915      -0.99699568639660296      -0.97082592150232783     
   3.6956956956956959      -0.99704448224537046      -0.97157518189476044     
   3.6996996996996998      -0.99709511253018435      -0.97231483402548924     
   3.7037037037037037      -0.99714751623087561      -0.97304487057982392     
   3.7077077077077076      -0.99720161110704164      -0.97376528433816678     
   3.7117117117117115      -0.99725733944664763      -0.97447606817608323     
   3.7157157157157159      -0.99731460932494720      -0.97517721506437227     
   3.7197197197197198      -0.99737336679483457      -0.97586871806913611     
   3.7237237237237237      -0.99743351068927044      -0.97655057035184933     
   3.7277277277277276      -0.99749498993483265      -0.97722276516942586     
   3.7317317317317316      -0.99755769631806213      -0.97788529587428519     
   3.7357357357357359      -0.99762157852169508      -0.97853815591441973     
   3.7397397397397398      -0.99768652626691789      -0.97918133883345804     
   3.7437437437437437      -0.99775248181482656      -0.97981483827072935     
   3.7477477477477477      -0.99781934084810531      -0.98043864796132674     
   3.7517517517517516      -0.99788703017179570      -0.98105276173616807     
   3.7557557557557559      -0.99795546243331035      -0.98165717352205806     
   3.7597597597597598      -0.99802453699090310      -0.98225187734174813     
   3.7637637637637638      -0.99809419675888200      -0.98283686731399489     
   3.7677677677677677      -0.99816430083629037      -0.98341213765361879     
   3.7717717717717716      -0.99823483495595611      -0.98397768267156138     
   3.7757757757757759      -0.99830560756385278      -0.98453349677494195     
   3.7797797797797799      -0.99837665518414576      -0.98507957446711136     
   3.7837837837837838      -0.99844773302277390      -0.98561591034770824     
   3.7877877877877877      -0.99851892482605131      -0.98614249911271146     
   3.7917917917917916      -0.99858994536437562      -0.98665933555449192     
   3.7957957957957960      -0.99866090271551100      -0.98716641456186571     
   3.7997997997997999      -0.99873150774786301      -0.98766373112014327     
   3.8038038038038038      -0.99880184209888334      -0.98815128031117960     
   3.8078078078078077      -0.99887168050760122      -0.98862905731342254     
   3.8118118118118116      -0.99894099388791679      -0.98909705740196108     
   3.8158158158158160      -0.99900972305506608      -0.98955527594857173     
   3.8198198198198199      -0.99907761125205974      -0.99000370842176366     
   3.8238238238238238      -0.99914489514960392      -0.99044235038682449     
   3.8278278278278277      -0.99921095484592504      -0.99087119750586350     
   3.8318318318318316      -0.99927645725238623      -0.99129024553785516     
   3.8358358358358360      -0.99934029928613466      -0.99169949033868066     
   3.8398398398398399      -0.99940367050450363      -0.99209892786116838     
   3.8438438438438438      -0.99946494038736822      -0.99248855415513493     
   3.8478478478478477      -0.99952579670313457      -0.99286836536742351     
   3.8518518518518516      -0.99958420178769802      -0.99323835774194280     
   3.8558558558558560      -0.99964209965345230      -0.99359852761970280     
   3.8598598598598599      -0.99969743963834190      -0.99394887143885202     
   3.8638638638638638      -0.99975185032721348      -0.99428938573471282     
   3.8678678678678677      -0.99980404232231912      -0.99462006713981466     
   3.8718718718718717      -0.99985433903129606      -0.99494091238392857     
   3.8758758758758760      -0.99990342138480404      -0.99525191829409909     
   3.8798798798798799      -0.99994889856022184      -0.99555308179467450     
   3.8838838838838838      -0.99999499012577064      -0.99584439990733942     
   3.8878878878878878       -1.0000349415024026      -0.99612586975114281     
   3.8918918918918921       -1.0000781273250472      -0.99639748854252641     
   3.8958958958958960       -1.0001120121690619      -0.99665925359535279     
   3.8998998998998999       -1.0001521287052246      -0.99691116232093191     
   3.9039039039039038       -1.0001798467407776      -0.99715321222804643     
   3.9079079079079078       -1.0002161579736939      -0.99738540092297623     
   3.9119119119119121       -1.0002384227123426      -0.99760772610952264     
   3.9159159159159160       -1.0002692246709493      -0.99782018558903074     
   3.9199199199199199       -1.0002879605394024      -0.99802277726041111     
   3.9239239239239239       -1.0003102366075978      -0.99821549912016083     
   3.9279279279279278       -1.0003288189815605      -0.99839834926238302     
   3.9319319319319321       -1.0003381947189391      -0.99857132587880604     
   3.9359359359359360       -1.0003612098496599      -0.99873442725880057     
   3.9399399399399400       -1.0003526034931538      -0.99888765178939798     
   3.9439439439439439       -1.0003846704834121      -0.99903099795530448     
   3.9479479479479478       -1.0003541310222333      -0.99916446433891781     
   3.9519519519519521       -1.0003973098616223      -0.99928804962034024     
   3.9559559559559561       -1.0003454229917219      -0.99940175257739150     
   3.9599599599599600       -1.0003950470720395      -0.99950557208562174     
   3.9639639639639639       -1.0003316814280840      -0.99959950711832180     
   3.9679679679679678       -1.0003714631664218      -0.99968355674653397     
   3.9719719719719722       -1.0003201027796658      -0.99975772013906072     
   3.9759759759759761       -1.0003194739110954      -0.99982199656247328     
   3.9799799799799800       -1.0003167683223460      -0.99987638538111856     
   3.9839839839839839       -1.0002364002972313      -0.99992088605712559     
   3.9879879879879878       -1.0003194314573978      -0.99995549815041107     
   3.9919919919919922       -1.0001334435166982      -0.99998022131868336     
   3.9959959959959961       -1.0003099704360559      -0.99999505531744570     
   4.0000000000000000       -1.0000000000000000       -1.0000000000000000     
