   0.0000000000000000        1.0000000000000000       0.99999999999999989     
   4.0040040040040040E-003  0.99990179280851232       0.99999505531744592     
   8.0080080080080079E-003  0.99999956315633265       0.99998022131868325     
   1.2012012012012012E-002  0.99990365408358572       0.99995549815041107     
   1.6016016016016016E-002  0.99992341154480213       0.99992088605712559     
   2.0020020020020020E-002  0.99988335267914208       0.99987638538111856     
   2.4024024024024024E-002  0.99986171535016488       0.99982199656247328     
   2.8028028028028028E-002  0.99985590406581204       0.99975772013906072     
   3.2032032032032032E-002  0.99981576813645856       0.99968355674653397     
   3.6036036036036036E-002  0.99982514795115718       0.99959950711832180     
   4.0040040040040040E-002  0.99978242128077388       0.99950557208562174     
   4.4044044044044044E-002  0.99979496757655806       0.99940175257739161     
   4.8048048048048048E-002  0.99975896257480934       0.99928804962034012     
   5.2052052052052052E-002  0.99976843139130089       0.99916446433891792     
   5.6056056056056056E-002  0.99974329570610443       0.99903099795530459     
   6.0060060060060060E-002  0.99974784889179102       0.99888765178939798     
   6.4064064064064064E-002  0.99973399845353172       0.99873442725880068     
   6.8068068068068074E-002  0.99973468462555026       0.99857132587880615     
   7.2072072072072071E-002  0.99973038129723180       0.99839834926238324     
   7.6076076076076082E-002  0.99972958243274268       0.99821549912016094     
   8.0080080080080079E-002  0.99973236700251566       0.99802277726041122     
   8.4084084084084090E-002  0.99973256716839354       0.99782018558903074     
   8.8088088088088087E-002  0.99974023726051509       0.99760772610952264     
   9.2092092092092098E-002  0.99974331966731655       0.99738540092297623     
   9.6096096096096095E-002  0.99975437296615155       0.99715321222804643     
  0.10010010010010011       0.99976140868625607       0.99691116232093191     
  0.10410410410410410       0.99977507367823348       0.99665925359535279     
  0.10810810810810811       0.99978642622011515       0.99639748854252641     
  0.11211211211211211       0.99980247506137887       0.99612586975114281     
  0.11611611611611612       0.99981803521958645       0.99584439990733964     
  0.12012012012012012       0.99983653965669150       0.99555308179467450     
  0.12412412412412413       0.99985596071262606       0.99525191829409887     
  0.12812812812812813       0.99987708731016967       0.99494091238392868     
  0.13213213213213212       0.99989995701767753       0.99462006713981466     
  0.13613613613613615       0.99992383700799603       0.99428938573471282     
  0.14014014014014015       0.99994977343727087       0.99394887143885213     
  0.14414414414414414       0.99997644364546623       0.99359852761970280     
  0.14814814814814814        1.0000051294828494       0.99323835774194291     
  0.15215215215215216        1.0000345233430834       0.99286836536742373     
  0.15615615615615616        1.0000657021005506       0.99248855415513493     
  0.16016016016016016        1.0000976674985478       0.99209892786116838     
  0.16416416416416416        1.0001311228883349       0.99169949033868066     
  0.16816816816816818        1.0001654488478933       0.99129024553785539     
  0.17217217217217218        1.0002009815904542       0.99087119750586361     
  0.17617617617617617        1.0002374228456461       0.99044235038682449     
  0.18018018018018017        1.0002748325920807       0.99000370842176388     
  0.18418418418418420        1.0003131274806942       0.98955527594857196     
  0.18818818818818819        1.0003522019680537       0.98909705740196130     
  0.19219219219219219        1.0003920831350703       0.98862905731342254     
  0.19619619619619619        1.0004325939052909       0.98815128031117949     
  0.20020020020020021        1.0004737932969696       0.98766373112014327     
  0.20420420420420421        1.0005154961362035       0.98716641456186571     
  0.20820820820820821        1.0005577464241668       0.98665933555449203     
  0.21221221221221220        1.0006003841965885       0.98614249911271146     
  0.21621621621621623        1.0006434184040747       0.98561591034770846     
  0.22022022022022023        1.0006867248379367       0.98507957446711159     
  0.22422422422422422        1.0007302756637482       0.98453349677494206     
  0.22822822822822822        1.0007739791526478       0.98397768267156138     
  0.23223223223223224        1.0008177785311800       0.98341213765361868     
  0.23623623623623624        1.0008616051379895       0.98283686731399489     
  0.24024024024024024        1.0009053843532170       0.98225187734174813     
  0.24424424424424424        1.0009490603870070       0.98165717352205828     
  0.24824824824824826        1.0009925508320383       0.98105276173616818     
  0.25225225225225223        1.0010358045557814       0.98043864796132674     
  0.25625625625625625        1.0010787388071369       0.97981483827072957     
  0.26026026026026028        1.0011213019024803       0.97918133883345804     
  0.26426426426426425        1.0011634151352571       0.97853815591441973     
  0.26826826826826827        1.0012050237929320       0.97788529587428519     
  0.27227227227227230        1.0012460550835609       0.97722276516942586     
  0.27627627627627627        1.0012864510606374       0.97655057035184956     
  0.28028028028028029        1.0013261448944870       0.97586871806913633     
  0.28428428428428426        1.0013650763238406       0.97517721506437238     
  0.28828828828828829        1.0014031838055193       0.97447606817608334     
  0.29229229229229231        1.0014404062396862       0.97376528433816700     
  0.29629629629629628        1.0014766862467348       0.97304487057982403     
  0.30030030030030030        1.0015119634508192       0.97231483402548924     
  0.30430430430430433        1.0015461837420550       0.97157518189476044     
  0.30830830830830830        1.0015792886127446       0.97082592150232794     
  0.31231231231231232        1.0016112266270605       0.97006706025790113     
  0.31631631631631629        1.0016419421104199       0.96929860566613568     
  0.32032032032032032        1.0016713858604638       0.96852056532656006     
  0.32432432432432434        1.0016995056137881       0.96773294693349898     
  0.32832832832832831        1.0017262544325061       0.96693575827599854     
  0.33233233233233234        1.0017515836462967       0.96612900723774819     
  0.33633633633633636        1.0017754487637269       0.96531270179700357     
  0.34034034034034033        1.0017978048577634       0.96448685002650714     
  0.34434434434434436        1.0018186100351341       0.96365146009340885     
  0.34834834834834832        1.0018378231419192       0.96280654025918455     
  0.35235235235235235        1.0018554052337585       0.96195209887955491     
  0.35635635635635637        1.0018713187729555       0.96108814440440293     
  0.36036036036036034        1.0018855280879229       0.96021468537768961     
  0.36436436436436437        1.0018979992521633       0.95933173043737041     
  0.36836836836836839        1.0019086999921778       0.95843928831530878     
  0.37237237237237236        1.0019176000384999       0.95753736783719101     
  0.37637637637637639        1.0019246706559140       0.95662597792243798     
  0.38038038038038036        1.0019298852109402       0.95570512758411708     
  0.38438438438438438        1.0019332186732952       0.95477482592885377     
  0.38838838838838841        1.0019346479730118       0.95383508215674051     
  0.39239239239239238        1.0019341519192031       0.95288590556124697     
  0.39639639639639640        1.0019317111528321       0.95192730552912663     
  0.40040040040040042        1.0019273081843729       0.95095929154032544     
  0.40440440440440439        1.0019209273140410       0.94998187316788707     
  0.40840840840840842        1.0019125548118066       0.94899506007785894     
  0.41241241241241239        1.0019021786926947       0.94799886202919548     
  0.41641641641641641        1.0018897890070710       0.94699328887366341     
  0.42042042042042044        1.0018753774292446       0.94597835055574242     
  0.42442442442442441        1.0018589377878404       0.94495405711252856     
  0.42842842842842843        1.0018404653918418       0.94392041867363297     
  0.43243243243243246        1.0018199578188891       0.94287744546108421     
  0.43643643643643643        1.0017974140148485       0.94182514778922499     
  0.44044044044044045        1.0017728352115980       0.94076353606461094     
  0.44444444444444442        1.0017462239694535       0.93969262078590843     
  0.44844844844844844        1.0017175851122602       0.93861241254378935     
  0.45245245245245247        1.0016869247598479       0.93752292202082743     
  0.45645645645645644        1.0016542512729791       0.93642415999139239     
  0.46046046046046046        1.0016195742448994       0.93531613732154295     
  0.46446446446446449        1.0015829055162189       0.93419886496891991     
  0.46846846846846846        1.0015442580592309       0.93307235398263733     
  0.47247247247247248        1.0015036471113363       0.93193661550317397     
  0.47647647647647645        1.0014610889318913       0.93079166076226205     
  0.48048048048048048        1.0014166020669821       0.92963750108277710     
  0.48448448448448450        1.0013702059725273       0.92847414787862570     
  0.48848848848848847        1.0013219223857923       0.92730161265463229     
  0.49249249249249250        1.0012717738635204       0.92611990700642588     
  0.49649649649649652        1.0012197852207496       0.92492904262032505     
  0.50050050050050054        1.0011659819953764       0.92372903127322259     
  0.50450450450450446        1.0011103919728739       0.92251988483246872     
  0.50850850850850848        1.0010530435459795       0.92130161525575405     
  0.51251251251251251        1.0009939673389894       0.92007423459099136     
  0.51651651651651653        1.0009331944872797       0.91883775497619602     
  0.52052052052052056        1.0008707583350687       0.91759218863936653     
  0.52452452452452447        1.0008066926043977       0.91633754789836308     
  0.52852852852852850        1.0007410332334319       0.91507384516078605     
  0.53253253253253252        1.0006738164027711       0.91380109292385314     
  0.53653653653653655        1.0006050804949898       0.91251930377427604     
  0.54054054054054057        1.0005348640191456       0.91122849038813569     
  0.54454454454454460        1.0004632076562268       0.90992866553075669     
  0.54854854854854851        1.0003901521010432       0.90861984205658186     
  0.55255255255255253        1.0003157401842251       0.90730203290904443     
  0.55655655655655656        1.0002400146375618       0.90597525112043986     
  0.56056056056056058        1.0001630203047902       0.90463950981179786     
  0.56456456456456461        1.0000848018111854       0.90329482219275237     
  0.56856856856856852        1.0000054058482608       0.90194120156140967     
  0.57257257257257255       0.99992487879628911       0.90057866130421826     
  0.57657657657657657       0.99984326904100806       0.89920721489583666     
  0.58058058058058060       0.99976062456817527       0.89782687589899912     
  0.58458458458458462       0.99967699530701004       0.89643765796438168     
  0.58858858858858853       0.99959243070008408       0.89503957483046792     
  0.59259259259259256       0.99950698206556920       0.89363264032341216     
  0.59659659659659658       0.99942070016325157       0.89221686835690384     
  0.60060060060060061       0.99933363753654447       0.89079227293202834     
  0.60460460460460463       0.99924584611760270       0.88935886813713039     
  0.60860860860860866       0.99915737952351436       0.88791666814767300     
  0.61261261261261257       0.99906829072127956       0.88646568722609853     
  0.61661661661661660       0.99897863424123468       0.88500593972168740     
  0.62062062062062062       0.99888846395031972       0.88353744007041513     
  0.62462462462462465       0.99879783513397058       0.88206020279481145     
  0.62862862862862867       0.99870680242757448       0.88057424250381455     
  0.63263263263263259       0.99861542171424644       0.87907957389262892     
  0.63663663663663661       0.99852374827577217       0.87757621174257761     
  0.64064064064064064       0.99843183842911121       0.87606417092095823     
  0.64464464464464466       0.99833974797552771       0.87454346638089420     
  0.64864864864864868       0.99824753351757278       0.87301411316118804     
  0.65265265265265260       0.99815525126071381       0.87147612638617244     
  0.65665665665665662       0.99806295793431277       0.86992952126555978     
  0.66066066066066065       0.99797071003910653       0.86837431309429269     
  0.66466466466466467       0.99787856427478394       0.86681051725239278     
  0.66866866866866870       0.99778657733573628       0.86523814920480835     
  0.67267267267267272       0.99769480574237157       0.86365722450126059     
  0.67667667667667664       0.99760330627606375       0.86206775877609154     
  0.68068068068068066       0.99751213512046089       0.86046976774810768     
  0.68468468468468469       0.99742134906901747       0.85886326722042616     
  0.68868868868868871       0.99733100381104645       0.85724827308031681     
  0.69269269269269274       0.99724115607042307       0.85562480129904683     
  0.69669669669669665       0.99715186088942853       0.85399286793172080     
  0.70070070070070067       0.99706317485152307       0.85235248911712413     
  0.70470470470470470       0.99697515220481825       0.85070368107756156     
  0.70870870870870872       0.99688784931721086       0.84904646011869800     
  0.71271271271271275       0.99680131948799577       0.84738084262939628     
  0.71671671671671666       0.99671561883010096       0.84570684508155602     
  0.72072072072072069       0.99663079953613021       0.84402448402995045     
  0.72472472472472471       0.99654691741930823       0.84233377611206173     
  0.72872872872872874       0.99646402341208995       0.84063473804791822     
  0.73273273273273276       0.99638217300065324       0.83892738663992727     
  0.73673673673673679       0.99630141569539976       0.83721173877271082     
  0.74074074074074070       0.99622180662702553       0.83548781141293649     
  0.74474474474474472       0.99614339373577587       0.83375562160915173     
  0.74874874874874875       0.99606623178809228       0.83201518649161366     
  0.75275275275275277       0.99599036699426846       0.83026652327212069     
  0.75675675675675680       0.99591585374742053       0.82850964924384218     
  0.76076076076076071       0.99584273638718868       0.82674458178114663     
  0.76476476476476474       0.99577106893722656       0.82497133833943037     
  0.76876876876876876       0.99570089368695902       0.82318993645494531     
  0.77277277277277279       0.99563226432773777       0.82140039374462548     
  0.77677677677677681       0.99556522093754429       0.81960272790591149     
  0.78078078078078073       0.99549981690082534       0.81779695671657793     
  0.78478478478478475       0.99543608992579036       0.81598309803455460     
  0.78878878878878878       0.99537409312884451       0.81416116979775299     
  0.79279279279279280       0.99531386168338187       0.81233119002388599     
  0.79679679679679682       0.99525544847689162       0.81049317681029232     
  0.80080080080080085       0.99519888598348094       0.80864714833375506     
  0.80480480480480476       0.99514422693887172       0.80679312285032445     
  0.80880880880880879       0.99509150093579890       0.80493111869513490     
  0.81281281281281281       0.99504076062949531       0.80306115428222591     
  0.81681681681681684       0.99499203257731172       0.80118324810435759     
  0.82082082082082086       0.99494536940070166       0.79929741873283022     
  0.82482482482482478       0.99490079445896096       0.79740368481729917     
  0.82882882882882880       0.99485836042906728       0.79550206508558996     
  0.83283283283283283       0.99481808730528876       0.79359257834351515     
  0.83683683683683685       0.99478002788979347       0.79167524347468543     
  0.84084084084084088       0.99474419867067509       0.78975007944032627     
  0.84484484484484490       0.99471065265571246       0.78781710527908688     
  0.84884884884884881       0.99467940264953170       0.78587634010685514     
  0.85285285285285284       0.99465050195983828       0.78392780311656585     
  0.85685685685685686       0.99462395955074001       0.78197151357801298     
  0.86086086086086089       0.99459982911625255       0.78000749083765841     
  0.86486486486486491       0.99457811562488929       0.77803575431843952     
  0.86886886886886883       0.99455887324502112       0.77605632351957921     
  0.87287287287287285       0.99454210282041888       0.77406921801639061     
  0.87687687687687688       0.99452785903163421       0.77207445746008641     
  0.88088088088088090       0.99451613850420106       0.77007206157758135     
  0.88488488488488493       0.99450699645098373       0.76806205017129980     
  0.88888888888888884       0.99450042520948678       0.76604444311897812     
  0.89289289289289286       0.99449648051355688       0.76401926037346957     
  0.89689689689689689       0.99449515038735048       0.76198652196254524     
  0.90090090090090091       0.99449649102332938       0.75994624798869781     
  0.90490490490490494       0.99450048592789020       0.75789845862894112     
  0.90890890890890896       0.99450719198278692       0.75584317413461199     
  0.91291291291291288       0.99451658824193057       0.75378041483116964     
  0.91691691691691690       0.99452873207571668       0.75171020111799358     
  0.92092092092092093       0.99454359812107096       0.74963255346818269     
  0.92492492492492495       0.99456124407005997       0.74754749242835361     
  0.92892892892892898       0.99458164028911289       0.74545503861843632     
  0.93293293293293289       0.99460484453050824       0.74335521273147021     
  0.93693693693693691       0.99463082311675433       0.74124803553340046     
  0.94094094094094094       0.99465963357593346       0.73913352786287123     
  0.94494494494494496       0.99469123838359041       0.73701171063102144     
  0.94894894894894899       0.99472569455396231       0.73488260482127599     
  0.95295295295295290       0.99476296094570038       0.73274623148913998     
  0.95695695695695693       0.99480309370822861       0.73060261176198882     
  0.96096096096096095       0.99484604847476876       0.72845176683886093     
  0.96496496496496498       0.99489187990831107       0.72629371799024722     
  0.96896896896896900       0.99494054102888019       0.72412848655788020     
  0.97297297297297303       0.99499208425838004       0.72195609395452465     
  0.97697697697697694       0.99504646070878555       0.71977656166376347     
  0.98098098098098097       0.99510371976169198       0.71758991123978799     
  0.98498498498498499       0.99516381129081366       0.71539616430718200     
  0.98898898898898902       0.99522678080143867       0.71319534256071038     
  0.99299299299299304       0.99529257782450531       0.71098746776510235     
  0.99699699699699695       0.99536124278411542       0.70877256175483849     
   1.0010010010010011       0.99543272609489175       0.70655064643393239     
   1.0050050050050050       0.99550706165947900       0.70432174377571666     
   1.0090090090090089       0.99558420214667276       0.70208587582262261     
   1.0130130130130131       0.99566417341207669       0.69984306468596524     
   1.0170170170170170       0.99574693178500040       0.69759333254572309     
   1.0210210210210211       0.99583249342331126       0.69533670165031780     
   1.0250250250250250       0.99592082006810323       0.69307319431639725     
   1.0290290290290289       0.99601191597880023       0.69080283292861089     
   1.0330330330330331       0.99610575053581873       0.68852563993939231     
   1.0370370370370370       0.99620231370894785       0.68624163786873360     
   1.0410410410410411       0.99630158470269115       0.68395084930396588     
   1.0450450450450450       0.99640353675434234       0.68165329689953280     
   1.0490490490490489       0.99650816144262744       0.67934900337676996     
   1.0530530530530531       0.99661541219828009       0.67703799152367639     
   1.0570570570570570       0.99672529611351224       0.67472028419469277     
   1.0610610610610611       0.99683774342962783       0.67239590431047247     
   1.0650650650650650       0.99695277992982523       0.67006487485765720     
   1.0690690690690692       0.99707030920489670       0.66772721888864850     
   1.0730730730730731       0.99719037931375254       0.66538295952137927     
   1.0770770770770770       0.99731286301666100       0.66303211993908673     
   1.0810810810810811       0.99743783488818338       0.66067472339008138     
   1.0850850850850851       0.99756513239669442       0.65831079318751895     
   1.0890890890890892       0.99769486089884230       0.65594035270916762     
   1.0930930930930931       0.99782681790513339       0.65356342539717938     
   1.0970970970970970       0.99796114440595540       0.65118003475785569     
   1.1011011011011012       0.99809759260123521       0.64879020436141710     
   1.1051051051051051       0.99823634437159992       0.64639395784176923     
   1.1091091091091092       0.99837710113033906       0.64399131889626848     
   1.1131131131131131       0.99852009115778051       0.64158231128548826     
   1.1171171171171170       0.99866495902878583       0.63916695883298480     
   1.1211211211211212       0.99881198554029804       0.63674528542506059     
   1.1251251251251251       0.99896075213797175       0.63431731501052790     
   1.1291291291291292       0.99911159830425911       0.63188307160047219     
   1.1331331331331331       0.99926403576266221       0.62944257926801572     
   1.1371371371371370       0.99941846944340607       0.62699586214807856     
   1.1411411411411412       0.99957433444473132       0.62454294443713887     
   1.1451451451451451       0.99973210785524425       0.62208385039299618     
   1.1491491491491492       0.99989114117017341       0.61961860433452864     
   1.1531531531531531        1.0000519907943015       0.61714723064145538     
   1.1571571571571571        1.0002139174476372       0.61466975375409227     
   1.1611611611611612        1.0003775638217449       0.61218619817311382     
   1.1651651651651651        1.0005420928236550       0.60969658845930685     
   1.1691691691691692        1.0007082405608974       0.60720094923333146     
   1.1731731731731732        1.0008750652237821       0.60469930517547543     
   1.1771771771771771        1.0010434030888533       0.60219168102540976     
   1.1811811811811812        1.0012122010744398       0.59967810158194490     
   1.1851851851851851        1.0013824020834972       0.59715859170278607     
   1.1891891891891893        1.0015528358762495       0.59463317630428669     
   1.1931931931931932        1.0017245577981142       0.59210188036120104     
   1.1971971971971973        1.0018962752224136       0.58956472890643952     
   1.2012012012012012        1.0020691609178194       0.58702174703081855     
   1.2052052052052051        1.0022417958456757       0.58447295988281511     
   1.2092092092092093        1.0024154739823354       0.58191839266831502     
   1.2132132132132132        1.0025886473697609       0.57935807065036715     
   1.2172172172172173        1.0027627334289952       0.57679201914892964     
   1.2212212212212212        1.0029360544828616       0.57422026354062339     
   1.2252252252252251        1.0031101517872909       0.57164282925847876     
   1.2292292292292293        1.0032832194924912       0.56905974179168362     
   1.2332332332332332        1.0034569206630075       0.56647102668533400     
   1.2372372372372373        1.0036293255919269       0.56387670954017777     
   1.2412412412412412        1.0038022142636567       0.56127681601236523     
   1.2452452452452452        1.0039735408076156       0.55867137181319193     
   1.2492492492492493        1.0041451937524042       0.55606040270884771     
   1.2532532532532532        1.0043150226556445       0.55344393452015839     
   1.2572572572572573        1.0044850121694362       0.55082199312233371     
   1.2612612612612613        1.0046529235522477       0.54819460444470980     
   1.2652652652652652        1.0048208203475575       0.54556179447049202     
   1.2692692692692693        1.0049863971831681       0.54292358923649942     
   1.2732732732732732        1.0051517737194109       0.54028001483290677     
   1.2772772772772774        1.0053146058259166       0.53763109740298687     
   1.2812812812812813        1.0054770401444131       0.53497686314285187     
   1.2852852852852852        1.0056367287302246       0.53231733830119210     
   1.2892892892892893        1.0057958088390293       0.52965254917902038     
   1.2932932932932932        1.0059519716435317       0.52698252212940966     
   1.2972972972972974        1.0061073004983543       0.52430728355723166     
   1.3013013013013013        1.0062595775686263       0.52162685991889790     
   1.3053053053053052        1.0064107786966869       0.51894127772209575     
   1.3093093093093093        1.0065588388373101       0.51625056352552856     
   1.3133133133133132        1.0067055626372192       0.51355474393865164     
   1.3173173173173174        1.0068491105413486       0.51085384562140879     
   1.3213213213213213        1.0069910413688226       0.50814789528396931     
   1.3253253253253254        1.0071298256311616       0.50543691968646431     
   1.3293293293293293        1.0072666896196487       0.50272094563872183     
   1.3333333333333333        1.0074005113250792       0.50000000000000033     
   1.3373373373373374        1.0075320850471041       0.49727410967872421     
   1.3413413413413413        1.0076608072514199       0.49454330163221866     
   1.3453453453453454        1.0077869272274356       0.49180760286644143     
   1.3493493493493494        1.0079104853571152       0.48906704043571680     
   1.3533533533533533        1.0080310586233496       0.48632164144246692     
   1.3573573573573574        1.0081494714828756       0.48357143303694439     
   1.3613613613613613        1.0082644867730455       0.48081644241696458     
   1.3653653653653655        1.0083778685286888       0.47805669682763607     
   1.3693693693693694        1.0084874088848401       0.47529222356109019     
   1.3733733733733733        1.0085959817664365       0.47252304995621203     
   1.3773773773773774        1.0087002375424845       0.46974920339837073     
   1.3813813813813813        1.0088043453387598       0.46697071131914814     
   1.3853853853853855        1.0089036288483353       0.46418760119606600     
   1.3893893893893894        1.0090037508904888       0.46139990055231739     
   1.3933933933933933        1.0090985113827471       0.45860763695649082     
   1.3973973973973974        1.0091952775730271       0.45581083802230099     
   1.4014014014014013        1.0092861174138223       0.45300953140831446     
   1.4054054054054055        1.0093803231651355       0.45020374481767350     
   1.4094094094094094        1.0094680150830573       0.44739350599782696     
   1.4134134134134133        1.0095606368059218       0.44457884274025250     
   1.4174174174174174        1.0096461414233706       0.44175978288018319     
   1.4214214214214214        1.0097383524492325       0.43893635429633082     
   1.4254254254254255        1.0098228366163351       0.43610858491061116     
   1.4294294294294294        1.0099160224562653       0.43327650268786849     
   1.4334334334334333        1.0100008782155112       0.43044013563559824     
   1.4374374374374375        1.0100966515701639       0.42759951180366951     
   1.4414414414414414        1.0101835152088301       0.42475465928404799     
   1.4454454454454455        1.0102837301721950       0.42190560621051937     
   1.4494494494494494        1.0103745010121821       0.41905238075840973     
   1.4534534534534536        1.0104812661273561       0.41619501114430768     
   1.4574574574574575        1.0105781249557206       0.41333352562578418     
   1.4614614614614614        1.0106938143722974       0.41046795250111390     
   1.4654654654654655        1.0107992409669893       0.40759832010899610     
   1.4694694694694694        1.0109265030131913       0.40472465682827363     
   1.4734734734734736        1.0110432923943982       0.40184699107765148     
   1.4774774774774775        1.0111850550447097       0.39896535131541649     
   1.4814814814814814        1.0113163314924165       0.39607976603915679     
   1.4854854854854855        1.0114758037864093       0.39319026378547872     
   1.4894894894894894        1.0116250318501361       0.39029687312972589     
   1.4934934934934936        1.0118057008137114       0.38739962268569328     
   1.4974974974974975        1.0119766924826694       0.38449854110534909     
   1.5015015015015014        1.0121823132552648       0.38159365707854875     
   1.5055055055055055        1.0123792311307427       0.37868499933275013     
   1.5095095095095095        1.0126138096725372       0.37577259663273255     
   1.5135135135135136        1.0128411637055050       0.37285647778030873     
   1.5175175175175175        1.0131089317629942       0.36993667161404314     
   1.5215215215215214        1.0133715682591034       0.36701320700896550     
   1.5255255255255256        1.0136769473460474       0.36408611287628412     
   1.5295295295295295        1.0139800314007037       0.36115541816310132     
   1.5335335335335336        1.0143275847619664       0.35822115185212744     
   1.5375375375375375        1.0146765703389138       0.35528334296139380     
   1.5415415415415414        1.0150709425685531       0.35234202054396474     
   1.5455455455455456        1.0154715337406128       0.34939721368765114     
   1.5495495495495495        1.0159173742193117       0.34644895151472355     
   1.5535535535535536        1.0163754714061781       0.34349726318162310     
   1.5575575575575575        1.0168773413720471       0.34054217787867375     
   1.5615615615615615        1.0173989746527841       0.33758372482979260     
   1.5655655655655656        1.0179612360005772       0.33462193329220158     
   1.5695695695695695        1.0185524830785462       0.33165683255613898     
   1.5735735735735736        1.0191791678703346       0.32868845194456903     
   1.5775775775775776        1.0198460552032813       0.32571682081289088     
   1.5815815815815817        1.0205407136578764       0.32274196854864945     
   1.5855855855855856        1.0212891009389795       0.31976392457124525     
   1.5895895895895895        1.0220546292792738       0.31678271833164295     
   1.5935935935935936        1.0228900780589998       0.31379837931207866     
   1.5975975975975976        1.0237285253226029       0.31081093702577139     
   1.6016016016016017        1.0246561501209495       0.30782042101662782     
   1.6056056056056056        1.0255685035075508       0.30482686085895305     
   1.6096096096096095        1.0265928081692948       0.30183028615715729     
   1.6136136136136137        1.0275787613993834       0.29883072654546011     
   1.6176176176176176        1.0287034658066792       0.29582821168760254     
   1.6216216216216217        1.0297611706061518       0.29282277127655032     
   1.6256256256256256        1.0309890214191519       0.28981443503420135     
   1.6296296296296295        1.0321148289154078       0.28680323271109065     
   1.6336336336336337        1.0334474112025169       0.28378919408609704     
   1.6376376376376376        1.0346356007750483       0.28077234896614933     
   1.6416416416416417        1.0360731428499419       0.27775272718593036     
   1.6456456456456456        1.0373156539708936       0.27473035860758332     
   1.6496496496496496        1.0388568341616331       0.27170527312041282     
   1.6536536536536537        1.0401430033323646       0.26867750064059459     
   1.6576576576576576        1.0417847651425622       0.26564707111087615     
   1.6616616616616617        1.0431010667848291       0.26261401450028199     
   1.6656656656656657        1.0448384411124276       0.25957836080381591     
   1.6696696696696696        1.0461682642548007       0.25654014004216519     
   1.6736736736736737        1.0479942012297867       0.25349938226140467     
   1.6776776776776776        1.0493176417945025       0.25045611753269870     
   1.6816816816816818        1.0512228527243679       0.24741037595200283     
   1.6856856856856857        1.0525165539376480       0.24436218763976714     
   1.6896896896896898        1.0544893586186912       0.24131158274063927     
   1.6936936936936937        1.0557264129941701       0.23825859142316480     
   1.6976976976976976        1.0577525859903882       0.23520324387949043     
   1.7017017017017018        1.0589024844798878       0.23214557032506186     
   1.7057057057057057        1.0609650832525597       0.22908560099833006     
   1.7097097097097098        1.0619937821686836       0.22602336616044894     
   1.7137137137137137        1.0640729253721175       0.22295889609497727     
   1.7177177177177176        1.0649430150450370       0.21989222110757800     
   1.7217217217217218        1.0670155983988328       0.21682337152571932     
   1.7257257257257257        1.0676866398442741       0.21375237769837560     
   1.7297297297297298        1.0697258537074958       0.21067926999572606     
   1.7337337337337337        1.0701549966015658       0.20760407880885565     
   1.7377377377377377        1.0721297496308990       0.20452683454945109     
   1.7417417417417418        1.0722720994022270       0.20144756764950522     
   1.7457457457457457        1.0741470509332443       0.19836630856101312     
   1.7497497497497498        1.0739560606448673       0.19528308775567005     
   1.7537537537537538        1.0756894451458086       0.19219793572457314     
   1.7577577577577577        1.0751217171509553       0.18911088297791637     
   1.7617617617617618        1.0766602006700814       0.18602196004469188     
   1.7657657657657657        1.0756756114521420       0.18293119747238676     
   1.7697697697697699        1.0769625387416764       0.17983862582668017     
   1.7737737737737738        1.0755133116544289       0.17674427569114179     
   1.7777777777777777        1.0764994052350867       0.17364817766693028     
   1.7817817817817818        1.0745357943716523       0.17055036237248988     
   1.7857857857857857        1.0751666056943177       0.16745086044324664     
   1.7897897897897899        1.0726366163454799       0.16434970253130635     
   1.7937937937937938        1.0728544122523662       0.16124691930515228     
   1.7977977977977977        1.0697054753552462       0.15814254144934106     
   1.8018018018018018        1.0694498582192813       0.15503659966419786     
   1.8058058058058057        1.0656286652123719       0.15192912466551589     
   1.8098098098098099        1.0648373022421858       0.14882014718424907     
   1.8138138138138138        1.0602895466137279       0.14570969796621130     
   1.8178178178178179        1.0588990111750538       0.14259780777177095     
   1.8218218218218218        1.0535690519562362       0.13948450737554591     
   1.8258258258258258        1.0515157536230715       0.13636982756610005     
   1.8298298298298299        1.0453462300093992       0.13325379914563965     
   1.8338338338338338        1.0425673969724518       0.13013645292970785     
   1.8378378378378379        1.0354988356465973       0.12701781974687870     
   1.8418418418418419        1.0319335031538936       0.12389793043845529     
   1.8458458458458458        1.0239039673250032       0.12077681585816115     
   1.8498498498498499        1.0194939222828028       0.11765450687183837     
   1.8538538538538538        1.0104387511593491       0.11453103435714140     
   1.8578578578578580        1.0051293878700802       0.11140642920322855     
   1.8618618618618619       0.99498106635528716       0.10828072231046192     
   1.8658658658658658       0.98872212124552716       0.10515394459009815     
   1.8698698698698699       0.97741030378032823       0.10202612696398421     
   1.8738738738738738       0.97015645498292957        9.8897300364250137E-002
   1.8778778778778780       0.95760814853054710        9.5767495733004110E-002
   1.8818818818818819       0.94931948487412121        9.2636744022027262E-002
   1.8858858858858858       0.93545937868032447        8.9505076192466795E-002
   1.8898898898898899       0.92610175765649017        8.6372523214528804E-002
   1.8938938938938938       0.91085267532148761        8.3239116067172991E-002
   1.8978978978978980       0.90039799823504330        8.0104885737807094E-002
   1.9019019019019019       0.88368144238109503        7.6969863221979185E-002
   1.9059059059059058       0.87210787672961987        7.3834079523072429E-002
   1.9099099099099099       0.85384463750443440        7.0697565651994948E-002
   1.9139139139139139       0.84113681318150446        6.7560352626878470E-002
   1.9179179179179180       0.82124761692453774        6.4422471472768014E-002
   1.9219219219219219       0.80739681647896233        6.1283953221316440E-002
   1.9259259259259258       0.78580299768380490        5.8144828910476183E-002
   1.9299299299299300       0.77080735383589793        5.5005129584193228E-002
   1.9339339339339339       0.74743154016250046        5.1864886292100981E-002
   1.9379379379379380       0.73129624758007328        4.8724130089211899E-002
   1.9419419419419419       0.70606305303741101        4.5582892035611673E-002
   1.9459459459459461       0.68880059668494109        4.2441203196148525E-002
   1.9499499499499500       0.66163732188922741        3.9299094640131337E-002
   1.9539539539539539       0.64326772115277764        3.6156597441019275E-002
   1.9579579579579580       0.61410506189875214        3.3013742676113601E-002
   1.9619619619619619       0.59465612791045941        2.9870561426253450E-002
   1.9659659659659661       0.56342889449760858        2.6727084775504926E-002
   1.9699699699699700       0.54293649729494198        2.3583343810856781E-002
   1.9739739739739739       0.50958434747801118        2.0439369621911660E-002
   1.9779779779779780       0.48809268951400475        1.7295193300577764E-002
   1.9819819819819819       0.45256087790142996        1.4150845940762258E-002
   1.9859859859859861       0.43012277071821969        1.1006358638064652E-002
   1.9899899899899900       0.39236291715606747        7.8617624894684063E-003
   1.9939939939939939       0.36904005856850108        4.7170885930325071E-003
   1.9979979979979980       0.32901093768643286        1.5723680475848198E-003
   2.0020020020020022       0.30487418745197936       -1.5723680475845747E-003
   2.0060060060060061       0.26254254139611788       -4.7170885930322625E-003
   2.0100100100100100       0.23767219334281670       -7.8617624894681600E-003
   2.0140140140140139       0.19301357220433168       -1.1006358638064406E-002
   2.0180180180180178       0.16749961252435738       -1.4150845940762012E-002
   2.0220220220220222       0.12049927357241250       -1.7295193300577522E-002
   2.0260260260260261        9.4441548225080940E-002  -2.0439369621911417E-002
   2.0300300300300300        4.5095595302705134E-002  -2.3583343810856538E-002
   2.0340340340340339        1.8603511123149043E-002  -2.6727084775504683E-002
   2.0380380380380378       -3.3079039445133900E-002  -2.9870561426253207E-002
   2.0420420420420422       -5.9888022242022755E-002  -3.3013742676113789E-002
   2.0460460460460461      -0.11387912906414374       -3.6156597441019026E-002
   2.0500500500500500      -0.14086989530933616       -3.9299094640131087E-002
   2.0540540540540539      -0.19713214539765675       -4.2441203196148275E-002
   2.0580580580580579      -0.22415353058109019       -4.5582892035610979E-002
   2.0620620620620622      -0.28264096572446484       -4.8724130089212093E-002
   2.0660660660660661      -0.30952345816217192       -5.1864886292100738E-002
   2.0700700700700700      -0.37018247282266498       -5.5005129584192979E-002
   2.0740740740740740      -0.39673591934467184       -5.8144828910475933E-002
   2.0780780780780779      -0.45950616388306376       -6.1283953221315746E-002
   2.0820820820820822      -0.48551727031793246       -6.4422471472768209E-002
   2.0860860860860861      -0.55033260506721493       -6.7560352626878220E-002
   2.0900900900900901      -0.57556227224210887       -7.0697565651994698E-002
   2.0940940940940940      -0.64235178171236207       -7.3834079523071736E-002
   2.0980980980980979      -0.66653206446037916       -7.6969863221978935E-002
   2.1021021021021022      -0.73522115340563876       -8.0104885737806844E-002
   2.1061061061061062      -0.75805198075685687       -8.3239116067172741E-002
   2.1101101101101101      -0.82856380950436215       -8.6372523214528554E-002
   2.1141141141141140      -0.84970925389070240       -8.9505076192466101E-002
   2.1181181181181179      -0.92196606620485300       -9.2636744022027012E-002
   2.1221221221221223      -0.94104957815955415       -9.5767495733003860E-002
   2.1261261261261262       -1.0149739058649467       -9.8897300364249888E-002
   2.1301301301301301       -1.0315728273807030      -0.10202612696398396     
   2.1341341341341340       -1.1070890028995204      -0.10515394459009790     
   2.1381381381381384       -1.1207282677750372      -0.10828072231046167     
   2.1421421421421423       -1.1977635857556119      -0.11140642920322831     
   2.1461461461461462       -1.2079079548672302      -0.11453103435714115     
   2.1501501501501501       -1.2863928985362192      -0.11765450687183812     
   2.1541541541541540       -1.2924379686320742      -0.12077681585816090     
   2.1581581581581584       -1.3723049182259270      -0.12389793043845504     
   2.1621621621621623       -1.3735644451875966      -0.12701781974687892     
   2.1661661661661662       -1.4547485176144421      -0.13013645292970763     
   2.1701701701701701       -1.4504170578053577      -0.13325379914563942     
   2.1741741741741740       -1.5329060508805592      -0.13636982756609983     
   2.1781781781781784       -1.5219239287692523      -0.13948450737554569     
   2.1821821821821823       -1.6057486277539725      -0.14259780777177072     
   2.1861861861861862       -1.5880108413127125      -0.14570969796621108     
   2.1901901901901901       -1.6646409588186653      -0.14882014718424885     
   2.1941941941941940       -1.6871076101361773      -0.15192912466551567     
   2.1981981981981984       -1.5827633440311917      -0.15503659966419808     
   2.2022022022022023       -1.6114965007587518      -0.15814254144934084     
   2.2062062062062062       -1.5292850300829355      -0.16124691930515206     
   2.2102102102102101       -1.5453389133966335      -0.16434970253130612     
   2.2142142142142140       -1.4753098283313566      -0.16745086044324597     
   2.2182182182182184       -1.4876115301265791      -0.17055036237248966     
   2.2222222222222223       -1.4243678471352952      -0.17364817766693005     
   2.2262262262262262       -1.4353574188434848      -0.17674427569114157     
   2.2302302302302301       -1.3774876348400800      -0.17983862582667995     
   2.2342342342342341       -1.3876543708079034      -0.18293119747238654     
   2.2382382382382384       -1.3346454934180876      -0.18602196004469207     
   2.2422422422422423       -1.3441294362065814      -0.18911088297791614     
   2.2462462462462462       -1.2956030899140261      -0.19219793572457292     
   2.2502502502502502       -1.3045084056968779      -0.19528308775566983     
   2.2542542542542541       -1.2601081251686321      -0.19836630856101248     
   2.2582582582582584       -1.2685358288794826      -0.20144756764950500     
   2.2622622622622623       -1.2279223545059970      -0.20452683454945086     
   2.2662662662662663       -1.2359663434958972      -0.20760407880885542     
   2.2702702702702702       -1.1988205811129944      -0.21067926999572584     
   2.2742742742742741       -1.2065654302721347      -0.21375237769837538     
   2.2782782782782784       -1.1725893504144005      -0.21682337152571909     
   2.2822822822822824       -1.1801088441284160      -0.21989222110757778     
   2.2862862862862863       -1.1490264193593143      -0.22295889609497704     
   2.2902902902902902       -1.1563820474261126      -0.22602336616044871     
   2.2942942942942941       -1.1279401667193916      -0.22908560099832984     
   2.2982982982982985       -1.1351798449368551      -0.23214557032506164     
   2.3023023023023024       -1.1091489404877395      -0.23520324387949024     
   2.3063063063063063       -1.1163061960230891      -0.23825859142316458     
   2.3103103103103102       -1.0924803591146457      -0.24131158274063905     
   2.3143143143143141       -1.0995741717731780      -0.24436218763976694     
   2.3183183183183185       -1.0777706026762899      -0.24741037595200260     
   2.3223223223223224       -1.0848060029925031      -0.25045611753269847     
   2.3263263263263263       -1.0648637435480339      -0.25349938226140445     
   2.3303303303303302       -1.0718331568745840      -0.25654014004216497     
   2.3343343343343341       -1.0536111669849988      -0.25957836080381524     
   2.3383383383383385       -1.0604963869269564      -0.26261401450028221     
   2.3423423423423424       -1.0438711180436260      -0.26564707111087593     
   2.3463463463463463       -1.0506457168145686      -0.26867750064059437     
   2.3503503503503502       -1.0355083903803570      -0.27170527312041259     
   2.3543543543543541       -1.0421403404387550      -0.27473035860758266     
   2.3583583583583585       -1.0283941529140408      -0.27775272718593058     
   2.3623623623623624       -1.0348484412375962      -0.28077234896614911     
   2.3663663663663663       -1.0224058938794369      -0.28378919408609682     
   2.3703703703703702       -1.0286469438265229      -0.28680323271108998     
   2.3743743743743742       -1.0174274485012078      -0.28981443503420068     
   2.3783783783783785       -1.0234212161512888      -0.29282277127655010     
   2.3823823823823824       -1.0133490787562338      -0.29582821168760237     
   2.3863863863863863       -1.0190647459303888      -0.29883072654545989     
   2.3903903903903903       -1.0100675726157029      -0.30183028615715662     
   2.3943943943943946       -1.0154788044244061      -0.30482686085895327     
   2.3983983983983985       -1.0074863362283246      -0.30782042101662760     
   2.4024024024024024       -1.0125721125903828      -0.31081093702577117     
   2.4064064064064064       -1.0055154589127153      -0.31379837931207849     
   2.4104104104104103       -1.0102605151150037      -0.31678271833164234     
   2.4144144144144146       -1.0040717368387144      -0.31976392457124503     
   2.4184184184184185       -1.0084666656301979      -0.32274196854864923     
   2.4224224224224224       -1.0030786465587753      -0.32571682081289072     
   2.4264264264264264       -1.0071197235575939      -0.32868845194456880     
   2.4304304304304303       -1.0024662640113016      -0.33165683255613876     
   2.4344344344344346       -1.0061550595719135      -0.33462193329220136     
   2.4384384384384385       -1.0021711291793383      -0.33758372482979238     
   2.4424424424424425       -1.0055139677591849      -0.34054217787867352     
   2.4464464464464464       -1.0021360565038762      -0.34349726318162288     
   2.4504504504504503       -1.0051433811601893      -0.34644895151472338     
   2.4544544544544546       -1.0023098992610870      -0.34939721368765092     
   2.4584584584584586       -1.0049958993422499      -0.35234202054396457     
   2.4624624624624625       -1.0026464785602294      -0.35528334296139358     
   2.4664664664664664       -1.0050301768399530      -0.35822115185212722     
   2.4704704704704703       -1.0031055355468801      -0.36115541816310109     
   2.4744744744744747       -1.0052068955156828      -0.36408611287628395     
   2.4784784784784786       -1.0036538792882808      -0.36701320700896528     
   2.4824824824824825       -1.0054915463136886      -0.36993667161404292     
   2.4864864864864864       -1.0042615857232282      -0.37285647778030850     
   2.4904904904904903       -1.0058552559619383      -0.37577259663273233     
   2.4944944944944947       -1.0049024270878264      -0.37868499933275035     
   2.4984984984984986       -1.0062731639391664      -0.38159365707854853     
   2.5025025025025025       -1.0055545499304548      -0.38449854110534887     
   2.5065065065065064       -1.0067234819080366      -0.38739962268569306     
   2.5105105105105103       -1.0062001404459016      -0.39029687312972527     
   2.5145145145145147       -1.0071874785074320      -0.39319026378547894     
   2.5185185185185186       -1.0068247210819914      -0.39607976603915657     
   2.5225225225225225       -1.0076494359121304      -0.39896535131541627     
   2.5265265265265264       -1.0074166393550106      -0.40184699107765126     
   2.5305305305305303       -1.0080964196810884      -0.40472465682827302     
   2.5345345345345347       -1.0079667386737783      -0.40759832010899633     
   2.5385385385385386       -1.0085179683136232      -0.41046795250111373     
   2.5425425425425425       -1.0084680722073351      -0.41333352562578402     
   2.5465465465465464       -1.0089058087589260      -0.41619501114430751     
   2.5505505505505504       -1.0089156192281343      -0.41905238075840956     
   2.5545545545545547       -1.0092535991937683      -0.42190560621051959     
   2.5585585585585586       -1.0093060164212084      -0.42475465928404776     
   2.5625625625625625       -1.0095566896130781      -0.42759951180366890     
   2.5665665665665665       -1.0096373130587182      -0.43044013563559802     
   2.5705705705705704       -1.0098118981816406      -0.43327650268786827     
   2.5745745745745747       -1.0099087494298722      -0.43610858491061100     
   2.5785785785785786       -1.0100173032456523      -0.43893635429633066     
   2.5825825825825826       -1.0101205584720778      -0.44175978288018303     
   2.5865865865865865       -1.0101720528075069      -0.44457884274025233     
   2.5905905905905904       -1.0102737888251117      -0.44739350599782673     
   2.5945945945945947       -1.0102761914690517      -0.45020374481767333     
   2.5985985985985987       -1.0103701479628182      -0.45300953140831385     
   2.6026026026026026       -1.0103305047525217      -0.45581083802230121     
   2.6066066066066065       -1.0104118640081334      -0.45860763695649065     
   2.6106106106106104       -1.0103363796620273      -0.46139990055231678     
   2.6146146146146148       -1.0104015476159376      -0.46418760119606622     
   2.6186186186186187       -1.0102956853530642      -0.46697071131914791     
   2.6226226226226226       -1.0103420182935912      -0.46974920339837051     
   2.6266266266266265       -1.0102107078129694      -0.47252304995621180     
   2.6306306306306309       -1.0102365000891489      -0.47529222356109002     
   2.6346346346346348       -1.0100839731846551      -0.47805669682763591     
   2.6386386386386387       -1.0100882760901178      -0.48081644241696481     
   2.6426426426426426       -1.0099181859677298      -0.48357143303694416     
   2.6466466466466465       -1.0099006926248748      -0.48632164144246637     
   2.6506506506506509       -1.0097161829906494      -0.48906704043571703     
   2.6546546546546548       -1.0096771064202583      -0.49180760286644165     
   2.6586586586586587       -1.0094808751934132      -0.49454330163221849     
   2.6626626626626626       -1.0094208413458601      -0.49727410967872404     
   2.6666666666666665       -1.0092151988357310      -0.49999999999999972     
   2.6706706706706709       -1.0091351536892534      -0.50272094563872161     
   2.6746746746746748       -1.0089220750962971      -0.50543691968646454     
   2.6786786786786787       -1.0088232047947701      -0.50814789528396909     
   2.6826826826826826       -1.0086043771227429      -0.51085384562140823     
   2.6866866866866865       -1.0084880400358458      -0.51355474393865141     
   2.6906906906906909       -1.0082649037213440      -0.51625056352552878     
   2.6946946946946948       -1.0081325730877544      -0.51894127772209564     
   2.6986986986986987       -1.0079063586775681      -0.52162685991889768     
   2.7027027027027026       -1.0077595750619990      -0.52430728355723144     
   2.7067067067067065       -1.0075313351157849      -0.52698252212940910     
   2.7107107107107109       -1.0073716671971862      -0.52965254917902060     
   2.7147147147147148       -1.0071423040473473      -0.53231733830119188     
   2.7187187187187187       -1.0069713169814094      -0.53497686314285131     
   2.7227227227227226       -1.0067416066367354      -0.53763109740298709     
   2.7267267267267266       -1.0065608369472878      -0.54028001483290666     
   2.7307307307307309       -1.0063314494837239      -0.54292358923649919     
   2.7347347347347348       -1.0061423854926788      -0.54556179447049191     
   2.7387387387387387       -1.0059139024374941      -0.54819460444470958     
   2.7427427427427427       -1.0057179695697740      -0.55082199312233360     
   2.7467467467467466       -1.0054908985660131      -0.55344393452015828     
   2.7507507507507509       -1.0052894487085420      -0.55606040270884749     
   2.7547547547547548       -1.0050642358155959      -0.55867137181319182     
   2.7587587587587588       -1.0048585400877683      -0.56127681601236501     
   2.7627627627627627       -1.0046355800728943      -0.56387670954017755     
   2.7667667667667666       -1.0044268244783119      -0.56647102668533345     
   2.7707707707707709       -1.0042064692871402      -0.56905974179168384     
   2.7747747747747749       -1.0039957526142900      -0.57164282925847854     
   2.7787787787787788       -1.0037783183787465      -0.57422026354062317     
   2.7827827827827827       -1.0035666520300632      -0.57679201914892952     
   2.7867867867867866       -1.0033524247750072      -0.57935807065036660     
   2.7907907907907910       -1.0031407340513867      -0.58191839266831491     
   2.7947947947947949       -1.0029299743649045      -0.58447295988281489     
   2.7987987987987988       -1.0027191010068117      -0.58702174703081833     
   2.8028028028028027       -1.0025120477681704      -0.58956472890643896     
   2.8068068068068066       -1.0023027531912059      -0.59210188036120082     
   2.8108108108108110       -1.0020996265239166      -0.59463317630428647     
   2.8148148148148149       -1.0018925957935882      -0.59715859170278585     
   2.8188188188188188       -1.0016935995369061      -0.59967810158194468     
   2.8228228228228227       -1.0014894458633605      -0.60219168102540921     
   2.8268268268268266       -1.0012947693414722      -0.60469930517547521     
   2.8308308308308310       -1.0010940385867129      -0.60720094923333168     
   2.8348348348348349       -1.0009038581058993      -0.60969658845930674     
   2.8388388388388388       -1.0007070337253694      -0.61218619817311326     
   2.8428428428428427       -1.0005215137854953      -0.61466975375409216     
   2.8468468468468466       -1.0003290214671301      -0.61714723064145482     
   2.8508508508508510       -1.0001483155026440      -0.61961860433452842     
   2.8548548548548549      -0.99996052805736912      -0.62208385039299596     
   2.8588588588588588      -0.99978477927883358      -0.62454294443713865     
   2.8628628628628627      -0.99960202108564111      -0.62699586214807834     
   2.8668668668668666      -0.99943136281720013      -0.62944257926801550     
   2.8708708708708710      -0.99925391437309452      -0.63188307160047208     
   2.8748748748748749      -0.99908847063327133      -0.63431731501052735     
   2.8788788788788788      -0.99891657256764377      -0.63674528542506048     
   2.8828828828828827      -0.99875645820314096      -0.63916695883298458     
   2.8868868868868871      -0.99859031538354959      -0.64158231128548815     
   2.8908908908908910      -0.99843563645337374      -0.64399131889626826     
   2.8948948948948949      -0.99827542142549563      -0.64639395784176901     
   2.8988988988988988      -0.99812627531549059      -0.64879020436141721     
   2.9029029029029028      -0.99797213189333700      -0.65118003475785557     
   2.9069069069069071      -0.99782860746340296      -0.65356342539717915     
   2.9109109109109110      -0.99768065361583314      -0.65594035270916740     
   2.9149149149149149      -0.99754283145094558      -0.65831079318751873     
   2.9189189189189189      -0.99740116227909847      -0.66067472339008115     
   2.9229229229229228      -0.99726911460805945      -0.66303211993908662     
   2.9269269269269271      -0.99713380484014968      -0.66538295952137938     
   2.9309309309309310      -0.99700759586355681      -0.66772721888864839     
   2.9349349349349350      -0.99687870205411966      -0.67006487485765742     
   2.9389389389389389      -0.99675838792069749      -0.67239590431047236     
   2.9429429429429428      -0.99663595065384691      -0.67472028419469232     
   2.9469469469469471      -0.99652157956837606      -0.67703799152367616     
   2.9509509509509511      -0.99640562511664277      -0.67934900337676973     
   2.9549549549549550      -0.99629723754660715      -0.68165329689953269     
   2.9589589589589589      -0.99618777952348192      -0.68395084930396566     
   2.9629629629629628      -0.99608540814960722      -0.68624163786873338     
   2.9669669669669672      -0.99598244896136645      -0.68852563993939209     
   2.9709709709709711      -0.99588611887226541      -0.69080283292861111     
   2.9749749749749750      -0.99578965077662751      -0.69307319431639702     
   2.9789789789789789      -0.99569937960627686      -0.69533670165031769     
   2.9829829829829828      -0.99560938584851399      -0.69759333254572287     
   2.9869869869869872      -0.99552518374189580      -0.69984306468596547     
   2.9909909909909911      -0.99544163946546083      -0.70208587582262250     
   2.9949949949949950      -0.99536350925869765      -0.70432174377571644     
   2.9989989989989989      -0.99528638213753606      -0.70655064643393228     
   3.0030030030030028      -0.99521431948505379      -0.70877256175483805     
   3.0070070070070072      -0.99514357038883838      -0.71098746776510247     
   3.0110110110110111      -0.99507756377077650      -0.71319534256071015     
   3.0150150150150150      -0.99501314732737189      -0.71539616430718178     
   3.0190190190190189      -0.99495317812070283      -0.71758991123978788     
   3.0230230230230228      -0.99489504308353660      -0.71977656166376336     
   3.0270270270270272      -0.99484108572635732      -0.72195609395452442     
   3.0310310310310311      -0.99478917521021004      -0.72412848655788031     
   3.0350350350350350      -0.99474119726676213      -0.72629371799024711     
   3.0390390390390389      -0.99469544913566421      -0.72845176683886070     
   3.0430430430430429      -0.99465341123791562      -0.73060261176198871     
   3.0470470470470472      -0.99461375825508958      -0.73274623148913987     
   3.0510510510510511      -0.99457761427488223      -0.73488260482127588     
   3.0550550550550550      -0.99454398418032541      -0.73701171063102133     
   3.0590590590590589      -0.99451368128697448      -0.73913352786287101     
   3.0630630630630629      -0.99448599686534012      -0.74124803553339991     
   3.0670670670670672      -0.99446147558214837      -0.74335521273147032     
   3.0710710710710711      -0.99443965479920393      -0.74545503861843621     
   3.0750750750750750      -0.99442084895681138      -0.74754749242835339     
   3.0790790790790790      -0.99440480494231320      -0.74963255346818258     
   3.0830830830830829      -0.99439164180450479      -0.75171020111799314     
   3.0870870870870872      -0.99438128282137850      -0.75378041483116953     
   3.0910910910910911      -0.99437368314115016      -0.75584317413461222     
   3.0950950950950951      -0.99436891252282933      -0.75789845862894101     
   3.0990990990990990      -0.99436679058114086      -0.75994624798869759     
   3.1031031031031029      -0.99436750675624064      -0.76198652196254535     
   3.1071071071071072      -0.99437077046415390      -0.76401926037346968     
   3.1111111111111112      -0.99437686710939654      -0.76604444311897801     
   3.1151151151151151      -0.99438541796718660      -0.76806205017129969     
   3.1191191191191190      -0.99439678350705074      -0.77007206157758090     
   3.1231231231231229      -0.99441051656834278      -0.77207445746008596     
   3.1271271271271273      -0.99442703429529355      -0.77406921801639050     
   3.1311311311311312      -0.99444583831316369      -0.77605632351957909     
   3.1351351351351351      -0.99446738638833965      -0.77803575431843974     
   3.1391391391391390      -0.99449114385781379      -0.78000749083765863     
   3.1431431431431434      -0.99451759529151973      -0.78197151357801342     
   3.1471471471471473      -0.99454618249174476      -0.78392780311656574     
   3.1511511511511512      -0.99457740508627057      -0.78587634010685492     
   3.1551551551551551      -0.99461069213443010      -0.78781710527908644     
   3.1591591591591590      -0.99464654847387779      -0.78975007944032583     
   3.1631631631631634      -0.99468439941021192      -0.79167524347468532     
   3.1671671671671673      -0.99472474685656287      -0.79359257834351493     
   3.1711711711711712      -0.99476701977318960      -0.79550206508559018     
   3.1751751751751751      -0.99481171038780680      -0.79740368481729929     
   3.1791791791791790      -0.99485825748383994      -0.79929741873283011     
   3.1831831831831834      -0.99490713811198217      -0.80118324810435748     
   3.1871871871871873      -0.99495780580554860      -0.80306115428222580     
   3.1911911911911912      -0.99501071810221930      -0.80493111869513456     
   3.1951951951951951      -0.99506534715219941      -0.80679312285032412     
   3.1991991991991990      -0.99512212764276575      -0.80864714833375495     
   3.2032032032032034      -0.99518055323716137      -0.81049317681029209     
   3.2072072072072073      -0.99524103337956715      -0.81233119002388610     
   3.2112112112112112      -0.99530308532157696      -0.81416116979775310     
   3.2152152152152151      -0.99536709159592240      -0.81598309803455449     
   3.2192192192192191      -0.99543259444884602      -0.81779695671657726     
   3.2232232232232234      -0.99549994849021883      -0.81960272790591171     
   3.2272272272272273      -0.99556872174990330      -0.82140039374462503     
   3.2312312312312312      -0.99563924044775542      -0.82318993645494509     
   3.2352352352352352      -0.99571109873966501      -0.82497133833943015     
   3.2392392392392391      -0.99578459441907718      -0.82674458178114651     
   3.2432432432432434      -0.99585934769683293      -0.82850964924384241     
   3.2472472472472473      -0.99593562830186011      -0.83026652327212114     
   3.2512512512512513      -0.99601308206883366      -0.83201518649161355     
   3.2552552552552552      -0.99609195133289807      -0.83375562160915107     
   3.2592592592592591      -0.99617190690097790      -0.83548781141293604     
   3.2632632632632634      -0.99625316460230751      -0.83721173877271049     
   3.2672672672672673      -0.99633541933667225      -0.83892738663992716     
   3.2712712712712713      -0.99641886153492332      -0.84063473804791811     
   3.2752752752752752      -0.99650320914278923      -0.84233377611206173     
   3.2792792792792791      -0.99658862843399709      -0.84402448402995045     
   3.2832832832832834      -0.99667485925040544      -0.84570684508155636     
   3.2872872872872874      -0.99676204506534727      -0.84738084262939606     
   3.2912912912912913      -0.99684994638906321      -0.84904646011869733     
   3.2952952952952952      -0.99693868530397145      -0.85070368107756111     
   3.2992992992992991      -0.99702804172714299      -0.85235248911712369     
   3.3033033033033035      -0.99711811780508808      -0.85399286793172058     
   3.3073073073073074      -0.99720871156674784      -0.85562480129904661     
   3.3113113113113113      -0.99729990669166402      -0.85724827308031681     
   3.3153153153153152      -0.99739151805222737      -0.85886326722042616     
   3.3193193193193191      -0.99748361232924720      -0.86046976774810746     
   3.3233233233233235      -0.99757601997436007      -0.86206775877609132     
   3.3273273273273274      -0.99766879210757031      -0.86365722450126015     
   3.3313313313313313      -0.99776177355400308      -0.86523814920480790     
   3.3353353353353352      -0.99785500127652493      -0.86681051725239255     
   3.3393393393393391      -0.99794833329757204      -0.86837431309429247     
   3.3433433433433435      -0.99804179378955704      -0.86992952126555956     
   3.3473473473473474      -0.99813525287094118      -0.87147612638617244     
   3.3513513513513513      -0.99822872322889311      -0.87301411316118827     
   3.3553553553553552      -0.99832208603275285      -0.87454346638089397     
   3.3593593593593591      -0.99841534373460106      -0.87606417092095756     
   3.3633633633633635      -0.99850838758029303      -0.87757621174257716     
   3.3673673673673674      -0.99860121097969090      -0.87907957389262847     
   3.3713713713713713      -0.99869371433953980      -0.88057424250381433     
   3.3753753753753752      -0.99878588315086414      -0.88206020279481123     
   3.3793793793793796      -0.99887762616105447      -0.88353744007041513     
   3.3833833833833835      -0.99896892199595799      -0.88500593972168740     
   3.3873873873873874      -0.99905968698300041      -0.88646568722609875     
   3.3913913913913913      -0.99914989387498487      -0.88791666814767278     
   3.3953953953953953      -0.99923946589123469      -0.88935886813712972     
   3.3993993993993996      -0.99932837083862081      -0.89079227293202790     
   3.4034034034034035      -0.99941653821353382      -0.89221686835690339     
   3.4074074074074074      -0.99950393173456276      -0.89363264032341194     
   3.4114114114114114      -0.99959048662087724      -0.89503957483046781     
   3.4154154154154153      -0.99967616331084330      -0.89643765796438168     
   3.4194194194194196      -0.99976090226072922      -0.89782687589899912     
   3.4234234234234235      -0.99984466136910966      -0.89920721489583688     
   3.4274274274274275      -0.99992738590239805      -0.90057866130421815     
   3.4314314314314314       -1.0000090319060024      -0.90194120156140900     
   3.4354354354354353       -1.0000895490864530      -0.90329482219275192     
   3.4394394394394396       -1.0001688922690697      -0.90463950981179775     
   3.4434434434434436       -1.0002470152839937      -0.90597525112043964     
   3.4474474474474475       -1.0003238723201293      -0.90730203290904421     
   3.4514514514514514       -1.0003994210630878      -0.90861984205658186     
   3.4554554554554553       -1.0004736155929848      -0.90992866553075646     
   3.4594594594594597       -1.0005464172360679      -0.91122849038813580     
   3.4634634634634636       -1.0006177804538827      -0.91251930377427593     
   3.4674674674674675       -1.0006876700280254      -0.91380109292385281     
   3.4714714714714714       -1.0007560412593823      -0.91507384516078560     
   3.4754754754754753       -1.0008228622327540      -0.91633754789836286     
   3.4794794794794797       -1.0008880894926551      -0.91759218863936631     
   3.4834834834834836       -1.0009516943251173      -0.91883775497619591     
   3.4874874874874875       -1.0010136348863801      -0.92007423459099136     
   3.4914914914914914       -1.0010738855846992      -0.92130161525575383     
   3.4954954954954953       -1.0011324065263469      -0.92251988483246850     
   3.4994994994994997       -1.0011891751850370      -0.92372903127322248     
   3.5035035035035036       -1.0012441539279604      -0.92492904262032472     
   3.5075075075075075       -1.0012973232546498      -0.92611990700642566     
   3.5115115115115114       -1.0013486480795020      -0.92730161265463207     
   3.5155155155155153       -1.0013981119068061      -0.92847414787862559     
   3.5195195195195197       -1.0014456824448907      -0.92963750108277710     
   3.5235235235235236       -1.0014913462220232      -0.93079166076226205     
   3.5275275275275275       -1.0015350739524744      -0.93193661550317375     
   3.5315315315315314       -1.0015768551947151      -0.93307235398263721     
   3.5355355355355353       -1.0016166638804895      -0.93419886496891946     
   3.5395395395395397       -1.0016544926217679      -0.93531613732154262     
   3.5435435435435436       -1.0016903187381234      -0.93642415999139206     
   3.5475475475475475       -1.0017241379366624      -0.93752292202082732     
   3.5515515515515514       -1.0017559310711273      -0.93861241254378924     
   3.5555555555555554       -1.0017856969786936      -0.93969262078590843     
   3.5595595595595597       -1.0018134202020348      -0.94076353606461116     
   3.5635635635635636       -1.0018391027290270      -0.94182514778922477     
   3.5675675675675675       -1.0018627328983660      -0.94287744546108421     
   3.5715715715715715       -1.0018843158986375      -0.94392041867363274     
   3.5755755755755754       -1.0019038439590366      -0.94495405711252811     
   3.5795795795795797       -1.0019213255060315      -0.94597835055574231     
   3.5835835835835836       -1.0019367567215185      -0.94699328887366330     
   3.5875875875875876       -1.0019501493436154      -0.94799886202919548     
   3.5915915915915915       -1.0019615035230283      -0.94899506007785894     
   3.5955955955955954       -1.0019708343512048      -0.94998187316788696     
   3.5995995995995997       -1.0019781459772441      -0.95095929154032532     
   3.6036036036036037       -1.0019834568793722      -0.95192730552912663     
   3.6076076076076076       -1.0019867752335594      -0.95288590556124664     
   3.6116116116116115       -1.0019881229053702      -0.95383508215674029     
   3.6156156156156154       -1.0019875121017594      -0.95477482592885354     
   3.6196196196196198       -1.0019849679925192      -0.95570512758411708     
   3.6236236236236237       -1.0019805068099505      -0.95662597792243798     
   3.6276276276276276       -1.0019741572147691      -0.95753736783719101     
   3.6316316316316315       -1.0019659393760449      -0.95843928831530878     
   3.6356356356356359       -1.0019558853442838      -0.95933173043737030     
   3.6396396396396398       -1.0019440192239530      -0.96021468537768961     
   3.6436436436436437       -1.0019303763376759      -0.96108814440440271     
   3.6476476476476476       -1.0019149847827447      -0.96195209887955480     
   3.6516516516516515       -1.0018978829678156      -0.96280654025918444     
   3.6556556556556559       -1.0018791030221972      -0.96365146009340885     
   3.6596596596596598       -1.0018586862402876      -0.96448685002650714     
   3.6636636636636637       -1.0018366688300311      -0.96531270179700357     
   3.6676676676676676       -1.0018130947463608      -0.96612900723774797     
   3.6716716716716715       -1.0017880043152376      -0.96693575827599820     
   3.6756756756756759       -1.0017614438193161      -0.96773294693349898     
   3.6796796796796798       -1.0017334578478565      -0.96852056532655983     
   3.6836836836836837       -1.0017040946626834      -0.96929860566613557     
   3.6876876876876876       -1.0016734030686834      -0.97006706025790090     
   3.6916916916916915       -1.0016414331871897      -0.97082592150232783     
   3.6956956956956959       -1.0016082377508519      -0.97157518189476044     
   3.6996996996996998       -1.0015738687846987      -0.97231483402548924     
   3.7037037037037037       -1.0015383824551709      -0.97304487057982392     
   3.7077077077077076       -1.0015018329567635      -0.97376528433816678     
   3.7117117117117115       -1.0014642790396879      -0.97447606817608323     
   3.7157157157157159       -1.0014257778002569      -0.97517721506437227     
   3.7197197197197198       -1.0013863891390768      -0.97586871806913611     
   3.7237237237237237       -1.0013461742452832      -0.97655057035184933     
   3.7277277277277276       -1.0013051923925766      -0.97722276516942586     
   3.7317317317317316       -1.0012635102622272      -0.97788529587428519     
   3.7357357357357359       -1.0012211845372434      -0.97853815591441973     
   3.7397397397397398       -1.0011782888736276      -0.97918133883345804     
   3.7437437437437437       -1.0011348755001657      -0.97981483827072935     
   3.7477477477477477       -1.0010910258856867      -0.98043864796132674     
   3.7517517517517516       -1.0010467871651869      -0.98105276173616807     
   3.7557557557557559       -1.0010022478268363      -0.98165717352205806     
   3.7597597597597598       -1.0009574510855683      -0.98225187734174813     
   3.7637637637637638       -1.0009124893112822      -0.98283686731399489     
   3.7677677677677677       -1.0008674060791245      -0.98341213765361879     
   3.7717717717717716       -1.0008222907969795      -0.98397768267156138     
   3.7757757757757759       -1.0007771954102924      -0.98453349677494195     
   3.7797797797797799       -1.0007321959215301      -0.98507957446711136     
   3.7837837837837838       -1.0006873641149909      -0.98561591034770824     
   3.7877877877877877       -1.0006427490753087      -0.98614249911271146     
   3.7917917917917916       -1.0005984556664074      -0.98665933555449192     
   3.7957957957957960       -1.0005544928132128      -0.98716641456186571     
   3.7997997997997999       -1.0005110088804825      -0.98766373112014327     
   3.8038038038038038       -1.0004679653521851      -0.98815128031117960     
   3.8078078078078077       -1.0004255543722271      -0.98862905731342254     
   3.8118118118118116       -1.0003836976784986      -0.98909705740196108     
   3.8158158158158160       -1.0003426113634062      -0.98955527594857173     
   3.8198198198198199       -1.0003022105770119      -0.99000370842176366     
   3.8238238238238238       -1.0002626847753533      -0.99044235038682449     
   3.8278278278278277       -1.0002240106095355      -0.99087119750586350     
   3.8318318318318316       -1.0001862630135214      -0.99129024553785516     
   3.8358358358358360       -1.0001495852541178      -0.99169949033868066     
   3.8398398398398399       -1.0001138170351387      -0.99209892786116838     
   3.8438438438438438       -1.0000793967660411      -0.99248855415513493     
   3.8478478478478477       -1.0000458005283610      -0.99286836536742351     
   3.8518518518518516       -1.0000138746132730      -0.99323835774194280     
   3.8558558558558560      -0.99998265097857530      -0.99359852761970280     
   3.8598598598598599      -0.99995340772944230      -0.99394887143885202     
   3.8638638638638638      -0.99992479031636294      -0.99428938573471282     
   3.8678678678678677      -0.99989833837589981      -0.99462006713981466     
   3.8718718718718717      -0.99987262242734232      -0.99494091238392857     
   3.8758758758758760      -0.99984896087878816      -0.99525191829409909     
   3.8798798798798799      -0.99982652365924363      -0.99555308179467450     
   3.8838838838838838      -0.99980552993969418      -0.99584439990733942     
   3.8878878878878878      -0.99978682156600618      -0.99612586975114281     
   3.8918918918918921      -0.99976828269135021      -0.99639748854252641     
   3.8958958958958960      -0.99975375867699290      -0.99665925359535279     
   3.8998998998998999      -0.99973747595068152      -0.99691116232093191     
   3.9039039039039038      -0.99972744329345675      -0.99715321222804643     
   3.9079079079079078      -0.99971343226687648      -0.99738540092297623     
   3.9119119119119121      -0.99970779947919419      -0.99760772610952264     
   3.9159159159159160      -0.99969657525420286      -0.99782018558903074     
   3.9199199199199199      -0.99969454388075829      -0.99802277726041111     
   3.9239239239239239      -0.99968741832131180      -0.99821549912016083     
   3.9279279279279278      -0.99968723240880253      -0.99839834926238302     
   3.9319319319319321      -0.99968645965361169      -0.99857132587880604     
   3.9359359359359360      -0.99968542253218140      -0.99873442725880057     
   3.9399399399399400      -0.99969394754880958      -0.99888765178939798     
   3.9439439439439439      -0.99968896831228249      -0.99903099795530448     
   3.9479479479479478      -0.99970953442893395      -0.99916446433891781     
   3.9519519519519521      -0.99969837153262819      -0.99928804962034024     
   3.9559559559559561      -0.99973196510074214      -0.99940175257739150     
   3.9599599599599600      -0.99971498116641266      -0.99950557208562174     
   3.9639639639639639      -0.99975905319646818      -0.99959950711832180     
   3.9679679679679678      -0.99974078255546150      -0.99968355674653397     
   3.9719719719719722      -0.99978811077474383      -0.99975772013906072     
   3.9759759759759761      -0.99977789172374087      -0.99982199656247328     
   3.9799799799799800      -0.99981622670427606      -0.99987638538111856     
   3.9839839839839839      -0.99982928051977638      -0.99992088605712559     
   3.9879879879879878      -0.99983752601852760      -0.99995549815041107     
   3.9919919919919922      -0.99990545584589008      -0.99998022131868336     
   3.9959959959959961      -0.99983070444375732      -0.99999505531744570     
   4.0000000000000000       -1.0000000000000000       -1.0000000000000000     
