   0.0000000000000000        1.0000000000000000       0.99999999999999989     
   4.0040040040040040E-003  0.99943653200351423       0.99999505531744592     
   8.0080080080080079E-003  0.99999289278260695       0.99998022131868325     
   1.2012012012012012E-002  0.99950204986867064       0.99995549815041107     
   1.6016016016016016E-002  0.99999251182755067       0.99992088605712559     
   2.0020020020020020E-002  0.99963572022311453       0.99987638538111856     
   2.4024024024024024E-002  0.99999173464493052       0.99982199656247328     
   2.8028028028028028E-002  0.99979481314841123       0.99975772013906072     
   3.2032032032032032E-002   1.0000218165233359       0.99968355674653397     
   3.6036036036036036E-002  0.99995901904199525       0.99959950711832180     
   4.0040040040040040E-002   1.0000914205199676       0.99950557208562174     
   4.4044044044044044E-002   1.0001233792360904       0.99940175257739161     
   4.8048048048048048E-002   1.0001988637063797       0.99928804962034012     
   5.2052052052052052E-002   1.0002893696894399       0.99916446433891792     
   5.6056056056056056E-002   1.0003386588168011       0.99903099795530459     
   6.0060060060060060E-002   1.0004603512235777       0.99888765178939798     
   6.4064064064064064E-002   1.0005046773841595       0.99873442725880068     
   6.8068068068068074E-002   1.0006394820428177       0.99857132587880615     
   7.2072072072072071E-002   1.0006914809049821       0.99839834926238324     
   7.6076076076076082E-002   1.0008289444446385       0.99821549912016094     
   8.0080080080080079E-002   1.0008947145315643       0.99802277726041122     
   8.4084084084084090E-002   1.0010298200081056       0.99782018558903074     
   8.8088088088088087E-002   1.0011110653099027       0.99760772610952264     
   9.2092092092092098E-002   1.0012422435245634       0.99738540092297623     
   9.6096096096096095E-002   1.0013380547788664       0.99715321222804643     
  0.10010010010010011        1.0014656426371800       0.99691116232093191     
  0.10410410410410410        1.0015738006599537       0.99665925359535279     
  0.10810810810810811        1.0016989711927513       0.99639748854252641     
  0.11211211211211211        1.0018168073723566       0.99612586975114281     
  0.11611611611611612        1.0019408999855746       0.99584439990733964     
  0.12012012012012012        1.0020658049261513       0.99555308179467450     
  0.12412412412412413        1.0021899565388956       0.99525191829409887     
  0.12812812812812813        1.0023196367354248       0.99494091238392868     
  0.13213213213213212        1.0024446190804266       0.99462006713981466     
  0.13613613613613615        1.0025771882863128       0.99428938573471282     
  0.14014014014014015        1.0027033742157581       0.99394887143885213     
  0.14414414414414414        1.0028373466502327       0.99359852761970280     
  0.14814814814814814        1.0029647483022672       0.99323835774194291     
  0.15215215215215216        1.0030989814137163       0.99286836536742373     
  0.15615615615615616        1.0032273211612688       0.99248855415513493     
  0.16016016016016016        1.0033609392933303       0.99209892786116838     
  0.16416416416416416        1.0034897289349300       0.99169949033868066     
  0.16816816816816818        1.0036220468389003       0.99129024553785539     
  0.17217217217217218        1.0037506608115712       0.99087119750586361     
  0.17617617617617617        1.0038811169463255       0.99044235038682449     
  0.18018018018018017        1.0040088530225175       0.99000370842176388     
  0.18418418418418420        1.0041369567992757       0.98955527594857196     
  0.18818818818818819        1.0042630821341838       0.98909705740196130     
  0.19219219219219219        1.0043883755846690       0.98862905731342254     
  0.19619619619619619        1.0045121587479739       0.98815128031117949     
  0.20020020020020021        1.0046341912041015       0.98766373112014327     
  0.20420420420420421        1.0047549224212486       0.98716641456186571     
  0.20820820820820821        1.0048732357143713       0.98665933555449203     
  0.21221221221221220        1.0049902375467492       0.98614249911271146     
  0.21621621621621623        1.0051043591443971       0.98561591034770846     
  0.22022022022022023        1.0052169905034865       0.98507957446711159     
  0.22422422422422422        1.0053264322867332       0.98453349677494206     
  0.22822822822822822        1.0054340880344341       0.98397768267156138     
  0.23223223223223224        1.0055383483707445       0.98341213765361868     
  0.23623623623623624        1.0056404559860843       0.98283686731399489     
  0.24024024024024024        1.0057390237501214       0.98225187734174813     
  0.24424424424424424        1.0058350390581290       0.98165717352205828     
  0.24824824824824826        1.0059273983932220       0.98105276173616818     
  0.25225225225225223        1.0060168005990409       0.98043864796132674     
  0.25625625625625625        1.0061024354250623       0.97981483827072957     
  0.26026026026026028        1.0061847228604031       0.97918133883345804     
  0.26426426426426425        1.0062631210252788       0.97853815591441973     
  0.26826826826826827        1.0063378071529534       0.97788529587428519     
  0.27227227227227230        1.0064084635516073       0.97722276516942586     
  0.27627627627627627        1.0064750742544504       0.97655057035184956     
  0.28028028028028029        1.0065374932502082       0.97586871806913633     
  0.28428428428428426        1.0065955643897300       0.97517721506437238     
  0.28828828828828829        1.0066492614135802       0.97447606817608334     
  0.29229229229229231        1.0066983376581395       0.97376528433816700     
  0.29629629629629628        1.0067428399047400       0.97304487057982403     
  0.30030030030030030        1.0067824737012852       0.97231483402548924     
  0.30430430430430433        1.0068173207569595       0.97157518189476044     
  0.30830830830830830        1.0068470719324230       0.97082592150232794     
  0.31231231231231232        1.0068718153719334       0.97006706025790113     
  0.31631631631631629        1.0068912513096662       0.96929860566613568     
  0.32032032032032032        1.0069054544058262       0.96852056532656006     
  0.32432432432432434        1.0069141498910570       0.96773294693349898     
  0.32832832832832831        1.0069173872831048       0.96693575827599854     
  0.33233233233233234        1.0069149250196112       0.96612900723774819     
  0.33633633633633636        1.0069067827695577       0.96531270179700357     
  0.34034034034034033        1.0068927540304360       0.96448685002650714     
  0.34434434434434436        1.0068728274516774       0.96365146009340885     
  0.34834834834834832        1.0068468309947860       0.96280654025918455     
  0.35235235235235235        1.0068147248830326       0.96195209887955491     
  0.35635635635635637        1.0067763677747059       0.96108814440440293     
  0.36036036036036034        1.0067316959213282       0.96021468537768961     
  0.36436436436436437        1.0066805935990939       0.95933173043737041     
  0.36836836836836839        1.0066229783731093       0.95843928831530878     
  0.37237237237237236        1.0065587546356711       0.95753736783719101     
  0.37637637637637639        1.0064878266305717       0.95662597792243798     
  0.38038038038038036        1.0064101135630410       0.95570512758411708     
  0.38438438438438438        1.0063255112999330       0.95477482592885377     
  0.38838838838838841        1.0062339491459726       0.95383508215674051     
  0.39239239239239238        1.0061353188221169       0.95288590556124697     
  0.39639639639639640        1.0060295558151109       0.95192730552912663     
  0.40040040040040042        1.0059165510870123       0.95095929154032544     
  0.40440440440440439        1.0057962432523320       0.94998187316788707     
  0.40840840840840842        1.0056685250433457       0.94899506007785894     
  0.41241241241241239        1.0055333359818219       0.94799886202919548     
  0.41641641641641641        1.0053905723058232       0.94699328887366341     
  0.42042042042042044        1.0052401729672511       0.94597835055574242     
  0.42442442442442441        1.0050820387615833       0.94495405711252856     
  0.42842842842842843        1.0049161072147896       0.94392041867363297     
  0.43243243243243246        1.0047422841777400       0.94287744546108421     
  0.43643643643643643        1.0045605053821884       0.94182514778922499     
  0.44044044044044045        1.0043706818115141       0.94076353606461094     
  0.44444444444444442        1.0041727473937001       0.93969262078590843     
  0.44844844844844844        1.0039666180243245       0.93861241254378935     
  0.45245245245245247        1.0037522260610936       0.93752292202082743     
  0.45645645645645644        1.0035294919010640       0.93642415999139239     
  0.46046046046046046        1.0032983467108012       0.93531613732154295     
  0.46446446446446449        1.0030587148752712       0.93419886496891991     
  0.46846846846846846        1.0028105268175462       0.93307235398263733     
  0.47247247247247248        1.0025537103612485       0.93193661550317397     
  0.47647647647647645        1.0022881956445897       0.93079166076226205     
  0.48048048048048048        1.0020139133934645       0.92963750108277710     
  0.48448448448448450        1.0017307938909423       0.92847414787862570     
  0.48848848848848847        1.0014387702738259       0.92730161265463229     
  0.49249249249249250        1.0011377733458631       0.92611990700642588     
  0.49649649649649652        1.0008277382270900       0.92492904262032505     
  0.50050050050050054        1.0005085965509111       0.92372903127322259     
  0.50450450450450446        1.0001802850647359       0.92251988483246872     
  0.50850850850850848       0.99984273646991129       0.92130161525575405     
  0.51251251251251251       0.99949588885751839       0.92007423459099136     
  0.51651651651651653       0.99913967616702004       0.91883775497619602     
  0.52052052052052056       0.99877403761681161       0.91759218863936653     
  0.52452452452452447       0.99839890849319035       0.91633754789836308     
  0.52852852852852850       0.99801422898487135       0.91507384516078605     
  0.53253253253253252       0.99761993578127295       0.91380109292385314     
  0.53653653653653655       0.99721596993416273       0.91251930377427604     
  0.54054054054054057       0.99680226954988449       0.91122849038813569     
  0.54454454454454460       0.99637877647570039       0.90992866553075669     
  0.54854854854854851       0.99594543021611648       0.90861984205658186     
  0.55255255255255253       0.99550217337650915       0.90730203290904443     
  0.55655655655655656       0.99504894681728862       0.90597525112043986     
  0.56056056056056058       0.99458569388620333       0.90463950981179786     
  0.56456456456456461       0.99411235674181864       0.90329482219275237     
  0.56856856856856852       0.99362887947276024       0.90194120156140967     
  0.57257257257257255       0.99313520546919065       0.90057866130421826     
  0.57657657657657657       0.99263127956744923       0.89920721489583666     
  0.58058058058058060       0.99211704631910980       0.89782687589899912     
  0.58458458458458462       0.99159245131888352       0.89643765796438168     
  0.58858858858858853       0.99105744020983988       0.89503957483046792     
  0.59259259259259256       0.99051195935613412       0.89363264032341216     
  0.59659659659659658       0.98995595542561132       0.89221686835690384     
  0.60060060060060061       0.98938937556103779       0.89079227293202834     
  0.60460460460460463       0.98881216739319766       0.88935886813713039     
  0.60860860860860866       0.98822427884941344       0.88791666814767300     
  0.61261261261261257       0.98762565846748729       0.88646568722609853     
  0.61661661661661660       0.98701625496131962       0.88500593972168740     
  0.62062062062062062       0.98639601772610930       0.88353744007041513     
  0.62462462462462465       0.98576489626019093       0.88206020279481145     
  0.62862862862862867       0.98512284077287571       0.88057424250381455     
  0.63263263263263259       0.98446980154083619       0.87907957389262892     
  0.63663663663663661       0.98380572955013945       0.87757621174257761     
  0.64064064064064064       0.98313057584623376       0.87606417092095823     
  0.64464464464464466       0.98244429215987039       0.87454346638089420     
  0.64864864864864868       0.98174683029289389       0.87301411316118804     
  0.65265265265265260       0.98103814269335821       0.87147612638617244     
  0.65665665665665662       0.98031818190488729       0.86992952126555978     
  0.66066066066066065       0.97958690106947044       0.86837431309429269     
  0.66466466466466467       0.97884425345630655       0.86681051725239278     
  0.66866866866866870       0.97809019288134769       0.86523814920480835     
  0.67267267267267272       0.97732467332213557       0.86365722450126059     
  0.67667667667667664       0.97654764925140425       0.86206775877609154     
  0.68068068068068066       0.97575907533737227       0.86046976774810768     
  0.68468468468468469       0.97495890669456287       0.85886326722042616     
  0.68868868868868871       0.97414709866426274       0.85724827308031681     
  0.69269269269269274       0.97332360698956066       0.85562480129904683     
  0.69669669669669665       0.97248838766762291       0.85399286793172080     
  0.70070070070070067       0.97164139705827124       0.85235248911712413     
  0.70470470470470470       0.97078259179807902       0.85070368107756156     
  0.70870870870870872       0.96991192885288458       0.84904646011869800     
  0.71271271271271275       0.96902936548308416       0.84738084262939628     
  0.71671671671671666       0.96813485925076181       0.84570684508155602     
  0.72072072072072069       0.96722836802563339       0.84402448402995045     
  0.72472472472472471       0.96630984995700875       0.84233377611206173     
  0.72872872872872874       0.96537926351055015       0.84063473804791822     
  0.73273273273273276       0.96443656741447703       0.83892738663992727     
  0.73673673673673679       0.96348172071821803       0.83721173877271082     
  0.74074074074074070       0.96251468272117380       0.83548781141293649     
  0.74474474474474472       0.96153541304561441       0.83375562160915173     
  0.74874874874874875       0.96054387155495480       0.83201518649161366     
  0.75275275275275277       0.95954001843457082       0.83026652327212069     
  0.75675675675675680       0.95852381410530552       0.82850964924384218     
  0.76076076076076071       0.95749521930709269       0.82674458178114663     
  0.76476476476476474       0.95645419501215900       0.82497133833943037     
  0.76876876876876876       0.95540070250761788       0.82318993645494531     
  0.77277277277277279       0.95433470331163617       0.82140039374462548     
  0.77677677677677681       0.95325615925220031       0.81960272790591149     
  0.78078078078078073       0.95216503238856642       0.81779695671657793     
  0.78478478478478475       0.95106128508433729       0.81598309803455460     
  0.78878878878878878       0.94994487993564791       0.81416116979775299     
  0.79279279279279280       0.94881577983742738       0.81233119002388599     
  0.79679679679679682       0.94767394791914716       0.81049317681029232     
  0.80080080080080085       0.94651934760372991       0.80864714833375506     
  0.80480480480480476       0.94535194255107824       0.80679312285032445     
  0.80880880880880879       0.94417169670967660       0.80493111869513490     
  0.81281281281281281       0.94297857426768106       0.80306115428222591     
  0.81681681681681684       0.94177253969752228       0.80118324810435759     
  0.82082082082082086       0.94055355771413596       0.79929741873283022     
  0.82482482482482478       0.93932159331307108       0.79740368481729917     
  0.82882882882882880       0.93807661173530443       0.79550206508558996     
  0.83283283283283283       0.93681857849946659       0.79359257834351515     
  0.83683683683683685       0.93554745937254880       0.79167524347468543     
  0.84084084084084088       0.93426322039695120       0.78975007944032627     
  0.84484484484484490       0.93296582786637983       0.78781710527908688     
  0.84884884884884881       0.93165524834842306       0.78587634010685514     
  0.85285285285285284       0.93033144866490702       0.78392780311656585     
  0.85685685685685686       0.92899439591072042       0.78197151357801298     
  0.86086086086086089       0.92764405743794387       0.78000749083765841     
  0.86486486486486491       0.92628040087155117       0.77803575431843952     
  0.86886886886886883       0.92490339409669997       0.77605632351957921     
  0.87287287287287285       0.92351300527190250       0.77406921801639061     
  0.87687687687687688       0.92210920281891262       0.77207445746008641     
  0.88088088088088090       0.92069195543388149       0.77007206157758135     
  0.88488488488488493       0.91926123207935406       0.76806205017129980     
  0.88888888888888884       0.91781700199387584       0.76604444311897812     
  0.89289289289289286       0.91635923468562264       0.76401926037346957     
  0.89689689689689689       0.91488789994091213       0.76198652196254524     
  0.90090090090090091       0.91340296781906594       0.75994624798869781     
  0.90490490490490494       0.91190440866015410       0.75789845862894112     
  0.90890890890890896       0.91039219308080266       0.75584317413461199     
  0.91291291291291288       0.90886629198139912       0.75378041483116964     
  0.91691691691691690       0.90732667654267696       0.75171020111799358     
  0.92092092092092093       0.90577331823251317       0.74963255346818269     
  0.92492492492492495       0.90420618880312098       0.74754749242835361     
  0.92892892892892898       0.90262526029765411       0.74545503861843632     
  0.93293293293293289       0.90103050504778914       0.74335521273147021     
  0.93693693693693691       0.89942189568026809       0.74124803553340046     
  0.94094094094094094       0.89779940511483747       0.73913352786287123     
  0.94494494494494496       0.89616300657070991       0.73701171063102144     
  0.94894894894894899       0.89451267356484010       0.73488260482127599     
  0.95295295295295290       0.89284837991836274       0.73274623148913998     
  0.95695695695695693       0.89117009975515438       0.73060261176198882     
  0.96096096096096095       0.88947780750824779       0.72845176683886093     
  0.96496496496496498       0.88777147791869171       0.72629371799024722     
  0.96896896896896900       0.88605108604195337       0.72412848655788020     
  0.97297297297297303       0.88431660724702288       0.72195609395452465     
  0.97697697697697694       0.88256801722284706       0.71977656166376347     
  0.98098098098098097       0.88080529197764823       0.71758991123978799     
  0.98498498498498499       0.87902840784541092       0.71539616430718200     
  0.98898898898898902       0.87723734148539301       0.71319534256071038     
  0.99299299299299304       0.87543206988867006       0.71098746776510235     
  0.99699699699699695       0.87361257037782614       0.70877256175483849     
   1.0010010010010011       0.87177882061356660       0.70655064643393239     
   1.0050050050050050       0.86993079859458489       0.70432174377571666     
   1.0090090090090089       0.86806848266422021       0.70208587582262261     
   1.0130130130130131       0.86619185151052269       0.69984306468596524     
   1.0170170170170170       0.86430088417293560       0.69759333254572309     
   1.0210210210210211       0.86239556004257978       0.69533670165031780     
   1.0250250250250250       0.86047585886891853       0.69307319431639725     
   1.0290290290290289       0.85854176076029265       0.69080283292861089     
   1.0330330330330331       0.85659324619054400       0.68852563993939231     
   1.0370370370370370       0.85463029599981000       0.68624163786873360     
   1.0410410410410411       0.85265289140109746       0.68395084930396588     
   1.0450450450450450       0.85066101398134275       0.68165329689953280     
   1.0490490490490489       0.84865464570790361       0.67934900337676996     
   1.0530530530530531       0.84663376892992170       0.67703799152367639     
   1.0570570570570570       0.84459836638470431       0.67472028419469277     
   1.0610610610610611       0.84254842119938411       0.67239590431047247     
   1.0650650650650650       0.84048391689720592       0.67006487485765720     
   1.0690690690690692       0.83840483739945315       0.66772721888864850     
   1.0730730730730731       0.83631116703167308       0.66538295952137927     
   1.0770770770770770       0.83420289052582086       0.66303211993908673     
   1.0810810810810811       0.83207999302647817       0.66067472339008138     
   1.0850850850850851       0.82994246009314310       0.65831079318751895     
   1.0890890890890892       0.82779027770649127       0.65594035270916762     
   1.0930930930930931       0.82562343227078572       0.65356342539717938     
   1.0970970970970970       0.82344191062017924       0.65118003475785569     
   1.1011011011011012       0.82124570002124686       0.64879020436141710     
   1.1051051051051051       0.81903478817930564       0.64639395784176923     
   1.1091091091091092       0.81680916324111252       0.64399131889626848     
   1.1131131131131131       0.81456881380113932       0.64158231128548826     
   1.1171171171171170       0.81231372890446918       0.63916695883298480     
   1.1211211211211212       0.81004389805300814       0.63674528542506059     
   1.1251251251251251       0.80775931120858513       0.63431731501052790     
   1.1291291291291292       0.80545995879909171       0.63188307160047219     
   1.1331331331331331       0.80314583172178389       0.62944257926801572     
   1.1371371371371370       0.80081692134934002       0.62699586214807856     
   1.1411411411411412       0.79847321953336436       0.62454294443713887     
   1.1451451451451451       0.79611471861036598       0.62208385039299618     
   1.1491491491491492       0.79374141140544952       0.61961860433452864     
   1.1531531531531531       0.79135329123821785       0.61714723064145538     
   1.1571571571571571       0.78895035192662644       0.61466975375409227     
   1.1611611611611612       0.78653258779283841       0.61218619817311382     
   1.1651651651651651       0.78409999366721517       0.60969658845930685     
   1.1691691691691692       0.78165256489411761       0.60720094923333146     
   1.1731731731731732       0.77919029733605405       0.60469930517547543     
   1.1771771771771771       0.77671318737937600       0.60219168102540976     
   1.1811811811811812       0.77422123193864334       0.59967810158194490     
   1.1851851851851851       0.77171442846214888       0.59715859170278607     
   1.1891891891891893       0.76919277493652682       0.59463317630428669     
   1.1931931931931932       0.76665626989209368       0.59210188036120104     
   1.1971971971971973       0.76410491240771117       0.58956472890643952     
   1.2012012012012012       0.76153870211589880       0.58702174703081855     
   1.2052052052052051       0.75895763920800818       0.58447295988281511     
   1.2092092092092093       0.75636172443901795       0.58191839266831502     
   1.2132132132132132       0.75375095913311951       0.57935807065036715     
   1.2172172172172173       0.75112534518807661       0.57679201914892964     
   1.2212212212212212       0.74848488508133093       0.57422026354062339     
   1.2252252252252251       0.74582958187379800       0.57164282925847876     
   1.2292292292292293       0.74315943921661676       0.56905974179168362     
   1.2332332332332332       0.74047446135425365       0.56647102668533400     
   1.2372372372372373       0.73777465313200763       0.56387670954017777     
   1.2412412412412412       0.73506001999828618       0.56127681601236523     
   1.2452452452452452       0.73233056801303142       0.55867137181319193     
   1.2492492492492493       0.72958630384893308       0.55606040270884771     
   1.2532532532532532       0.72682723480106515       0.55344393452015839     
   1.2572572572572573       0.72405336878666016       0.55082199312233371     
   1.2612612612612613       0.72126471435639716       0.54819460444470980     
   1.2652652652652652       0.71846128069222526       0.54556179447049202     
   1.2692692692692693       0.71564307762084323       0.54292358923649942     
   1.2732732732732732       0.71281011560898311       0.54028001483290677     
   1.2772772772772774       0.70996240577971115       0.53763109740298687     
   1.2812812812812813       0.70709995990445462       0.53497686314285187     
   1.2852852852852852       0.70422279042292790       0.53231733830119210     
   1.2892892892892893       0.70133091043095430       0.52965254917902038     
   1.2932932932932932       0.69842433370510959       0.52698252212940966     
   1.2972972972972974       0.69550307468507711       0.52430728355723166     
   1.3013013013013013       0.69256714850440415       0.52162685991889790     
   1.3053053053053052       0.68961657096583906       0.51894127772209575     
   1.3093093093093093       0.68665135857990311       0.51625056352552856     
   1.3133133133133132       0.68367152853127910       0.51355474393865164     
   1.3173173173173174       0.68067709872738369       0.51085384562140879     
   1.3213213213213213       0.67766808775331588       0.50814789528396931     
   1.3253253253253254       0.67464451493320932       0.50543691968646431     
   1.3293293293293293       0.67160640027062257       0.50272094563872183     
   1.3333333333333333       0.66855376452614867       0.50000000000000033     
   1.3373373373373374       0.66548662913933643       0.49727410967872421     
   1.3413413413413413       0.66240501632690529       0.49454330163221866     
   1.3453453453453454       0.65930894898134873       0.49180760286644143     
   1.3493493493493494       0.65619845079513672       0.48906704043571680     
   1.3533533533533533       0.65307354612998281       0.48632164144246692     
   1.3573573573573574       0.64993426017373490       0.48357143303694439     
   1.3613613613613613       0.64678061877281767       0.48081644241696458     
   1.3653653653653655       0.64361264863014411       0.47805669682763607     
   1.3693693693693694       0.64043037709143535       0.47529222356109019     
   1.3733733733733733       0.63723383239449294       0.47252304995621203     
   1.3773773773773774       0.63402304339786641       0.46974920339837073     
   1.3813813813813813       0.63079803989429273       0.46697071131914814     
   1.3853853853853855       0.62755885226748009       0.46418760119606600     
   1.3893893893893894       0.62430551188549033       0.46139990055231739     
   1.3933933933933933       0.62103805066810669       0.45860763695649082     
   1.3973973973973974       0.61775650157960249       0.45581083802230099     
   1.4014014014014013       0.61446089808512971       0.45300953140831446     
   1.4054054054054055       0.61115127476673003       0.45020374481767350     
   1.4094094094094094       0.60782766664232746       0.44739350599782696     
   1.4134134134134133       0.60449010993418606       0.44457884274025250     
   1.4174174174174174       0.60113864121821259       0.44175978288018319     
   1.4214214214214214       0.59777329838050908       0.43893635429633082     
   1.4254254254254255       0.59439411955762289       0.43610858491061116     
   1.4294294294294294       0.59100114432460416       0.43327650268786849     
   1.4334334334334333       0.58759441237831800       0.43044013563559824     
   1.4374374374374375       0.58417396500977226       0.42759951180366951     
   1.4414414414414414       0.58073984347234031       0.42475465928404799     
   1.4454454454454455       0.57729209080238075       0.42190560621051937     
   1.4494494494494494       0.57383074980188697       0.41905238075840973     
   1.4534534534534536       0.57035586528491489       0.41619501114430768     
   1.4574574574574575       0.56686748158943689       0.41333352562578418     
   1.4614614614614614       0.56336564534317990       0.41046795250111390     
   1.4654654654654655       0.55985040240189965       0.40759832010899610     
   1.4694694694694694       0.55632180124740038       0.40472465682827363     
   1.4734734734734736       0.55277988922852339       0.40184699107765148     
   1.4774774774774775       0.54922471672694473       0.39896535131541649     
   1.4814814814814814       0.54565633255230894       0.39607976603915679     
   1.4854854854854855       0.54207478903845796       0.39319026378547872     
   1.4894894894894894       0.53848013641469261       0.39029687312972589     
   1.4934934934934936       0.53487242902713328       0.38739962268569328     
   1.4974974974974975       0.53125171847323749       0.38449854110534909     
   1.5015015015015014       0.52761806118087784       0.38159365707854875     
   1.5055055055055055       0.52397151005209641       0.37868499933275013     
   1.5095095095095095       0.52031212367713087       0.37577259663273255     
   1.5135135135135136       0.51663995618497749       0.37285647778030873     
   1.5175175175175175       0.51295506842207950       0.36993667161404314     
   1.5215215215215214       0.50925751565038602       0.36701320700896550     
   1.5255255255255256       0.50554736108202947       0.36408611287628412     
   1.5295295295295295       0.50182466099889311       0.36115541816310132     
   1.5335335335335336       0.49808948110670559       0.35822115185212744     
   1.5375375375375375       0.49434187857218825       0.35528334296139380     
   1.5415415415415414       0.49058192174422077       0.35234202054396474     
   1.5455455455455456       0.48680966851367991       0.34939721368765114     
   1.5495495495495495       0.48302519004749267       0.34644895151472355     
   1.5535535535535536       0.47922854477040200       0.34349726318162310     
   1.5575575575575575       0.47541980687186197       0.34054217787867375     
   1.5615615615615615       0.47159903508599860       0.33758372482979260     
   1.5655655655655656       0.46776630686368925       0.33462193329220158     
   1.5695695695695695       0.46392168098454717       0.33165683255613898     
   1.5735735735735736       0.46006523843970604       0.32868845194456903     
   1.5775775775775776       0.45619703774500731       0.32571682081289088     
   1.5815815815815817       0.45231716375689185       0.32274196854864945     
   1.5855855855855856       0.44842567436606851       0.31976392457124525     
   1.5895895895895895       0.44452265867266400       0.31678271833164295     
   1.5935935935935936       0.44060817352118253       0.31379837931207866     
   1.5975975975975976       0.43668231269516938       0.31081093702577139     
   1.6016016016016017       0.43274513150356697       0.30782042101662782     
   1.6056056056056056       0.42879672892346715       0.30482686085895305     
   1.6096096096096095       0.42483715816097256       0.30183028615715729     
   1.6136136136136137       0.42086652397740515       0.29883072654546011     
   1.6176176176176176       0.41688487682002440       0.29582821168760254     
   1.6216216216216217       0.41289232791699260       0.29282277127655032     
   1.6256256256256256       0.40888892419994055       0.28981443503420135     
   1.6296296296296295       0.40487478415108558       0.28680323271109065     
   1.6336336336336337       0.40084995031543869       0.28378919408609704     
   1.6376376376376376       0.39681454933519850       0.28077234896614933     
   1.6416416416416417       0.39276861836865962       0.27775272718593036     
   1.6456456456456456       0.38871229325827317       0.27473035860758332     
   1.6496496496496496       0.38464560462994080       0.27170527312041282     
   1.6536536536536537       0.38056869871824028       0.26867750064059459     
   1.6576576576576576       0.37648159830727446       0.26564707111087615     
   1.6616616616616617       0.37238446138621295       0.26261401450028199     
   1.6656656656656657       0.36827730140430498       0.25957836080381591     
   1.6696696696696696       0.36416028965917302       0.25654014004216519     
   1.6736736736736737       0.36003342856672582       0.25349938226140467     
   1.6776776776776776       0.35589690450100292       0.25045611753269870     
   1.6816816816816818       0.35175070691694088       0.24741037595200283     
   1.6856856856856857       0.34759503927174090       0.24436218763976714     
   1.6896896896896898       0.34342987587687956       0.24131158274063927     
   1.6936936936936937       0.33925543954494336       0.23825859142316480     
   1.6976976976976976       0.33507168697885875       0.23520324387949043     
   1.7017017017017018       0.33087886291304608       0.23214557032506186     
   1.7057057057057057       0.32667690366439567       0.22908560099833006     
   1.7097097097097098       0.32246607878063127       0.22602336616044894     
   1.7137137137137137       0.31824630107089746       0.22295889609497727     
   1.7177177177177176       0.31401786814552074       0.21989222110757800     
   1.7217217217217218       0.30978066580616115       0.21682337152571932     
   1.7257257257257257       0.30553502336762550       0.21375237769837560     
   1.7297297297297298       0.30128079571063487       0.21067926999572606     
   1.7337337337337337       0.29701834792549908       0.20760407880885565     
   1.7377377377377377       0.29274749960740803       0.20452683454945109     
   1.7417417417417418       0.28846865616055378       0.20144756764950522     
   1.7457457457457457       0.28418159703991752       0.19836630856101312     
   1.7497497497497498       0.27988677300891862       0.19528308775567005     
   1.7537537537537538       0.27558391799736875       0.19219793572457314     
   1.7577577577577577       0.27127353372092849       0.18911088297791637     
   1.7617617617617618       0.26695530262789596       0.18602196004469188     
   1.7657657657657657       0.26262978356825889       0.18293119747238676     
   1.7697697697697699       0.25829660093950502       0.17983862582668017     
   1.7737737737737738       0.25395637753873251       0.17674427569114179     
   1.7777777777777777       0.24960867248885998       0.17364817766693028     
   1.7817817817817818       0.24525418001884583       0.17055036237248988     
   1.7857857857857857       0.24089238605800017       0.16745086044324664     
   1.7897897897897899       0.23652406446408905       0.16434970253130635     
   1.7937937937937938       0.23214861931909925       0.16124691930515228     
   1.7977977977977977       0.22776691305714861       0.15814254144934106     
   1.8018018018018018       0.22337825848739906       0.15503659966419786     
   1.8058058058058057       0.21898361635410896       0.15192912466551589     
   1.8098098098098099       0.21458219796247885       0.14882014718424907     
   1.8138138138138138       0.21017507291879625       0.14570969796621130     
   1.8178178178178179       0.20576133995804968       0.14259780777177095     
   1.8218218218218218       0.20134218894543315       0.13948450737554591     
   1.8258258258258258       0.19691659412049031       0.13636982756610005     
   1.8298298298298299       0.19248587786980231       0.13325379914563965     
   1.8338338338338338       0.18804887713637128       0.13013645292970785     
   1.8378378378378379       0.18360705996915086       0.12701781974687870     
   1.8418418418418419       0.17915911232924822       0.12389793043845529     
   1.8458458458458458       0.17470666195109766       0.12077681585816115     
   1.8498498498498499       0.17024822924603455       0.11765450687183837     
   1.8538538538538538       0.16578561653184645       0.11453103435714140     
   1.8578578578578580       0.16131716323330300       0.11140642920322855     
   1.8618618618618619       0.15684486200404271       0.10828072231046192     
   1.8658658658658658       0.15236685500389832       0.10515394459009815     
   1.8698698698698699       0.14788534179465737       0.10202612696398421     
   1.8738738738738738       0.14339825019428440        9.8897300364250137E-002
   1.8778778778778780       0.13890800401332590        9.5767495733004110E-002
   1.8818818818818819       0.13441229891308784        9.2636744022027262E-002
   1.8858858858858858       0.12991380099161606        8.9505076192466795E-002
   1.8898898898898899       0.12540995528134169        8.6372523214528804E-002
   1.8938938938938938       0.12090368881375582        8.3239116067172991E-002
   1.8978978978978980       0.11639217696497864        8.0104885737807094E-002
   1.9019019019019019       0.11187862683940653        7.6969863221979185E-002
   1.9059059059059058       0.10735992470016882        7.3834079523072429E-002
   1.9099099099099099       0.10283957721912539        7.0697565651994948E-002
   1.9139139139139139        9.8314161812144640E-002   6.7560352626878470E-002
   1.9179179179179180        9.3787504403228750E-002   6.4422471472768014E-002
   1.9219219219219219        8.9255853728207990E-002   6.1283953221316440E-002
   1.9259259259259258        8.4723374644836869E-002   5.8144828910476183E-002
   1.9299299299299300        8.0185967485669044E-002   5.5005129584193228E-002
   1.9339339339339339        7.5648155497952840E-002   5.1864886292100981E-002
   1.9379379379379380        7.1105471235521162E-002   4.8724130089211899E-002
   1.9419419419419419        6.6562815311509094E-002   4.5582892035611673E-002
   1.9459459459459461        6.2015333742719482E-002   4.2441203196148525E-002
   1.9499499499499500        5.7468322720399354E-002   3.9299094640131337E-002
   1.9539539539539539        5.2916523883994503E-002   3.6156597441019275E-002
   1.9579579579579580        4.8365646134589158E-002   3.3013742676113601E-002
   1.9619619619619619        4.3810010144265658E-002   2.9870561426253450E-002
   1.9659659659659661        3.9255753227155660E-002   2.6727084775504926E-002
   1.9699699699699700        3.4696760114399837E-002   2.3583343810856781E-002
   1.9739739739739739        3.0139610415360722E-002   2.0439369621911660E-002
   1.9779779779779780        2.5577740019212845E-002   1.7295193300577764E-002
   1.9819819819819819        2.1018182240418282E-002   1.4150845940762258E-002
   1.9859859859859861        1.6453914574747399E-002   1.1006358638064652E-002
   1.9899899899899900        1.1892429787892051E-002   7.8617624894684063E-003
   1.9939939939939939        7.3262496168570680E-003   4.7170885930325071E-003
   1.9979979979979980        2.7633008954986945E-003   1.5723680475848198E-003
   2.0020020020020022       -1.8042597764757180E-003  -1.5723680475845747E-003
   2.0060060060060061       -6.3683592305237837E-003  -4.7170885930322625E-003
   2.0100100100100100       -1.0936318355999342E-002  -7.8617624894681600E-003
   2.0140140140140139       -1.5500528323625003E-002  -1.1006358638064406E-002
   2.0180180180180178       -2.0067872908660640E-002  -1.4150845940762012E-002
   2.0220220220220222       -2.4631196494559214E-002  -1.7295193300577522E-002
   2.0260260260260261       -2.9196946960230698E-002  -2.0439369621911417E-002
   2.0300300300300300       -3.3758419139780421E-002  -2.3583343810856538E-002
   2.0340340340340339       -3.8321654693222899E-002  -2.6727084775504683E-002
   2.0380380380380378       -4.2880414926782642E-002  -2.9870561426253207E-002
   2.0420420420420422       -4.7440366650829964E-002  -3.3013742676113789E-002
   2.0460460460460461       -5.1995729026778743E-002  -3.6156597441019026E-002
   2.0500500500500500       -5.6551796818874504E-002  -3.9299094640131087E-002
   2.0540540540540539       -6.1103213495021950E-002  -4.2441203196148275E-002
   2.0580580580580579       -6.5654896887856945E-002  -4.5582892035610979E-002
   2.0620620620620622       -7.0201882621560560E-002  -4.8724130089212093E-002
   2.0660660660660661       -7.4748716779136040E-002  -5.1864886292100738E-002
   2.0700700700700700       -7.9290803606206162E-002  -5.5005129584192979E-002
   2.0740740740740740       -8.3832331183460673E-002  -5.8144828910475933E-002
   2.0780780780780779       -8.8369053095731911E-002  -6.1283953221315746E-002
   2.0820820820820822       -9.2904816638307186E-002  -6.4422471472768209E-002
   2.0860860860860861       -9.7435706393693866E-002  -6.7560352626878220E-002
   2.0900900900900901      -0.10196524712179754       -7.0697565651994698E-002
   2.0940940940940940      -0.10648983607356374       -7.3834079523071736E-002
   2.0980980980980979      -0.11101269398400632       -7.6969863221978935E-002
   2.1021021021021022      -0.11553051242436202       -8.0104885737806844E-002
   2.1061061061061062      -0.12004622658858649       -8.3239116067172741E-002
   2.1101101101101101      -0.12455680414641275       -8.6372523214528554E-002
   2.1141141141141140      -0.12906491302937342       -8.9505076192466101E-002
   2.1181181181181179      -0.13356777906060871       -9.2636744022027012E-002
   2.1221221221221223      -0.13806782083954378       -9.5767495733003860E-002
   2.1261261261261262      -0.14256250480410623       -9.8897300364249888E-002
   2.1301301301301301      -0.14705401768471810      -0.10202612696398396     
   2.1341341341341340      -0.15154004950968164      -0.10515394459009790     
   2.1381381381381384      -0.15602257203895412      -0.10828072231046167     
   2.1421421421421423      -0.16049948246822332      -0.11140642920322831     
   2.1461461461461462      -0.16497255384325321      -0.11453103435714115     
   2.1501501501501501      -0.16943987477404773      -0.11765450687183812     
   2.1541541541541540      -0.17390303514630814      -0.12077681585816090     
   2.1581581581581584      -0.17836029995279856      -0.12389793043845504     
   2.1621621621621623      -0.18281309072728202      -0.12701781974687892     
   2.1661661661661662      -0.18725983457173390      -0.13013645292970763     
   2.1701701701701701      -0.19170179870046550      -0.13325379914563942     
   2.1741741741741740      -0.19613755883225728      -0.13636982756609983     
   2.1781781781781784      -0.20056824110170837      -0.13948450737554569     
   2.1821821821821823      -0.20499255714459144      -0.14259780777177072     
   2.1861861861861862      -0.20941150445656528      -0.14570969796621108     
   2.1901901901901901      -0.21382391868452955      -0.14882014718424885     
   2.1941941941941940      -0.21823068033013640      -0.15192912466551567     
   2.1981981981981984      -0.22263073793223589      -0.15503659966419808     
   2.2022022022022023      -0.22702486585861723      -0.15814254144934084     
   2.2062062062062062      -0.23141211519310040      -0.16124691930515206     
   2.2102102102102101      -0.23579316426260516      -0.16434970253130612     
   2.2142142142142140      -0.24016715710067743      -0.16745086044324597     
   2.2182182182182184      -0.24453468534223693      -0.17055036237248966     
   2.2222222222222223      -0.24889497710177091      -0.17364817766693005     
   2.2262262262262262      -0.25324854595425594      -0.17674427569114157     
   2.2302302302302301      -0.25759469592374529      -0.17983862582667995     
   2.2342342342342341      -0.26193387047113087      -0.18293119747238654     
   2.2382382382382384      -0.26626544202416652      -0.18602196004469207     
   2.2422422422422423      -0.27058979122236626      -0.18911088297791614     
   2.2462462462462462      -0.27490635202289904      -0.19219793572457292     
   2.2502502502502502      -0.27921544891816269      -0.19528308775566983     
   2.2542542542542541      -0.28351657111679662      -0.19836630856101248     
   2.2582582582582584      -0.28780999305559862      -0.20144756764950500     
   2.2622622622622623      -0.29209525347714471      -0.20452683454945086     
   2.2662662662662663      -0.29637258230752023      -0.20760407880885542     
   2.2702702702702702      -0.30064156263002545      -0.21067926999572584     
   2.2742742742742741      -0.30490238489433691      -0.21375237769837538     
   2.2782782782782784      -0.30915467181978762      -0.21682337152571909     
   2.2822822822822824      -0.31339857893893025      -0.21989222110757778     
   2.2862862862862863      -0.31763376435581692      -0.22295889609497704     
   2.2902902902902902      -0.32186035280489378      -0.22602336616044871     
   2.2942942942942941      -0.32607803394281348      -0.22908560099832984     
   2.2982982982982985      -0.33028690541832673      -0.23214557032506164     
   2.3023023023023024      -0.33448668499478740      -0.23520324387949024     
   2.3063063063063063      -0.33867744657341808      -0.23825859142316458     
   2.3103103103103102      -0.34285893293299907      -0.24131158274063905     
   2.3143143143143141      -0.34703119722205389      -0.24436218763976694     
   2.3183183183183185      -0.35119400446807114      -0.24741037595200260     
   2.3223223223223224      -0.35534738974769553      -0.25045611753269847     
   2.3263263263263263      -0.35949113786651182      -0.25349938226140445     
   2.3303303303303302      -0.36362526822377705      -0.25654014004216497     
   2.3343343343343341      -0.36774958320189111      -0.25957836080381524     
   2.3383383383383385      -0.37186408865687376      -0.26261401450028221     
   2.3423423423423424      -0.37596860259092008      -0.26564707111087593     
   2.3463463463463463      -0.38006311921490193      -0.26867750064059437     
   2.3503503503503502      -0.38414747041468217      -0.27170527312041259     
   2.3543543543543541      -0.38822164044060575      -0.27473035860758266     
   2.3583583583583585      -0.39228547352528081      -0.27775272718593058     
   2.3623623623623624      -0.39633894545060078      -0.28077234896614911     
   2.3663663663663663      -0.40038191143815960      -0.28378919408609682     
   2.3703703703703702      -0.40441434012023725      -0.28680323271108998     
   2.3743743743743742      -0.40843609651036339      -0.28981443503420068     
   2.3783783783783785      -0.41244714325455373      -0.29282277127655010     
   2.3823823823823824      -0.41644735410500816      -0.29582821168760237     
   2.3863863863863863      -0.42043668674559481      -0.29883072654545989     
   2.3903903903903903      -0.42441502274223153      -0.30183028615715662     
   2.3943943943943946      -0.42838231571636443      -0.30482686085895327     
   2.3983983983983985      -0.43233845423689671      -0.30782042101662760     
   2.4024024024024024      -0.43628338865169281      -0.31081093702577117     
   2.4064064064064064      -0.44021701382332984      -0.31379837931207849     
   2.4104104104104103      -0.44413927751629501      -0.31678271833164234     
   2.4144144144144146      -0.44805008026736426      -0.31976392457124503     
   2.4184184184184185      -0.45194936786029860      -0.32274196854864923     
   2.4224224224224224      -0.45583704596597779      -0.32571682081289072     
   2.4264264264264264      -0.45971305891252656      -0.32868845194456880     
   2.4304304304304303      -0.46357731703480487      -0.33165683255613876     
   2.4344344344344346      -0.46742976366181466      -0.33462193329220136     
   2.4384384384384385      -0.47127031338380221      -0.33758372482979238     
   2.4424424424424425      -0.47509890892664636      -0.34054217787867352     
   2.4464464464464464      -0.47891546878135938      -0.34349726318162288     
   2.4504504504504503      -0.48271993541339542      -0.34644895151472338     
   2.4544544544544546      -0.48651223090714002      -0.34939721368765092     
   2.4584584584584586      -0.49029229776345584      -0.35234202054396457     
   2.4624624624624625      -0.49406006139393949      -0.35528334296139358     
   2.4664664664664664      -0.49781546458955506      -0.35822115185212722     
   2.4704704704704703      -0.50155843585884818      -0.36115541816310109     
   2.4744744744744747      -0.50528891850152924      -0.36408611287628395     
   2.4784784784784786      -0.50900684392401196      -0.36701320700896528     
   2.4824824824824825      -0.51271215612185661      -0.36993667161404292     
   2.4864864864864864      -0.51640478922727784      -0.37285647778030850     
   2.4904904904904903      -0.52008468809123265      -0.37577259663273233     
   2.4944944944944947      -0.52375178942301182      -0.37868499933275035     
   2.4984984984984986      -0.52740603906447925      -0.38159365707854853     
   2.5025025025025025      -0.53104737617338971      -0.38449854110534887     
   2.5065065065065064      -0.53467574769707871      -0.38739962268569306     
   2.5105105105105103      -0.53829109513044060      -0.39029687312972527     
   2.5145145145145147      -0.54189336662262078      -0.39319026378547894     
   2.5185185185185186      -0.54548250590913894      -0.39607976603915657     
   2.5225225225225225      -0.54905846242145062      -0.39896535131541627     
   2.5265265265265264      -0.55262118205183686      -0.40184699107765126     
   2.5305305305305303      -0.55617061558080982      -0.40472465682827302     
   2.5345345345345347      -0.55970671098432234      -0.40759832010899633     
   2.5385385385385386      -0.56322942044675994      -0.41046795250111373     
   2.5425425425425425      -0.56673869396379939      -0.41333352562578402     
   2.5465465465465464      -0.57023448516817488      -0.41619501114430751     
   2.5505505505505504      -0.57371674601907008      -0.41905238075840956     
   2.5545545545545547      -0.57718543163308789      -0.42190560621051959     
   2.5585585585585586      -0.58064049588321398      -0.42475465928404776     
   2.5625625625625625      -0.58408189539768618      -0.42759951180366890     
   2.5665665665665665      -0.58750958591904900      -0.43044013563559802     
   2.5705705705705704      -0.59092352560823302      -0.43327650268786827     
   2.5745745745745747      -0.59432367203765901      -0.43610858491061100     
   2.5785785785785786      -0.59770998491620331      -0.43893635429633066     
   2.5825825825825826      -0.60108242361026964      -0.44175978288018303     
   2.5865865865865865      -0.60444094938691417      -0.44457884274025233     
   2.5905905905905904      -0.60778552337376113      -0.44739350599782673     
   2.5945945945945947      -0.61111610840193731      -0.45020374481767333     
   2.5985985985985987      -0.61443266733009438      -0.45300953140831385     
   2.6026026026026026      -0.61773516455556443      -0.45581083802230121     
   2.6066066066066065      -0.62102356463992858      -0.45860763695649065     
   2.6106106106106104      -0.62429783354560742      -0.46139990055231678     
   2.6146146146146148      -0.62755793751070754      -0.46418760119606622     
   2.6186186186186187      -0.63080384405880940      -0.46697071131914791     
   2.6226226226226226      -0.63403552107949412      -0.46974920339837051     
   2.6266266266266265      -0.63725293765113677      -0.47252304995621180     
   2.6306306306306309      -0.64045606329081706      -0.47529222356109002     
   2.6346346346346348      -0.64364486862322368      -0.47805669682763591     
   2.6386386386386387      -0.64681932476980064      -0.48081644241696481     
   2.6426426426426426      -0.64997940389123754      -0.48357143303694416     
   2.6466466466466465      -0.65312507869085057      -0.48632164144246637     
   2.6506506506506509      -0.65625632285342961      -0.48906704043571703     
   2.6546546546546548      -0.65937311064215354      -0.49180760286644165     
   2.6586586586586587      -0.66247541725263026      -0.49454330163221849     
   2.6626626626626626      -0.66556321848624955      -0.49727410967872404     
   2.6666666666666665      -0.66863649103495459      -0.49999999999999972     
   2.6706706706706709      -0.67169521221694173      -0.50272094563872161     
   2.6746746746746748      -0.67473936020496572      -0.50543691968646454     
   2.6786786786786787      -0.67776891381278870      -0.50814789528396909     
   2.6826826826826826      -0.68078385267755182      -0.51085384562140823     
   2.6866866866866865      -0.68378415708743856      -0.51355474393865141     
   2.6906906906906909      -0.68676980812676458      -0.51625056352552878     
   2.6946946946946948      -0.68974078753704260      -0.51894127772209564     
   2.6986986986986987      -0.69269707783186696      -0.52162685991889768     
   2.7027027027027026      -0.69563866218499881      -0.52430728355723144     
   2.7067067067067065      -0.69856552452082721      -0.52698252212940910     
   2.7107107107107109      -0.70147764942426416      -0.52965254917902060     
   2.7147147147147148      -0.70437502221149995      -0.53231733830119188     
   2.7187187187187187      -0.70725762885746468      -0.53497686314285131     
   2.7227227227227226      -0.71012545605072197      -0.53763109740298709     
   2.7267267267267266      -0.71297849113504319      -0.54028001483290666     
   2.7307307307307309      -0.71581672215156178      -0.54292358923649919     
   2.7347347347347348      -0.71864013779166536      -0.54556179447049191     
   2.7387387387387387      -0.72144872742893906      -0.54819460444470958     
   2.7427427427427427      -0.72424248108111178      -0.55082199312233360     
   2.7467467467467466      -0.72702138943383854      -0.55344393452015828     
   2.7507507507507509      -0.72978544380987220      -0.55606040270884749     
   2.7547547547547548      -0.73253463618633730      -0.55867137181319182     
   2.7587587587587588      -0.73526895916965840      -0.56127681601236501     
   2.7627627627627627      -0.73798840600765425      -0.56387670954017755     
   2.7667667667667666      -0.74069297056904537      -0.56647102668533345     
   2.7707707707707709      -0.74338264735143489      -0.56905974179168384     
   2.7747747747747749      -0.74605743146444881      -0.57164282925847854     
   2.7787787787787788      -0.74871731863446611      -0.57422026354062317     
   2.7827827827827827      -0.75136230519063385      -0.57679201914892952     
   2.7867867867867866      -0.75399238806703228      -0.57935807065036660     
   2.7907907907907910      -0.75660756479096225      -0.58191839266831491     
   2.7947947947947949      -0.75920783348309950      -0.58447295988281489     
   2.7987987987987988      -0.76179319284756819      -0.58702174703081833     
   2.8028028028028027      -0.76436364217052488      -0.58956472890643896     
   2.8068068068068066      -0.76691918131164183      -0.59210188036120082     
   2.8108108108108110      -0.76945981070146618      -0.59463317630428647     
   2.8148148148148149      -0.77198553133401648      -0.59715859170278585     
   2.8188188188188188      -0.77449634476318852      -0.59967810158194468     
   2.8228228228228227      -0.77699225309623643      -0.60219168102540921     
   2.8268268268268266      -0.77947325898943831      -0.60469930517547521     
   2.8308308308308310      -0.78193936564227906      -0.60720094923333168     
   2.8348348348348349      -0.78439057679255164      -0.60969658845930674     
   2.8388388388388388      -0.78682689671109929      -0.61218619817311326     
   2.8428428428428427      -0.78924833019648322      -0.61466975375409216     
   2.8468468468468466      -0.79165488257017380      -0.61714723064145482     
   2.8508508508508510      -0.79404655967089943      -0.61961860433452842     
   2.8548548548548549      -0.79642336785019652      -0.62208385039299596     
   2.8588588588588588      -0.79878531396651975      -0.62454294443713865     
   2.8628628628628627      -0.80113240538109265      -0.62699586214807834     
   2.8668668668668666      -0.80346464995184141      -0.62944257926801550     
   2.8708708708708710      -0.80578205602949959      -0.63188307160047208     
   2.8748748748748749      -0.80808463245141393      -0.63431731501052735     
   2.8788788788788788      -0.81037238853786975      -0.63674528542506048     
   2.8828828828828827      -0.81264533408580808      -0.63916695883298458     
   2.8868868868868871      -0.81490347936534435      -0.64158231128548815     
   2.8908908908908910      -0.81714683511342667      -0.64399131889626826     
   2.8948948948948949      -0.81937541253053281      -0.64639395784176901     
   2.8988988988988988      -0.82158922327429351      -0.64879020436141721     
   2.9029029029029028      -0.82378827945634969      -0.65118003475785557     
   2.9069069069069071      -0.82597259363596409      -0.65356342539717915     
   2.9109109109109110      -0.82814217881703245      -0.65594035270916740     
   2.9149149149149149      -0.83029704844169061      -0.65831079318751873     
   2.9189189189189189      -0.83243721638748136      -0.66067472339008115     
   2.9229229229229228      -0.83456269696096885      -0.66303211993908662     
   2.9269269269269271      -0.83667350489505199      -0.66538295952137938     
   2.9309309309309310      -0.83876965534260350      -0.66772721888864839     
   2.9349349349349350      -0.84085116387392089      -0.67006487485765742     
   2.9389389389389389      -0.84291804647040336      -0.67239590431047236     
   2.9429429429429428      -0.84497031952214152      -0.67472028419469232     
   2.9469469469469471      -0.84700799982164099      -0.67703799152367616     
   2.9509509509509511      -0.84903110456153796      -0.67934900337676973     
   2.9549549549549550      -0.85103965132839032      -0.68165329689953269     
   2.9589589589589589      -0.85303365810051568      -0.68395084930396566     
   2.9629629629629628      -0.85501314324185540      -0.68624163786873338     
   2.9669669669669672      -0.85697812549993579      -0.68852563993939209     
   2.9709709709709711      -0.85892862399981296      -0.69080283292861111     
   2.9749749749749750      -0.86086465824214842      -0.69307319431639702     
   2.9789789789789789      -0.86278624809726312      -0.69533670165031769     
   2.9829829829829828      -0.86469341380330222      -0.69759333254572287     
   2.9869869869869872      -0.86658617596042342      -0.69984306468596547     
   2.9909909909909911      -0.86846455552903556      -0.70208587582262250     
   2.9949949949949950      -0.87032857382414663      -0.70432174377571644     
   2.9989989989989989      -0.87217825251365577      -0.70655064643393228     
   3.0030030030030028      -0.87401361361288510      -0.70877256175483805     
   3.0070070070070072      -0.87583467948290883      -0.71098746776510247     
   3.0110110110110111      -0.87764147282529503      -0.71319534256071015     
   3.0150150150150150      -0.87943401668044796      -0.71539616430718178     
   3.0190190190190189      -0.88121233442259139      -0.71758991123978788     
   3.0230230230230228      -0.88297644975809664      -0.71977656166376336     
   3.0270270270270272      -0.88472638672074033      -0.72195609395452442     
   3.0310310310310311      -0.88646216966999891      -0.72412848655788031     
   3.0350350350350350      -0.88818382328660450      -0.72629371799024711     
   3.0390390390390389      -0.88989137257078033      -0.72845176683886070     
   3.0430430430430429      -0.89158484283812889      -0.73060261176198871     
   3.0470470470470472      -0.89326425971778600      -0.73274623148913987     
   3.0510510510510511      -0.89492964914866380      -0.73488260482127588     
   3.0550550550550550      -0.89658103737751182      -0.73701171063102133     
   3.0590590590590589      -0.89821845095552544      -0.73913352786287101     
   3.0630630630630629      -0.89984191673631719      -0.74124803553339991     
   3.0670670670670672      -0.90145146187288849      -0.74335521273147032     
   3.0710710710710711      -0.90304711381552472      -0.74545503861843621     
   3.0750750750750750      -0.90462890030910559      -0.74754749242835339     
   3.0790790790790790      -0.90619684939097722      -0.74963255346818258     
   3.0830830830830829      -0.90775098938854426      -0.75171020111799314     
   3.0870870870870872      -0.90929134891718277      -0.75378041483116953     
   3.0910910910910911      -0.91081795687804490      -0.75584317413461222     
   3.0950950950950951      -0.91233084245611229      -0.75789845862894101     
   3.0990990990990990      -0.91383003511808925      -0.75994624798869759     
   3.1031031031031029      -0.91531556461075358      -0.76198652196254535     
   3.1071071071071072      -0.91678746095877017      -0.76401926037346968     
   3.1111111111111112      -0.91824575446352918      -0.76604444311897801     
   3.1151151151151151      -0.91969047570066453      -0.76806205017129969     
   3.1191191191191190      -0.92112165551964498      -0.77007206157758090     
   3.1231231231231229      -0.92253932504070302      -0.77207445746008596     
   3.1271271271271273      -0.92394351565550326      -0.77406921801639050     
   3.1311311311311312      -0.92533425902313071      -0.77605632351957909     
   3.1351351351351351      -0.92671158707223966      -0.77803575431843974     
   3.1391391391391390      -0.92807553199566095      -0.78000749083765863     
   3.1431431431431434      -0.92942612625451049      -0.78197151357801342     
   3.1471471471471473      -0.93076340257090984      -0.78392780311656574     
   3.1511511511511512      -0.93208739393460516      -0.78587634010685492     
   3.1551551551551551      -0.93339813359322121      -0.78781710527908644     
   3.1591591591591590      -0.93469565506200347      -0.78975007944032583     
   3.1631631631631634      -0.93597999211097271      -0.79167524347468532     
   3.1671671671671673      -0.93725117877846120      -0.79359257834351493     
   3.1711711711711712      -0.93850924935447411      -0.79550206508559018     
   3.1751751751751751      -0.93975423839873662      -0.79740368481729929     
   3.1791791791791790      -0.94098618071954754      -0.79929741873283011     
   3.1831831831831834      -0.94220511139705576      -0.80118324810435748     
   3.1871871871871873      -0.94341106575690359      -0.80306115428222580     
   3.1911911911911912      -0.94460407939941704      -0.80493111869513456     
   3.1951951951951951      -0.94578418816740539      -0.80679312285032412     
   3.1991991991991990      -0.94695142818184852      -0.80864714833375495     
   3.2032032032032034      -0.94810583580334729      -0.81049317681029209     
   3.2072072072072073      -0.94924744767472513      -0.81233119002388610     
   3.2112112112112112      -0.95037630067583578      -0.81416116979775310     
   3.2152152152152151      -0.95149243197324029      -0.81598309803455449     
   3.2192192192192191      -0.95259587896838638      -0.81779695671657726     
   3.2232232232232234      -0.95368667935415607      -0.81960272790591171     
   3.2272272272272273      -0.95476487105685537      -0.82140039374462503     
   3.2312312312312312      -0.95583049229894335      -0.82318993645494509     
   3.2352352352352352      -0.95688358153581676      -0.82497133833943015     
   3.2392392392392391      -0.95792417752341397      -0.82674458178114651     
   3.2432432432432434      -0.95895231925148317      -0.82850964924384241     
   3.2472472472472473      -0.95996804601396502      -0.83026652327212114     
   3.2512512512512513      -0.96097139734130155      -0.83201518649161355     
   3.2552552552552552      -0.96196241307055785      -0.83375562160915107     
   3.2592592592592591      -0.96294113328033892      -0.83548781141293604     
   3.2632632632632634      -0.96390759835653406      -0.83721173877271049     
   3.2672672672672673      -0.96486184893456217      -0.83892738663992716     
   3.2712712712712713      -0.96580392595540399      -0.84063473804791811     
   3.2752752752752752      -0.96673387062115379      -0.84233377611206173     
   3.2792792792792791      -0.96765172443471181      -0.84402448402995045     
   3.2832832832832834      -0.96855752917595228      -0.84570684508155636     
   3.2872872872872874      -0.96945132691710378      -0.84738084262939606     
   3.2912912912912913      -0.97033316002816627      -0.84904646011869733     
   3.2952952952952952      -0.97120307115872517      -0.85070368107756111     
   3.2992992992992991      -0.97206110328246675      -0.85235248911712369     
   3.3033033033033035      -0.97290729963505673      -0.85399286793172058     
   3.3073073073073074      -0.97374170380858205      -0.85562480129904661     
   3.3113113113113113      -0.97456435963432431      -0.85724827308031681     
   3.3153153153153152      -0.97537531133851896      -0.85886326722042616     
   3.3193193193193191      -0.97617460335858963      -0.86046976774810746     
   3.3233233233233235      -0.97696228057153323      -0.86206775877609132     
   3.3273273273273274      -0.97773838803266022      -0.86365722450126015     
   3.3313313313313313      -0.97850297128696562      -0.86523814920480790     
   3.3353353353353352      -0.97925607602091580      -0.86681051725239255     
   3.3393393393393391      -0.97999774846505838      -0.86837431309429247     
   3.3433433433433435      -0.98072803495219751      -0.86992952126555956     
   3.3473473473473474      -0.98144698241589190      -0.87147612638617244     
   3.3513513513513513      -0.98215463785284418      -0.87301411316118827     
   3.3553553553553552      -0.98285104891652209      -0.87454346638089397     
   3.3593593593593591      -0.98353626328801569      -0.87606417092095756     
   3.3633633633633635      -0.98421032935647967      -0.87757621174257716     
   3.3673673673673674      -0.98487329551141323      -0.87907957389262847     
   3.3713713713713713      -0.98552521089170197      -0.88057424250381433     
   3.3753753753753752      -0.98616612462347975      -0.88206020279481123     
   3.3793793793793796      -0.98679608660702478      -0.88353744007041513     
   3.3833833833833835      -0.98741514673820907      -0.88500593972168740     
   3.3873873873873874      -0.98802335568733690      -0.88646568722609875     
   3.3913913913913913      -0.98862076415864231      -0.88791666814767278     
   3.3953953953953953      -0.98920742359749270      -0.88935886813712972     
   3.3993993993993996      -0.98978338556115486      -0.89079227293202790     
   3.4034034034034035      -0.99034870227107596      -0.89221686835690339     
   3.4074074074074074      -0.99090342618861060      -0.89363264032341194     
   3.4114114114114114      -0.99144761030810513      -0.89503957483046781     
   3.4154154154154153      -0.99198130805245921      -0.89643765796438168     
   3.4194194194194196      -0.99250457318174534      -0.89782687589899912     
   3.4234234234234235      -0.99301746014384185      -0.89920721489583688     
   3.4274274274274275      -0.99352002345410539      -0.90057866130421815     
   3.4314314314314314      -0.99401231865376560      -0.90194120156140900     
   3.4354354354354353      -0.99449440100116537      -0.90329482219275192     
   3.4394394394394396      -0.99496632720238831      -0.90463950981179775     
   3.4434434434434436      -0.99542815324688816      -0.90597525112043964     
   3.4474474474474475      -0.99587993707745370      -0.90730203290904421     
   3.4514514514514514      -0.99632173540651381      -0.90861984205658186     
   3.4554554554554553      -0.99675360748188413      -0.90992866553075646     
   3.4594594594594597      -0.99717561073907302      -0.91122849038813580     
   3.4634634634634636      -0.99758780579056128      -0.91251930377427593     
   3.4674674674674675      -0.99799025080908343      -0.91380109292385281     
   3.4714714714714714      -0.99838300781627409      -0.91507384516078560     
   3.4754754754754753      -0.99876613575739315      -0.91633754789836286     
   3.4794794794794797      -0.99913969808480763      -0.91759218863936631     
   3.4834834834834836      -0.99950375458111118      -0.91883775497619591     
   3.4874874874874875      -0.99985837011915657      -0.92007423459099136     
   3.4914914914914914       -1.0002036054225083      -0.92130161525575383     
   3.4954954954954953       -1.0005395267327819      -0.92251988483246850     
   3.4994994994994997       -1.0008661958667793      -0.92372903127322248     
   3.5035035035035036       -1.0011836803318486      -0.92492904262032472     
   3.5075075075075075       -1.0014920432484791      -0.92611990700642566     
   3.5115115115115114       -1.0017913532263472      -0.92730161265463207     
   3.5155155155155153       -1.0020816749664390      -0.92847414787862559     
   3.5195195195195197       -1.0023630779499511      -0.92963750108277710     
   3.5235235235235236       -1.0026356288069089      -0.93079166076226205     
   3.5275275275275275       -1.0028993975884608      -0.93193661550317375     
   3.5315315315315314       -1.0031544532746399      -0.93307235398263721     
   3.5355355355355353       -1.0034008661166269      -0.93419886496891946     
   3.5395395395395397       -1.0036387079315974      -0.93531613732154262     
   3.5435435435435436       -1.0038680487430858      -0.93642415999139206     
   3.5475475475475475       -1.0040889637429369      -0.93752292202082732     
   3.5515515515515514       -1.0043015222630811      -0.93861241254378924     
   3.5555555555555554       -1.0045058034298775      -0.93969262078590843     
   3.5595595595595597       -1.0047018754185677      -0.94076353606461116     
   3.5635635635635636       -1.0048898218290496      -0.94182514778922477     
   3.5675675675675675       -1.0050697092651697      -0.94287744546108421     
   3.5715715715715715       -1.0052416262579673      -0.94392041867363274     
   3.5755755755755754       -1.0054056375453673      -0.94495405711252811     
   3.5795795795795797       -1.0055618368861727      -0.94597835055574231     
   3.5835835835835836       -1.0057102870671055      -0.94699328887366330     
   3.5875875875875876       -1.0058510871117416      -0.94799886202919548     
   3.5915915915915915       -1.0059842980868712      -0.94899506007785894     
   3.5955955955955954       -1.0061100239427829      -0.94998187316788696     
   3.5995995995995997       -1.0062283246960486      -0.95095929154032532     
   3.6036036036036037       -1.0063393083836696      -0.95192730552912663     
   3.6076076076076076       -1.0064430352091982      -0.95288590556124664     
   3.6116116116116115       -1.0065396158257474      -0.95383508215674029     
   3.6156156156156154       -1.0066291125526219      -0.95477482592885354     
   3.6196196196196198       -1.0067116364423112      -0.95570512758411708     
   3.6236236236236237       -1.0067872546514329      -0.95662597792243798     
   3.6276276276276276       -1.0068560755876064      -0.95753736783719101     
   3.6316316316316315       -1.0069181748131302      -0.95843928831530878     
   3.6356356356356359       -1.0069736541995511      -0.95933173043737030     
   3.6396396396396398       -1.0070226021056323      -0.96021468537768961     
   3.6436436436436437       -1.0070651092056222      -0.96108814440440271     
   3.6476476476476476       -1.0071012817277361      -0.96195209887955480     
   3.6516516516516515       -1.0071311939309795      -0.96280654025918444     
   3.6556556556556559       -1.0071549753702360      -0.96365146009340885     
   3.6596596596596598       -1.0071726785073203      -0.96448685002650714     
   3.6636636636636637       -1.0071844615663670      -0.96531270179700357     
   3.6676676676676676       -1.0071903502799295      -0.96612900723774797     
   3.6716716716716715       -1.0071905360311044      -0.96693575827599820     
   3.6756756756756759       -1.0071850140180432      -0.96773294693349898     
   3.6796796796796798       -1.0071740110019896      -0.96852056532655983     
   3.6836836836836837       -1.0071574912734591      -0.96929860566613557     
   3.6876876876876876       -1.0071357169069370      -0.97006706025790090     
   3.6916916916916915       -1.0071086235156597      -0.97082592150232783     
   3.6956956956956959       -1.0070765031876081      -0.97157518189476044     
   3.6996996996996998       -1.0070392709323581      -0.97231483402548924     
   3.7037037037037037       -1.0069972377135725      -0.97304487057982392     
   3.7077077077077076       -1.0069503127994892      -0.97376528433816678     
   3.7117117117117115       -1.0068988071221778      -0.97447606817608323     
   3.7157157157157159       -1.0068426475907686      -0.97517721506437227     
   3.7197197197197198       -1.0067821173433287      -0.97586871806913611     
   3.7237237237237237       -1.0067171930982617      -0.97655057035184933     
   3.7277277277277276       -1.0066480938387183      -0.97722276516942586     
   3.7317317317317316       -1.0065748867060722      -0.97788529587428519     
   3.7357357357357359       -1.0064976820129379      -0.97853815591441973     
   3.7397397397397398       -1.0064166851505214      -0.97918133883345804     
   3.7437437437437437       -1.0063318478802168      -0.97981483827072935     
   3.7477477477477477       -1.0062435644807510      -0.98043864796132674     
   3.7517517517517516       -1.0061515782231305      -0.98105276173616807     
   3.7557557557557559       -1.0060565199844154      -0.98165717352205806     
   3.7597597597597598       -1.0059578813861731      -0.98225187734174813     
   3.7637637637637638       -1.0058565655752243      -0.98283686731399489     
   3.7677677677677677       -1.0057517875816595      -0.98341213765361879     
   3.7717717717717716       -1.0056447338264343      -0.98397768267156138     
   3.7757757757757759       -1.0055343492564996      -0.98453349677494195     
   3.7797797797797799       -1.0054220753233170      -0.98507957446711136     
   3.7837837837837838       -1.0053066413804388      -0.98561591034770824     
   3.7877877877877877       -1.0051896588025180      -0.98614249911271146     
   3.7917917917917916       -1.0050697611903028      -0.98665933555449192     
   3.7957957957957960       -1.0049485709078514      -0.98716641456186571     
   3.7997997997997999       -1.0048248277306833      -0.98766373112014327     
   3.8038038038038038       -1.0046999169638189      -0.98815128031117960     
   3.8078078078078077       -1.0045729805837873      -0.98862905731342254     
   3.8118118118118116       -1.0044448217726056      -0.98909705740196108     
   3.8158158158158160       -1.0043153776748779      -0.98955527594857173     
   3.8198198198198199       -1.0041844317637274      -0.99000370842176366     
   3.8238238238238238       -1.0040531922710290      -0.99044235038682449     
   3.8278278278278277       -1.0039199177498017      -0.99087119750586350     
   3.8318318318318316       -1.0037876082866473      -0.99129024553785516     
   3.8358358358358360       -1.0036524789973416      -0.99169949033868066     
   3.8398398398398399       -1.0035198144410740      -0.99209892786116838     
   3.8438438438438438       -1.0033833485984485      -0.99248855415513493     
   3.8478478478478477       -1.0032509971920660      -0.99286836536742351     
   3.8518518518518516       -1.0031137994578365      -0.99323835774194280     
   3.8558558558558560       -1.0029823325412799      -0.99359852761970280     
   3.8598598598598599       -1.0028451506467568      -0.99394887143885202     
   3.8638638638638638       -1.0027149781943940      -0.99428938573471282     
   3.8678678678678677       -1.0025787724954192      -0.99462006713981466     
   3.8718718718718717       -1.0024500676211574      -0.99494091238392857     
   3.8758758758758760       -1.0023160880675976      -0.99525191829409909     
   3.8798798798798799       -1.0021887090970822      -0.99555308179467450     
   3.8838838838838838       -1.0020585673708982      -0.99584439990733942     
   3.8878878878878878       -1.0019319942453762      -0.99612586975114281     
   3.8918918918918921       -1.0018077085622716      -0.99639748854252641     
   3.8958958958958960       -1.0016810227011614      -0.99665925359535279     
   3.8998998998998999       -1.0015649986389044      -0.99691116232093191     
   3.9039039039039038       -1.0014369516083448      -0.99715321222804643     
   3.9079079079079078       -1.0013318438119678      -0.99738540092297623     
   3.9119119119119121       -1.0012010805550740      -0.99760772610952264     
   3.9159159159159160       -1.0011094582518785      -0.99782018558903074     
   3.9199199199199199       -1.0009749832482759      -0.99802277726041111     
   3.9239239239239239       -1.0008987005233898      -0.99821549912016083     
   3.9279279279279278       -1.0007606946431469      -0.99839834926238302     
   3.9319319319319321       -1.0006998523485073      -0.99857132587880604     
   3.9359359359359360       -1.0005609529976107      -0.99873442725880057     
   3.9399399399399400       -1.0005123493001293      -0.99888765178939798     
   3.9439439439439439       -1.0003794739414764      -0.99903099795530448     
   3.9479479479479478       -1.0003345055783928      -0.99916446433891781     
   3.9519519519519521       -1.0002211878829832      -0.99928804962034024     
   3.9559559559559561       -1.0001633385832229      -0.99940175257739150     
   3.9599599599599600       -1.0000922854692837      -0.99950557208562174     
   3.9639639639639639      -0.99999471523144656      -0.99959950711832180     
   3.9679679679679678      -0.99999975984521083      -0.99968355674653397     
   3.9719719719719722      -0.99982424484975463      -0.99975772013906072     
   3.9759759759759761      -0.99994986314361811      -0.99982199656247328     
   3.9799799799799800      -0.99964968499989659      -0.99987638538111856     
   3.9839839839839839      -0.99994443368965624      -0.99992088605712559     
   3.9879879879879878      -0.99947619973636803      -0.99995549815041107     
   3.9919919919919922      -0.99997364245416265      -0.99998022131868336     
   3.9959959959959961      -0.99933111129845686      -0.99999505531744570     
   4.0000000000000000       -1.0000000000000000       -1.0000000000000000     
