   0.0000000000000000        1.0000000000000000       0.99999999999999989     
   4.0040040040040040E-003   1.0002521866162999       0.99999505531744592     
   8.0080080080080079E-003   1.0000027065851838       0.99998022131868325     
   1.2012012012012012E-002   1.0002549137071310       0.99995549815041107     
   1.6016016016016016E-002   1.0000466715232437       0.99992088605712559     
   2.0020020020020020E-002   1.0002123432308700       0.99987638538111856     
   2.4024024024024024E-002   1.0000792597673265       0.99982199656247328     
   2.8028028028028028E-002   1.0001570154038688       0.99975772013906072     
   3.2032032032032032E-002   1.0000916046578274       0.99968355674653397     
   3.6036036036036036E-002   1.0000990738997455       0.99959950711832180     
   4.0040040040040040E-002   1.0000785142587496       0.99950557208562174     
   4.4044044044044044E-002   1.0000415914462009       0.99940175257739161     
   4.8048048048048048E-002   1.0000410564979951       0.99928804962034012     
   5.2052052052052052E-002  0.99998282604785504       0.99916446433891792     
   5.6056056056056056E-002  0.99998350413898418       0.99903099795530459     
   6.0060060060060060E-002  0.99991946809983934       0.99888765178939798     
   6.4064064064064064E-002  0.99991063434392524       0.99873442725880068     
   6.8068068068068074E-002  0.99984866044401743       0.99857132587880615     
   7.2072072072072071E-002  0.99982635474792347       0.99839834926238324     
   7.6076076076076082E-002  0.99976876530250636       0.99821549912016094     
   8.0080080080080079E-002  0.99973335957921161       0.99802277726041122     
   8.4084084084084090E-002  0.99967936608740271       0.99782018558903074     
   8.8088088088088087E-002  0.99963332051536824       0.99760772610952264     
   9.2092092092092098E-002  0.99958094631037497       0.99738540092297623     
   9.6096096096096095E-002  0.99952724615785860       0.99715321222804643     
  0.10010010010010011       0.99947451781886043       0.99691116232093191     
  0.10410410410410410       0.99941581475758734       0.99665925359535279     
  0.10810810810810811       0.99936132313908799       0.99639748854252641     
  0.11211211211211211       0.99929960831583520       0.99612586975114281     
  0.11611611611611612       0.99924264431261034       0.99584439990733964     
  0.12012012012012012       0.99917924375087575       0.99555308179467450     
  0.12412412412412413       0.99911970444459675       0.99525191829409887     
  0.12812812812812813       0.99905542570957551       0.99494091238392868     
  0.13213213213213212       0.99899363358035675       0.99462006713981466     
  0.13613613613613615       0.99892895026178119       0.99428938573471282     
  0.14014014014014015       0.99886547102671575       0.99394887143885213     
  0.14414414414414414       0.99880068423517987       0.99359852761970280     
  0.14814814814814814       0.99873618333429692       0.99323835774194291     
  0.15215215215215216       0.99867153684958287       0.99286836536742373     
  0.15615615615615616       0.99860668497204175       0.99248855415513493     
  0.16016016016016016       0.99854243309894264       0.99209892786116838     
  0.16416416416416416       0.99847785537339273       0.99169949033868066     
  0.16816816816816818       0.99841429308198604       0.99129024553785539     
  0.17217217217217218       0.99835054992140193       0.99087119750586361     
  0.17617617617617617       0.99828801769702924       0.99044235038682449     
  0.18018018018018017       0.99822560539012317       0.99000370842176388     
  0.18418418418418420       0.99816448008550118       0.98955527594857196     
  0.18818818818818819       0.99810384092530668       0.98909705740196130     
  0.19219219219219219       0.99804452113660225       0.98862905731342254     
  0.19619619619619619       0.99798605628424930       0.98815128031117949     
  0.20020020020020021       0.99792894753200523       0.98766373112014327     
  0.20420420420420421       0.99787302880891338       0.98716641456186571     
  0.20820820820820821       0.99781853124993780       0.98665933555449203     
  0.21221221221221220       0.99776550977261402       0.98614249911271146     
  0.21621621621621623       0.99771400940019084       0.98561591034770846     
  0.22022022022022023       0.99766422098079732       0.98507957446711159     
  0.22422422422422422       0.99761608433759830       0.98453349677494206     
  0.22822822822822822       0.99756985208663806       0.98397768267156138     
  0.23223223223223224       0.99752542352833118       0.98341213765361868     
  0.23623623623623624       0.99748305818760141       0.98283686731399489     
  0.24024024024024024       0.99744265909136143       0.98225187734174813     
  0.24424424424424424       0.99740445838190217       0.98165717352205828     
  0.24824824824824826       0.99736838745857248       0.98105276173616818     
  0.25225225225225223       0.99733463449795479       0.98043864796132674     
  0.25625625625625625       0.99730316860611223       0.97981483827072957     
  0.26026026026026028       0.99727413046332924       0.97918133883345804     
  0.26426426426426425       0.99724752563548325       0.97853815591441973     
  0.26826826826826827       0.99722345184690830       0.97788529587428519     
  0.27227227227227230       0.99720194401634288       0.97722276516942586     
  0.27627627627627627       0.99718306570452275       0.97655057035184956     
  0.28028028028028029       0.99716687143781080       0.97586871806913633     
  0.28428428428428426       0.99715340040330536       0.97517721506437238     
  0.28828828828828829       0.99714271732671722       0.97447606817608334     
  0.29229229229229231       0.99713484586840717       0.97376528433816700     
  0.29629629629629628       0.99712985284356703       0.97304487057982403     
  0.30030030030030030       0.99712775354319605       0.97231483402548924     
  0.30430430430430433       0.99712861092924665       0.97157518189476044     
  0.30830830830830830       0.99713243644226901       0.97082592150232794     
  0.31231231231231232       0.99713928582849776       0.97006706025790113     
  0.31631631631631629       0.99714916979089530       0.96929860566613568     
  0.32032032032032032       0.99716213461816916       0.96852056532656006     
  0.32432432432432434       0.99717819160347643       0.96773294693349898     
  0.32832832832832831       0.99719737711616818       0.96693575827599854     
  0.33233233233233234       0.99721970299589269       0.96612900723774819     
  0.33633633633633636       0.99724519624921437       0.96531270179700357     
  0.34034034034034033       0.99727386869450452       0.96448685002650714     
  0.34434434434434436       0.99730573877080220       0.96365146009340885     
  0.34834834834834832       0.99734081750851644       0.96280654025918455     
  0.35235235235235235       0.99737911592889350       0.96195209887955491     
  0.35635635635635637       0.99742064313674639       0.96108814440440293     
  0.36036036036036034       0.99746540403336981       0.96021468537768961     
  0.36436436436436437       0.99751340487661166       0.95933173043737041     
  0.36836836836836839       0.99756464535240463       0.95843928831530878     
  0.37237237237237236       0.99761912830266375       0.95753736783719101     
  0.37637637637637639       0.99767684889769437       0.95662597792243798     
  0.38038038038038036       0.99773780612105267       0.95570512758411708     
  0.38438438438438438       0.99780199125919666       0.95477482592885377     
  0.38838838838838841       0.99786939904663075       0.95383508215674051     
  0.39239239239239238       0.99794001740407046       0.95288590556124697     
  0.39639639639639640       0.99801383670044375       0.95192730552912663     
  0.40040040040040042       0.99809084166670958       0.95095929154032544     
  0.40440440440440439       0.99817101844933165       0.94998187316788707     
  0.40840840840840842       0.99825434861502027       0.94899506007785894     
  0.41241241241241239       0.99834081432191679       0.94799886202919548     
  0.41641641641641641       0.99843039403866130       0.94699328887366341     
  0.42042042042042044       0.99852306602871876       0.94597835055574242     
  0.42442442442442441       0.99861880579746864       0.94495405711252856     
  0.42842842842842843       0.99871758784166920       0.94392041867363297     
  0.43243243243243246       0.99881938479227206       0.94287744546108421     
  0.43643643643643643       0.99892416760492664       0.94182514778922499     
  0.44044044044044045       0.99903190597257985       0.94076353606461094     
  0.44444444444444442       0.99914256761260711       0.93969262078590843     
  0.44844844844844844       0.99925611923830060       0.93861241254378935     
  0.45245245245245247       0.99937252558300360       0.93752292202082743     
  0.45645645645645644       0.99949175040843252       0.93642415999139239     
  0.46046046046046046       0.99961375562065846       0.93531613732154295     
  0.46446446446446449       0.99973850214700466       0.93419886496891991     
  0.46846846846846846       0.99986594915510107       0.93307235398263733     
  0.47247247247247248       0.99999605488060972       0.93193661550317397     
  0.47647647647647645        1.0001287758392579       0.93079166076226205     
  0.48048048048048048        1.0002640677169234       0.92963750108277710     
  0.48448448448448450        1.0004018844889258       0.92847414787862570     
  0.48848848848848847        1.0005421793705362       0.92730161265463229     
  0.49249249249249250        1.0006849039522023       0.92611990700642588     
  0.49649649649649652        1.0008300090432765       0.92492904262032505     
  0.50050050050050054        1.0009774439876291       0.92372903127322259     
  0.50450450450450446        1.0011271572793972       0.92251988483246872     
  0.50850850850850848        1.0012790961323612       0.92130161525575405     
  0.51251251251251251        1.0014332068077769       0.92007423459099136     
  0.51651651651651653        1.0015894345171723       0.91883775497619602     
  0.52052052052052056        1.0017477234069756       0.91759218863936653     
  0.52452452452452447        1.0019080167237171       0.91633754789836308     
  0.52852852852852850        1.0020702566555639       0.91507384516078605     
  0.53253253253253252        1.0022343845480310       0.91380109292385314     
  0.53653653653653655        1.0024003407417068       0.91251930377427604     
  0.54054054054054057        1.0025680647687001       0.91122849038813569     
  0.54454454454454460        1.0027374952164305       0.90992866553075669     
  0.54854854854854851        1.0029085698908624       0.90861984205658186     
  0.55255255255255253        1.0030812257225392       0.90730203290904443     
  0.55655655655655656        1.0032553988601254       0.90597525112043986     
  0.56056056056056058        1.0034310246853475       0.90463950981179786     
  0.56456456456456461        1.0036080377756254       0.90329482219275237     
  0.56856856856856852        1.0037863720155671       0.90194120156140967     
  0.57257257257257255        1.0039659605243769       0.90057866130421826     
  0.57657657657657657        1.0041467357467804       0.89920721489583666     
  0.58058058058058060        1.0043286294315079       0.89782687589899912     
  0.58458458458458462        1.0045115726568388       0.89643765796438168     
  0.58858858858858853        1.0046954958715149       0.89503957483046792     
  0.59259259259259256        1.0048803288649146       0.89363264032341216     
  0.59659659659659658        1.0050660008497121       0.89221686835690384     
  0.60060060060060061        1.0052524404009722       0.89079227293202834     
  0.60460460460460463        1.0054395755565697       0.88935886813713039     
  0.60860860860860866        1.0056273337468864       0.88791666814767300     
  0.61261261261261257        1.0058156418946917       0.88646568722609853     
  0.61661661661661660        1.0060044263500167       0.88500593972168740     
  0.62062062062062062        1.0061936129784199       0.88353744007041513     
  0.62462462462462465        1.0063831271089541       0.88206020279481145     
  0.62862862862862867        1.0065728936058127       0.88057424250381455     
  0.63263263263263259        1.0067628368319479       0.87907957389262892     
  0.63663663663663661        1.0069528807034582       0.87757621174257761     
  0.64064064064064064        1.0071429486680614       0.87606417092095823     
  0.64464464464464466        1.0073329637439330       0.87454346638089420     
  0.64864864864864868        1.0075228485109364       0.87301411316118804     
  0.65265265265265260        1.0077125251363515       0.87147612638617244     
  0.65665665665665662        1.0079019153758926       0.86992952126555978     
  0.66066066066066065        1.0080909405900131       0.86837431309429269     
  0.66466466466466467        1.0082795217502598       0.86681051725239278     
  0.66866866866866870        1.0084675794515865       0.86523814920480835     
  0.67267267267267272        1.0086550339173390       0.86365722450126059     
  0.67667667667667664        1.0088418050158758       0.86206775877609154     
  0.68068068068068066        1.0090278122542267       0.86046976774810768     
  0.68468468468468469        1.0092129748106129       0.85886326722042616     
  0.68868868868868871        1.0093972115036343       0.85724827308031681     
  0.69269269269269274        1.0095804408554880       0.85562480129904683     
  0.69669669669669665        1.0097625810202513       0.85399286793172080     
  0.70070070070070067        1.0099435498957439       0.85235248911712413     
  0.70470470470470470        1.0101232649917897       0.85070368107756156     
  0.70870870870870872        1.0103016436105110       0.84904646011869800     
  0.71271271271271275        1.0104786026348584       0.84738084262939628     
  0.71671671671671666        1.0106540587961197       0.84570684508155602     
  0.72072072072072069        1.0108279283662698       0.84402448402995045     
  0.72472472472472471        1.0110001275248903       0.84233377611206173     
  0.72872872872872874        1.0111705719496800       0.84063473804791822     
  0.73273273273273276        1.0113391772793079       0.83892738663992727     
  0.73673673673673679        1.0115058586181334       0.83721173877271082     
  0.74074074074074070        1.0116705310620007       0.83548781141293649     
  0.74474474474474472        1.0118331091725170       0.83375562160915173     
  0.74874874874874875        1.0119935074818074       0.83201518649161366     
  0.75275275275275277        1.0121516400561819       0.83026652327212069     
  0.75675675675675680        1.0123074208146117       0.82850964924384218     
  0.76076076076076071        1.0124607633874256       0.82674458178114663     
  0.76476476476476474        1.0126115810626284       0.82497133833943037     
  0.76876876876876876        1.0127597870147385       0.82318993645494531     
  0.77277277277277279        1.0129052939422130       0.82140039374462548     
  0.77677677677677681        1.0130480145136138       0.81960272790591149     
  0.78078078078078073        1.0131878608818519       0.81779695671657793     
  0.78478478478478475        1.0133247451604412       0.81598309803455460     
  0.78878878878878878        1.0134585789966795       0.81416116979775299     
  0.79279279279279280        1.0135892738897556       0.81233119002388599     
  0.79679679679679682        1.0137167410336574       0.81049317681029232     
  0.80080080080080085        1.0138408912277028       0.80864714833375506     
  0.80480480480480476        1.0139616352771188       0.80679312285032445     
  0.80880880880880879        1.0140788832196268       0.80493111869513490     
  0.81281281281281281        1.0141925454566718       0.80306115428222591     
  0.81681681681681684        1.0143025313102967       0.80118324810435759     
  0.82082082082082086        1.0144087506483199       0.79929741873283022     
  0.82482482482482478        1.0145111121817496       0.79740368481729917     
  0.82882882882882880        1.0146095251038367       0.79550206508558996     
  0.83283283283283283        1.0147038976149141       0.79359257834351515     
  0.83683683683683685        1.0147941380792682       0.79167524347468543     
  0.84084084084084088        1.0148801542753165       0.78975007944032627     
  0.84484484484484490        1.0149618536709026       0.78781710527908688     
  0.84884884884884881        1.0150391435428405       0.78587634010685514     
  0.85285285285285284        1.0151119305603897       0.78392780311656585     
  0.85685685685685686        1.0151801212889329       0.78197151357801298     
  0.86086086086086089        1.0152436217613952       0.78000749083765841     
  0.86486486486486491        1.0153023376000794       0.77803575431843952     
  0.86886886886886883        1.0153561743386754       0.77605632351957921     
  0.87287287287287285        1.0154050365290685       0.77406921801639061     
  0.87687687687687688        1.0154488291450323       0.77207445746008641     
  0.88088088088088090        1.0154874557595197       0.77007206157758135     
  0.88488488488488493        1.0155208205285449       0.76806205017129980     
  0.88888888888888884        1.0155488262471859       0.76604444311897812     
  0.89289289289289286        1.0155713759583673       0.76401926037346957     
  0.89689689689689689        1.0155883718247334       0.76198652196254524     
  0.90090090090090091        1.0155997157186760       0.75994624798869781     
  0.90490490490490494        1.0156053089359671       0.75789845862894112     
  0.90890890890890896        1.0156050524194151       0.75584317413461199     
  0.91291291291291288        1.0155988469637414       0.75378041483116964     
  0.91691691691691690        1.0155865920525939       0.75171020111799358     
  0.92092092092092093        1.0155681872300171       0.74963255346818269     
  0.92492492492492495        1.0155435309006740       0.74754749242835361     
  0.92892892892892898        1.0155125214387772       0.74545503861843632     
  0.93293293293293289        1.0154750561035379       0.74335521273147021     
  0.93693693693693691        1.0154310320371853       0.74124803553340046     
  0.94094094094094094        1.0153803452836847       0.73913352786287123     
  0.94494494494494496        1.0153228916869343       0.73701171063102144     
  0.94894894894894899        1.0152585660020983       0.73488260482127599     
  0.95295295295295290        1.0151872627042311       0.73274623148913998     
  0.95695695695695693        1.0151088751823965       0.73060261176198882     
  0.96096096096096095        1.0150232964678996       0.72845176683886093     
  0.96496496496496498        1.0149304185024743       0.72629371799024722     
  0.96896896896896900        1.0148301327943867       0.72412848655788020     
  0.97297297297297303        1.0147223297526986       0.72195609395452465     
  0.97697697697697694        1.0146068992787813       0.71977656166376347     
  0.98098098098098097        1.0144837301594745       0.71758991123978799     
  0.98498498498498499        1.0143527106007602       0.71539616430718200     
  0.98898898898898902        1.0142137276733536       0.71319534256071038     
  0.99299299299299304        1.0140666677945605       0.71098746776510235     
  0.99699699699699695        1.0139114162205110       0.70877256175483849     
   1.0010010010010011        1.0137478574816623       0.70655064643393239     
   1.0050050050050050        1.0135758749164554       0.70432174377571666     
   1.0090090090090089        1.0133953510652631       0.70208587582262261     
   1.0130130130130131        1.0132061672408794       0.69984306468596524     
   1.0170170170170170        1.0130082038852450       0.69759333254572309     
   1.0210210210210211        1.0128013401725502       0.69533670165031780     
   1.0250250250250250        1.0125854543326411       0.69307319431639725     
   1.0290290290290289        1.0123604232829795       0.69080283292861089     
   1.0330330330330331        1.0121261229222600       0.68852563993939231     
   1.0370370370370370        1.0118824277877589       0.68624163786873360     
   1.0410410410410411        1.0116292113224044       0.68395084930396588     
   1.0450450450450450        1.0113663455543795       0.68165329689953280     
   1.0490490490490489        1.0110937013405012       0.67934900337676996     
   1.0530530530530531        1.0108111480653388       0.67703799152367639     
   1.0570570570570570        1.0105185538634434       0.67472028419469277     
   1.0610610610610611        1.0102157853354363       0.67239590431047247     
   1.0650650650650650        1.0099027077515064       0.67006487485765720     
   1.0690690690690692        1.0095791847820712       0.66772721888864850     
   1.0730730730730731        1.0092450786847744       0.66538295952137927     
   1.0770770770770770        1.0089002500475051       0.66303211993908673     
   1.0810810810810811        1.0085445579609889       0.66067472339008138     
   1.0850850850850851        1.0081778597720765       0.65831079318751895     
   1.0890890890890892        1.0078000112438281       0.65594035270916762     
   1.0930930930930931        1.0074108663172947       0.65356342539717938     
   1.0970970970970970        1.0070102772606540       0.65118003475785569     
   1.1011011011011012        1.0065980944380029       0.64879020436141710     
   1.1051051051051051        1.0061741664488650       0.64639395784176923     
   1.1091091091091092        1.0057383399027666       0.64399131889626848     
   1.1131131131131131        1.0052904595501861       0.64158231128548826     
   1.1171171171171170        1.0048303680618480       0.63916695883298480     
   1.1211211211211212        1.0043579061521257       0.63674528542506059     
   1.1251251251251251        1.0038729123620660       0.63431731501052790     
   1.1291291291291292        1.0033752231761714       0.63188307160047219     
   1.1331331331331331        1.0028646728082642       0.62944257926801572     
   1.1371371371371370        1.0023410933124279       0.62699586214807856     
   1.1411411411411412        1.0018043143710293       0.62454294443713887     
   1.1451451451451451        1.0012541634004364       0.62208385039299618     
   1.1491491491491492        1.0006904653406581       0.61961860433452864     
   1.1531531531531531        1.0001130427563114       0.61714723064145538     
   1.1571571571571571       0.99952171562747483       0.61466975375409227     
   1.1611611611611612       0.99891630144631394       0.61218619817311382     
   1.1651651651651651       0.99829661500887534       0.60969658845930685     
   1.1691691691691692       0.99766246850752804       0.60720094923333146     
   1.1731731731731732       0.99701367132376639       0.60469930517547543     
   1.1771771771771771       0.99635003011631229       0.60219168102540976     
   1.1811811811811812       0.99567134861531825       0.59967810158194490     
   1.1851851851851851       0.99497742770571440       0.59715859170278607     
   1.1891891891891893       0.99426806522334854       0.59463317630428669     
   1.1931931931931932       0.99354305603313808       0.59210188036120104     
   1.1971971971971973       0.99280219182782392       0.58956472890643952     
   1.2012012012012012       0.99204526120020775       0.58702174703081855     
   1.2052052052052051       0.99127204944558367       0.58447295988281511     
   1.2092092092092093       0.99048233862694779       0.58191839266831502     
   1.2132132132132132       0.98967590738261679       0.57935807065036715     
   1.2172172172172173       0.98885253098292436       0.57679201914892964     
   1.2212212212212212       0.98801198114485189       0.57422026354062339     
   1.2252252252252251       0.98715402607845348       0.57164282925847876     
   1.2292292292292293       0.98627843031068962       0.56905974179168362     
   1.2332332332332332       0.98538495471946175       0.56647102668533400     
   1.2372372372372373       0.98447335636922539       0.56387670954017777     
   1.2412412412412412       0.98354338853014633       0.56127681601236523     
   1.2452452452452452       0.98259480052857362       0.55867137181319193     
   1.2492492492492493       0.98162733774820521       0.55606040270884771     
   1.2532532532532532       0.98064074149930236       0.55344393452015839     
   1.2572572572572573       0.97963474899794190       0.55082199312233371     
   1.2612612612612613       0.97860909325867684       0.54819460444470980     
   1.2652652652652652       0.97756350304723560       0.54556179447049202     
   1.2692692692692693       0.97649770280204806       0.54292358923649942     
   1.2732732732732732       0.97541141255509600       0.54028001483290677     
   1.2772772772772774       0.97430434788846509       0.53763109740298687     
   1.2812812812812813       0.97317621981725255       0.53497686314285187     
   1.2852852852852852       0.97202673478827961       0.53231733830119210     
   1.2892892892892893       0.97085559451794179       0.52965254917902038     
   1.2932932932932932       0.96966249604136545       0.52698252212940966     
   1.2972972972972974       0.96844713149693284       0.52430728355723166     
   1.3013013013013013       0.96720918823537638       0.52162685991889790     
   1.3053053053053052       0.96594834854161260       0.51894127772209575     
   1.3093093093093093       0.96466428981439778       0.51625056352552856     
   1.3133133133133132       0.96335668421493004       0.51355474393865164     
   1.3173173173173174       0.96202519892908434       0.51085384562140879     
   1.3213213213213213       0.96066949573081106       0.50814789528396931     
   1.3253253253253254       0.95928923134046729       0.50543691968646431     
   1.3293293293293293       0.95788405688962008       0.50272094563872183     
   1.3333333333333333       0.95645361839047993       0.50000000000000033     
   1.3373373373373374       0.95499755608727455       0.49727410967872421     
   1.3413413413413413       0.95351550505326799       0.49454330163221866     
   1.3453453453453454       0.95200709441251330       0.49180760286644143     
   1.3493493493493494       0.95047194808232993       0.48906704043571680     
   1.3533533533533533       0.94890968384792329       0.48632164144246692     
   1.3573573573573574       0.94731991426956652       0.48357143303694439     
   1.3613613613613613       0.94570224559130500       0.48081644241696458     
   1.3653653653653655       0.94405627883334176       0.47805669682763607     
   1.3693693693693694       0.94238160851498631       0.47529222356109019     
   1.3733733733733733       0.94067782395371280       0.47252304995621203     
   1.3773773773773774       0.93894450778177818       0.46974920339837073     
   1.3813813813813813       0.93718123747398741       0.46697071131914814     
   1.3853853853853855       0.93538758363721974       0.46418760119606600     
   1.3893893893893894       0.93356311178884133       0.46139990055231739     
   1.3933933933933933       0.93170738039887657       0.45860763695649082     
   1.3973973973973974       0.92981994294017589       0.45581083802230099     
   1.4014014014014013       0.92790034566439095       0.45300953140831446     
   1.4054054054054055       0.92594812994299913       0.45020374481767350     
   1.4094094094094094       0.92396282976100264       0.44739350599782696     
   1.4134134134134133       0.92194397436444631       0.44457884274025250     
   1.4174174174174174       0.91989108546017484       0.44175978288018319     
   1.4214214214214214       0.91780368018007608       0.43893635429633082     
   1.4254254254254255       0.91568126798185456       0.43610858491061116     
   1.4294294294294294       0.91352335393237483       0.43327650268786849     
   1.4334334334334333       0.91132943531374389       0.43044013563559824     
   1.4374374374374375       0.90909900521724030       0.42759951180366951     
   1.4414414414414414       0.90683154887172557       0.42475465928404799     
   1.4454454454454455       0.90452654752494899       0.42190560621051937     
   1.4494494494494494       0.90218347452826586       0.41905238075840973     
   1.4534534534534536       0.89980179946270944       0.41619501114430768     
   1.4574574574574575       0.89738098403621192       0.41333352562578418     
   1.4614614614614614       0.89492048638651955       0.41046795250111390     
   1.4654654654654655       0.89241975687589192       0.40759832010899610     
   1.4694694694694694       0.88987824247041969       0.40472465682827363     
   1.4734734734734736       0.88729538255380636       0.40184699107765148     
   1.4774774774774775       0.88467061324152085       0.39896535131541649     
   1.4814814814814814       0.88200336338140095       0.39607976603915679     
   1.4854854854854855       0.87929305860943385       0.39319026378547872     
   1.4894894894894894       0.87653911776255622       0.39029687312972589     
   1.4934934934934936       0.87374095641866611       0.38739962268569328     
   1.4974974974974975       0.87089798401830176       0.38449854110534909     
   1.5015015015015014       0.86800960655240178       0.38159365707854875     
   1.5055055055055055       0.86507522477706844       0.37868499933275013     
   1.5095095095095095       0.86209423561578136       0.37577259663273255     
   1.5135135135135136       0.85906603195829001       0.37285647778030873     
   1.5175175175175175       0.85599000222622412       0.36993667161404314     
   1.5215215215215214       0.85286553237662133       0.36701320700896550     
   1.5255255255255256       0.84969200293761582       0.36408611287628412     
   1.5295295295295295       0.84646879399310582       0.36115541816310132     
   1.5335335335335336       0.84319527882422307       0.35822115185212744     
   1.5375375375375375       0.83987083283858466       0.35528334296139380     
   1.5415415415415414       0.83649482274895648       0.35234202054396474     
   1.5455455455455456       0.83306662063330106       0.34939721368765114     
   1.5495495495495495       0.82958558733919052       0.34644895151472355     
   1.5535535535535536       0.82605109312505998       0.34349726318162310     
   1.5575575575575575       0.82246249369161439       0.34054217787867375     
   1.5615615615615615       0.81881915916649617       0.33758372482979260     
   1.5655655655655656       0.81512044082561741       0.33462193329220158     
   1.5695695695695695       0.81136571054981965       0.33165683255613898     
   1.5735735735735736       0.80755431590244353       0.32868845194456903     
   1.5775775775775776       0.80368563261506509       0.32571682081289088     
   1.5815815815815817       0.79975900522479226       0.32274196854864945     
   1.5855855855855856       0.79577381564513627       0.31976392457124525     
   1.5895895895895895       0.79172940602870279       0.31678271833164295     
   1.5935935935935936       0.78762516705793162       0.31379837931207866     
   1.5975975975975976       0.78346043907640295       0.31081093702577139     
   1.6016016016016017       0.77923462440255131       0.30782042101662782     
   1.6056056056056056       0.77494706205534447       0.30482686085895305     
   1.6096096096096095       0.77059716916295884       0.30183028615715729     
   1.6136136136136137       0.76618428378488901       0.29883072654546011     
   1.6176176176176176       0.76170784136857250       0.29582821168760254     
   1.6216216216216217       0.75716717922803434       0.29282277127655032     
   1.6256256256256256       0.75256175500701994       0.28981443503420135     
   1.6296296296296295       0.74789090530119340       0.28680323271109065     
   1.6336336336336337       0.74315411422974731       0.28378919408609704     
   1.6376376376376376       0.73835071747034819       0.28077234896614933     
   1.6416416416416417       0.73348023033638032       0.27775272718593036     
   1.6456456456456456       0.72854198711695251       0.27473035860758332     
   1.6496496496496496       0.72353553951858773       0.27170527312041282     
   1.6536536536536537       0.71846021965167639       0.26867750064059459     
   1.6576576576576576       0.71331562133880921       0.26564707111087615     
   1.6616616616616617       0.70810107334855721       0.26261401450028199     
   1.6656656656656657       0.70281621791354010       0.25957836080381591     
   1.6696696696696696       0.69746037886634205       0.25654014004216519     
   1.6736736736736737       0.69203325376495783       0.25349938226140467     
   1.6776776776776776       0.68653415941775631       0.25045611753269870     
   1.6816816816816818       0.68096285629851516       0.24741037595200283     
   1.6856856856856857       0.67531865154119997       0.24436218763976714     
   1.6896896896896898       0.66960137685778154       0.24131158274063927     
   1.6936936936936937       0.66381032642290438       0.23825859142316480     
   1.6976976976976976       0.65794541230126657       0.23520324387949043     
   1.7017017017017018       0.65200591171097710       0.23214557032506186     
   1.7057057057057057       0.64599182703925917       0.22908560099833006     
   1.7097097097097098       0.63990241375599066       0.22602336616044894     
   1.7137137137137137       0.63373777546191001       0.22295889609497727     
   1.7177177177177176       0.62749714020591396       0.21989222110757800     
   1.7217217217217218       0.62118072468285501       0.21682337152571932     
   1.7257257257257257       0.61478772287623751       0.21375237769837560     
   1.7297297297297298       0.60831847751574042       0.21067926999572606     
   1.7337337337337337       0.60177214080918695       0.20760407880885565     
   1.7377377377377377       0.59514919559402146       0.20452683454945109     
   1.7417417417417418       0.58844874342896036       0.20144756764950522     
   1.7457457457457457       0.58167142253749293       0.19836630856101312     
   1.7497497497497498       0.57481627369303334       0.19528308775567005     
   1.7537537537537538       0.56788410706215864       0.19219793572457314     
   1.7577577577577577       0.56087389113280373       0.18911088297791637     
   1.7617617617617618       0.55378662592333772       0.18602196004469188     
   1.7657657657657657       0.54662119467022807       0.18293119747238676     
   1.7697697697697699       0.53937880657541448       0.17983862582668017     
   1.7737737737737738       0.53205824509072719       0.17674427569114179     
   1.7777777777777777       0.52466094942537045       0.17364817766693028     
   1.7817817817817818       0.51718558704653206       0.17055036237248988     
   1.7857857857857857       0.50963384955131430       0.16745086044324664     
   1.7897897897897899       0.50200427045890095       0.16434970253130635     
   1.7937937937937938       0.49429881775168338       0.16124691930515228     
   1.7977977977977977       0.48651587118232104       0.15814254144934106     
   1.8018018018018018       0.47865770078570513       0.15503659966419786     
   1.8058058058058057       0.47072251078897709       0.15192912466551589     
   1.8098098098098099       0.46271290066115739       0.14882014718424907     
   1.8138138138138138       0.45462687532752116       0.14570969796621130     
   1.8178178178178179       0.44646739282152359       0.14259780777177095     
   1.8218218218218218       0.43823223290657115       0.13948450737554591     
   1.8258258258258258       0.42992474308140050       0.13636982756610005     
   1.8298298298298299       0.42154244995049961       0.13325379914563965     
   1.8338338338338338       0.41308912315654017       0.13013645292970785     
   1.8378378378378379       0.40456200597302627       0.12701781974687870     
   1.8418418418418419       0.39596532463329837       0.12389793043845529     
   1.8458458458458458       0.38729600671297310       0.12077681585816115     
   1.8498498498498499       0.37855877122160764       0.11765450687183837     
   1.8538538538538538       0.36975019547640070       0.11453103435714140     
   1.8578578578578580       0.36087552913596799       0.11140642920322855     
   1.8618618618618619       0.35193096253026696       0.10828072231046192     
   1.8658658658658658       0.34292231545046525       0.10515394459009815     
   1.8698698698698699       0.33384535239486007       0.10202612696398421     
   1.8738738738738738       0.32470650427654862        9.8897300364250137E-002
   1.8778778778778780       0.31550106888562596        9.5767495733004110E-002
   1.8818818818818819       0.30623613061634436        9.2636744022027262E-002
   1.8858858858858858       0.29690647775972800        8.9505076192466795E-002
   1.8898898898898899       0.28751989174971054        8.6372523214528804E-002
   1.8938938938938938       0.27807060682883328        8.3239116067172991E-002
   1.8978978978978980       0.26856714602014858        8.0104885737807094E-002
   1.9019019019019019       0.25900314340728842        7.6969863221979185E-002
   1.9059059059059058       0.24938790889314963        7.3834079523072429E-002
   1.9099099099099099       0.23971442897410689        7.0697565651994948E-002
   1.9139139139139139       0.22999284617064611        6.7560352626878470E-002
   1.9179179179179180       0.22021545093810335        6.4422471472768014E-002
   1.9219219219219219       0.21039326425700944        6.1283953221316440E-002
   1.9259259259259258       0.20051783140813401        5.8144828910476183E-002
   1.9299299299299300       0.19060109738554554        5.5005129584193228E-002
   1.9339339339339339       0.18063381288477445        5.1864886292100981E-002
   1.9379379379379380       0.17062889172971635        4.8724130089211899E-002
   1.9419419419419419       0.16057624080591912        4.5582892035611673E-002
   1.9459459459459461       0.15048978634038404        4.2441203196148525E-002
   1.9499499499499500       0.14035854289670918        3.9299094640131337E-002
   1.9539539539539539       0.13019749086925494        3.6156597441019275E-002
   1.9579579579579580       0.11999470529382332        3.3013742676113601E-002
   1.9619619619619619       0.10976626005953179        2.9870561426253450E-002
   1.9659659659659661        9.9499245435011749E-002   2.6727084775504926E-002
   1.9699699699699700        8.9210865008555573E-002   2.3583343810856781E-002
   1.9739739739739739        7.8887181724555042E-002   2.0439369621911660E-002
   1.9779779779779780        6.8546561237466733E-002   1.7295193300577764E-002
   1.9819819819819819        5.8174000003091093E-002   1.4150845940762258E-002
   1.9859859859859861        4.7789053609080770E-002   1.1006358638064652E-002
   1.9899899899899900        3.7375617066399525E-002   7.8617624894684063E-003
   1.9939939939939939        2.6954457156983951E-002   4.7170885930325071E-003
   1.9979979979979980        1.6508345939176532E-002   1.5723680475848198E-003
   2.0020020020020022        6.0592351324640758E-003  -1.5723680475845747E-003
   2.0060060060060061       -4.4110671157115873E-003  -4.7170885930322625E-003
   2.0100100100100100       -1.4880109614652215E-002  -7.8617624894681600E-003
   2.0140140140140139       -2.5364776533556822E-002  -1.1006358638064406E-002
   2.0180180180180178       -3.5843779703724772E-002  -1.4150845940762012E-002
   2.0220220220220222       -4.6332855831497183E-002  -1.7295193300577522E-002
   2.0260260260260261       -5.6811850874131840E-002  -2.0439369621911417E-002
   2.0300300300300300       -6.7295378841342970E-002  -2.3583343810856538E-002
   2.0340340340340339       -7.7764398898399617E-002  -2.6727084775504683E-002
   2.0380380380380378       -8.8232438467190949E-002  -2.9870561426253207E-002
   2.0420420420420422       -9.8681546026167216E-002  -3.3013742676113789E-002
   2.0460460460460461      -0.10912420369917752       -3.6156597441019026E-002
   2.0500500500500500      -0.11954352210545155       -3.9299094640131087E-002
   2.0540540540540539      -0.12995098345348971       -4.2441203196148275E-002
   2.0580580580580579      -0.14033073069696644       -4.5582892035610979E-002
   2.0620620620620622      -0.15069329472347706       -4.8724130089212093E-002
   2.0660660660660661      -0.16102381895902781       -5.1864886292100738E-002
   2.0700700700700700      -0.17133193394276702       -5.5005129584192979E-002
   2.0740740740740740      -0.18160375012893426       -5.8144828910475933E-002
   2.0780780780780779      -0.19184805032116736       -6.1283953221315746E-002
   2.0820820820820822      -0.20205187749690584       -6.4422471472768209E-002
   2.0860860860860861      -0.21222322042381472       -6.7560352626878220E-002
   2.0900900900900901      -0.22235001940813576       -7.0697565651994698E-002
   2.0940940940940940      -0.23243952306780549       -7.3834079523071736E-002
   2.0980980980980979      -0.24248053292688285       -7.6969863221978935E-002
   2.1021021021021022      -0.25247961057967366       -8.0104885737806844E-002
   2.1061061061061062      -0.26242638237826471       -8.3239116067172741E-002
   2.1101101101101101      -0.27232677640684616       -8.6372523214528554E-002
   2.1141141141141140      -0.28217121014630647       -8.9505076192466101E-002
   2.1181181181181179      -0.29196503457774586       -9.2636744022027012E-002
   2.1221221221221223      -0.30169942913437631       -9.5767495733003860E-002
   2.1261261261261262      -0.31137922572180254       -9.8897300364249888E-002
   2.1301301301301301      -0.32099633732254362      -0.10202612696398396     
   2.1341341341341340      -0.33055512998152409      -0.10515394459009790     
   2.1381381381381384      -0.34004821604833008      -0.10828072231046167     
   2.1421421421421423      -0.34947953858511410      -0.11140642920322831     
   2.1461461461461462      -0.35884236703237904      -0.11453103435714115     
   2.1501501501501501      -0.36814025473867468      -0.11765450687183812     
   2.1541541541541540      -0.37736708170093120      -0.12077681585816090     
   2.1581581581581584      -0.38652604042422156      -0.12389793043845504     
   2.1621621621621623      -0.39561157633787503      -0.12701781974687892     
   2.1661661661661662      -0.40462655015801807      -0.13013645292970763     
   2.1701701701701701      -0.41356593226444932      -0.13325379914563942     
   2.1741741741741740      -0.42243228227322799      -0.13636982756609983     
   2.1781781781781784      -0.43122105987209786      -0.13948450737554569     
   2.1821821821821823      -0.43993455507123003      -0.14259780777177072     
   2.1861861861861862      -0.44856868484385659      -0.14570969796621108     
   2.1901901901901901      -0.45712550051512119      -0.14882014718424885     
   2.1941941941941940      -0.46560134673121856      -0.15192912466551567     
   2.1981981981981984      -0.47399806548997520      -0.15503659966419808     
   2.2022022022022023      -0.48231240118169005      -0.15814254144934084     
   2.2062062062062062      -0.49054601378831519      -0.16124691930515206     
   2.2102102102102101      -0.49869602086778181      -0.16434970253130612     
   2.2142142142142140      -0.50676392548908034      -0.16745086044324597     
   2.2182182182182184      -0.51474719302249716      -0.17055036237248966     
   2.2222222222222223      -0.52264719250590519      -0.17364817766693005     
   2.2262262262262262      -0.53046171293149269      -0.17674427569114157     
   2.2302302302302301      -0.53819201001499195      -0.17983862582667995     
   2.2342342342342341      -0.54583617330976919      -0.18293119747238654     
   2.2382382382382384      -0.55339536381970700      -0.18602196004469207     
   2.2422422422422423      -0.56086794969740628      -0.18911088297791614     
   2.2462462462462462      -0.56825501383487664      -0.19219793572457292     
   2.2502502502502502      -0.57555518208998391      -0.19528308775566983     
   2.2542542542542541      -0.58276947393075174      -0.19836630856101248     
   2.2582582582582584      -0.58989675306327150      -0.20144756764950500     
   2.2622622622622623      -0.59693798841307300      -0.20452683454945086     
   2.2662662662662663      -0.60389226268340646      -0.20760407880885542     
   2.2702702702702702      -0.61076050544372107      -0.21067926999572584     
   2.2742742742742741      -0.61754200051879460      -0.21375237769837538     
   2.2782782782782784      -0.62423764772856127      -0.21682337152571909     
   2.2822822822822824      -0.63084691508923674      -0.21989222110757778     
   2.2862862862862863      -0.63737068081552817      -0.22295889609497704     
   2.2902902902902902      -0.64380858110139205      -0.22602336616044871     
   2.2942942942942941      -0.65016147935676161      -0.22908560099832984     
   2.2982982982982985      -0.65642916482764924      -0.23214557032506164     
   2.3023023023023024      -0.66261249169379477      -0.23520324387949024     
   2.3063063063063063      -0.66871138798792440      -0.23825859142316458     
   2.3103103103103102      -0.67472670312456529      -0.24131158274063905     
   2.3143143143143141      -0.68065849049109750      -0.24436218763976694     
   2.3183183183183185      -0.68650759820570983      -0.24741037595200260     
   2.3223223223223224      -0.69227419238508359      -0.25045611753269847     
   2.3263263263263263      -0.69795912243360081      -0.25349938226140445     
   2.3303303303303302      -0.70356265535237372      -0.25654014004216497     
   2.3343343343343341      -0.70908564363339388      -0.25957836080381524     
   2.3383383383383385      -0.71452844407179428      -0.26261401450028221     
   2.3423423423423424      -0.71989191336750480      -0.26564707111087593     
   2.3463463463463463      -0.72517648774779542      -0.26867750064059437     
   2.3503503503503502      -0.73038302865405036      -0.27170527312041259     
   2.3543543543543541      -0.73551204208637255      -0.27473035860758266     
   2.3583583583583585      -0.74056439426244436      -0.27775272718593058     
   2.3623623623623624      -0.74554065197242037      -0.28077234896614911     
   2.3663663663663663      -0.75044168582816517      -0.28378919408609682     
   2.3703703703703702      -0.75526811507743119      -0.28680323271108998     
   2.3743743743743742      -0.76002081400231469      -0.28981443503420068     
   2.3783783783783785      -0.76470044659967029      -0.29282277127655010     
   2.3823823823823824      -0.76930788982451936      -0.29582821168760237     
   2.3863863863863863      -0.77384384531173589      -0.29883072654545989     
   2.3903903903903903      -0.77830919148048605      -0.30183028615715662     
   2.3943943943943946      -0.78270466106331904      -0.30482686085895327     
   2.3983983983983985      -0.78703113257867496      -0.30782042101662760     
   2.4024024024024024      -0.79128936386040849      -0.31081093702577117     
   2.4064064064064064      -0.79548023205437557      -0.31379837931207849     
   2.4104104104104103      -0.79960451461655513      -0.31678271833164234     
   2.4144144144144146      -0.80366308578444134      -0.31976392457124503     
   2.4184184184184185      -0.80765673764742574      -0.32274196854864923     
   2.4224224224224224      -0.81158633997227680      -0.32571682081289072     
   2.4264264264264264      -0.81545269495699491      -0.32868845194456880     
   2.4304304304304303      -0.81925666634061922      -0.33165683255613876     
   2.4344344344344346      -0.82299906234255771      -0.33462193329220136     
   2.4384384384384385      -0.82668073914940032      -0.33758372482979238     
   2.4424424424424425      -0.83030250732640920      -0.34054217787867352     
   2.4464464464464464      -0.83386521403758584      -0.34349726318162288     
   2.4504504504504503      -0.83736966890464359      -0.34644895151472338     
   2.4544544544544546      -0.84081670867149094      -0.34939721368765092     
   2.4584584584584586      -0.84420713908809319      -0.35234202054396457     
   2.4624624624624625      -0.84754178516761591      -0.35528334296139358     
   2.4664664664664664      -0.85082144619696343      -0.35822115185212722     
   2.4704704704704703      -0.85404693424553824      -0.36115541816310109     
   2.4744744744744747      -0.85721903985916303      -0.36408611287628395     
   2.4784784784784786      -0.86033856105580142      -0.36701320700896528     
   2.4824824824824825      -0.86340627765265654      -0.36993667161404292     
   2.4864864864864864      -0.86642297261894019      -0.37285647778030850     
   2.4904904904904903      -0.86938941332421871      -0.37577259663273233     
   2.4944944944944947      -0.87230636680468865      -0.37868499933275035     
   2.4984984984984986      -0.87517458651070523      -0.38159365707854853     
   2.5025025025025025      -0.87799482277490692      -0.38449854110534887     
   2.5065065065065064      -0.88076781388417746      -0.38739962268569306     
   2.5105105105105103      -0.88349429280974001      -0.39029687312972527     
   2.5145145145145147      -0.88617498163887909      -0.39319026378547894     
   2.5185185185185186      -0.88881059543377638      -0.39607976603915657     
   2.5225225225225225      -0.89140183923592642      -0.39896535131541627     
   2.5265265265265264      -0.89394940975745396      -0.40184699107765126     
   2.5305305305305303      -0.89645399432059858      -0.40472465682827302     
   2.5345345345345347      -0.89891627094847648      -0.40759832010899633     
   2.5385385385385386      -0.90133690872710404      -0.41046795250111373     
   2.5425425425425425      -0.90371656674843159      -0.41333352562578402     
   2.5465465465465464      -0.90605589548653709      -0.41619501114430751     
   2.5505505505505504      -0.90835553495103150      -0.41905238075840956     
   2.5545545545545547      -0.91061611675530563      -0.42190560621051959     
   2.5585585585585586      -0.91283826176026783      -0.42475465928404776     
   2.5625625625625625      -0.91502258258349645      -0.42759951180366890     
   2.5665665665665665      -0.91716968094923079      -0.43044013563559802     
   2.5705705705705704      -0.91928015044531686      -0.43327650268786827     
   2.5745745745745747      -0.92135457374323249      -0.43610858491061100     
   2.5785785785785786      -0.92339352545683850      -0.43893635429633066     
   2.5825825825825826      -0.92539756935410888      -0.44175978288018303     
   2.5865865865865865      -0.92736726120965207      -0.44457884274025233     
   2.5905905905905904      -0.92930314609609932      -0.44739350599782673     
   2.5945945945945947      -0.93120576115266840      -0.45020374481767333     
   2.5985985985985987      -0.93307563301741403      -0.45300953140831385     
   2.6026026026026026      -0.93491328045807698      -0.45581083802230121     
   2.6066066066066065      -0.93671921198541808      -0.45860763695649065     
   2.6106106106106104      -0.93849392831134104      -0.46139990055231678     
   2.6146146146146148      -0.94023792016727659      -0.46418760119606622     
   2.6186186186186187      -0.94195167056902773      -0.46697071131914791     
   2.6226226226226226      -0.94363565285179785      -0.46974920339837051     
   2.6266266266266265      -0.94529033273216845      -0.47252304995621180     
   2.6306306306306309      -0.94691616656211364      -0.47529222356109002     
   2.6346346346346348      -0.94851360318669420      -0.47805669682763591     
   2.6386386386386387      -0.95008308241264461      -0.48081644241696481     
   2.6426426426426426      -0.95162503666628662      -0.48357143303694416     
   2.6466466466466465      -0.95313988966753371      -0.48632164144246637     
   2.6506506506506509      -0.95462805789664018      -0.48906704043571703     
   2.6546546546546548      -0.95608994946131498      -0.49180760286644165     
   2.6586586586586587      -0.95752596538365298      -0.49454330163221849     
   2.6626626626626626      -0.95893649864608443      -0.49727410967872404     
   2.6666666666666665      -0.96032193531149634      -0.49999999999999972     
   2.6706706706706709      -0.96168265373272765      -0.50272094563872161     
   2.6746746746746748      -0.96301902551971064      -0.50543691968646454     
   2.6786786786786787      -0.96433141489691765      -0.50814789528396909     
   2.6826826826826826      -0.96562017953155832      -0.51085384562140823     
   2.6866866866866865      -0.96688567002358927      -0.51355474393865141     
   2.6906906906906909      -0.96812823060876207      -0.51625056352552878     
   2.6946946946946948      -0.96934819876638423      -0.51894127772209564     
   2.6986986986986987      -0.97054590581045674      -0.52162685991889768     
   2.7027027027027026      -0.97172167660119901      -0.52430728355723144     
   2.7067067067067065      -0.97287583003674583      -0.52698252212940910     
   2.7107107107107109      -0.97400867885543152      -0.52965254917902060     
   2.7147147147147148      -0.97512053003960886      -0.53231733830119188     
   2.7187187187187187      -0.97621168469677799      -0.53497686314285131     
   2.7227227227227226      -0.97728243838610074      -0.53763109740298709     
   2.7267267267267266      -0.97833308106757511      -0.54028001483290666     
   2.7307307307307309      -0.97936389736081664      -0.54292358923649919     
   2.7347347347347348      -0.98037516655259282      -0.54556179447049191     
   2.7387387387387387      -0.98136716279645098      -0.54819460444470958     
   2.7427427427427427      -0.98234015517000173      -0.55082199312233360     
   2.7467467467467466      -0.98329440782300892      -0.55344393452015828     
   2.7507507507507509      -0.98423018007685448      -0.55606040270884749     
   2.7547547547547548      -0.98514772652777560      -0.55867137181319182     
   2.7587587587587588      -0.98604729718192019      -0.56127681601236501     
   2.7627627627627627      -0.98692913751956002      -0.56387670954017755     
   2.7667667667667666      -0.98779348866004801      -0.56647102668533345     
   2.7707707707707709      -0.98864058739203631      -0.56905974179168384     
   2.7747747747747749      -0.98947066636348058      -0.57164282925847854     
   2.7787787787787788      -0.99028395408215619      -0.57422026354062317     
   2.7827827827827827      -0.99108067512661935      -0.57679201914892952     
   2.7867867867867866      -0.99186105012064163      -0.57935807065036660     
   2.7907907907907910      -0.99262529596172977      -0.58191839266831491     
   2.7947947947947949      -0.99337362577249899      -0.58447295988281489     
   2.7987987987987988      -0.99410624914396906      -0.58702174703081833     
   2.8028028028028027      -0.99482337206634386      -0.58956472890643896     
   2.8068068068068066      -0.99552519718487464      -0.59210188036120082     
   2.8108108108108110      -0.99621192371201617      -0.59463317630428647     
   2.8148148148148149      -0.99688374769415156      -0.59715859170278585     
   2.8188188188188188      -0.99754086190664859      -0.59967810158194468     
   2.8228228228228227      -0.99818345613019210      -0.60219168102540921     
   2.8268268268268266      -0.99881171702988270      -0.60469930517547521     
   2.8308308308308310      -0.99942582844030192      -0.60720094923333168     
   2.8348348348348349       -1.0000259712294450      -0.60969658845930674     
   2.8388388388388388       -1.0006123235920199      -0.61218619817311326     
   2.8428428428428427       -1.0011850608986763      -0.61466975375409216     
   2.8468468468468466       -1.0017443559973520      -0.61714723064145482     
   2.8508508508508510       -1.0022903790479889      -0.61961860433452842     
   2.8548548548548549       -1.0028232978320220      -0.62208385039299596     
   2.8588588588588588       -1.0033432775725173      -0.62454294443713865     
   2.8628628628628627       -1.0038504812521518      -0.62699586214807834     
   2.8668668668668666       -1.0043450694184768      -0.62944257926801550     
   2.8708708708708710       -1.0048272005109673      -0.63188307160047208     
   2.8748748748748749       -1.0052970306509197      -0.63431731501052735     
   2.8788788788788788       -1.0057547139783420      -0.63674528542506048     
   2.8828828828828827       -1.0062004024257958      -0.63916695883298458     
   2.8868868868868871       -1.0066342460660991      -0.64158231128548815     
   2.8908908908908910       -1.0070563928692577      -0.64399131889626826     
   2.8948948948948949       -1.0074669890621077      -0.64639395784176901     
   2.8988988988988988       -1.0078661788673233      -0.64879020436141721     
   2.9029029029029028       -1.0082541048762861      -0.65118003475785557     
   2.9069069069069071       -1.0086309077690068      -0.65356342539717915     
   2.9109109109109110       -1.0089967267016491      -0.65594035270916740     
   2.9149149149149149       -1.0093516990060740      -0.65831079318751873     
   2.9189189189189189       -1.0096959605935694      -0.66067472339008115     
   2.9229229229229228       -1.0100296456325975      -0.66303211993908662     
   2.9269269269269271       -1.0103528869704106      -0.66538295952137938     
   2.9309309309309310       -1.0106658157874626      -0.66772721888864839     
   2.9349349349349350       -1.0109685620386846      -0.67006487485765742     
   2.9389389389389389       -1.0112612540829278      -0.67239590431047236     
   2.9429429429429428       -1.0115440191457910      -0.67472028419469232     
   2.9469469469469471       -1.0118169829223318      -0.67703799152367616     
   2.9509509509509511       -1.0120802700634286      -0.67934900337676973     
   2.9549549549549550       -1.0123340037499342      -0.68165329689953269     
   2.9589589589589589       -1.0125783062046250      -0.68395084930396566     
   2.9629629629629628       -1.0128132982358609      -0.68624163786873338     
   2.9669669669669672       -1.0130390997772856      -0.68852563993939209     
   2.9709709709709711       -1.0132558293989724      -0.69080283292861111     
   2.9749749749749750       -1.0134636048770942      -0.69307319431639702     
   2.9789789789789789       -1.0136625426704573      -0.69533670165031769     
   2.9829829829829828       -1.0138527585224533      -0.69759333254572287     
   2.9869869869869872       -1.0140343669008012      -0.69984306468596547     
   2.9909909909909911       -1.0142074816341307      -0.70208587582262250     
   2.9949949949949950       -1.0143722153127144      -0.70432174377571644     
   2.9989989989989989       -1.0145286799620934      -0.70655064643393228     
   3.0030030030030028       -1.0146769864024925      -0.70877256175483805     
   3.0070070070070072       -1.0148172449619699      -0.71098746776510247     
   3.0110110110110111       -1.0149495647921576      -0.71319534256071015     
   3.0150150150150150       -1.0150740546234422      -0.71539616430718178     
   3.0190190190190189       -1.0151908220346451      -0.71758991123978788     
   3.0230230230230228       -1.0152999742527622      -0.71977656166376336     
   3.0270270270270272       -1.0154016173741702      -0.72195609395452442     
   3.0310310310310311       -1.0154958572114841      -0.72412848655788031     
   3.0350350350350350       -1.0155827984638250      -0.72629371799024711     
   3.0390390390390389       -1.0156625456133881      -0.72845176683886070     
   3.0430430430430429       -1.0157352020423043      -0.73060261176198871     
   3.0470470470470472       -1.0158008709814774      -0.73274623148913987     
   3.0510510510510511       -1.0158596545715985      -0.73488260482127588     
   3.0550550550550550       -1.0159116548667879      -0.73701171063102133     
   3.0590590590590589       -1.0159569728373454      -0.73913352786287101     
   3.0630630630630629       -1.0159957094306853      -0.74124803553339991     
   3.0670670670670672       -1.0160279645134549      -0.74335521273147032     
   3.0710710710710711       -1.0160538379921829      -0.74545503861843621     
   3.0750750750750750       -1.0160734286924893      -0.74754749242835339     
   3.0790790790790790       -1.0160868355417336      -0.74963255346818258     
   3.0830830830830829       -1.0160941563832002      -0.75171020111799314     
   3.0870870870870872       -1.0160954892228327      -0.75378041483116953     
   3.0910910910910911       -1.0160909309457040      -0.75584317413461222     
   3.0950950950950951       -1.0160805780216082      -0.75789845862894101     
   3.0990990990990990       -1.0160645271973729      -0.75994624798869759     
   3.1031031031031029       -1.0160428740142107      -0.76198652196254535     
   3.1071071071071072       -1.0160157145561532      -0.76401926037346968     
   3.1111111111111112       -1.0159831435635518      -0.76604444311897801     
   3.1151151151151151       -1.0159452561996967      -0.76806205017129969     
   3.1191191191191190       -1.0159021467228553      -0.77007206157758090     
   3.1231231231231229       -1.0158539093079701      -0.77207445746008596     
   3.1271271271271273       -1.0158006376912261      -0.77406921801639050     
   3.1311311311311312       -1.0157424253005762      -0.77605632351957909     
   3.1351351351351351       -1.0156793651143217      -0.77803575431843974     
   3.1391391391391390       -1.0156115501081651      -0.78000749083765863     
   3.1431431431431434       -1.0155390723851359      -0.78197151357801342     
   3.1471471471471473       -1.0154620245113211      -0.78392780311656574     
   3.1511511511511512       -1.0153804978655818      -0.78587634010685492     
   3.1551551551551551       -1.0152945844163619      -0.78781710527908644     
   3.1591591591591590       -1.0152043750904254      -0.78975007944032583     
   3.1631631631631634       -1.0151099610497312      -0.79167524347468532     
   3.1671671671671673       -1.0150114329684417      -0.79359257834351493     
   3.1711711711711712       -1.0149088812152176      -0.79550206508559018     
   3.1751751751751751       -1.0148023960782266      -0.79740368481729929     
   3.1791791791791790       -1.0146920673588842      -0.79929741873283011     
   3.1831831831831834       -1.0145779847762224      -0.80118324810435748     
   3.1871871871871873       -1.0144602377740477      -0.80306115428222580     
   3.1911911911911912       -1.0143389153556841      -0.80493111869513456     
   3.1951951951951951       -1.0142141067222874      -0.80679312285032412     
   3.1991991991991990       -1.0140859001875318      -0.80864714833375495     
   3.2032032032032034       -1.0139543846039698      -0.81049317681029209     
   3.2072072072072073       -1.0138196477532664      -0.81233119002388610     
   3.2112112112112112       -1.0136817780080936      -0.81416116979775310     
   3.2152152152152151       -1.0135408627668261      -0.81598309803455449     
   3.2192192192192191       -1.0133969897771093      -0.81779695671657726     
   3.2232232232232234       -1.0132502461946500      -0.81960272790591171     
   3.2272272272272273       -1.0131007191005019      -0.82140039374462503     
   3.2312312312312312       -1.0129484953547785      -0.82318993645494509     
   3.2352352352352352       -1.0127936614619995      -0.82497133833943015     
   3.2392392392392391       -1.0126363039003723      -0.82674458178114651     
   3.2432432432432434       -1.0124765086746874      -0.82850964924384241     
   3.2472472472472473       -1.0123143618057984      -0.83026652327212114     
   3.2512512512512513       -1.0121499488664092      -0.83201518649161355     
   3.2552552552552552       -1.0119833553337325      -0.83375562160915107     
   3.2592592592592591       -1.0118146664196810      -0.83548781141293604     
   3.2632632632632634       -1.0116439670079325      -0.83721173877271049     
   3.2672672672672673       -1.0114713419311621      -0.83892738663992716     
   3.2712712712712713       -1.0112968755092533      -0.84063473804791811     
   3.2752752752752752       -1.0111206521260199      -0.84233377611206173     
   3.2792792792792791       -1.0109427555752943      -0.84402448402995045     
   3.2832832832832834       -1.0107632697386157      -0.84570684508155636     
   3.2872872872872874       -1.0105822778930709      -0.84738084262939606     
   3.2912912912912913       -1.0103998633811089      -0.84904646011869733     
   3.2952952952952952       -1.0102161089560608      -0.85070368107756111     
   3.2992992992992991       -1.0100310973892150      -0.85235248911712369     
   3.3033033033033035       -1.0098449108984955      -0.85399286793172058     
   3.3073073073073074       -1.0096576316441572      -0.85562480129904661     
   3.3113113113113113       -1.0094693413032849      -0.85724827308031681     
   3.3153153153153152       -1.0092801213756690      -0.85886326722042616     
   3.3193193193193191       -1.0090900529846285      -0.86046976774810746     
   3.3233233233233235       -1.0088992169479321      -0.86206775877609132     
   3.3273273273273274       -1.0087076937681954      -0.86365722450126015     
   3.3313313313313313       -1.0085155635855074      -0.86523814920480790     
   3.3353353353353352       -1.0083229062201515      -0.86681051725239255     
   3.3393393393393391       -1.0081298011162765      -0.86837431309429247     
   3.3433433433433435       -1.0079363273626321      -0.86992952126555956     
   3.3473473473473474       -1.0077425636743991      -0.87147612638617244     
   3.3513513513513513       -1.0075485883652007      -0.87301411316118827     
   3.3553553553553552       -1.0073544793788167      -0.87454346638089397     
   3.3593593593593591       -1.0071603142114594      -0.87606417092095756     
   3.3633633633633635       -1.0069661699869974      -0.87757621174257716     
   3.3673673673673674       -1.0067721233406683      -0.87907957389262847     
   3.3713713713713713       -1.0065782505237393      -0.88057424250381433     
   3.3753753753753752       -1.0063846272641690      -0.88206020279481123     
   3.3793793793793796       -1.0061913288847872      -0.88353744007041513     
   3.3833833833833835       -1.0059984301564593      -0.88500593972168740     
   3.3873873873873874       -1.0058060054151106      -0.88646568722609875     
   3.3913913913913913       -1.0056141284208060      -0.88791666814767278     
   3.3953953953953953       -1.0054228724617027      -0.88935886813712972     
   3.3993993993993996       -1.0052323102292828      -0.89079227293202790     
   3.4034034034034035       -1.0050425139008075      -0.89221686835690339     
   3.4074074074074074       -1.0048535550371671      -0.89363264032341194     
   3.4114114114114114       -1.0046655046395310      -0.89503957483046781     
   3.4154154154154153       -1.0044784330717031      -0.89643765796438168     
   3.4194194194194196       -1.0042924100918280      -0.89782687589899912     
   3.4234234234234235       -1.0041075047952912      -0.89920721489583688     
   3.4274274274274275       -1.0039237856289178      -0.90057866130421815     
   3.4314314314314314       -1.0037413203431795      -0.90194120156140900     
   3.4354354354354353       -1.0035601760042170      -0.90329482219275192     
   3.4394394394394396       -1.0033804189359286      -0.90463950981179775     
   3.4434434434434436       -1.0032021147529262      -0.90597525112043964     
   3.4474474474474475       -1.0030253282669424      -0.90730203290904421     
   3.4514514514514514       -1.0028501235664193      -0.90861984205658186     
   3.4554554554554553       -1.0026765638654924      -0.90992866553075646     
   3.4594594594594597       -1.0025047116411034      -0.91122849038813580     
   3.4634634634634636       -1.0023346284341628      -0.91251930377427593     
   3.4674674674674675       -1.0021663750040404      -0.91380109292385281     
   3.4714714714714714       -1.0020000111576730      -0.91507384516078560     
   3.4754754754754753       -1.0018355958335390      -0.91633754789836286     
   3.4794794794794797       -1.0016731870046849      -0.91759218863936631     
   3.4834834834834836       -1.0015128417103214      -0.91883775497619591     
   3.4874874874874875       -1.0013546159905695      -0.92007423459099136     
   3.4914914914914914       -1.0011985648887596      -0.92130161525575383     
   3.4954954954954953       -1.0010447424233173      -0.92251988483246850     
   3.4994994994994997       -1.0008932015332037      -0.92372903127322248     
   3.5035035035035036       -1.0007439941292080      -0.92492904262032472     
   3.5075075075075075       -1.0005971709347343      -0.92611990700642566     
   3.5115115115115114       -1.0004527816575361      -0.92730161265463207     
   3.5155155155155153       -1.0003108747082854      -0.92847414787862559     
   3.5195195195195197       -1.0001714974634131      -0.92963750108277710     
   3.5235235235235236       -1.0000346959619881      -0.93079166076226205     
   3.5275275275275275      -0.99990051511807387      -0.93193661550317375     
   3.5315315315315314      -0.99976899847703737      -0.93307235398263721     
   3.5355355355355353      -0.99964018841023605      -0.93419886496891946     
   3.5395395395395397      -0.99951412584734800      -0.93531613732154262     
   3.5435435435435436      -0.99939085051471521      -0.93642415999139206     
   3.5475475475475475      -0.99927040061130568      -0.93752292202082732     
   3.5515515515515514      -0.99915281312126514      -0.93861241254378924     
   3.5555555555555554      -0.99903812337596087      -0.93969262078590843     
   3.5595595595595597      -0.99892636554593228      -0.94076353606461116     
   3.5635635635635636      -0.99881757197558318      -0.94182514778922477     
   3.5675675675675675      -0.99871177386029308      -0.94287744546108421     
   3.5715715715715715      -0.99860900052171264      -0.94392041867363274     
   3.5755755755755754      -0.99850927998846006      -0.94495405711252811     
   3.5795795795795797      -0.99841263854019657      -0.94597835055574231     
   3.5835835835835836      -0.99831910080987563      -0.94699328887366330     
   3.5875875875875876      -0.99822869006658665      -0.94799886202919548     
   3.5915915915915915      -0.99814142732037658      -0.94899506007785894     
   3.5955955955955954      -0.99805733277131869      -0.94998187316788696     
   3.5995995995995997      -0.99797642367197203      -0.95095929154032532     
   3.6036036036036037      -0.99789871705423272      -0.95192730552912663     
   3.6076076076076076      -0.99782422632028223      -0.95288590556124664     
   3.6116116116116115      -0.99775296521678269      -0.95383508215674029     
   3.6156156156156154      -0.99768494316495093      -0.95477482592885354     
   3.6196196196196198      -0.99762017056099694      -0.95570512758411708     
   3.6236236236236237      -0.99755865268664778      -0.95662597792243798     
   3.6276276276276276      -0.99750039653255862      -0.95753736783719101     
   3.6316316316316315      -0.99744540315574870      -0.95843928831530878     
   3.6356356356356359      -0.99739367592022188      -0.95933173043737030     
   3.6396396396396398      -0.99734521179640612      -0.96021468537768961     
   3.6436436436436437      -0.99730001004906654      -0.96108814440440271     
   3.6476476476476476      -0.99725806397350381      -0.96195209887955480     
   3.6516516516516515      -0.99721936808927447      -0.96280654025918444     
   3.6556556556556559      -0.99718391247735938      -0.96365146009340885     
   3.6596596596596598      -0.99715168625254147      -0.96448685002650714     
   3.6636636636636637      -0.99712267681506050      -0.96531270179700357     
   3.6676676676676676      -0.99709686712096446      -0.96612900723774797     
   3.6716716716716715      -0.99707424260115540      -0.96693575827599820     
   3.6756756756756759      -0.99705477903339079      -0.96773294693349898     
   3.6796796796796798      -0.99703846082108227      -0.96852056532655983     
   3.6836836836836837      -0.99702525559938304      -0.96929860566613557     
   3.6876876876876876      -0.99701514732639485      -0.97006706025790090     
   3.6916916916916915      -0.99700809507544197      -0.97082592150232783     
   3.6956956956956959      -0.99700408239432214      -0.97157518189476044     
   3.6996996996996998      -0.99700305994643779      -0.97231483402548924     
   3.7037037037037037      -0.99700501028045807      -0.97304487057982392     
   3.7077077077077076      -0.99700987691296949      -0.97376528433816678     
   3.7117117117117115      -0.99701763931509046      -0.97447606817608323     
   3.7157157157157159      -0.99702823629129111      -0.97517721506437227     
   3.7197197197197198      -0.99704164073688917      -0.97586871806913611     
   3.7237237237237237      -0.99705779135270933      -0.97655057035184933     
   3.7277277277277276      -0.99707664897809012      -0.97722276516942586     
   3.7317317317317316      -0.99709815860613282      -0.97788529587428519     
   3.7357357357357359      -0.99712226167370110      -0.97853815591441973     
   3.7397397397397398      -0.99714891770348568      -0.97918133883345804     
   3.7437437437437437      -0.99717803997037480      -0.97981483827072935     
   3.7477477477477477      -0.99720961131803310      -0.98043864796132674     
   3.7517517517517516      -0.99724350865408107      -0.98105276173616807     
   3.7557557557557559      -0.99727974551687593      -0.98165717352205806     
   3.7597597597597598      -0.99731815668713208      -0.98225187734174813     
   3.7637637637637638      -0.99735878963942037      -0.98283686731399489     
   3.7677677677677677      -0.99740143782539348      -0.98341213765361879     
   3.7717717717717716      -0.99744617700890115      -0.98397768267156138     
   3.7757757757757759      -0.99749277110624257      -0.98453349677494195     
   3.7797797797797799      -0.99754130533242713      -0.98507957446711136     
   3.7837837837837838      -0.99759154177948139      -0.98561591034770824     
   3.7877877877877877      -0.99764353783632198      -0.98614249911271146     
   3.7917917917917916      -0.99769710165538783      -0.98665933555449192     
   3.7957957957957960      -0.99775220458106451      -0.98716641456186571     
   3.7997997997997999      -0.99780876973713051      -0.98766373112014327     
   3.8038038038038038      -0.99786660463441179      -0.98815128031117960     
   3.8078078078078077      -0.99792583226503129      -0.98862905731342254     
   3.8118118118118116      -0.99798600850705665      -0.98909705740196108     
   3.8158158158158160      -0.99804754266186158      -0.98955527594857173     
   3.8198198198198199      -0.99810966169388693      -0.99000370842176366     
   3.8238238238238238      -0.99817312133148905      -0.99044235038682449     
   3.8278278278278277      -0.99823678821042283      -0.99087119750586350     
   3.8318318318318316      -0.99830175547005551      -0.99129024553785516     
   3.8358358358358360      -0.99836659427859265      -0.99169949033868066     
   3.8398398398398399      -0.99843259998092515      -0.99209892786116838     
   3.8438438438438438      -0.99849827114053913      -0.99248855415513493     
   3.8478478478478477      -0.99856478037934648      -0.99286836536742351     
   3.8518518518518516      -0.99863099522445209      -0.99323835774194280     
   3.8558558558558560      -0.99869739930033719      -0.99359852761970280     
   3.8598598598598599      -0.99876392440209938      -0.99394887143885202     
   3.8638638638638638      -0.99882954865014706      -0.99428938573471282     
   3.8678678678678677      -0.99889618821057091      -0.99462006713981466     
   3.8718718718718717      -0.99896032907688559      -0.99494091238392857     
   3.8758758758758760      -0.99902687056721806      -0.99525191829409909     
   3.8798798798798799      -0.99908887748028441      -0.99555308179467450     
   3.8838838838838838      -0.99915498576770956      -0.99584439990733942     
   3.8878878878878878      -0.99921440032003073      -0.99612586975114281     
   3.8918918918918921      -0.99927945175618693      -0.99639748854252641     
   3.8958958958958960      -0.99933620571483062      -0.99665925359535279     
   3.8998998998998999      -0.99939907148420126      -0.99691116232093191     
   3.9039039039039038      -0.99945371954961160      -0.99715321222804643     
   3.9079079079079078      -0.99951254205175566      -0.99738540092297623     
   3.9119119119119121      -0.99956646051371778      -0.99760772610952264     
   3.9159159159159160      -0.99961852194233047      -0.99782018558903074     
   3.9199199199199199      -0.99967393895000001      -0.99802277726041111     
   3.9239239239239239      -0.99971579493709484      -0.99821549912016083     
   3.9279279279279278      -0.99977544023431097      -0.99839834926238302     
   3.9319319319319321      -0.99980356654535663      -0.99857132587880604     
   3.9359359359359360      -0.99986966614116835      -0.99873442725880057     
   3.9399399399399400      -0.99988190001233823      -0.99888765178939798     
   3.9439439439439439      -0.99995425821257000      -0.99903099795530448     
   3.9479479479479478      -0.99995222027835085      -0.99916446433891781     
   3.9519519519519521       -1.0000253405068340      -0.99928804962034024     
   3.9559559559559561       -1.0000176588600558      -0.99940175257739150     
   3.9599599599599600       -1.0000774278712090      -0.99950557208562174     
   3.9639639639639639       -1.0000827581523426      -0.99959950711832180     
   3.9679679679679678       -1.0001043457370344      -0.99968355674653397     
   3.9719719719719722       -1.0001517333197383      -0.99975772013906072     
   3.9759759759759761       -1.0001021168517685      -0.99982199656247328     
   3.9799799799799800       -1.0002242652285027      -0.99987638538111856     
   3.9839839839839839       -1.0000747498462210      -0.99992088605712559     
   3.9879879879879878       -1.0002882063618836      -0.99995549815041107     
   3.9919919919919922       -1.0000426650677208      -0.99998022131868336     
   3.9959959959959961       -1.0003153248282661      -0.99999505531744570     
   4.0000000000000000       -1.0000000000000000       -1.0000000000000000     
