   0.0000000000000000        1.0000000000000000       0.99999999999999989     
   4.0040040040040040E-003   1.0002346303642584       0.99999505531744592     
   8.0080080080080079E-003   1.0000031206076343       0.99998022131868325     
   1.2012012012012012E-002   1.0002245231304747       0.99995549815041107     
   1.6016016016016016E-002  0.99998635386344059       0.99992088605712559     
   2.0020020020020020E-002   1.0001561957942620       0.99987638538111856     
   2.4024024024024024E-002  0.99997097619864483       0.99982199656247328     
   2.8028028028028028E-002   1.0000656671369323       0.99975772013906072     
   3.2032032032032032E-002  0.99994494769439690       0.99968355674653397     
   3.6036036036036036E-002  0.99996757038794670       0.99959950711832180     
   4.0040040040040040E-002  0.99989942811592747       0.99950557208562174     
   4.4044044044044044E-002  0.99986910900099757       0.99940175257739161     
   4.8048048048048048E-002  0.99983264931786364       0.99928804962034012     
   5.2052052052052052E-002  0.99977146394003702       0.99916446433891792     
   5.6056056056056056E-002  0.99974732058849258       0.99903099795530459     
   6.0060060060060060E-002  0.99967294358451786       0.99888765178939798     
   6.4064064064064064E-002  0.99964777343606870       0.99873442725880068     
   6.8068068068068074E-002  0.99957131525478093       0.99857132587880615     
   7.2072072072072071E-002  0.99953819275826239       0.99839834926238324     
   7.6076076076076082E-002  0.99946498233666636       0.99821549912016094     
   8.0080080080080079E-002  0.99942188513174701       0.99802277726041122     
   8.4084084084084090E-002  0.99935332534005927       0.99782018558903074     
   8.8088088088088087E-002  0.99930119271291340       0.99760772610952264     
   9.2092092092092098E-002  0.99923659584133040       0.99738540092297623     
   9.6096096096096095E-002  0.99917769966437109       0.99715321222804643     
  0.10010010010010011       0.99911564709024103       0.99691116232093191     
  0.10410410410410410       0.99905250792863831       0.99665925359535279     
  0.10810810810810811       0.99899166126137406       0.99639748854252641     
  0.11211211211211211       0.99892647328608231       0.99612586975114281     
  0.11611611611611612       0.99886594127508288       0.99584439990733964     
  0.12012012012012012       0.99880036593959831       0.99555308179467450     
  0.12412412412412413       0.99873977983306095       0.99525191829409887     
  0.12812812812812813       0.99867495925756244       0.99494091238392868     
  0.13213213213213212       0.99861439309199385       0.99462006713981466     
  0.13613613613613615       0.99855106466957644       0.99428938573471282     
  0.14014014014014015       0.99849089840109106       0.99394887143885213     
  0.14414414414414414       0.99842953329430328       0.99359852761970280     
  0.14814814814814814       0.99837031704883084       0.99323835774194291     
  0.15215215215215216       0.99831124095321300       0.99286836536742373     
  0.15615615615615616       0.99825358783294726       0.99248855415513493     
  0.16016016016016016       0.99819706795692698       0.99209892786116838     
  0.16416416416416416       0.99814158280787213       0.99169949033868066     
  0.16816816816816818       0.99808788027634021       0.99129024553785539     
  0.17217217217217218       0.99803512040636011       0.99087119750586361     
  0.17617617617617617       0.99798451465229754       0.99044235038682449     
  0.18018018018018017       0.99793497460453395       0.99000370842176388     
  0.18418418418418420       0.99788776857515460       0.98955527594857196     
  0.18818818818818819       0.99784187993544149       0.98909705740196130     
  0.19219219219219219       0.99779839440606799       0.98862905731342254     
  0.19619619619619619       0.99775653337896875       0.98815128031117949     
  0.20020020020020021       0.99771709657537655       0.98766373112014327     
  0.20420420420420421       0.99767959431768671       0.98716641456186571     
  0.20820820820820821       0.99764453089960814       0.98665933555449203     
  0.21221221221221220       0.99761168315605742       0.98614249911271146     
  0.21621621621621623       0.99758130483536078       0.98561591034770846     
  0.22022022022022023       0.99755337961793433       0.98507957446711159     
  0.22422422422422422       0.99752797846503372       0.98453349677494206     
  0.22822822822822822       0.99750522132558583       0.98397768267156138     
  0.23223223223223224       0.99748506550105043       0.98341213765361868     
  0.23623623623623624       0.99746770238164051       0.98283686731399489     
  0.24024024024024024       0.99745303410951325       0.98225187734174813     
  0.24424424424424424       0.99744127277573857       0.98165717352205828     
  0.24824824824824826       0.99743230786418524       0.98105276173616818     
  0.25225225225225223       0.99742633788190027       0.98043864796132674     
  0.25625625625625625       0.99742326622763056       0.97981483827072957     
  0.26026026026026028       0.99742325860015768       0.97918133883345804     
  0.26426426426426425       0.99742624503385091       0.97853815591441973     
  0.26826826826826827       0.99743235105096129       0.97788529587428519     
  0.27227227227227230       0.99744153683760595       0.97722276516942586     
  0.27627627627627627       0.99745388831846293       0.97655057035184956     
  0.28028028028028029       0.99746939234692855       0.97586871806913633     
  0.28428428428428426       0.99748810066788696       0.97517721506437238     
  0.28828828828828829       0.99751002042655224       0.97447606817608334     
  0.29229229229229231       0.99753517651045243       0.97376528433816700     
  0.29629629629629628       0.99756358881124918       0.97304487057982403     
  0.30030030030030030       0.99759526307925595       0.97231483402548924     
  0.30430430430430433       0.99763022498483445       0.97157518189476044     
  0.30830830830830830       0.99766846758014482       0.97082592150232794     
  0.31231231231231232       0.99771001680384230       0.97006706025790113     
  0.31631631631631629       0.99775485817014042       0.96929860566613568     
  0.32032032032032032       0.99780301362727564       0.96852056532656006     
  0.32432432432432434       0.99785446485458962       0.96773294693349898     
  0.32832832832832831       0.99790922726093323       0.96693575827599854     
  0.33233233233233234       0.99796728070442642       0.96612900723774819     
  0.33633633633633636       0.99802863288884758       0.96531270179700357     
  0.34034034034034033       0.99809326291394773       0.96448685002650714     
  0.34434434434434436       0.99816117029194085       0.96365146009340885     
  0.34834834834834832       0.99823233376577114       0.96280654025918455     
  0.35235235235235235       0.99830674497849337       0.96195209887955491     
  0.35635635635635637       0.99838438189674139       0.96108814440440293     
  0.36036036036036034       0.99846522916817082       0.96021468537768961     
  0.36436436436436437       0.99854926342117112       0.95933173043737041     
  0.36836836836836839       0.99863646308136356       0.95843928831530878     
  0.37237237237237236       0.99872680297539207       0.95753736783719101     
  0.37637637637637639       0.99882025608079095       0.95662597792243798     
  0.38038038038038036       0.99891679490624496       0.95570512758411708     
  0.38438438438438438       0.99901638782440083       0.95477482592885377     
  0.38838838838838841       0.99911900445046176       0.95383508215674051     
  0.39239239239239238       0.99922460934610824       0.95288590556124697     
  0.39639639639639640       0.99933316889818213       0.95192730552912663     
  0.40040040040040042       0.99944464430393287       0.95095929154032544     
  0.40440440440440439       0.99955899866321518       0.94998187316788707     
  0.40840840840840842       0.99967619007109509       0.94899506007785894     
  0.41241241241241239       0.99979617840163504       0.94799886202919548     
  0.41641641641641641       0.99991891891828777       0.94699328887366341     
  0.42042042042042044        1.0000443682141784       0.94597835055574242     
  0.42442442442442441        1.0001724790241828       0.94495405711252856     
  0.42842842842842843        1.0003032046767018       0.94392041867363297     
  0.43243243243243246        1.0004364955852327       0.94287744546108421     
  0.43643643643643643        1.0005723019775496       0.94182514778922499     
  0.44044044044044045        1.0007105719433289       0.94076353606461094     
  0.44444444444444442        1.0008512528951221       0.93969262078590843     
  0.44844844844844844        1.0009942905793683       0.93861241254378935     
  0.45245245245245247        1.0011396298536184       0.93752292202082743     
  0.45645645645645644        1.0012872141531945       0.93642415999139239     
  0.46046046046046046        1.0014369859478629       0.93531613732154295     
  0.46446446446446449        1.0015888864788030       0.93419886496891991     
  0.46846846846846846        1.0017428559255346       0.93307235398263733     
  0.47247247247247248        1.0018988334741248       0.93193661550317397     
  0.47647647647647645        1.0020567571096102       0.93079166076226205     
  0.48048048048048048        1.0022165640943206       0.92963750108277710     
  0.48448448448448450        1.0023781903459399       0.92847414787862570     
  0.48848848848848847        1.0025415712596468       0.92730161265463229     
  0.49249249249249250        1.0027066408634964       0.92611990700642588     
  0.49649649649649652        1.0028733327214587       0.92492904262032505     
  0.50050050050050054        1.0030415791312548       0.92372903127322259     
  0.50450450450450446        1.0032113118884922       0.92251988483246872     
  0.50850850850850848        1.0033824616931639       0.92130161525575405     
  0.51251251251251251        1.0035549586295374       0.92007423459099136     
  0.51651651651651653        1.0037287319347010       0.91883775497619602     
  0.52052052052052056        1.0039037100866801       0.91759218863936653     
  0.52452452452452447        1.0040798208878543       0.91633754789836308     
  0.52852852852852850        1.0042569913617305       0.91507384516078605     
  0.53253253253253252        1.0044351479261013       0.91380109292385314     
  0.53653653653653655        1.0046142162561387       0.91251930377427604     
  0.54054054054054057        1.0047941214572238       0.91122849038813569     
  0.54454454454454460        1.0049747879452311       0.90992866553075669     
  0.54854854854854851        1.0051561395839310       0.90861984205658186     
  0.55255255255255253        1.0053380996204857       0.90730203290904443     
  0.55655655655655656        1.0055205907281273       0.90597525112043986     
  0.56056056056056058        1.0057035350849042       0.90463950981179786     
  0.56456456456456461        1.0058868542471366       0.90329482219275237     
  0.56856856856856852        1.0060704693590981       0.90194120156140967     
  0.57257257257257255        1.0062543009643909       0.90057866130421826     
  0.57657657657657657        1.0064382692129101       0.89920721489583666     
  0.58058058058058060        1.0066222937130334       0.89782687589899912     
  0.58458458458458462        1.0068062936770925       0.89643765796438168     
  0.58858858858858853        1.0069901878359022       0.89503957483046792     
  0.59259259259259256        1.0071738945267361       0.89363264032341216     
  0.59659659659659658        1.0073573316517230       0.89221686835690384     
  0.60060060060060061        1.0075404167336952       0.89079227293202834     
  0.60460460460460463        1.0077230668909334       0.88935886813713039     
  0.60860860860860866        1.0079051988877972       0.88791666814767300     
  0.61261261261261257        1.0080867291013975       0.88646568722609853     
  0.61661661661661660        1.0082675735880318       0.88500593972168740     
  0.62062062062062062        1.0084476480245228       0.88353744007041513     
  0.62462462462462465        1.0086268678039128       0.88206020279481145     
  0.62862862862862867        1.0088051479419362       0.88057424250381455     
  0.63263263263263259        1.0089824032078869       0.87907957389262892     
  0.63663663663663661        1.0091585479935861       0.87757621174257761     
  0.64064064064064064        1.0093334964792358       0.87606417092095823     
  0.64464464464464466        1.0095071624674579       0.87454346638089420     
  0.64864864864864868        1.0096794595797132       0.87301411316118804     
  0.65265265265265260        1.0098503010616424       0.87147612638617244     
  0.65665665665665662        1.0100196000019426       0.86992952126555978     
  0.66066066066066065        1.0101872691191036       0.86837431309429269     
  0.66466466466466467        1.0103532209907713       0.86681051725239278     
  0.66866866866866870        1.0105173678358277       0.86523814920480835     
  0.67267267267267272        1.0106796217382568       0.86365722450126059     
  0.67667667667667664        1.0108398944426880       0.86206775877609154     
  0.68068068068068066        1.0109980975527453       0.86046976774810768     
  0.68468468468468469        1.0111541423616799       0.85886326722042616     
  0.68868868868868871        1.0113079400024283       0.85724827308031681     
  0.69269269269269274        1.0114594013369538       0.85562480129904683     
  0.69669669669669665        1.0116084370340850       0.85399286793172080     
  0.70070070070070067        1.0117549575411695       0.85235248911712413     
  0.70470470470470470        1.0118988730673644       0.85070368107756156     
  0.70870870870870872        1.0120400936575518       0.84904646011869800     
  0.71271271271271275        1.0121785290649274       0.84738084262939628     
  0.71671671671671666        1.0123140889380253       0.84570684508155602     
  0.72072072072072069        1.0124466825791596       0.84402448402995045     
  0.72472472472472471        1.0125762192381058       0.84233377611206173     
  0.72872872872872874        1.0127026077755503       0.84063473804791822     
  0.73273273273273276        1.0128257570285992       0.83892738663992727     
  0.73673673673673679        1.0129455754333896       0.83721173877271082     
  0.74074074074074070        1.0130619713846900       0.83548781141293649     
  0.74474474474474472        1.0131748529239180       0.83375562160915173     
  0.74874874874874875        1.0132841279528122       0.83201518649161366     
  0.75275275275275277        1.0133897041663282       0.83026652327212069     
  0.75675675675675680        1.0134914888948949       0.82850964924384218     
  0.76076076076076071        1.0135893895420440       0.82674458178114663     
  0.76476476476476474        1.0136833128319513       0.82497133833943037     
  0.76876876876876876        1.0137731658375482       0.82318993645494531     
  0.77277277277277279        1.0138588547163705       0.82140039374462548     
  0.77677677677677681        1.0139402861288269       0.81960272790591149     
  0.78078078078078073        1.0140173657182332       0.81779695671657793     
  0.78478478478478475        1.0140899996447625       0.81598309803455460     
  0.78878878878878878        1.0141580930906859       0.81416116979775299     
  0.79279279279279280        1.0142215516163033       0.81233119002388599     
  0.79679679679679682        1.0142802800080712       0.81049317681029232     
  0.80080080080080085        1.0143341831047998       0.80864714833375506     
  0.80480480480480476        1.0143831653659605       0.80679312285032445     
  0.80880880880880879        1.0144271308269746       0.80493111869513490     
  0.81281281281281281        1.0144659835879115       0.80306115428222591     
  0.81681681681681684        1.0144996269327493       0.80118324810435759     
  0.82082082082082086        1.0145279644297904       0.79929741873283022     
  0.82482482482482478        1.0145508987432856       0.79740368481729917     
  0.82882882882882880        1.0145683327130790       0.79550206508558996     
  0.83283283283283283        1.0145801685181353       0.79359257834351515     
  0.83683683683683685        1.0145863080607651       0.79167524347468543     
  0.84084084084084088        1.0145866531484717       0.78975007944032627     
  0.84484484484484490        1.0145811053372149       0.78781710527908688     
  0.84884884884884881        1.0145695654216076       0.78587634010685514     
  0.85285285285285284        1.0145519339778111       0.78392780311656585     
  0.85685685685685686        1.0145281110486990       0.78197151357801298     
  0.86086086086086089        1.0144979963957133       0.78000749083765841     
  0.86486486486486491        1.0144614892603514       0.77803575431843952     
  0.86886886886886883        1.0144184885490322       0.77605632351957921     
  0.87287287287287285        1.0143688926506198       0.77406921801639061     
  0.87687687687687688        1.0143125995726665       0.77207445746008641     
  0.88088088088088090        1.0142495067983492       0.77007206157758135     
  0.88488488488488493        1.0141795113890202       0.76806205017129980     
  0.88888888888888884        1.0141025098672587       0.76604444311897812     
  0.89289289289289286        1.0140183982974023       0.76401926037346957     
  0.89689689689689689        1.0139270721845226       0.76198652196254524     
  0.90090090090090091        1.0138284265418436       0.75994624798869781     
  0.90490490490490494        1.0137223557978106       0.75789845862894112     
  0.90890890890890896        1.0136087538571692       0.75584317413461199     
  0.91291291291291288        1.0134875140102990       0.75378041483116964     
  0.91691691691691690        1.0133585289929663       0.75171020111799358     
  0.92092092092092093        1.0132216908936189       0.74963255346818269     
  0.92492492492492495        1.0130768912152723       0.74754749242835361     
  0.92892892892892898        1.0129240207781915       0.74545503861843632     
  0.93293293293293289        1.0127629697857166       0.74335521273147021     
  0.93693693693693691        1.0125936277209189       0.74124803553340046     
  0.94094094094094094        1.0124158834175765       0.73913352786287123     
  0.94494494494494496        1.0122296249498088       0.73701171063102144     
  0.94894894894894899        1.0120347397087508       0.73488260482127599     
  0.95295295295295290        1.0118311142850553       0.73274623148913998     
  0.95695695695695693        1.0116186345510769       0.73060261176198882     
  0.96096096096096095        1.0113971855365536       0.72845176683886093     
  0.96496496496496498        1.0111666515158118       0.72629371799024722     
  0.96896896896896900        1.0109269158773033       0.72412848655788020     
  0.97297297297297303        1.0106778612149356       0.72195609395452465     
  0.97697697697697694        1.0104193691924532       0.71977656166376347     
  0.98098098098098097        1.0101513206378350       0.71758991123978799     
  0.98498498498498499        1.0098735954036120       0.71539616430718200     
  0.98898898898898902        1.0095860724632046       0.71319534256071038     
  0.99299299299299304        1.0092886297682573       0.71098746776510235     
  0.99699699699699695        1.0089811443458105       0.70877256175483849     
   1.0010010010010011        1.0086634921537589       0.70655064643393239     
   1.0050050050050050        1.0083355481777920       0.70432174377571666     
   1.0090090090090089        1.0079971862859223       0.70208587582262261     
   1.0130130130130131        1.0076482793242929       0.69984306468596524     
   1.0170170170170170        1.0072886989716658       0.69759333254572309     
   1.0210210210210211        1.0069183158332189       0.69533670165031780     
   1.0250250250250250        1.0065369992957847       0.69307319431639725     
   1.0290290290290289        1.0061446176188933       0.69080283292861089     
   1.0330330330330331        1.0057410377914753       0.68852563993939231     
   1.0370370370370370        1.0053261256194681       0.68624163786873360     
   1.0410410410410411        1.0048997455846056       0.68395084930396588     
   1.0450450450450450        1.0044617609280344       0.68165329689953280     
   1.0490490490490489        1.0040120335116556       0.67934900337676996     
   1.0530530530530531        1.0035504238973658       0.67703799152367639     
   1.0570570570570570        1.0030767912113019       0.67472028419469277     
   1.0610610610610611        1.0025909932183621       0.67239590431047247     
   1.0650650650650650        1.0020928861897174       0.67006487485765720     
   1.0690690690690692        1.0015823249722795       0.66772721888864850     
   1.0730730730730731        1.0010591628597929       0.66538295952137927     
   1.0770770770770770        1.0005232516569751       0.66303211993908673     
   1.0810810810810811       0.99997444155449089       0.66067472339008138     
   1.0850850850850851       0.99941258118749521       0.65831079318751895     
   1.0890890890890892       0.99883751751472416       0.65594035270916762     
   1.0930930930930931       0.99824909587134303       0.65356342539717938     
   1.0970970970970970       0.99764715985219476       0.65118003475785569     
   1.1011011011011012       0.99703155135901578       0.64879020436141710     
   1.1051051051051051       0.99640211048777838       0.64639395784176923     
   1.1091091091091092       0.99575867557045061       0.64399131889626848     
   1.1131131131131131       0.99510108306626677       0.64158231128548826     
   1.1171171171171170       0.99442916759823941       0.63916695883298480     
   1.1211211211211212       0.99374276184824128       0.63674528542506059     
   1.1251251251251251       0.99304169658845709       0.63431731501052790     
   1.1291291291291292       0.99232580058018072       0.63188307160047219     
   1.1331331331331331       0.99159490060037359       0.62944257926801572     
   1.1371371371371370       0.99084882134407282       0.62699586214807856     
   1.1411411411411412       0.99008738544628061       0.62454294443713887     
   1.1451451451451451       0.98931041338786974       0.62208385039299618     
   1.1491491491491492       0.98851772351302047       0.61961860433452864     
   1.1531531531531531       0.98770913193850973       0.61714723064145538     
   1.1571571571571571       0.98688445256690938       0.61466975375409227     
   1.1611611611611612       0.98604349699922511       0.61218619817311382     
   1.1651651651651651       0.98518607454403051       0.60969658845930685     
   1.1691691691691692       0.98431199213336795       0.60720094923333146     
   1.1731731731731732       0.98342105432812532       0.60469930517547543     
   1.1771771771771771       0.98251306323700471       0.60219168102540976     
   1.1811811811811812       0.98158781851855226       0.59967810158194490     
   1.1851851851851851       0.98064511730296744       0.59715859170278607     
   1.1891891891891893       0.97968475419112000       0.59463317630428669     
   1.1931931931931932       0.97870652117915902       0.59210188036120104     
   1.1971971971971973       0.97771020765475269       0.58956472890643952     
   1.2012012012012012       0.97669560032444735       0.58702174703081855     
   1.2052052052052051       0.97566248320744564       0.58447295988281511     
   1.2092092092092093       0.97461063756560484       0.58191839266831502     
   1.2132132132132132       0.97353984189515264       0.57935807065036715     
   1.2172172172172173       0.97244987185919485       0.57679201914892964     
   1.2212212212212212       0.97134050027772667       0.57422026354062339     
   1.2252252252252251       0.97021149706262666       0.57164282925847876     
   1.2292292292292293       0.96906262920624420       0.56905974179168362     
   1.2332332332332332       0.96789366071896099       0.56647102668533400     
   1.2372372372372373       0.96670435261654208       0.56387670954017777     
   1.2412412412412412       0.96549446286046303       0.56127681601236523     
   1.2452452452452452       0.96426374634416345       0.55867137181319193     
   1.2492492492492493       0.96301195483632296       0.55606040270884771     
   1.2532532532532532       0.96173883696627749       0.55344393452015839     
   1.2572572572572573       0.96044413817032337       0.55082199312233371     
   1.2612612612612613       0.95912760067662439       0.54819460444470980     
   1.2652652652652652       0.95778896345468345       0.54556179447049202     
   1.2692692692692693       0.95642796219994552       0.54292358923649942     
   1.2732732732732732       0.95504432928679062       0.54028001483290677     
   1.2772772772772774       0.95363779375282465       0.53763109740298687     
   1.2812812812812813       0.95220808125596623       0.53497686314285187     
   1.2852852852852852       0.95075491405828394       0.53231733830119210     
   1.2892892892892893       0.94927801098786724       0.52965254917902038     
   1.2932932932932932       0.94777708742198463       0.52698252212940966     
   1.2972972972972974       0.94625185525459266       0.52430728355723166     
   1.3013013013013013       0.94470202287836713       0.52162685991889790     
   1.3053053053053052       0.94312729515907123       0.51894127772209575     
   1.3093093093093093       0.94152737341557868       0.51625056352552856     
   1.3133133133133132       0.93990195540279919       0.51355474393865164     
   1.3173173173173174       0.93825073528840608       0.51085384562140879     
   1.3213213213213213       0.93657340364646169       0.50814789528396931     
   1.3253253253253254       0.93486964742904888       0.50543691968646431     
   1.3293293293293293       0.93313914997342473       0.50272094563872183     
   1.3333333333333333       0.93138159096598316       0.50000000000000033     
   1.3373373373373374       0.92959664646666085       0.49727410967872421     
   1.3413413413413413       0.92778398886166236       0.49454330163221866     
   1.3453453453453454       0.92594328691003802       0.49180760286644143     
   1.3493493493493494       0.92407420568027154       0.48906704043571680     
   1.3533533533533533       0.92217640662545453       0.48632164144246692     
   1.3573573573573574       0.92024954749720600       0.48357143303694439     
   1.3613613613613613       0.91829328245770370       0.48081644241696458     
   1.3653653653653655       0.91630726196238188       0.47805669682763607     
   1.3693693693693694       0.91429113291938502       0.47529222356109019     
   1.3733733733733733       0.91224453852992937       0.47252304995621203     
   1.3773773773773774       0.91016711850862397       0.46974920339837073     
   1.3813813813813813       0.90805850886717410       0.46697071131914814     
   1.3853853853853855       0.90591834221266365       0.46418760119606600     
   1.3893893893893894       0.90374624745621557       0.46139990055231739     
   1.3933933933933933       0.90154185021083810       0.45860763695649082     
   1.3973973973973974       0.89930477240169404       0.45581083802230099     
   1.4014014014014013       0.89703463279066786       0.45300953140831446     
   1.4054054054054055       0.89473104645869539       0.45020374481767350     
   1.4094094094094094       0.89239362549112622       0.44739350599782696     
   1.4134134134134133       0.89002197829491059       0.44457884274025250     
   1.4174174174174174       0.88761571048732713       0.44175978288018319     
   1.4214214214214214       0.88517442400141200       0.43893635429633082     
   1.4254254254254255       0.88269771823104426       0.43610858491061116     
   1.4294294294294294       0.88018518886650199       0.43327650268786849     
   1.4334334334334333       0.87763642936157582       0.43044013563559824     
   1.4374374374374375       0.87505102942717716       0.42759951180366951     
   1.4414414414414414       0.87242857690150799       0.42475465928404799     
   1.4454454454454455       0.86976865581276230       0.42190560621051937     
   1.4494494494494494       0.86707084875189711       0.41905238075840973     
   1.4534534534534536       0.86433473439514175       0.41619501114430768     
   1.4574574574574575       0.86155989050123405       0.41333352562578418     
   1.4614614614614614       0.85874589075992480       0.41046795250111390     
   1.4654654654654655       0.85589230856240717       0.40759832010899610     
   1.4694694694694694       0.85299871301258579       0.40472465682827363     
   1.4734734734734736       0.85006467365153793       0.40184699107765148     
   1.4774774774774775       0.84708975543324339       0.39896535131541649     
   1.4814814814814814       0.84407352462217466       0.39607976603915679     
   1.4854854854854855       0.84101554249338972       0.39319026378547872     
   1.4894894894894894       0.83791537266785199       0.39029687312972589     
   1.4934934934934936       0.83477257324723098       0.38739962268569328     
   1.4974974974974975       0.83158670590538331       0.38449854110534909     
   1.5015015015015014       0.82835732610967461       0.38159365707854875     
   1.5055055055055055       0.82508399435055180       0.37868499933275013     
   1.5095095095095095       0.82176626403221031       0.37577259663273255     
   1.5135135135135136       0.81840369529696033       0.37285647778030873     
   1.5175175175175175       0.81499584008699943       0.36993667161404314     
   1.5215215215215214       0.81154225910791145       0.36701320700896550     
   1.5255255255255256       0.80804250346845397       0.36408611287628412     
   1.5295295295295295       0.80449613542999343       0.36115541816310132     
   1.5335335335335336       0.80090270592043644       0.35822115185212744     
   1.5375375375375375       0.79726177983585333       0.35528334296139380     
   1.5415415415415414       0.79357290859582419       0.35234202054396474     
   1.5455455455455456       0.78983566090222646       0.34939721368765114     
   1.5495495495495495       0.78604958935379876       0.34644895151472355     
   1.5535535535535536       0.78221426772777181       0.34349726318162310     
   1.5575575575575575       0.77832925049858082       0.34054217787867375     
   1.5615615615615615       0.77439411789359225       0.33758372482979260     
   1.5655655655655656       0.77040842696157552       0.33462193329220158     
   1.5695695695695695       0.76637176586747524       0.33165683255613898     
   1.5735735735735736       0.76228369492704628       0.32868845194456903     
   1.5775775775775776       0.75814381185096558       0.32571682081289088     
   1.5815815815815817       0.75395168089933895       0.32274196854864945     
   1.5855855855855856       0.74970691106622955       0.31976392457124525     
   1.5895895895895895       0.74540907120752486       0.31678271833164295     
   1.5935935935935936       0.74105778347742446       0.31379837931207866     
   1.5975975975975976       0.73665262194099812       0.31081093702577139     
   1.6016016016016017       0.73219322393889053       0.30782042101662782     
   1.6056056056056056       0.72767916930707344       0.30482686085895305     
   1.6096096096096095       0.72311011275991977       0.30183028615715729     
   1.6136136136136137       0.71848564039905061       0.29883072654546011     
   1.6176176176176176       0.71380542667323110       0.29582821168760254     
   1.6216216216216217       0.70906906436044481       0.29282277127655032     
   1.6256256256256256       0.70427625019142603       0.28981443503420135     
   1.6296296296296295       0.69942658392825185       0.28680323271109065     
   1.6336336336336337       0.69451978733280262       0.28378919408609704     
   1.6376376376376376       0.68955546733510131       0.28077234896614933     
   1.6416416416416417       0.68453337369487877       0.27775272718593036     
   1.6456456456456456       0.67945312054710905       0.27473035860758332     
   1.6496496496496496       0.67431448885084222       0.27170527312041282     
   1.6536536536536537       0.66911709981103573       0.26867750064059459     
   1.6576576576576576       0.66386076904091018       0.26564707111087615     
   1.6616616616616617       0.65854512448110669       0.26261401450028199     
   1.6656656656656657       0.65317002012730196       0.25957836080381591     
   1.6696696696696696       0.64773509009253061       0.25654014004216519     
   1.6736736736736737       0.64224023077817149       0.25349938226140467     
   1.6776776776776776       0.63668508164536930       0.25045611753269870     
   1.6816816816816818       0.63106958584244977       0.24741037595200283     
   1.6856856856856857       0.62539338705900316       0.24436218763976714     
   1.6896896896896898       0.61965647987412431       0.24131158274063927     
   1.6936936936936937       0.61385851075402231       0.23825859142316480     
   1.6976976976976976       0.60799953076106816       0.23520324387949043     
   1.7017017017017018       0.60207918731494503       0.23214557032506186     
   1.7057057057057057       0.59609759341011892       0.22908560099833006     
   1.7097097097097098       0.59005439518379033       0.22602336616044894     
   1.7137137137137137       0.58394977343674681       0.22295889609497727     
   1.7177177177177176       0.57778337033118810       0.21989222110757800     
   1.7217217217217218       0.57155544080435705       0.21682337152571932     
   1.7257257257257257       0.56526561984847046       0.21375237769837560     
   1.7297297297297298       0.55891424335506235       0.21067926999572606     
   1.7337337337337337       0.55250093540102896       0.20760407880885565     
   1.7377377377377377       0.54602612017068386       0.20452683454945109     
   1.7417417417417418       0.53948940648022359       0.20144756764950522     
   1.7457457457457457       0.53289131469980755       0.19836630856101312     
   1.7497497497497498       0.52623143338827938       0.19528308775567005     
   1.7537537537537538       0.51951038758396639       0.19219793572457314     
   1.7577577577577577       0.51272773988796216       0.18911088297791637     
   1.7617617617617618       0.50588422911349074       0.18602196004469188     
   1.7657657657657657       0.49897938544641252       0.18293119747238676     
   1.7697697697697699       0.49201407124127583       0.17983862582668017     
   1.7737737737737738       0.48498777700035639       0.17674427569114179     
   1.7777777777777777       0.47790149908070495       0.17364817766693028     
   1.7817817817817818       0.47075468016806887       0.17055036237248988     
   1.7857857857857857       0.46354846181228176       0.16745086044324664     
   1.7897897897897899       0.45628222983193961       0.16434970253130635     
   1.7937937937937938       0.44895728292217657       0.16124691930515228     
   1.7977977977977977       0.44157294001434161       0.15814254144934106     
   1.8018018018018018       0.43413066969494696       0.15503659966419786     
   1.8058058058058057       0.42662971296876318       0.15192912466551589     
   1.8098098098098099       0.41907172188215530       0.14882014718424907     
   1.8138138138138138       0.41145584740785213       0.14570969796621130     
   1.8178178178178179       0.40378393946854702       0.14259780777177095     
   1.8218218218218218       0.39605504579021000       0.13948450737554591     
   1.8258258258258258       0.38827122945786968       0.13636982756610005     
   1.8298298298298299       0.38043142058844592       0.13325379914563965     
   1.8338338338338338       0.37253791160137228       0.13013645292970785     
   1.8378378378378379       0.36458949946223895       0.12701781974687870     
   1.8418418418418419       0.35658872299353711       0.12389793043845529     
   1.8458458458458458       0.34853422926196670       0.12077681585816115     
   1.8498498498498499       0.34042882146171011       0.11765450687183837     
   1.8538538538538538       0.33227097879087258       0.11453103435714140     
   1.8578578578578580       0.32406378767902250       0.11140642920322855     
   1.8618618618618619       0.31580554025679664       0.10828072231046192     
   1.8658658658658658       0.30749962593337576       0.10515394459009815     
   1.8698698698698699       0.29914412934820472       0.10202612696398421     
   1.8738738738738738       0.29074276348931249        9.8897300364250137E-002
   1.8778778778778780       0.28229338387363995        9.5767495733004110E-002
   1.8818818818818819       0.27380004848432993        9.2636744022027262E-002
   1.8858858858858858       0.26526036090880439        8.9505076192466795E-002
   1.8898898898898899       0.25667874630663079        8.6372523214528804E-002
   1.8938938938938938       0.24805253240126904        8.3239116067172991E-002
   1.8978978978978980       0.23938653440745317        8.0104885737807094E-002
   1.9019019019019019       0.23067777918930704        7.6969863221979185E-002
   1.9059059059059058       0.22193149550797975        7.3834079523072429E-002
   1.9099099099099099       0.21314438339855793        7.0697565651994948E-002
   1.9139139139139139       0.20432210916838842        6.7560352626878470E-002
   1.9179179179179180       0.19546101918813188        6.4422471472768014E-002
   1.9219219219219219       0.18656724169486011        6.1283953221316440E-002
   1.9259259259259258       0.17763674182635358        5.8144828910476183E-002
   1.9299299299299300       0.16867613436928822        5.5005129584193228E-002
   1.9339339339339339       0.15968097508558624        5.1864886292100981E-002
   1.9379379379379380       0.15065838999599127        4.8724130089211899E-002
   1.9419419419419419       0.14160349695543520        4.5582892035611673E-002
   1.9459459459459461       0.13252395776990269        4.2441203196148525E-002
   1.9499499499499500       0.12341442368405021        3.9299094640131337E-002
   1.9539539539539539       0.11428311648145033        3.6156597441019275E-002
   1.9579579579579580       0.10512419216808191        3.3013742676113601E-002
   1.9619619619619619        9.5946456084844506E-002   2.9870561426253450E-002
   1.9659659659659661        8.6743540722349313E-002   2.6727084775504926E-002
   1.9699699699699700        7.7524857670592848E-002   2.3583343810856781E-002
   1.9739739739739739        6.8283488265150627E-002   2.0439369621911660E-002
   1.9779779779779780        5.9029471913451786E-002   1.7295193300577764E-002
   1.9819819819819819        4.9755311919260428E-002   1.4150845940762258E-002
   1.9859859859859861        4.0471696197319662E-002   1.1006358638064652E-002
   1.9899899899899900        3.1170522773179991E-002   7.8617624894684063E-003
   1.9939939939939939        2.1863151141983124E-002   4.7170885930325071E-003
   1.9979979979979980        1.2540839001382111E-002   1.5723680475848198E-003
   2.0020020020020022        3.2156557028463905E-003  -1.5723680475845747E-003
   2.0060060060060061       -6.1218290385125626E-003  -4.7170885930322625E-003
   2.0100100100100100       -1.5458881418805772E-002  -7.8617624894681600E-003
   2.0140140140140139       -2.4804261169206542E-002  -1.1006358638064406E-002
   2.0180180180180178       -3.4145905830966085E-002  -1.4150845940762012E-002
   2.0220220220220222       -4.3491925095426286E-002  -1.7295193300577522E-002
   2.0260260260260261       -5.2830912147102949E-002  -2.0439369621911417E-002
   2.0300300300300300       -6.2170350205037313E-002  -2.3583343810856538E-002
   2.0340340340340339       -7.1499470913489974E-002  -2.6727084775504683E-002
   2.0380380380380378       -8.0825157072595799E-002  -2.9870561426253207E-002
   2.0420420420420422       -9.0137260415164830E-002  -3.3013742676113789E-002
   2.0460460460460461       -9.9442091347234599E-002  -3.6156597441019026E-002
   2.0500500500500500      -0.10873010241483234       -3.9299094640131087E-002
   2.0540540540540539      -0.11800706116157607       -4.2441203196148275E-002
   2.0580580580580579      -0.12726400098555024       -4.5582892035610979E-002
   2.0620620620620622      -0.13650617713290988       -4.8724130089212093E-002
   2.0660660660660661      -0.14572518342455337       -5.1864886292100738E-002
   2.0700700700700700      -0.15492579413423327       -5.5005129584192979E-002
   2.0740740740740740      -0.16410014295433822       -5.8144828910475933E-002
   2.0780780780780779      -0.17325255489569225       -6.1283953221315746E-002
   2.0820820820820822      -0.18237568258616693       -6.4422471472768209E-002
   2.0860860860860861      -0.19147343285405560       -6.7560352626878220E-002
   2.0900900900900901      -0.20053895570210650       -7.0697565651994698E-002
   2.0940940940940940      -0.20957577072068984       -7.3834079523071736E-002
   2.0980980980980979      -0.21857750556804675       -7.6969863221978935E-002
   2.1021021021021022      -0.22754732659162061       -8.0104885737806844E-002
   2.1061061061061062      -0.23647932436920388       -8.3239116067172741E-002
   2.1101101101101101      -0.24537634971799774       -8.6372523214528554E-002
   2.1141141141141140      -0.25423294400895652       -8.9505076192466101E-002
   2.1181181181181179      -0.26305167816930120       -9.2636744022027012E-002
   2.1221221221221223      -0.27182752766451940       -9.5767495733003860E-002
   2.1261261261261262      -0.28056281030716362       -9.8897300364249888E-002
   2.1301301301301301      -0.28925291039209033      -0.10202612696398396     
   2.1341341341341340      -0.29789990996625743      -0.10515394459009790     
   2.1381381381381384      -0.30649957131110855      -0.10828072231046167     
   2.1421421421421423      -0.31505375370077771      -0.11140642920322831     
   2.1461461461461462      -0.32355856686211376      -0.11453103435714115     
   2.1501501501501501      -0.33201566102290542      -0.11765450687183812     
   2.1541541541541540      -0.34042146679728696      -0.12077681585816090     
   2.1581581581581584      -0.34877744168212543      -0.12389793043845504     
   2.1621621621621623      -0.35708031501574844      -0.12701781974687892     
   2.1661661661661662      -0.36533136977168235      -0.13013645292970763     
   2.1701701701701701      -0.37352761504557974      -0.13325379914563942     
   2.1741741741741740      -0.38167017800964109      -0.13636982756609983     
   2.1781781781781784      -0.38975633050993691      -0.13948450737554569     
   2.1821821821821823      -0.39778706214396886      -0.14259780777177072     
   2.1861861861861862      -0.40575989172186211      -0.14570969796621108     
   2.1901901901901901      -0.41367568849724828      -0.14882014718424885     
   2.1941941941941940      -0.42153220334674851      -0.15192912466551567     
   2.1981981981981984      -0.42933020123153282      -0.15503659966419808     
   2.2022022022022023      -0.43706765095779582      -0.15814254144934084     
   2.2062062062062062      -0.44474522802347066      -0.16124691930515206     
   2.2102102102102101      -0.45236110573457045      -0.16434970253130612     
   2.2142142142142140      -0.45991588374211329      -0.16745086044324597     
   2.2182182182182184      -0.46740792709674184      -0.17055036237248966     
   2.2222222222222223      -0.47483777203420269      -0.17364817766693005     
   2.2262262262262262      -0.48220396324056736      -0.17674427569114157     
   2.2302302302302301      -0.48950698482020133      -0.17983862582667995     
   2.2342342342342341      -0.49674554960294570      -0.18293119747238654     
   2.2382382382382384      -0.50392009974043117      -0.18602196004469207     
   2.2422422422422423      -0.51102950530346902      -0.18911088297791614     
   2.2462462462462462      -0.51807417561117131      -0.19219793572457292     
   2.2502502502502502      -0.52505312763281142      -0.19528308775566983     
   2.2542542542542541      -0.53196674596701643      -0.19836630856101248     
   2.2582582582582584      -0.53881418467125430      -0.20144756764950500     
   2.2622622622622623      -0.54559581078046193      -0.20452683454945086     
   2.2662662662662663      -0.55231090613508960      -0.20760407880885542     
   2.2702702702702702      -0.55895982646287878      -0.21067926999572584     
   2.2742742742742741      -0.56554197256103977      -0.21375237769837538     
   2.2782782782782784      -0.57205769426261666      -0.21682337152571909     
   2.2822822822822824      -0.57850650294959127      -0.21989222110757778     
   2.2862862862862863      -0.58488874718588468      -0.22295889609497704     
   2.2902902902902902      -0.59120404099716450      -0.22602336616044871     
   2.2942942942942941      -0.59745273557417278      -0.22908560099832984     
   2.2982982982982985      -0.60363454005424577      -0.23214557032506164     
   2.3023023023023024      -0.60974981147827934      -0.23520324387949024     
   2.3063063063063063      -0.61579834695199787      -0.23825859142316458     
   2.3103103103103102      -0.62178051197346584      -0.24131158274063905     
   2.3143143143143141      -0.62769618484340339      -0.24436218763976694     
   2.3183183183183185      -0.63354574156290444      -0.24741037595200260     
   2.3223223223223224      -0.63932913520675527      -0.25045611753269847     
   2.3263263263263263      -0.64504675381745824      -0.25349938226140445     
   2.3303303303303302      -0.65069861915932314      -0.25654014004216497     
   2.3343343343343341      -0.65628513239902864      -0.25957836080381524     
   2.3383383383383385      -0.66180637822741906      -0.26261401450028221     
   2.3423423423423424      -0.66726277161231429      -0.26564707111087593     
   2.3463463463463463      -0.67265445471595886      -0.26867750064059437     
   2.3503503503503502      -0.67798185662599331      -0.27170527312041259     
   2.3543543543543541      -0.68324517181610878      -0.27473035860758266     
   2.3583583583583585      -0.68844484349920054      -0.27775272718593058     
   2.3623623623623624      -0.69358111358386099      -0.28077234896614911     
   2.3663663663663663      -0.69865443914286984      -0.28378919408609682     
   2.3703703703703702      -0.70366510491559242      -0.28680323271108998     
   2.3743743743743742      -0.70861358133824770      -0.28981443503420068     
   2.3783783783783785      -0.71350019163894607      -0.29282277127655010     
   2.3823823823823824      -0.71832541892678559      -0.29582821168760237     
   2.3863863863863863      -0.72308962082894690      -0.29883072654545989     
   2.3903903903903903      -0.72779329227689082      -0.30183028615715662     
   2.3943943943943946      -0.73243682145027567      -0.30482686085895327     
   2.3983983983983985      -0.73702071412381231      -0.30782042101662760     
   2.4024024024024024      -0.74154538541723725      -0.31081093702577117     
   2.4064064064064064      -0.74601135086939774      -0.31379837931207849     
   2.4104104104104103      -0.75041904915333191      -0.31678271833164234     
   2.4144144144144146      -0.75476900441878814      -0.31976392457124503     
   2.4184184184184185      -0.75906167572262517      -0.32274196854864923     
   2.4224224224224224      -0.76329759462138502      -0.32571682081289072     
   2.4264264264264264      -0.76747723759543274      -0.32868845194456880     
   2.4304304304304303      -0.77160114237382871      -0.33165683255613876     
   2.4344344344344346      -0.77566980010132081      -0.33462193329220136     
   2.4384384384384385      -0.77968375343332341      -0.33758372482979238     
   2.4424424424424425      -0.78364350561317608      -0.34054217787867352     
   2.4464464464464464      -0.78754960298056997      -0.34349726318162288     
   2.4504504504504503      -0.79140255849721475      -0.34644895151472338     
   2.4544544544544546      -0.79520292096289213      -0.34939721368765092     
   2.4584584584584586      -0.79895121085534504      -0.35234202054396457     
   2.4624624624624625      -0.80264797823992373      -0.35528334296139358     
   2.4664664664664664      -0.80629374907833529      -0.35822115185212722     
   2.4704704704704703      -0.80988907354653072      -0.36115541816310109     
   2.4744744744744747      -0.81343448122083384      -0.36408611287628395     
   2.4784784784784786      -0.81693052128053212      -0.36701320700896528     
   2.4824824824824825      -0.82037772520245611      -0.36993667161404292     
   2.4864864864864864      -0.82377664011622664      -0.37285647778030850     
   2.4904904904904903      -0.82712779783290635      -0.37577259663273233     
   2.4944944944944947      -0.83043174243881490      -0.37868499933275035     
   2.4984984984984986      -0.83368900465348161      -0.38159365707854853     
   2.5025025025025025      -0.83690012458947582      -0.38449854110534887     
   2.5065065065065064      -0.84006563058230310      -0.38739962268569306     
   2.5105105105105103      -0.84318605790615542      -0.39029687312972527     
   2.5145145145145147      -0.84626193134618299      -0.39319026378547894     
   2.5185185185185186      -0.84929378054100058      -0.39607976603915657     
   2.5225225225225225      -0.85228212567822570      -0.39896535131541627     
   2.5265265265265264      -0.85522749003182308      -0.40184699107765126     
   2.5305305305305303      -0.85813038825699417      -0.40472465682827302     
   2.5345345345345347      -0.86099133660200744      -0.40759832010899633     
   2.5385385385385386      -0.86381084336034630      -0.41046795250111373     
   2.5425425425425425      -0.86658941716079263      -0.41333352562578402     
   2.5465465465465464      -0.86932755920483673      -0.41619501114430751     
   2.5505505505505504      -0.87202576997388326      -0.41905238075840956     
   2.5545545545545547      -0.87468454293981746      -0.42190560621051959     
   2.5585585585585586      -0.87730436997283490      -0.42475465928404776     
   2.5625625625625625      -0.87988573626408151      -0.42759951180366890     
   2.5665665665665665      -0.88242912467053713      -0.43044013563559802     
   2.5705705705705704      -0.88493501163197430      -0.43327650268786827     
   2.5745745745745747      -0.88740387064942228      -0.43610858491061100     
   2.5785785785785786      -0.88983616901536755      -0.43893635429633066     
   2.5825825825825826      -0.89223237058862337      -0.44175978288018303     
   2.5865865865865865      -0.89459293318765387      -0.44457884274025233     
   2.5905905905905904      -0.89691831079626982      -0.44739350599782673     
   2.5945945945945947      -0.89920895149601743      -0.45020374481767333     
   2.5985985985985987      -0.90146529921328578      -0.45300953140831385     
   2.6026026026026026      -0.90368779208854944      -0.45581083802230121     
   2.6066066066066065      -0.90587686385552524      -0.45860763695649065     
   2.6106106106106104      -0.90803294256333666      -0.46139990055231678     
   2.6146146146146148      -0.91015645166171721      -0.46418760119606622     
   2.6186186186186187      -0.91224780900739544      -0.46697071131914791     
   2.6226226226226226      -0.91430742771552032      -0.46974920339837051     
   2.6266266266266265      -0.91633571539421521      -0.47252304995621180     
   2.6306306306306309      -0.91833307481096038      -0.47529222356109002     
   2.6346346346346348      -0.92029990330972966      -0.47805669682763591     
   2.6386386386386387      -0.92223659333162322      -0.48081644241696481     
   2.6426426426426426      -0.92414353197765786      -0.48357143303694416     
   2.6466466466466465      -0.92602110141516392      -0.48632164144246637     
   2.6506506506506509      -0.92786967855640878      -0.48906704043571703     
   2.6546546546546548      -0.92968963537593408      -0.49180760286644165     
   2.6586586586586587      -0.93148133868100635      -0.49454330163221849     
   2.6626626626626626      -0.93324515035988265      -0.49727410967872404     
   2.6666666666666665      -0.93498142722485389      -0.49999999999999972     
   2.6706706706706709      -0.93669052120720708      -0.50272094563872161     
   2.6746746746746748      -0.93837277925750273      -0.50543691968646454     
   2.6786786786786787      -0.94002854349960574      -0.50814789528396909     
   2.6826826826826826      -0.94165815117597162      -0.51085384562140823     
   2.6866866866866865      -0.94326193477037990      -0.51355474393865141     
   2.6906906906906909      -0.94484022198854034      -0.51625056352552878     
   2.6946946946946948      -0.94639333585697305      -0.51894127772209564     
   2.6986986986986987      -0.94792159473129178      -0.52162685991889768     
   2.7027027027027026      -0.94942531237691463      -0.52430728355723144     
   2.7067067067067065      -0.95090479799903305      -0.52698252212940910     
   2.7107107107107109      -0.95236035630944582      -0.52965254917902060     
   2.7147147147147148      -0.95379228757353096      -0.53231733830119188     
   2.7187187187187187      -0.95520088766640676      -0.53497686314285131     
   2.7227227227227226      -0.95658644813326499      -0.53763109740298709     
   2.7267267267267266      -0.95794925623720950      -0.54028001483290666     
   2.7307307307307309      -0.95928959503013900      -0.54292358923649919     
   2.7347347347347348      -0.96060774339394062      -0.54556179447049191     
   2.7387387387387387      -0.96190397611977896      -0.54819460444470958     
   2.7427427427427427      -0.96317856394379187      -0.55082199312233360     
   2.7467467467467466      -0.96443177363317478      -0.55344393452015828     
   2.7507507507507509      -0.96566386801712567      -0.55606040270884749     
   2.7547547547547548      -0.96687510607851934      -0.55867137181319182     
   2.7587587587587588      -0.96806574298054493      -0.56127681601236501     
   2.7627627627627627      -0.96923603016309900      -0.56387670954017755     
   2.7667667667667666      -0.97038621536531999      -0.56647102668533345     
   2.7707707707707709      -0.97151654272609123      -0.56905974179168384     
   2.7747747747747749      -0.97262725280249829      -0.57164282925847854     
   2.7787787787787788      -0.97371858267403544      -0.57422026354062317     
   2.7827827827827827      -0.97479076595688485      -0.57679201914892952     
   2.7867867867867866      -0.97584403291158872      -0.57935807065036660     
   2.7907907907907910      -0.97687861045293523      -0.58191839266831491     
   2.7947947947947949      -0.97789472226100749      -0.58447295988281489     
   2.7987987987987988      -0.97889258878637420      -0.58702174703081833     
   2.8028028028028027      -0.97987242736454050      -0.58956472890643896     
   2.8068068068068066      -0.98083445221608201      -0.59210188036120082     
   2.8108108108108110      -0.98177887456461232      -0.59463317630428647     
   2.8148148148148149      -0.98270590263145885      -0.59715859170278585     
   2.8188188188188188      -0.98361574175733590      -0.59967810158194468     
   2.8228228228228227      -0.98450859439111627      -0.60219168102540921     
   2.8268268268268266      -0.98538466021548909      -0.60469930517547521     
   2.8308308308308310      -0.98624413612931805      -0.60720094923333168     
   2.8348348348348349      -0.98708721637764518      -0.60969658845930674     
   2.8388388388388388      -0.98791409252710050      -0.61218619817311326     
   2.8428428428428427      -0.98872495360065682      -0.61466975375409216     
   2.8468468468468466      -0.98951998604552571      -0.61714723064145482     
   2.8508508508508510      -0.99029937387314282      -0.61961860433452842     
   2.8548548548548549      -0.99106329861893383      -0.62208385039299596     
   2.8588588588588588      -0.99181193948807789      -0.62454294443713865     
   2.8628628628628627      -0.99254547330648457      -0.62699586214807834     
   2.8668668668668666      -0.99326407467294520      -0.62944257926801550     
   2.8708708708708710      -0.99396791590062161      -0.63188307160047208     
   2.8748748748748749      -0.99465716717626518      -0.63431731501052735     
   2.8788788788788788      -0.99533199649145843      -0.63674528542506048     
   2.8828828828828827      -0.99599256980964856      -0.63916695883298458     
   2.8868868868868871      -0.99663905098633920      -0.64158231128548815     
   2.8908908908908910      -0.99727160194475806      -0.64399131889626826     
   2.8948948948948949      -0.99789038258412954      -0.64639395784176901     
   2.8988988988988988      -0.99849555096486908      -0.64879020436141721     
   2.9029029029029028      -0.99908726320401298      -0.65118003475785557     
   2.9069069069069071      -0.99966567367090020      -0.65356342539717915     
   2.9109109109109110       -1.0002309348687759      -0.65594035270916740     
   2.9149149149149149       -1.0007831976419967      -0.65831079318751873     
   2.9189189189189189       -1.0013226110427542      -0.66067472339008115     
   2.9229229229229228       -1.0018493225509211      -0.66303211993908662     
   2.9269269269269271       -1.0023634779247750      -0.66538295952137938     
   2.9309309309309310       -1.0028652214346694      -0.66772721888864839     
   2.9349349349349350       -1.0033546956965715      -0.67006487485765742     
   2.9389389389389389       -1.0038320419208242      -0.67239590431047236     
   2.9429429429429428       -1.0042973997272442      -0.67472028419469232     
   2.9469469469469471       -1.0047509074103065      -0.67703799152367616     
   2.9509509509509511       -1.0051927017344802      -0.67934900337676973     
   2.9549549549549550       -1.0056229182172511      -0.68165329689953269     
   2.9589589589589589       -1.0060416909033016      -0.68395084930396566     
   2.9629629629629628       -1.0064491526668398      -0.68624163786873338     
   2.9669669669669672       -1.0068454349631866      -0.68852563993939209     
   2.9709709709709711       -1.0072306681519407      -0.69080283292861111     
   2.9749749749749750       -1.0076049812244703      -0.69307319431639702     
   2.9789789789789789       -1.0079685021494962      -0.69533670165031769     
   2.9829829829829828       -1.0083213575749588      -0.69759333254572287     
   2.9869869869869872       -1.0086636731976224      -0.69984306468596547     
   2.9909909909909911       -1.0089955734377525      -0.70208587582262250     
   2.9949949949949950       -1.0093171818343958      -0.70432174377571644     
   2.9989989989989989       -1.0096286206912624      -0.70655064643393228     
   3.0030030030030028       -1.0099300114993488      -0.70877256175483805     
   3.0070070070070072       -1.0102214745524294      -0.71098746776510247     
   3.0110110110110111       -1.0105031293986728      -0.71319534256071015     
   3.0150150150150150       -1.0107750944241634      -0.71539616430718178     
   3.0190190190190189       -1.0110374873351473      -0.71758991123978788     
   3.0230230230230228       -1.0112904247080150      -0.71977656166376336     
   3.0270270270270272       -1.0115340225037925      -0.72195609395452442     
   3.0310310310310311       -1.0117683955830665      -0.72412848655788031     
   3.0350350350350350       -1.0119936582542519      -0.72629371799024711     
   3.0390390390390389       -1.0122099237520339      -0.72845176683886070     
   3.0430430430430429       -1.0124173048208585      -0.73060261176198871     
   3.0470470470470472       -1.0126159131555443      -0.73274623148913987     
   3.0510510510510511       -1.0128058600213485      -0.73488260482127588     
   3.0550550550550550       -1.0129872556555108      -0.73701171063102133     
   3.0590590590590589       -1.0131602099251293      -0.73913352786287101     
   3.0630630630630629       -1.0133248316885239      -0.74124803553339991     
   3.0670670670670672       -1.0134812294920064      -0.74335521273147032     
   3.0710710710710711       -1.0136295108901203      -0.74545503861843621     
   3.0750750750750750       -1.0137697831822108      -0.74754749242835339     
   3.0790790790790790       -1.0139021526907706      -0.74963255346818258     
   3.0830830830830829       -1.0140267255385460      -0.75171020111799314     
   3.0870870870870872       -1.0141436068843772      -0.75378041483116953     
   3.0910910910910911       -1.0142529017414255      -0.75584317413461222     
   3.0950950950950951       -1.0143547141700535      -0.75789845862894101     
   3.0990990990990990       -1.0144491481375639      -0.75994624798869759     
   3.1031031031031029       -1.0145363066678770      -0.76198652196254535     
   3.1071071071071072       -1.0146162927429769      -0.76401926037346968     
   3.1111111111111112       -1.0146892084093018      -0.76604444311897801     
   3.1151151151151151       -1.0147551557209546      -0.76806205017129969     
   3.1191191191191190       -1.0148142358028478      -0.77007206157758090     
   3.1231231231231229       -1.0148665498356113      -0.77207445746008596     
   3.1271271271271273       -1.0149121980756546      -0.77406921801639050     
   3.1311311311311312       -1.0149512808815715      -0.77605632351957909     
   3.1351351351351351       -1.0149838976914189      -0.77803575431843974     
   3.1391391391391390       -1.0150101480902978      -0.78000749083765863     
   3.1431431431431434       -1.0150301307452192      -0.78197151357801342     
   3.1471471471471473       -1.0150439445135120      -0.78392780311656574     
   3.1511511511511512       -1.0150516873356572      -0.78587634010685492     
   3.1551551551551551       -1.0150534573841445      -0.78781710527908644     
   3.1591591591591590       -1.0150493519147055      -0.78975007944032583     
   3.1631631631631634       -1.0150394677303671      -0.79167524347468532     
   3.1671671671671673       -1.0150239021913003      -0.79359257834351493     
   3.1711711711711712       -1.0150027514058881      -0.79550206508559018     
   3.1751751751751751       -1.0149761122644672      -0.79740368481729929     
   3.1791791791791790       -1.0149440802824770      -0.79929741873283011     
   3.1831831831831834       -1.0149067516754837      -0.80118324810435748     
   3.1871871871871873       -1.0148642216197654      -0.80306115428222580     
   3.1911911911911912       -1.0148165855086357      -0.80493111869513456     
   3.1951951951951951       -1.0147639383066003      -0.80679312285032412     
   3.1991991991991990       -1.0147063746478400      -0.80864714833375495     
   3.2032032032032034       -1.0146439891598604      -0.81049317681029209     
   3.2072072072072073       -1.0145768759303802      -0.81233119002388610     
   3.2112112112112112       -1.0145051290928286      -0.81416116979775310     
   3.2152152152152151       -1.0144288423917058      -0.81598309803455449     
   3.2192192192192191       -1.0143481093047961      -0.81779695671657726     
   3.2232232232232234       -1.0142630234062555      -0.81960272790591171     
   3.2272272272272273       -1.0141736774947470      -0.82140039374462503     
   3.2312312312312312       -1.0140801649204016      -0.82318993645494509     
   3.2352352352352352       -1.0139825779327105      -0.82497133833943015     
   3.2392392392392391       -1.0138810095582489      -0.82674458178114651     
   3.2432432432432434       -1.0137755516216707      -0.82850964924384241     
   3.2472472472472473       -1.0136662967340244      -0.83026652327212114     
   3.2512512512512513       -1.0135533364101650      -0.83201518649161355     
   3.2552552552552552       -1.0134367627475995      -0.83375562160915107     
   3.2592592592592591       -1.0133166670580855      -0.83548781141293604     
   3.2632632632632634       -1.0131931408839543      -0.83721173877271049     
   3.2672672672672673       -1.0130662753292774      -0.83892738663992716     
   3.2712712712712713       -1.0129361614368231      -0.84063473804791811     
   3.2752752752752752       -1.0128028900356767      -0.84233377611206173     
   3.2792792792792791       -1.0126665517386086      -0.84402448402995045     
   3.2832832832832834       -1.0125272370464991      -0.84570684508155636     
   3.2872872872872874       -1.0123850361840254      -0.84738084262939606     
   3.2912912912912913       -1.0122400392875615      -0.84904646011869733     
   3.2952952952952952       -1.0120923362183267      -0.85070368107756111     
   3.2992992992992991       -1.0119420167182283      -0.85235248911712369     
   3.3033033033033035       -1.0117891703031456      -0.85399286793172058     
   3.3073073073073074       -1.0116338862852996      -0.85562480129904661     
   3.3113113113113113       -1.0114762538557798      -0.85724827308031681     
   3.3153153153153152       -1.0113163618583985      -0.85886326722042616     
   3.3193193193193191       -1.0111542991633979      -0.86046976774810746     
   3.3233233233233235       -1.0109901541468342      -0.86206775877609132     
   3.3273273273273274       -1.0108240152989454      -0.86365722450126015     
   3.3313313313313313       -1.0106559705576807      -0.86523814920480790     
   3.3353353353353352       -1.0104861079800453      -0.86681051725239255     
   3.3393393393393391       -1.0103145150714392      -0.86837431309429247     
   3.3433433433433435       -1.0101412794165998      -0.86992952126555956     
   3.3473473473473474       -1.0099664880769681      -0.87147612638617244     
   3.3513513513513513       -1.0097902281337938      -0.87301411316118827     
   3.3553553553553552       -1.0096125861814125      -0.87454346638089397     
   3.3593593593593591       -1.0094336487696940      -0.87606417092095756     
   3.3633633633633635       -1.0092535019946205      -0.87757621174257716     
   3.3673673673673674       -1.0090722318470482      -0.87907957389262847     
   3.3713713713713713       -1.0088899238876350      -0.88057424250381433     
   3.3753753753753752       -1.0087066635188036      -0.88206020279481123     
   3.3793793793793796       -1.0085225357247478      -0.88353744007041513     
   3.3833833833833835       -1.0083376252869081      -0.88500593972168740     
   3.3873873873873874       -1.0081520165686755      -0.88646568722609875     
   3.3913913913913913       -1.0079657936939515      -0.88791666814767278     
   3.3953953953953953       -1.0077790403583939      -0.88935886813712972     
   3.3993993993993996       -1.0075918399872048      -0.89079227293202790     
   3.4034034034034035       -1.0074042755591777      -0.89221686835690339     
   3.4074074074074074       -1.0072164297546111      -0.89363264032341194     
   3.4114114114114114       -1.0070283847844186      -0.89503957483046781     
   3.4154154154154153       -1.0068402225323398      -0.89643765796438168     
   3.4194194194194196       -1.0066520243887911      -0.89782687589899912     
   3.4234234234234235       -1.0064638713835310      -0.89920721489583688     
   3.4274274274274275       -1.0062758440323782      -0.90057866130421815     
   3.4314314314314314       -1.0060880224478421      -0.90194120156140900     
   3.4354354354354353       -1.0059004862153453      -0.90329482219275192     
   3.4394394394394396       -1.0057133144615544      -0.90463950981179775     
   3.4434434434434436       -1.0055265857827942      -0.90597525112043964     
   3.4474474474474475       -1.0053403782480002      -0.90730203290904421     
   3.4514514514514514       -1.0051547693994154      -0.90861984205658186     
   3.4554554554554553       -1.0049698361781383      -0.90992866553075646     
   3.4594594594594597       -1.0047856549931395      -0.91122849038813580     
   3.4634634634634636       -1.0046023015993020      -0.91251930377427593     
   3.4674674674674675       -1.0044198511696922      -0.91380109292385281     
   3.4714714714714714       -1.0042383782274955      -0.91507384516078560     
   3.4754754754754753       -1.0040579566143861      -0.91633754789836286     
   3.4794794794794797       -1.0038786595304601      -0.91759218863936631     
   3.4834834834834836       -1.0037005594164232      -0.91883775497619591     
   3.4874874874874875       -1.0035237280581393      -0.92007423459099136     
   3.4914914914914914       -1.0033482364062594      -0.92130161525575383     
   3.4954954954954953       -1.0031741547496886      -0.92251988483246850     
   3.4994994994994997       -1.0030015524483606      -0.92372903127322248     
   3.5035035035035036       -1.0028304982105336      -0.92492904262032472     
   3.5075075075075075       -1.0026610597043593      -0.92611990700642566     
   3.5115115115115114       -1.0024933039582606      -0.92730161265463207     
   3.5155155155155153       -1.0023272968655466      -0.92847414787862559     
   3.5195195195195197       -1.0021631036359868      -0.92963750108277710     
   3.5235235235235236       -1.0020007883427915      -0.93079166076226205     
   3.5275275275275275       -1.0018404142403334      -0.93193661550317375     
   3.5315315315315314       -1.0016820434634837      -0.93307235398263721     
   3.5355355355355353       -1.0015257372256616      -0.93419886496891946     
   3.5395395395395397       -1.0013715556052067      -0.93531613732154262     
   3.5435435435435436       -1.0012195576640701      -0.93642415999139206     
   3.5475475475475475       -1.0010698013106345      -0.93752292202082732     
   3.5515515515515514       -1.0009223433489289      -0.93861241254378924     
   3.5555555555555554       -1.0007772393794574      -0.93969262078590843     
   3.5595595595595597       -1.0006345438624678      -0.94076353606461116     
   3.5635635635635636       -1.0004943099772365      -0.94182514778922477     
   3.5675675675675675       -1.0003565896527560      -0.94287744546108421     
   3.5715715715715715       -1.0002214336159092      -0.94392041867363274     
   3.5755755755755754       -1.0000888910506518      -0.94495405711252811     
   3.5795795795795797      -0.99995901020467404      -0.94597835055574231     
   3.5835835835835836      -0.99983183727727631      -0.94699328887366330     
   3.5875875875875876      -0.99970741803553764      -0.94799886202919548     
   3.5915915915915915      -0.99958579548812754      -0.94899506007785894     
   3.5955955955955954      -0.99946701278720262      -0.94998187316788696     
   3.5995995995995997      -0.99935110967139018      -0.95095929154032532     
   3.6036036036036037      -0.99923812646610122      -0.95192730552912663     
   3.6076076076076076      -0.99912809963067328      -0.95288590556124664     
   3.6116116116116115      -0.99902106640590538      -0.95383508215674029     
   3.6156156156156154      -0.99891705994238245      -0.95477482592885354     
   3.6196196196196198      -0.99881611416639438      -0.95570512758411708     
   3.6236236236236237      -0.99871825888001076      -0.95662597792243798     
   3.6276276276276276      -0.99862352444946823      -0.95753736783719101     
   3.6316316316316315      -0.99853193738220680      -0.95843928831530878     
   3.6356356356356359      -0.99844352405118630      -0.95933173043737030     
   3.6396396396396398      -0.99835830794695068      -0.96021468537768961     
   3.6436436436436437      -0.99827631077745105      -0.96108814440440271     
   3.6476476476476476      -0.99819755351647088      -0.96195209887955480     
   3.6516516516516515      -0.99812205244322794      -0.96280654025918444     
   3.6556556556556559      -0.99804982644083040      -0.96365146009340885     
   3.6596596596596598      -0.99798088572560029      -0.96448685002650714     
   3.6636636636636637      -0.99791524741009729      -0.96531270179700357     
   3.6676676676676676      -0.99785291511842611      -0.96612900723774797     
   3.6716716716716715      -0.99779390445468752      -0.96693575827599820     
   3.6756756756756759      -0.99773821191829337      -0.96773294693349898     
   3.6796796796796798      -0.99768585178192826      -0.96852056532655983     
   3.6836836836836837      -0.99763681329221865      -0.96929860566613557     
   3.6876876876876876      -0.99759110882697255      -0.97006706025790090     
   3.6916916916916915      -0.99754872116651527      -0.97082592150232783     
   3.6956956956956959      -0.99750965932844382      -0.97157518189476044     
   3.6996996996996998      -0.99747390128967506      -0.97231483402548924     
   3.7037037037037037      -0.99744145033393217      -0.97304487057982392     
   3.7077077077077076      -0.99741228236844404      -0.97376528433816678     
   3.7117117117117115      -0.99738639127228523      -0.97447606817608323     
   3.7157157157157159      -0.99736375513874465      -0.97517721506437227     
   3.7197197197197198      -0.99734435323505821      -0.97586871806913611     
   3.7237237237237237      -0.99732817141565389      -0.97655057035184933     
   3.7277277277277276      -0.99731516820021326      -0.97722276516942586     
   3.7317317317317316      -0.99730534339952948      -0.97788529587428519     
   3.7357357357357359      -0.99729862828719740      -0.97853815591441973     
   3.7397397397397398      -0.99729504281340053      -0.97918133883345804     
   3.7437437437437437      -0.99729448536927945      -0.97981483827072935     
   3.7477477477477477      -0.99729700017959277      -0.98043864796132674     
   3.7517517517517516      -0.99730245079897051      -0.98105276173616807     
   3.7557557557557559      -0.99731090487160057      -0.98165717352205806     
   3.7597597597597598      -0.99732219461313687      -0.98225187734174813     
   3.7637637637637638      -0.99733640315295036      -0.98283686731399489     
   3.7677677677677677      -0.99735334498264483      -0.98341213765361879     
   3.7717717717717716      -0.99737309875275293      -0.98397768267156138     
   3.7757757757757759      -0.99739548798645727      -0.98453349677494195     
   3.7797797797797799      -0.99742055259468820      -0.98507957446711136     
   3.7837837837837838      -0.99744816742679432      -0.98561591034770824     
   3.7877877877877877      -0.99747828325658094      -0.98614249911271146     
   3.7917917917917916      -0.99751088399320120      -0.98665933555449192     
   3.7957957957957960      -0.99754576756861357      -0.98716641456186571     
   3.7997997997997999      -0.99758309471291640      -0.98766373112014327     
   3.8038038038038038      -0.99762244197838845      -0.98815128031117960     
   3.8078078078078077      -0.99766421189999610      -0.98862905731342254     
   3.8118118118118116      -0.99770770395666586      -0.98909705740196108     
   3.8158158158158160      -0.99775360223039400      -0.98955527594857173     
   3.8198198198198199      -0.99780091415634731      -0.99000370842176366     
   3.8238238238238238      -0.99785058607176735      -0.99044235038682449     
   3.8278278278278277      -0.99790139802221600      -0.99087119750586350     
   3.8318318318318316      -0.99795443739592571      -0.99129024553785516     
   3.8358358358358360      -0.99800844685890577      -0.99169949033868066     
   3.8398398398398399      -0.99806438550324938      -0.99209892786116838     
   3.8438438438438438      -0.99812131726962983      -0.99248855415513493     
   3.8478478478478477      -0.99817961943221800      -0.99286836536742351     
   3.8518518518518516      -0.99823922732469872      -0.99323835774194280     
   3.8558558558558560      -0.99829929636413606      -0.99359852761970280     
   3.8598598598598599      -0.99836134872101501      -0.99394887143885202     
   3.8638638638638638      -0.99842255531605595      -0.99428938573471282     
   3.8678678678678677      -0.99848679385038208      -0.99462006713981466     
   3.8718718718718717      -0.99854853643100971      -0.99494091238392857     
   3.8758758758758760      -0.99861459803771757      -0.99525191829409909     
   3.8798798798798799      -0.99867640450041772      -0.99555308179467450     
   3.8838838838838838      -0.99874370017689840      -0.99584439990733942     
   3.8878878878878878      -0.99880537179443063      -0.99612586975114281     
   3.8918918918918921      -0.99887292857372711      -0.99639748854252641     
   3.8958958958958960      -0.99893471044370341      -0.99665925359535279     
   3.8998998998998999      -0.99900100522934310      -0.99691116232093191     
   3.9039039039039038      -0.99906373794122549      -0.99715321222804643     
   3.9079079079079078      -0.99912658866280224      -0.99738540092297623     
   3.9119119119119121      -0.99919175221456413      -0.99760772610952264     
   3.9159159159159160      -0.99924838140270500      -0.99782018558903074     
   3.9199199199199199      -0.99931788892031115      -0.99802277726041111     
   3.9239239239239239      -0.99936532847742998      -0.99821549912016083     
   3.9279279279279278      -0.99944087940561444      -0.99839834926238302     
   3.9319319319319321      -0.99947691873117162      -0.99857132587880604     
   3.9359359359359360      -0.99955871356432280      -0.99873442725880057     
   3.9399399399399400      -0.99958355831182710      -0.99888765178939798     
   3.9439439439439439      -0.99966827516905810      -0.99903099795530448     
   3.9479479479479478      -0.99968689703691349      -0.99916446433891781     
   3.9519519519519521      -0.99976513466264905      -0.99928804962034024     
   3.9559559559559561      -0.99978983915965858      -0.99940175257739150     
   3.9599599599599600      -0.99984387239146422      -0.99950557208562174     
   3.9639639639639639      -0.99989575956484567      -0.99959950711832180     
   3.9679679679679678      -0.99989953337288751      -0.99968355674653397     
   3.9719719719719722       -1.0000062373739815      -0.99975772013906072     
   3.9759759759759761      -0.99993096816104265      -0.99982199656247328     
   3.9799799799799800       -1.0001165975674791      -0.99987638538111856     
   3.9839839839839839      -0.99994652977043641      -0.99992088605712559     
   3.9879879879879878       -1.0002092402950429      -0.99995549815041107     
   3.9919919919919922      -0.99997107436603772      -0.99998022131868336     
   3.9959959959959961       -1.0002516612080761      -0.99999505531744570     
   4.0000000000000000       -1.0000000000000000       -1.0000000000000000     
