   0.0000000000000000        1.0000000000000000       0.99999999999999989     
   4.0040040040040040E-003  0.99969114166248418       0.99999505531744592     
   8.0080080080080079E-003  0.99999295372470653       0.99998022131868325     
   1.2012012012012012E-002  0.99979679591084103       0.99995549815041107     
   1.6016016016016016E-002   1.0002520013677529       0.99992088605712559     
   2.0020020020020020E-002   1.0000030520716938       0.99987638538111856     
   2.4024024024024024E-002   1.0004596315152070       0.99982199656247328     
   2.8028028028028028E-002   1.0002614439622941       0.99975772013906072     
   3.2032032032032032E-002   1.0006541201138941       0.99968355674653397     
   3.6036036036036036E-002   1.0005411470786236       0.99959950711832180     
   4.0040040040040040E-002   1.0008542176684636       0.99950557208562174     
   4.4044044044044044E-002   1.0008262991569208       0.99940175257739161     
   4.8048048048048048E-002   1.0010673283670268       0.99928804962034012     
   5.2052052052052052E-002   1.0011095182154133       0.99916446433891792     
   5.6056056056056056E-002   1.0012946749239620       0.99903099795530459     
   6.0060060060060060E-002   1.0013879315377154       0.99888765178939798     
   6.4064064064064064E-002   1.0015343921304227       0.99873442725880068     
   6.8068068068068074E-002   1.0016608263174771       0.99857132587880615     
   7.2072072072072071E-002   1.0017833104548648       0.99839834926238324     
   7.6076076076076082E-002   1.0019283236724090       0.99821549912016094     
   8.0080080080080079E-002   1.0020379292433952       0.99802277726041122     
   8.4084084084084090E-002   1.0021906807441467       0.99782018558903074     
   8.8088088088088087E-002   1.0022949025691772       0.99760772610952264     
   9.2092092092092098E-002   1.0024479646406466       0.99738540092297623     
   9.6096096096096095E-002   1.0025512433807349       0.99715321222804643     
  0.10010010010010011        1.0026999364766984       0.99691116232093191     
  0.10410410410410410        1.0028043733775873       0.99665925359535279     
  0.10810810810810811        1.0029460459025565       0.99639748854252641     
  0.11211211211211211        1.0030520957465816       0.99612586975114281     
  0.11611611611611612        1.0031854771936137       0.99584439990733964     
  0.12012012012012012        1.0032925353745050       0.99555308179467450     
  0.12412412412412413        1.0034172130919103       0.99525191829409887     
  0.12812812812812813        1.0035240715101732       0.99494091238392868     
  0.13213213213213212        1.0036400989318512       0.99462006713981466     
  0.13613613613613615        1.0037452751398821       0.99428938573471282     
  0.14014014014014015        1.0038528986372026       0.99394887143885213     
  0.14414414414414414        1.0039548564662091       0.99359852761970280     
  0.14814814814814814        1.0040543395498132       0.99323835774194291     
  0.15215215215215216        1.0041516238653654       0.99286836536742373     
  0.15615615615615616        1.0042431459064534       0.99248855415513493     
  0.16016016016016016        1.0043344536163359       0.99209892786116838     
  0.16416416416416416        1.0044180622582413       0.99169949033868066     
  0.16816816816816818        1.0045022689940064       0.99129024553785539     
  0.17217217217217218        1.0045778684794340       0.99087119750586361     
  0.17617617617617617        1.0046540265707591       0.99044235038682449     
  0.18018018018018017        1.0047213883613884       0.99000370842176388     
  0.18418418418418420        1.0047887081584725       0.98955527594857196     
  0.18818818818818819        1.0048474934747107       0.98909705740196130     
  0.19219219219219219        1.0049053167002990       0.98862905731342254     
  0.19619619619619619        1.0049551036944460       0.98815128031117949     
  0.20020020020020021        1.0050028748369337       0.98766373112014327     
  0.20420420420420421        1.0050431858147146       0.98716641456186571     
  0.20820820820820821        1.0050804252035237       0.98665933555449203     
  0.21221221221221220        1.0051107506910644       0.98614249911271146     
  0.21621621621621623        1.0051370313509886       0.98561591034770846     
  0.22022022022022023        1.0051568499402681       0.98507957446711159     
  0.22422422422422422        1.0051717792308261       0.98453349677494206     
  0.22822822822822822        1.0051805727710750       0.98397768267156138     
  0.23223223223223224        1.0051837785763400       0.98341213765361868     
  0.23623623623623624        1.0051810428321644       0.98283686731399489     
  0.24024024024024024        1.0051721651876233       0.98225187734174813     
  0.24424424424424424        1.0051574169370814       0.98165717352205828     
  0.24824824824824826        1.0051361001461623       0.98105276173616818     
  0.25225225225225223        1.0051088791116189       0.98043864796132674     
  0.25625625625625625        1.0050747698133000       0.97981483827072957     
  0.26026026026026028        1.0050346402994277       0.97918133883345804     
  0.26426426426426425        1.0049873865862786       0.97853815591441973     
  0.26826826826826827        1.0049339367823651       0.97788529587428519     
  0.27227227227227230        1.0048731885496760       0.97722276516942586     
  0.27627627627627627        1.0048060289076814       0.97655057035184956     
  0.28028028028028029        1.0047314388988329       0.97586871806913633     
  0.28428428428428426        1.0046502000492019       0.97517721506437238     
  0.28828828828828829        1.0045614252055017       0.97447606817608334     
  0.29229229229229231        1.0044657557382863       0.97376528433816700     
  0.29629629629629628        1.0043624585849380       0.97304487057982403     
  0.30030030030030030        1.0042520229120480       0.97231483402548924     
  0.30430430430430433        1.0041338728118672       0.97157518189476044     
  0.30830830830830830        1.0040083492378915       0.97082592150232794     
  0.31231231231231232        1.0038750234207554       0.97006706025790113     
  0.31631631631631629        1.0037341024846331       0.96929860566613568     
  0.32032032032032032        1.0035852868157615       0.96852056532656006     
  0.32432432432432434        1.0034286699194424       0.96773294693349898     
  0.32832832832832831        1.0032640594071167       0.96693575827599854     
  0.33233233233233234        1.0030914577176215       0.96612900723774819     
  0.33633633633633636        1.0029107567838231       0.96531270179700357     
  0.34034034034034033        1.0027218903777220       0.96448685002650714     
  0.34434434434434436        1.0025248129275950       0.96365146009340885     
  0.34834834834834832        1.0023194101387478       0.96280654025918455     
  0.35235235235235235        1.0021056794695227       0.96195209887955491     
  0.35635635635635637        1.0018834763991056       0.96108814440440293     
  0.36036036036036034        1.0016528249885053       0.96021468537768961     
  0.36436436436436437        1.0014135651384946       0.95933173043737041     
  0.36836836836836839        1.0011657343489726       0.95843928831530878     
  0.37237237237237236        1.0009091683450582       0.95753736783719101     
  0.37637637637637639        1.0006439080750140       0.95662597792243798     
  0.38038038038038036        1.0003697934502993       0.95570512758411708     
  0.38438438438438438        1.0000868617575089       0.95477482592885377     
  0.38838838838838841       0.99979496277460655       0.95383508215674051     
  0.39239239239239238       0.99949412549109395       0.95288590556124697     
  0.39639639639639640       0.99918421298546434       0.95192730552912663     
  0.40040040040040042       0.99886524333794735       0.95095929154032544     
  0.40440440440440439       0.99853709457057305       0.94998187316788707     
  0.40840840840840842       0.99819977281604988       0.94899506007785894     
  0.41241241241241239       0.99785317132721818       0.94799886202919548     
  0.41641641641641641       0.99749728440956409       0.94699328887366341     
  0.42042042042042044       0.99713201986920641       0.94597835055574242     
  0.42442442442442441       0.99675736109971746       0.94495405711252856     
  0.42842842842842843       0.99637322915188808       0.94392041867363297     
  0.43243243243243246       0.99597959791477453       0.94287744546108421     
  0.43643643643643643       0.99557640001582615       0.94182514778922499     
  0.44044044044044045       0.99516360149795358       0.94076353606461094     
  0.44444444444444442       0.99474114474901687       0.93969262078590843     
  0.44844844844844844       0.99430898969244053       0.93861241254378935     
  0.45245245245245247       0.99386708666765422       0.93752292202082743     
  0.45645645645645644       0.99341539114288790       0.93642415999139239     
  0.46046046046046046       0.99295385971503558       0.93531613732154295     
  0.46446446446446449       0.99248244491271120       0.93419886496891991     
  0.46846846846846846       0.99200110807829089       0.93307235398263733     
  0.47247247247247248       0.99150980011697853       0.93193661550317397     
  0.47647647647647645       0.99100848582231837       0.93079166076226205     
  0.48048048048048048       0.99049711557032816       0.92963750108277710     
  0.48448448448448450       0.98997565654041253       0.92847414787862570     
  0.48848848848848847       0.98944405944968095       0.92730161265463229     
  0.49249249249249250       0.98890229302103294       0.92611990700642588     
  0.49649649649649652       0.98835030897137588       0.92492904262032505     
  0.50050050050050054       0.98778807693006832       0.92372903127322259     
  0.50450450450450446       0.98721555008245654       0.92251988483246872     
  0.50850850850850848       0.98663269850809687       0.92130161525575405     
  0.51251251251251251       0.98603947716580809       0.92007423459099136     
  0.51651651651651653       0.98543585628201669       0.91883775497619602     
  0.52052052052052056       0.98482179275879489       0.91759218863936653     
  0.52452452452452447       0.98419725679054826       0.91633754789836308     
  0.52852852852852850       0.98356220728508270       0.91507384516078605     
  0.53253253253253252       0.98291661432312538       0.91380109292385314     
  0.53653653653653655       0.98226043879933578       0.91251930377427604     
  0.54054054054054057       0.98159365067165694       0.91122849038813569     
  0.54454454454454460       0.98091621274436913       0.90992866553075669     
  0.54854854854854851       0.98022809489463580       0.90861984205658186     
  0.55255255255255253       0.97952926172044819       0.90730203290904443     
  0.55655655655655656       0.97881968309324940       0.90597525112043986     
  0.56056056056056058       0.97809932526633547       0.90463950981179786     
  0.56456456456456461       0.97736815819905531       0.90329482219275237     
  0.56856856856856852       0.97662614965179262       0.90194120156140967     
  0.57257257257257255       0.97587326977277522       0.90057866130421826     
  0.57657657657657657       0.97510948768112515       0.89920721489583666     
  0.58058058058058060       0.97433477381387557       0.89782687589899912     
  0.58458458458458462       0.97354909850740190       0.89643765796438168     
  0.58858858858858853       0.97275243258056299       0.89503957483046792     
  0.59259259259259256       0.97194474745695703       0.89363264032341216     
  0.59659659659659658       0.97112601441976842       0.89221686835690384     
  0.60060060060060061       0.97029620586395804       0.89079227293202834     
  0.60460460460460463       0.96945529360688110       0.88935886813713039     
  0.60860860860860866       0.96860325091450095       0.88791666814767300     
  0.61261261261261257       0.96774005019480647       0.88646568722609853     
  0.61661661661661660       0.96686566550004160       0.88500593972168740     
  0.62062062062062062       0.96598006987211971       0.88353744007041513     
  0.62462462462462465       0.96508323807975960       0.88206020279481145     
  0.62862862862862867       0.96417514382987479       0.88057424250381455     
  0.63263263263263259       0.96325576255157785       0.87907957389262892     
  0.63663663663663661       0.96232506863691036       0.87757621174257761     
  0.64064064064064064       0.96138303813153680       0.87606417092095823     
  0.64464464464464466       0.96042964612326898       0.87454346638089420     
  0.64864864864864868       0.95946486924110563       0.87301411316118804     
  0.65265265265265260       0.95848868327145254       0.87147612638617244     
  0.65665665665665662       0.95750106540229873       0.86992952126555978     
  0.66066066066066065       0.95650199211524967       0.86837431309429269     
  0.66466466466466467       0.95549144114020290       0.86681051725239278     
  0.66866866866866870       0.95446938964587136       0.86523814920480835     
  0.67267267267267272       0.95343581589270621       0.86365722450126059     
  0.67667667667667664       0.95239069772509233       0.86206775877609154     
  0.68068068068068066       0.95133401392712802       0.86046976774810768     
  0.68468468468468469       0.95026574300519095       0.85886326722042616     
  0.68868868868868871       0.94918586426346341       0.85724827308031681     
  0.69269269269269274       0.94809435685540178       0.85562480129904683     
  0.69669669669669665       0.94699120060408015       0.85399286793172080     
  0.70070070070070067       0.94587637529467961       0.85235248911712413     
  0.70470470470470470       0.94474986126957783       0.85070368107756156     
  0.70870870870870872       0.94361163893051847       0.84904646011869800     
  0.71271271271271275       0.94246168914055495       0.84738084262939628     
  0.71671671671671666       0.94129999290354038       0.84570684508155602     
  0.72072072072072069       0.94012653160510828       0.84402448402995045     
  0.72472472472472471       0.93894128683778033       0.84233377611206173     
  0.72872872872872874       0.93774424051183325       0.84063473804791822     
  0.73273273273273276       0.93653537479630344       0.83892738663992727     
  0.73673673673673679       0.93531467212811370       0.83721173877271082     
  0.74074074074074070       0.93408211524203277       0.83548781141293649     
  0.74474474474474472       0.93283768710347781       0.83375562160915173     
  0.74874874874874875       0.93158137100360017       0.83201518649161366     
  0.75275275275275277       0.93031315043787755       0.83026652327212069     
  0.75675675675675680       0.92903300924594134       0.82850964924384218     
  0.76076076076076071       0.92774093145463443       0.82674458178114663     
  0.76476476476476474       0.92643690144553170       0.82497133833943037     
  0.76876876876876876       0.92512090377790801       0.82318993645494531     
  0.77277277277277279       0.92379292337006946       0.82140039374462548     
  0.77677677677677681       0.92245294531456101       0.81960272790591149     
  0.78078078078078073       0.92110095506241318       0.81779695671657793     
  0.78478478478478475       0.91973693824013081       0.81598309803455460     
  0.78878878878878878       0.91836088082858813       0.81416116979775299     
  0.79279279279279280       0.91697276898883195       0.81233119002388599     
  0.79679679679679682       0.91557258922971407       0.81049317681029232     
  0.80080080080080085       0.91416032824740778       0.80864714833375506     
  0.80480480480480476       0.91273597307774357       0.80679312285032445     
  0.80880880880880879       0.91129951095265660       0.80493111869513490     
  0.81281281281281281       0.90985092943478862       0.80306115428222591     
  0.81681681681681684       0.90839021629255590       0.80118324810435759     
  0.82082082082082086       0.90691735961594266       0.79929741873283022     
  0.82482482482482478       0.90543234771071257       0.79740368481729917     
  0.82882882882882880       0.90393516919536077       0.79550206508558996     
  0.83283283283283283       0.90242581291408863       0.79359257834351515     
  0.83683683683683685       0.90090426801560997       0.79167524347468543     
  0.84084084084084088       0.89937052388387695       0.78975007944032627     
  0.84484484484484490       0.89782457020001483       0.78781710527908688     
  0.84884884884884881       0.89626639688932663       0.78587634010685514     
  0.85285285285285284       0.89469599416794976       0.78392780311656585     
  0.85685685685685686       0.89311335250443347       0.78197151357801298     
  0.86086086086086089       0.89151846265291379       0.78000749083765841     
  0.86486486486486491       0.88991131562738612       0.77803575431843952     
  0.86886886886886883       0.88829190272328917       0.77605632351957921     
  0.87287287287287285       0.88666021550258756       0.77406921801639061     
  0.87687687687687688       0.88501624580563043       0.77207445746008641     
  0.88088088088088090       0.88335998574519325       0.77007206157758135     
  0.88488488488488493       0.88169142771040043       0.76806205017129980     
  0.88888888888888884       0.88001056436802161       0.76604444311897812     
  0.89289289289289286       0.87831738866004749       0.76401926037346957     
  0.89689689689689689       0.87661189381073168       0.76198652196254524     
  0.90090090090090091       0.87489407331926561       0.75994624798869781     
  0.90490490490490494       0.87316392097117423       0.75789845862894112     
  0.90890890890890896       0.87142143082739265       0.75584317413461199     
  0.91291291291291288       0.86966659723877759       0.75378041483116964     
  0.91691691691691690       0.86789941483276967       0.75171020111799358     
  0.92092092092092093       0.86611987852990779       0.74963255346818269     
  0.92492492492492495       0.86432798352904494       0.74754749242835361     
  0.92892892892892898       0.86252372532504562       0.74545503861843632     
  0.93293293293293289       0.86070709969326820       0.74335521273147021     
  0.93693693693693691       0.85887810270775478       0.74124803553340046     
  0.94094094094094094       0.85703673072566100       0.73913352786287123     
  0.94494494494494496       0.85518298040530050       0.73701171063102144     
  0.94894894894894899       0.85331684869104474       0.73488260482127599     
  0.95295295295295290       0.85143833283079984       0.73274623148913998     
  0.95695695695695693       0.84954743036174285       0.73060261176198882     
  0.96096096096096095       0.84764413912688441       0.72845176683886093     
  0.96496496496496498       0.84572845726193224       0.72629371799024722     
  0.96896896896896900       0.84380038321072426       0.72412848655788020     
  0.97297297297297303       0.84185991571335439       0.72195609395452465     
  0.97697697697697694       0.83990705382037445       0.71977656166376347     
  0.98098098098098097       0.83794179688224901       0.71758991123978799     
  0.98498498498498499       0.83596414456229140       0.71539616430718200     
  0.98898898898898902       0.83397409682745660       0.71319534256071038     
  0.99299299299299304       0.83197165396001083       0.71098746776510235     
  0.99699699699699695       0.82995681654962872       0.70877256175483849     
   1.0010010010010011       0.82792958550384776       0.70655064643393239     
   1.0050050050050050       0.82588996204141429       0.70432174377571666     
   1.0090090090090089       0.82383794770156848       0.70208587582262261     
   1.0130130130130131       0.82177354433857619       0.69984306468596524     
   1.0170170170170170       0.81969675412992293       0.69759333254572309     
   1.0210210210210211       0.81760757957194619       0.69533670165031780     
   1.0250250250250250       0.81550602348700862       0.69307319431639725     
   1.0290290290290289       0.81339208902015159       0.69080283292861089     
   1.0330330330330331       0.81126577964533630       0.68852563993939231     
   1.0370370370370370       0.80912709916301573       0.68624163786873360     
   1.0410410410410411       0.80697605170554410       0.68395084930396588     
   1.0450450450450450       0.80481264173557043       0.68165329689953280     
   1.0490490490490489       0.80263687405068929       0.67934900337676996     
   1.0530530530530531       0.80044875378259106       0.67703799152367639     
   1.0570570570570570       0.79824828640102563       0.67472028419469277     
   1.0610610610610611       0.79603547771360705       0.67239590431047247     
   1.0650650650650650       0.79381033386920175       0.67006487485765720     
   1.0690690690690692       0.79157286135827032       0.66772721888864850     
   1.0730730730730731       0.78932306701580002       0.66538295952137927     
   1.0770770770770770       0.78706095802204989       0.66303211993908673     
   1.0810810810810811       0.78478654190516017       0.66067472339008138     
   1.0850850850850851       0.78249982654216832       0.65831079318751895     
   1.0890890890890892       0.78020082016140258       0.65594035270916762     
   1.0930930930930931       0.77788953134368655       0.65356342539717938     
   1.0970970970970970       0.77556596902457442       0.65118003475785569     
   1.1011011011011012       0.77323014249569277       0.64879020436141710     
   1.1051051051051051       0.77088206140684656       0.64639395784176923     
   1.1091091091091092       0.76852173576749749       0.64399131889626848     
   1.1131131131131131       0.76614917594871734       0.64158231128548826     
   1.1171171171171170       0.76376439268480945       0.63916695883298480     
   1.1211211211211212       0.76136739707511492       0.63674528542506059     
   1.1251251251251251       0.75895820058575925       0.63431731501052790     
   1.1291291291291292       0.75653681505133286       0.63188307160047219     
   1.1331331331331331       0.75410325267674094       0.62944257926801572     
   1.1371371371371370       0.75165752603876501       0.62699586214807856     
   1.1411411411411412       0.74919964808800232       0.62454294443713887     
   1.1451451451451451       0.74672963215032762       0.62208385039299618     
   1.1491491491491492       0.74424749192890249       0.61961860433452864     
   1.1531531531531531       0.74175324150554367       0.61714723064145538     
   1.1571571571571571       0.73924689534278187       0.61466975375409227     
   1.1611611611611612       0.73672846828516336       0.61218619817311382     
   1.1651651651651651       0.73419797556134136       0.60969658845930685     
   1.1691691691691692       0.73165543278529832       0.60720094923333146     
   1.1731731731731732       0.72910085595850149       0.60469930517547543     
   1.1771771771771771       0.72653426147098421       0.60219168102540976     
   1.1811811811811812       0.72395566610364670       0.59967810158194490     
   1.1851851851851851       0.72136508702911073       0.59715859170278607     
   1.1891891891891893       0.71876254181422061       0.59463317630428669     
   1.1931931931931932       0.71614804842063051       0.59210188036120104     
   1.1971971971971973       0.71352162520755069       0.58956472890643952     
   1.2012012012012012       0.71088329093199865       0.58702174703081855     
   1.2052052052052051       0.70823306475187786       0.58447295988281511     
   1.2092092092092093       0.70557096622577242       0.58191839266831502     
   1.2132132132132132       0.70289701531650040       0.57935807065036715     
   1.2172172172172173       0.70021123239029559       0.57679201914892964     
   1.2212212212212212       0.69751363822099099       0.57422026354062339     
   1.2252252252252251       0.69480425398841494       0.57164282925847876     
   1.2292292292292293       0.69208310128338679       0.56905974179168362     
   1.2332332332332332       0.68935020210513709       0.56647102668533400     
   1.2372372372372373       0.68660557886730600       0.56387670954017777     
   1.2412412412412412       0.68384925439417110       0.56127681601236523     
   1.2452452452452452       0.68108125192790903       0.55867137181319193     
   1.2492492492492493       0.67830159512329791       0.55606040270884771     
   1.2532532532532532       0.67551030805664813       0.55344393452015839     
   1.2572572572572573       0.67270741521848976       0.55082199312233371     
   1.2612612612612613       0.66989294152473122       0.54819460444470980     
   1.2652652652652652       0.66706691230670667       0.54556179447049202     
   1.2692692692692693       0.66422935332523958       0.54292358923649942     
   1.2732732732732732       0.66138029075731131       0.54028001483290677     
   1.2772772772772774       0.65851975121383610       0.53763109740298687     
   1.2812812812812813       0.65564776172204253       0.53497686314285187     
   1.2852852852852852       0.65276434974798425       0.53231733830119210     
   1.2892892892892893       0.64986954317346379       0.52965254917902038     
   1.2932932932932932       0.64696337032460904       0.52698252212940966     
   1.2972972972972974       0.64404585994183461       0.52430728355723166     
   1.3013013013013013       0.64111704121614888       0.52162685991889790     
   1.3053053053053052       0.63817694375031397       0.51894127772209575     
   1.3093093093093093       0.63522559760492281       0.51625056352552856     
   1.3133133133133132       0.63226303324846533       0.51355474393865164     
   1.3173173173173174       0.62928928161575060       0.51085384562140879     
   1.3213213213213213       0.62630437404398154       0.50814789528396931     
   1.3253253253253254       0.62330834234675447       0.50543691968646431     
   1.3293293293293293       0.62030121873254429       0.50272094563872183     
   1.3333333333333333       0.61728303589828071       0.50000000000000033     
   1.3373373373373374       0.61425382692578534       0.49727410967872421     
   1.3413413413413413       0.61121362539987190       0.49454330163221866     
   1.3453453453453454       0.60816246527725182       0.49180760286644143     
   1.3493493493493494       0.60510038103523023       0.48906704043571680     
   1.3533533533533533       0.60202740750633410       0.48632164144246692     
   1.3573573573573574       0.59894358006509729       0.48357143303694439     
   1.3613613613613613       0.59584893442008202       0.48081644241696458     
   1.3653653653653655       0.59274350684799382       0.47805669682763607     
   1.3693693693693694       0.58962733393284084       0.47529222356109019     
   1.3733733733733733       0.58650045285875096       0.47252304995621203     
   1.3773773773773774       0.58336290108365518       0.46974920339837073     
   1.3813813813813813       0.58021471670477220       0.46697071131914814     
   1.3853853853853855       0.57705593805135935       0.46418760119606600     
   1.3893893893893894       0.57388660413995785       0.46139990055231739     
   1.3933933933933933       0.57070675416729888       0.45860763695649082     
   1.3973973973973974       0.56751642807621727       0.45581083802230099     
   1.4014014014014013       0.56431566592561411       0.45300953140831446     
   1.4054054054054055       0.56110450859252892       0.45020374481767350     
   1.4094094094094094       0.55788299699103316       0.44739350599782696     
   1.4134134134134133       0.55465117294146948       0.44457884274025250     
   1.4174174174174174       0.55140907820410212       0.44175978288018319     
   1.4214214214214214       0.54815675555315424       0.43893635429633082     
   1.4254254254254255       0.54489424758378879       0.43610858491061116     
   1.4294294294294294       0.54162159803652143       0.43327650268786849     
   1.4334334334334333       0.53833885032739748       0.43044013563559824     
   1.4374374374374375       0.53504604917789922       0.42759951180366951     
   1.4414414414414414       0.53174323880773644       0.42475465928404799     
   1.4454454454454455       0.52843046493679868       0.42190560621051937     
   1.4494494494494494       0.52510777256747398       0.41905238075840973     
   1.4534534534534536       0.52177520843885539       0.41619501114430768     
   1.4574574574574575       0.51843281831061305       0.41333352562578418     
   1.4614614614614614       0.51508064996588299       0.41046795250111390     
   1.4654654654654655       0.51171874989103683       0.40759832010899610     
   1.4694694694694694       0.50834716694296067       0.40472465682827363     
   1.4734734734734736       0.50496594829805541       0.40184699107765148     
   1.4774774774774775       0.50157514392249047       0.39896535131541649     
   1.4814814814814814       0.49817480163888644       0.39607976603915679     
   1.4854854854854855       0.49476497256517521       0.39319026378547872     
   1.4894894894894894       0.49134570511801834       0.39029687312972589     
   1.4934934934934936       0.48791705161785281       0.38739962268569328     
   1.4974974974974975       0.48447906101339422       0.38449854110534909     
   1.5015015015015014       0.48103178688812492       0.38159365707854875     
   1.5055055055055055       0.47757527864935734       0.37868499933275013     
   1.5095095095095095       0.47410959121571800       0.37577259663273255     
   1.5135135135135136       0.47063477436627538       0.37285647778030873     
   1.5175175175175175       0.46715088444051939       0.36993667161404314     
   1.5215215215215214       0.46365797148681354       0.36701320700896550     
   1.5255255255255256       0.46015609336722663       0.36408611287628412     
   1.5295295295295295       0.45664530027878070       0.36115541816310132     
   1.5335335335335336       0.45312565172656361       0.35822115185212744     
   1.5375375375375375       0.44959719791449088       0.35528334296139380     
   1.5415415415415414       0.44606000013298819       0.35234202054396474     
   1.5455455455455456       0.44251410842658212       0.34939721368765114     
   1.5495495495495495       0.43895958603883900       0.34644895151472355     
   1.5535535535535536       0.43539648266022501       0.34349726318162310     
   1.5575575575575575       0.43182486368486245       0.34054217787867375     
   1.5615615615615615       0.42824477822167023       0.33758372482979260     
   1.5655655655655656       0.42465629404705341       0.33462193329220158     
   1.5695695695695695       0.42105945942305834       0.33165683255613898     
   1.5735735735735736       0.41745434477976473       0.32868845194456903     
   1.5775775775775776       0.41384099722345236       0.32571682081289088     
   1.5815815815815817       0.41021949015501180       0.32274196854864945     
   1.5855855855855856       0.40658986916601791       0.31976392457124525     
   1.5895895895895895       0.40295221099792189       0.31678271833164295     
   1.5935935935935936       0.39930655931129710       0.31379837931207866     
   1.5975975975975976       0.39565299461826553       0.31081093702577139     
   1.6016016016016017       0.39199155816650977       0.30782042101662782     
   1.6056056056056056       0.38832233473800387       0.30482686085895305     
   1.6096096096096095       0.38464536261081728       0.30183028615715729     
   1.6136136136136137       0.38096073141480047       0.29883072654546011     
   1.6176176176176176       0.37726847581649769       0.29582821168760254     
   1.6216216216216217       0.37356869096142925       0.29282277127655032     
   1.6256256256256256       0.36986140716596538       0.28981443503420135     
   1.6296296296296295       0.36614672586102404       0.28680323271109065     
   1.6336336336336337       0.36242467216456636       0.28378919408609704     
   1.6376376376376376       0.35869535467809316       0.28077234896614933     
   1.6416416416416417       0.35495879234909011       0.27775272718593036     
   1.6456456456456456       0.35121510196524947       0.27473035860758332     
   1.6496496496496496       0.34746429519194028       0.27170527312041282     
   1.6536536536536537       0.34370649816558513       0.26867750064059459     
   1.6576576576576576       0.33994171400089285       0.26564707111087615     
   1.6616616616616617       0.33617007951062694       0.26261401450028199     
   1.6656656656656657       0.33239158781437927       0.25957836080381591     
   1.6696696696696696       0.32860638791380004       0.25654014004216519     
   1.6736736736736737       0.32481446129222658       0.25349938226140467     
   1.6776776776776776       0.32101597085933942       0.25045611753269870     
   1.6816816816816818       0.31721088460179703       0.24741037595200283     
   1.6856856856856857       0.31339938128657507       0.24436218763976714     
   1.6896896896896898       0.30958141329945166       0.24131158274063927     
   1.6936936936936937       0.30575717746951925       0.23825859142316480     
   1.6976976976976976       0.30192660820727696       0.23520324387949043     
   1.7017017017017018       0.29808992289168540       0.23214557032506186     
   1.7057057057057057       0.29424703528500717       0.22908560099833006     
   1.7097097097097098       0.29039818611606349       0.22602336616044894     
   1.7137137137137137       0.28654326549707398       0.22295889609497727     
   1.7177177177177176       0.28268254065017479       0.21989222110757800     
   1.7217217217217218       0.27881587467471564       0.21682337152571932     
   1.7257257257257257       0.27494356480612758       0.21375237769837560     
   1.7297297297297298       0.27106544337307886       0.21067926999572606     
   1.7337337337337337       0.26718184155559510       0.20760407880885565     
   1.7377377377377377       0.26329255672324525       0.20452683454945109     
   1.7417417417417418       0.25939795837963420       0.20144756764950522     
   1.7457457457457457       0.25549780427911450       0.19836630856101312     
   1.7497497497497498       0.25159250711325820       0.19528308775567005     
   1.7537537537537538       0.24768177985907519       0.19219793572457314     
   1.7577577577577577       0.24376608378468176       0.18911088297791637     
   1.7617617617617618       0.23984508138239763       0.18602196004469188     
   1.7657657657657657       0.23591928844914753       0.18293119747238676     
   1.7697697697697699       0.23198831070027962       0.17983862582668017     
   1.7737737737737738       0.22805272501724749       0.17674427569114179     
   1.7777777777777777       0.22411207342147899       0.17364817766693028     
   1.7817817817817818       0.22016700107764769       0.17055036237248988     
   1.7857857857857857       0.21621697873246748       0.16745086044324664     
   1.7897897897897899       0.21226272771412538       0.16434970253130635     
   1.7937937937937938       0.20830363921203865       0.16124691930515228     
   1.7977977977977977       0.20434051931682520       0.15814254144934106     
   1.8018018018018018       0.20037267064030731       0.15503659966419786     
   1.8058058058058057       0.19640099338764286       0.15192912466551589     
   1.8098098098098099       0.19242469180203714       0.14882014718424907     
   1.8138138138138138       0.18844477033964283       0.14570969796621130     
   1.8178178178178179       0.18446032428423373       0.14259780777177095     
   1.8218218218218218       0.18047247329041877       0.13948450737554591     
   1.8258258258258258       0.17648019226794454       0.13636982756610005     
   1.8298298298298299       0.17248472784930557       0.13325379914563965     
   1.8338338338338338       0.16848492231420806       0.13013645292970785     
   1.8378378378378379       0.16448216189835616       0.12701781974687870     
   1.8418418418418419       0.16047514314409475       0.12389793043845529     
   1.8458458458458458       0.15646540536699755       0.12077681585816115     
   1.8498498498498499       0.15245148541278861       0.11765450687183837     
   1.8538538538538538       0.14843509000028601       0.11453103435714140     
   1.8578578578578580       0.14441458147765820       0.11140642920322855     
   1.8618618618618619       0.14039184912068808       0.10828072231046192     
   1.8658658658658658       0.13636506516027067       0.10515394459009815     
   1.8698698698698699       0.13233631738331994       0.10202612696398421     
   1.8738738738738738       0.12830357150230493        9.8897300364250137E-002
   1.8778778778778780       0.12426913052458688        9.5767495733004110E-002
   1.8818818818818819       0.12023073651532550        9.2636744022027262E-002
   1.8858858858858858       0.11619092510417686        8.9505076192466795E-002
   1.8898898898898899       0.11214719692438210        8.6372523214528804E-002
   1.8938938938938938       0.10810233824037457        8.3239116067172991E-002
   1.8978978978978980       0.10405358990540632        8.0104885737807094E-002
   1.9019019019019019       0.10000400733867565        7.6969863221979185E-002
   1.9059059059059058        9.5950552816381263E-002   7.3834079523072429E-002
   1.9099099099099099        9.1896569813701881E-002   7.0697565651994948E-002
   1.9139139139139139        8.7838722922268506E-002   6.7560352626878470E-002
   1.9179179179179180        8.3780662804436287E-002   6.4422471472768014E-002
   1.9219219219219219        7.9718737113684532E-002   6.1283953221316440E-002
   1.9259259259259258        7.5656922882820651E-002   5.8144828910476183E-002
   1.9299299299299300        7.1591231619325027E-002   5.5005129584193228E-002
   1.9339339339339339        6.7525985755784279E-002   5.1864886292100981E-002
   1.9379379379379380        6.3456841712150325E-002   4.8724130089211899E-002
   1.9419419419419419        5.9388485960804670E-002   4.5582892035611673E-002
   1.9459459459459461        5.5316201409354240E-002   4.2441203196148525E-002
   1.9499499499499500        5.1245056555129405E-002   3.9299094640131337E-002
   1.9539539539539539        4.7169943166153146E-002   3.6156597441019275E-002
   1.9579579579579580        4.3096328798829853E-002   3.3013742676113601E-002
   1.9619619619619619        3.9018697563453990E-002   2.9870561426253450E-002
   1.9659659659659661        3.4942931831864872E-002   2.6727084775504926E-002
   1.9699699699699700        3.0863092989691060E-002   2.3583343810856781E-002
   1.9739739739739739        2.6785492343953037E-002   2.0439369621911660E-002
   1.9779779779779780        2.2703755325596122E-002   1.7295193300577764E-002
   1.9819819819819819        1.8624634191940454E-002   1.4150845940762258E-002
   1.9859859859859861        1.4541307841549290E-002   1.1006358638064652E-002
   1.9899899899899900        1.0460977136107986E-002   7.8617624894684063E-003
   1.9939939939939939        6.3763741065268201E-003   4.7170885930325071E-003
   1.9979979979979980        2.2951265476262102E-003   1.5723680475848198E-003
   2.0020020020020022       -1.7903942686968886E-003  -1.5723680475845747E-003
   2.0060060060060061       -5.8724075698268555E-003  -4.7170885930322625E-003
   2.0100100100100100       -9.9580676437073246E-003  -7.8617624894681600E-003
   2.0140140140140139       -1.4040039344245388E-002  -1.1006358638064406E-002
   2.0180180180180178       -1.8125040411662876E-002  -1.4150845940762012E-002
   2.0220220220220222       -2.2206189282054863E-002  -1.7295193300577522E-002
   2.0260260260260261       -2.6289811418003989E-002  -2.0439369621911417E-002
   2.0300300300300300       -3.0369504915856094E-002  -2.3583343810856538E-002
   2.0340340340340339       -3.4451224380873779E-002  -2.6727084775504683E-002
   2.0380380380380378       -3.8529023158431638E-002  -2.9870561426253207E-002
   2.0420420420420422       -4.2608471038285467E-002  -3.3013742676113789E-002
   2.0460460460460461       -4.6684037983101639E-002  -3.6156597441019026E-002
   2.0500500500500500       -5.0760903988692159E-002  -3.9299094640131087E-002
   2.0540540540540539       -5.4833929926589253E-002  -4.2441203196148275E-002
   2.0580580580580579       -5.8907915516258257E-002  -4.5582892035610979E-002
   2.0620620620620622       -6.2978094266204751E-002  -4.8724130089212093E-002
   2.0660660660660661       -6.7048900938312186E-002  -5.1864886292100738E-002
   2.0700700700700700       -7.1115924660780455E-002  -5.5005129584192979E-002
   2.0740740740740740       -7.5183252255379321E-002  -5.8144828910475933E-002
   2.0780780780780779       -7.9246811116968782E-002  -6.1283953221315746E-002
   2.0820820820820822       -8.3310357790970471E-002  -6.4422471472768209E-002
   2.0860860860860861       -8.7370140199475949E-002  -6.7560352626878220E-002
   2.0900900900900901       -9.1429602587473666E-002  -7.0697565651994698E-002
   2.0940940940940940       -9.5485295466831571E-002  -7.3834079523071736E-002
   2.0980980980980979       -9.9540368855403863E-002  -7.6969863221978935E-002
   2.1021021021021022      -0.10359165790982584       -8.0104885737806844E-002
   2.1061061061061062      -0.10764203641123041       -8.3239116067172741E-002
   2.1101101101101101      -0.11168860637550913       -8.6372523214528554E-002
   2.1141141141141140      -0.11573398309981188       -8.9505076192466101E-002
   2.1181181181181179      -0.11977551797621509       -9.2636744022027012E-002
   2.1221221221221223      -0.12381558520166691       -9.5767495733003860E-002
   2.1261261261261262      -0.12785176848404836       -9.8897300364249888E-002
   2.1301301301301301      -0.13188621782552712      -0.10202612696398396     
   2.1341341341341340      -0.13591673271131005      -0.10515394459009790     
   2.1381381381381384      -0.13994525528663004      -0.10828072231046167     
   2.1421421421421423      -0.14396978487732623      -0.11140642920322831     
   2.1461461461461462      -0.14799207147120413      -0.11453103435714115     
   2.1501501501501501      -0.15201029896213131      -0.11765450687183812     
   2.1541541541541540      -0.15602604018759531      -0.12077681585816090     
   2.1581581581581584      -0.16003764904744583      -0.12389793043845504     
   2.1621621621621623      -0.16404653550447743      -0.12701781974687892     
   2.1661661661661662      -0.16805120964537268      -0.13013645292970763     
   2.1701701701701701      -0.17205293207658062      -0.13325379914563942     
   2.1741741741741740      -0.17605035601522767      -0.13636982756609983     
   2.1781781781781784      -0.18004460545836318      -0.13948450737554569     
   2.1821821821821823      -0.18403446446889912      -0.14259780777177072     
   2.1861861861861862      -0.18802093240603915      -0.14570969796621108     
   2.1901901901901901      -0.19200291266512351      -0.14882014718424885     
   2.1941941941941940      -0.19598129116836754      -0.15192912466551567     
   2.1981981981981984      -0.19995507989304948      -0.15503659966419808     
   2.2022022022022023      -0.20392506176658975      -0.15814254144934084     
   2.2062062062062062      -0.20789034734544434      -0.16124691930515206     
   2.2102102102102101      -0.21185162626389673      -0.16434970253130612     
   2.2142142142142140      -0.21580809838189094      -0.16745086044324597     
   2.2182182182182184      -0.21976036902478771      -0.17055036237248966     
   2.2222222222222223      -0.22370771878230250      -0.17364817766693005     
   2.2262262262262262      -0.22765067696467223      -0.17674427569114157     
   2.2302302302302301      -0.23158859699107492      -0.17983862582667995     
   2.2342342342342341      -0.23552193979005390      -0.18293119747238654     
   2.2382382382382384      -0.23945012435218313      -0.18602196004469207     
   2.2422422422422423      -0.24337355022961887      -0.18911088297791614     
   2.2462462462462462      -0.24729169533550960      -0.19219793572457292     
   2.2502502502502502      -0.25120490425653863      -0.19528308775566983     
   2.2542542542542541      -0.25511270775468969      -0.19836630856101248     
   2.2582582582582584      -0.25901540130228518      -0.20144756764950500     
   2.2622622622622623      -0.26291256297674082      -0.20452683454945086     
   2.2662662662662663      -0.26680444446224144      -0.20760407880885542     
   2.2702702702702702      -0.27069066612373222      -0.21067926999572584     
   2.2742742742742741      -0.27457144069337719      -0.21375237769837538     
   2.2782782782782784      -0.27844642626674226      -0.21682337152571909     
   2.2822822822822824      -0.28231580100425085      -0.21989222110757778     
   2.2862862862862863      -0.28617925661233723      -0.22295889609497704     
   2.2902902902902902      -0.29003694063757773      -0.22602336616044871     
   2.2942942942942941      -0.29388857468179869      -0.22908560099832984     
   2.2982982982982985      -0.29773427924560625      -0.23214557032506164     
   2.3023023023023024      -0.30157380248331228      -0.23520324387949024     
   2.3063063063063063      -0.30540724105851669      -0.23825859142316458     
   2.3103103103103102      -0.30923436667732401      -0.24131158274063905     
   2.3143143143143141      -0.31305525504606058      -0.24436218763976694     
   2.3183183183183185      -0.31686969873526138      -0.24741037595200260     
   2.3223223223223224      -0.32067775507263929      -0.25045611753269847     
   2.3263263263263263      -0.32447923509180499      -0.25349938226140445     
   2.3303303303303302      -0.32827418004601261      -0.25654014004216497     
   2.3343343343343341      -0.33206241729089131      -0.25957836080381524     
   2.3383383383383385      -0.33584397405982069      -0.26261401450028221     
   2.3423423423423424      -0.33961869212561518      -0.26564707111087593     
   2.3463463463463463      -0.34338658653009008      -0.26867750064059437     
   2.3503503503503502      -0.34714751177219783      -0.27170527312041259     
   2.3543543543543541      -0.35090147232589336      -0.27473035860758266     
   2.3583583583583585      -0.35464833391817624      -0.27775272718593058     
   2.3623623623623624      -0.35838809189431020      -0.28077234896614911     
   2.3663663663663663      -0.36212062188495825      -0.28378919408609682     
   2.3703703703703702      -0.36584591137984779      -0.28680323271108998     
   2.3743743743743742      -0.36956384474489540      -0.28981443503420068     
   2.3783783783783785      -0.37327440273845586      -0.29282277127655010     
   2.3823823823823824      -0.37697747743299914      -0.29582821168760237     
   2.3863863863863863      -0.38067304384627587      -0.29883072654545989     
   2.3903903903903903      -0.38436100085344033      -0.30183028615715662     
   2.3943943943943946      -0.38804131860325042      -0.30482686085895327     
   2.3983983983983985      -0.39171390198095085      -0.30782042101662760     
   2.4024024024024024      -0.39537871703171668      -0.31081093702577117     
   2.4064064064064064      -0.39903567395724848      -0.31379837931207849     
   2.4104104104104103      -0.40268473537010441      -0.31678271833164234     
   2.4144144144144146      -0.40632581618260538      -0.31976392457124503     
   2.4184184184184185      -0.40995887616184701      -0.32274196854864923     
   2.4224224224224224      -0.41358383440266222      -0.32571682081289072     
   2.4264264264264264      -0.41720064833961890      -0.32868845194456880     
   2.4304304304304303      -0.42080924079060317      -0.33165683255613876     
   2.4344344344344346      -0.42440956730499801      -0.33462193329220136     
   2.4384384384384385      -0.42800155402478790      -0.33758372482979238     
   2.4424424424424425      -0.43158515500365863      -0.34054217787867352     
   2.4464464464464464      -0.43516029936194178      -0.34349726318162288     
   2.4504504504504503      -0.43872693999618717      -0.34644895151472338     
   2.4544544544544546      -0.44228500870600385      -0.34939721368765092     
   2.4584584584584586      -0.44583445752461776      -0.35234202054396457     
   2.4624624624624625      -0.44937522067271812      -0.35528334296139358     
   2.4664664664664664      -0.45290724957477418      -0.35822115185212722     
   2.4704704704704703      -0.45643048065006531      -0.36115541816310109     
   2.4744744744744747      -0.45994486493451070      -0.36408611287628395     
   2.4784784784784786      -0.46345034085461562      -0.36701320700896528     
   2.4824824824824825      -0.46694685924793011      -0.36993667161404292     
   2.4864864864864864      -0.47043436038389363      -0.37285647778030850     
   2.4904904904904903      -0.47391279506566747      -0.37577259663273233     
   2.4944944944944947      -0.47738210526483305      -0.37868499933275035     
   2.4984984984984986      -0.48084224189131985      -0.38159365707854853     
   2.5025025025025025      -0.48429314849840693      -0.38449854110534887     
   2.5065065065065064      -0.48773477622409861      -0.38739962268569306     
   2.5105105105105103      -0.49116707010050770      -0.39029687312972527     
   2.5145145145145147      -0.49458998159778139      -0.39319026378547894     
   2.5185185185185186      -0.49800345713915728      -0.39607976603915657     
   2.5225225225225225      -0.50140744861604292      -0.39896535131541627     
   2.5265265265265264      -0.50480190376812473      -0.40184699107765126     
   2.5305305305305303      -0.50818677498423770      -0.40472465682827302     
   2.5345345345345347      -0.51156201125702339      -0.40759832010899633     
   2.5385385385385386      -0.51492756553770869      -0.41046795250111373     
   2.5425425425425425      -0.51828338801796248      -0.41333352562578402     
   2.5465465465465464      -0.52162943226669012      -0.41619501114430751     
   2.5505505505505504      -0.52496564962882475      -0.41905238075840956     
   2.5545545545545547      -0.52829199433788321      -0.42190560621051959     
   2.5585585585585586      -0.53160841885324728      -0.42475465928404776     
   2.5625625625625625      -0.53491487811277161      -0.42759951180366890     
   2.5665665665665665      -0.53821132565736907      -0.43044013563559802     
   2.5705705705705704      -0.54149771716274775      -0.43327650268786827     
   2.5745745745745747      -0.54477400722342140      -0.43610858491061100     
   2.5785785785785786      -0.54804015228111735      -0.43893635429633066     
   2.5825825825825826      -0.55129610796022654      -0.44175978288018303     
   2.5865865865865865      -0.55454183149205694      -0.44457884274025233     
   2.5905905905905904      -0.55777727951068268      -0.44739350599782673     
   2.5945945945945947      -0.56100241005658846      -0.45020374481767333     
   2.5985985985985987      -0.56421718075629224      -0.45300953140831385     
   2.6026026026026026      -0.56742155047564069      -0.45581083802230121     
   2.6066066066066065      -0.57061547781881350      -0.45860763695649065     
   2.6106106106106104      -0.57379892249026609      -0.46139990055231678     
   2.6146146146146148      -0.57697184405909618      -0.46418760119606622     
   2.6186186186186187      -0.58013420307908325      -0.46697071131914791     
   2.6226226226226226      -0.58328596007317601      -0.46974920339837051     
   2.6266266266266265      -0.58642707645301106      -0.47252304995621180     
   2.6306306306306309      -0.58955751368569131      -0.47529222356109002     
   2.6346346346346348      -0.59267723404735917      -0.47805669682763591     
   2.6386386386386387      -0.59578619994068949      -0.48081644241696481     
   2.6426426426426426      -0.59888437451135079      -0.48357143303694416     
   2.6466466466466465      -0.60197172108989905      -0.48632164144246637     
   2.6506506506506509      -0.60504820369513934      -0.48906704043571703     
   2.6546546546546548      -0.60811378657852555      -0.49180760286644165     
   2.6586586586586587      -0.61116843463438630      -0.49454330163221849     
   2.6626626626626626      -0.61421211302864542      -0.49727410967872404     
   2.6666666666666665      -0.61724478753247525      -0.49999999999999972     
   2.6706706706706709      -0.62026642422026501      -0.50272094563872161     
   2.6746746746746748      -0.62327698974042278      -0.50543691968646454     
   2.6786786786786787      -0.62627645107011165      -0.50814789528396909     
   2.6826826826826826      -0.62926477573455497      -0.51085384562140823     
   2.6866866866866865      -0.63224193160822406      -0.51355474393865141     
   2.6906906906906909      -0.63520788709202247      -0.51625056352552878     
   2.6946946946946948      -0.63816261095241467      -0.51894127772209564     
   2.6986986986986987      -0.64110607246421869      -0.52162685991889768     
   2.7027027027027026      -0.64403824128066778      -0.52430728355723144     
   2.7067067067067065      -0.64695908754816989      -0.52698252212940910     
   2.7107107107107109      -0.64986858180154283      -0.52965254917902060     
   2.7147147147147148      -0.65276669505596407      -0.53231733830119188     
   2.7187187187187187      -0.65565339872265371      -0.53497686314285131     
   2.7227227227227226      -0.65852866468229387      -0.53763109740298709     
   2.7267267267267266      -0.66139246521728967      -0.54028001483290666     
   2.7307307307307309      -0.66424477307016883      -0.54292358923649919     
   2.7347347347347348      -0.66708556138924868      -0.54556179447049191     
   2.7387387387387387      -0.66991480377488266      -0.54819460444470958     
   2.7427427427427427      -0.67273247423595084      -0.55082199312233360     
   2.7467467467467466      -0.67553854722629014      -0.55344393452015828     
   2.7507507507507509      -0.67833299760990162      -0.55606040270884749     
   2.7547547547547548      -0.68111580068946886      -0.55867137181319182     
   2.7587587587587588      -0.68388693217857099      -0.56127681601236501     
   2.7627627627627627      -0.68664636822383596      -0.56387670954017755     
   2.7667667667667666      -0.68939408538276581      -0.56647102668533345     
   2.7707707707707709      -0.69213006064078431      -0.56905974179168384     
   2.7747747747747749      -0.69485427139354916      -0.57164282925847854     
   2.7787787787787788      -0.69756669545991001      -0.57422026354062317     
   2.7827827827827827      -0.70026731106779494      -0.57679201914892952     
   2.7867867867867866      -0.70295609686390370      -0.57935807065036660     
   2.7907907907907910      -0.70563303190243354      -0.58191839266831491     
   2.7947947947947949      -0.70829809565216928      -0.58447295988281489     
   2.7987987987987988      -0.71095126798746044      -0.58702174703081833     
   2.8028028028028027      -0.71359252919324134      -0.58956472890643896     
   2.8068068068068066      -0.71622185995778120      -0.59210188036120082     
   2.8108108108108110      -0.71883924137606980      -0.59463317630428647     
   2.8148148148148149      -0.72144465494395693      -0.59715859170278585     
   2.8188188188188188      -0.72403808256024793      -0.59967810158194468     
   2.8228228228228227      -0.72661950652192941      -0.60219168102540921     
   2.8268268268268266      -0.72918890952524573      -0.60469930517547521     
   2.8308308308308310      -0.73174627466177922      -0.60720094923333168     
   2.8348348348348349      -0.73429158541872008      -0.60969658845930674     
   2.8388388388388388      -0.73682482567560870      -0.61218619817311326     
   2.8428428428428427      -0.73934597970397431      -0.61466975375409216     
   2.8468468468468466      -0.74185503216459481      -0.61714723064145482     
   2.8508508508508510      -0.74435196810663407      -0.61961860433452842     
   2.8548548548548549      -0.74683677296530759      -0.62208385039299596     
   2.8588588588588588      -0.74930943256061522      -0.62454294443713865     
   2.8628628628628627      -0.75176993309533990      -0.62699586214807834     
   2.8668668668668666      -0.75421826115344481      -0.62944257926801550     
   2.8708708708708710      -0.75665440369834247      -0.63188307160047208     
   2.8748748748748749      -0.75907834807101449      -0.63431731501052735     
   2.8788788788788788      -0.76149008198851165      -0.63674528542506048     
   2.8828828828828827      -0.76388959354182884      -0.63916695883298458     
   2.8868868868868871      -0.76627687119461874      -0.64158231128548815     
   2.8908908908908910      -0.76865190378082993      -0.64399131889626826     
   2.8948948948948949      -0.77101468050364352      -0.64639395784176901     
   2.8988988988988988      -0.77336519093286038      -0.64879020436141721     
   2.9029029029029028      -0.77570342500408285      -0.65118003475785557     
   2.9069069069069071      -0.77802937301583353      -0.65356342539717915     
   2.9109109109109110      -0.78034302562900881      -0.65594035270916740     
   2.9149149149149149      -0.78264437386369556      -0.65831079318751873     
   2.9189189189189189      -0.78493340909894527      -0.66067472339008115     
   2.9229229229229228      -0.78721012306923865      -0.66303211993908662     
   2.9269269269269271      -0.78947450786463869      -0.66538295952137938     
   2.9309309309309310      -0.79172655592684260      -0.66772721888864839     
   2.9349349349349350      -0.79396626004978699      -0.67006487485765742     
   2.9389389389389389      -0.79619361337521311      -0.67239590431047236     
   2.9429429429429428      -0.79840860939380920      -0.67472028419469232     
   2.9469469469469471      -0.80061124194020095      -0.67703799152367616     
   2.9509509509509511      -0.80280150519472693      -0.67934900337676973     
   2.9549549549549550      -0.80497939367775839      -0.68165329689953269     
   2.9589589589589589      -0.80714490225221935      -0.68395084930396566     
   2.9629629629629628      -0.80929802611712154      -0.68624163786873338     
   2.9669669669669672      -0.81143876081094746      -0.68852563993939209     
   2.9709709709709711      -0.81356710220428341      -0.69080283292861111     
   2.9749749749749750      -0.81568304650419621      -0.69307319431639702     
   2.9789789789789789      -0.81778659024583689      -0.69533670165031769     
   2.9829829829829828      -0.81987773029793709      -0.69759333254572287     
   2.9869869869869872      -0.82195646385326360      -0.69984306468596547     
   2.9909909909909911      -0.82402278843536481      -0.70208587582262250     
   2.9949949949949950      -0.82607670188774496      -0.70432174377571644     
   2.9989989989989989      -0.82811820238199596      -0.70655064643393228     
   3.0030030030030028      -0.83014728840556740      -0.70877256175483805     
   3.0070070070070072      -0.83216395877140314      -0.71098746776510247     
   3.0110110110110111      -0.83416821260420571      -0.71319534256071015     
   3.0150150150150150      -0.83616004935167032      -0.71539616430718178     
   3.0190190190190189      -0.83813946876916312      -0.71758991123978788     
   3.0230230230230228      -0.84010647093263169      -0.71977656166376336     
   3.0270270270270272      -0.84206105622164018      -0.72195609395452442     
   3.0310310310310311      -0.84400322533399552      -0.72412848655788031     
   3.0350350350350350      -0.84593297926712752      -0.72629371799024711     
   3.0390390390390389      -0.84785031933442312      -0.72845176683886070     
   3.0430430430430429      -0.84975524714499107      -0.73060261176198871     
   3.0470470470470472      -0.85164776462164171      -0.73274623148913987     
   3.0510510510510511      -0.85352787397913932      -0.73488260482127588     
   3.0550550550550550      -0.85539557774368513      -0.73701171063102133     
   3.0590590590590589      -0.85725087872985528      -0.73913352786287101     
   3.0630630630630629      -0.85909378006134407      -0.74124803553339991     
   3.0670670670670672      -0.86092428514688646      -0.74335521273147032     
   3.0710710710710711      -0.86274239770191219      -0.74545503861843621     
   3.0750750750750750      -0.86454812172386786      -0.74754749242835339     
   3.0790790790790790      -0.86634146151431046      -0.74963255346818258     
   3.0830830830830829      -0.86812242165417852      -0.75171020111799314     
   3.0870870870870872      -0.86989100702569733      -0.75378041483116953     
   3.0910910910910911      -0.87164722278831819      -0.75584317413461222     
   3.0950950950950951      -0.87339107439963826      -0.75789845862894101     
   3.0990990990990990      -0.87512256759289708      -0.75994624798869759     
   3.1031031031031029      -0.87684170839593911      -0.76198652196254535     
   3.1071071071071072      -0.87854850311133847      -0.76401926037346968     
   3.1111111111111112      -0.88024295833223831      -0.76604444311897801     
   3.1151151151151151      -0.88192508092638067      -0.76806205017129969     
   3.1191191191191190      -0.88359487804745140      -0.77007206157758090     
   3.1231231231231229      -0.88525235712449202      -0.77207445746008596     
   3.1271271271271273      -0.88689752586717907      -0.77406921801639050     
   3.1311311311311312      -0.88853039226229169      -0.77605632351957909     
   3.1351351351351351      -0.89015096457116982      -0.77803575431843974     
   3.1391391391391390      -0.89175925133508471      -0.78000749083765863     
   3.1431431431431434      -0.89335526136295251      -0.78197151357801342     
   3.1471471471471473      -0.89493900374761570      -0.78392780311656574     
   3.1511511511511512      -0.89651048784174436      -0.78587634010685492     
   3.1551551551551551      -0.89806972328715373      -0.78781710527908644     
   3.1591591591591590      -0.89961671997674397      -0.78975007944032583     
   3.1631631631631634      -0.90115148809902157      -0.79167524347468532     
   3.1671671671671673      -0.90267403808392965      -0.79359257834351493     
   3.1711711711711712      -0.90418438066468709      -0.79550206508559018     
   3.1751751751751751      -0.90568252680547612      -0.79740368481729929     
   3.1791791791791790      -0.90716848778253534      -0.79929741873283011     
   3.1831831831831834      -0.90864227509191320      -0.80118324810435748     
   3.1871871871871873      -0.91010390055143764      -0.80306115428222580     
   3.1911911911911912      -0.91155337618714860      -0.80493111869513456     
   3.1951951951951951      -0.91299071435725931      -0.80679312285032412     
   3.1991991991991990      -0.91441592761649459      -0.80864714833375495     
   3.2032032032032034      -0.91582902886243078      -0.81049317681029209     
   3.2072072072072073      -0.91723003117781732      -0.81233119002388610     
   3.2112112112112112      -0.91861894799870658      -0.81416116979775310     
   3.2152152152152151      -0.91999579293595179      -0.81598309803455449     
   3.2192192192192191      -0.92136057996326559      -0.81779695671657726     
   3.2232232232232234      -0.92271332322052479      -0.81960272790591171     
   3.2272272272272273      -0.92405403721829327      -0.82140039374462503     
   3.2312312312312312      -0.92538273662733850      -0.82318993645494509     
   3.2352352352352352      -0.92669943649419473      -0.82497133833943015     
   3.2392392392392391      -0.92800415202344400      -0.82674458178114651     
   3.2432432432432434      -0.92929689879657940      -0.82850964924384241     
   3.2472472472472473      -0.93057769255608414      -0.83026652327212114     
   3.2512512512512513      -0.93184654941719558      -0.83201518649161355     
   3.2552552552552552      -0.93310348566565382      -0.83375562160915107     
   3.2592592592592591      -0.93434851794896301      -0.83548781141293604     
   3.2632632632632634      -0.93558166310284141      -0.83721173877271049     
   3.2672672672672673      -0.93680293830528294      -0.83892738663992716     
   3.2712712712712713      -0.93801236095013707      -0.84063473804791811     
   3.2752752752752752      -0.93920994874379482      -0.84233377611206173     
   3.2792792792792791      -0.94039571964786273      -0.84402448402995045     
   3.2832832832832834      -0.94156969189475725      -0.84570684508155636     
   3.2872872872872874      -0.94273188402492902      -0.84738084262939606     
   3.2912912912912913      -0.94388231479424767      -0.84904646011869733     
   3.2952952952952952      -0.94502100333449046      -0.85070368107756111     
   3.2992992992992991      -0.94614796892236830      -0.85235248911712369     
   3.3033033033033035      -0.94726323129471057      -0.85399286793172058     
   3.3073073073073074      -0.94836681024666059      -0.85562480129904661     
   3.3113113113113113      -0.94945872613482596      -0.85724827308031681     
   3.3153153153153152      -0.95053899927092977      -0.85886326722042616     
   3.3193193193193191      -0.95160765064672215      -0.86046976774810746     
   3.3233233233233235      -0.95266470108969903      -0.86206775877609132     
   3.3273273273273274      -0.95371017224224908      -0.86365722450126015     
   3.3313313313313313      -0.95474408544850331      -0.86523814920480790     
   3.3353353353353352      -0.95576646301647417      -0.86681051725239255     
   3.3393393393393391      -0.95677732681026040      -0.86837431309429247     
   3.3433433433433435      -0.95777669981713853      -0.86992952126555956     
   3.3473473473473474      -0.95876460442794609      -0.87147612638617244     
   3.3513513513513513      -0.95974106432051842      -0.87301411316118827     
   3.3553553553553552      -0.96070610242380561      -0.87454346638089397     
   3.3593593593593591      -0.96165974311397251      -0.87606417092095756     
   3.3633633633633635      -0.96260200987538180      -0.87757621174257716     
   3.3673673673673674      -0.96353292778541455      -0.87907957389262847     
   3.3713713713713713      -0.96445252090857314      -0.88057424250381433     
   3.3753753753753752      -0.96536081501997306      -0.88206020279481123     
   3.3793793793793796      -0.96625783479801508      -0.88353744007041513     
   3.3833833833833835      -0.96714360670412092      -0.88500593972168740     
   3.3873873873873874      -0.96801815607504749      -0.88646568722609875     
   3.3913913913913913      -0.96888151003755230      -0.88791666814767278     
   3.3953953953953953      -0.96973369464353909      -0.88935886813712972     
   3.3993993993993996      -0.97057473765309710      -0.89079227293202790     
   3.4034034034034035      -0.97140466590387198      -0.89221686835690339     
   3.4074074074074074      -0.97222350774498312      -0.89363264032341194     
   3.4114114114114114      -0.97303129088536411      -0.89503957483046781     
   3.4154154154154153      -0.97382804420574309      -0.89643765796438168     
   3.4194194194194196      -0.97461379638744094      -0.89782687589899912     
   3.4234234234234235      -0.97538857677209467      -0.89920721489583688     
   3.4274274274274275      -0.97615241512987294      -0.90057866130421815     
   3.4314314314314314      -0.97690534118011674      -0.90194120156140900     
   3.4354354354354353      -0.97764738591237976      -0.90329482219275192     
   3.4394394394394396      -0.97837857933006411      -0.90463950981179775     
   3.4434434434434436      -0.97909895378396727      -0.90597525112043964     
   3.4474474474474475      -0.97980853946115432      -0.90730203290904421     
   3.4514514514514514      -0.98050737022228907      -0.90861984205658186     
   3.4554554554554553      -0.98119547633668203      -0.90992866553075646     
   3.4594594594594597      -0.98187289332343064      -0.91122849038813580     
   3.4634634634634636      -0.98253965143981659      -0.91251930377427593     
   3.4674674674674675      -0.98319578800245433      -0.91380109292385281     
   3.4714714714714714      -0.98384133318044142      -0.91507384516078560     
   3.4754754754754753      -0.98447632620508718      -0.91633754789836286     
   3.4794794794794797      -0.98510079711338638      -0.91759218863936631     
   3.4834834834834836      -0.98571478713095229      -0.91883775497619591     
   3.4874874874874875      -0.98631832616842652      -0.92007423459099136     
   3.4914914914914914      -0.98691145746873965      -0.92130161525575383     
   3.4954954954954953      -0.98749421089239087      -0.92251988483246850     
   3.4994994994994997      -0.98806663164376041      -0.92372903127322248     
   3.5035035035035036      -0.98862874970373793      -0.92492904262032472     
   3.5075075075075075      -0.98918061207832197      -0.92611990700642566     
   3.5115115115115114      -0.98972224915994711      -0.92730161265463207     
   3.5155155155155153      -0.99025370946539659      -0.92847414787862559     
   3.5195195195195197      -0.99077502423804797      -0.92963750108277710     
   3.5235235235235236      -0.99128624305607127      -0.93079166076226205     
   3.5275275275275275      -0.99178739862861198      -0.93193661550317375     
   3.5315315315315314      -0.99227854096128865      -0.93307235398263721     
   3.5355355355355353      -0.99275970504353472      -0.93419886496891946     
   3.5395395395395397      -0.99323094046841653      -0.93531613732154262     
   3.5435435435435436      -0.99369228553788114      -0.93642415999139206     
   3.5475475475475475      -0.99414378837317330      -0.93752292202082732     
   3.5515515515515514      -0.99458549184611744      -0.93861241254378924     
   3.5555555555555554      -0.99501744132747882      -0.93969262078590843     
   3.5595595595595597      -0.99543968573300534      -0.94076353606461116     
   3.5635635635635636      -0.99585226620373846      -0.94182514778922477     
   3.5675675675675675      -0.99625523935947546      -0.94287744546108421     
   3.5715715715715715      -0.99664864047613244      -0.94392041867363274     
   3.5755755755755754      -0.99703253566381611      -0.94495405711252811     
   3.5795795795795797      -0.99740695261933010      -0.94597835055574231     
   3.5835835835835836      -0.99777196875856200      -0.94699328887366330     
   3.5875875875875876      -0.99812760252507493      -0.94799886202919548     
   3.5915915915915915      -0.99847394434354819      -0.94899506007785894     
   3.5955955955955954      -0.99881100193690853      -0.94998187316788696     
   3.5995995995995997      -0.99913888013570862      -0.95095929154032532     
   3.6036036036036037      -0.99945757490318188      -0.95192730552912663     
   3.6076076076076076      -0.99976720631635940      -0.95288590556124664     
   3.6116116116116115       -1.0000677582482891      -0.95383508215674029     
   3.6156156156156154       -1.0003593659968910      -0.95477482592885354     
   3.6196196196196198       -1.0006420020617901      -0.95570512758411708     
   3.6236236236236237       -1.0009158157040829      -0.95662597792243798     
   3.6276276276276276       -1.0011807702048021      -0.95753736783719101     
   3.6316316316316315       -1.0014370258865168      -0.95843928831530878     
   3.6356356356356359       -1.0016845408326447      -0.95933173043737030     
   3.6396396396396398       -1.0019234814439277      -0.96021468537768961     
   3.6436436436436437       -1.0021538069323319      -0.96108814440440271     
   3.6476476476476476       -1.0023756822816774      -0.96195209887955480     
   3.6516516516516515       -1.0025890768730878      -0.96280654025918444     
   3.6556556556556559       -1.0027941438928918      -0.96365146009340885     
   3.6596596596596598       -1.0029908749676919      -0.96448685002650714     
   3.6636636636636637       -1.0031793979710515      -0.96531270179700357     
   3.6676676676676676       -1.0033597420421372      -0.96612900723774797     
   3.6716716716716715       -1.0035319930559665      -0.96693575827599820     
   3.6756756756756759       -1.0036962360110140      -0.96773294693349898     
   3.6796796796796798       -1.0038524952159367      -0.96852056532655983     
   3.6836836836836837       -1.0040009324562058      -0.96929860566613557     
   3.6876876876876876       -1.0041414887683691      -0.97006706025790090     
   3.6916916916916915       -1.0042744252071758      -0.97082592150232783     
   3.6956956956956959       -1.0043995770400185      -0.97157518189476044     
   3.6996996996996998       -1.0045173269224152      -0.97231483402548924     
   3.7037037037037037       -1.0046273831661734      -0.97304487057982392     
   3.7077077077077076       -1.0047302696738520      -0.97376528433816678     
   3.7117117117117115       -1.0048255509251782      -0.97447606817608323     
   3.7157157157157159       -1.0049139055393281      -0.97517721506437227     
   3.7197197197197198       -1.0049947456005646      -0.97586871806913611     
   3.7237237237237237       -1.0050689072129491      -0.97655057035184933     
   3.7277277277277276       -1.0051356548573560      -0.97722276516942586     
   3.7317317317317316       -1.0051959686493841      -0.97788529587428519     
   3.7357357357357359       -1.0052489896118393      -0.97853815591441973     
   3.7397397397397398       -1.0052958057661039      -0.97918133883345804     
   3.7437437437437437       -1.0053354848650786      -0.97981483827072935     
   3.7477477477477477       -1.0053691572370702      -0.98043864796132674     
   3.7517517517517516       -1.0053959004599984      -0.98105276173616807     
   3.7557557557557559       -1.0054167854220442      -0.98165717352205806     
   3.7597597597597598       -1.0054310217106464      -0.98225187734174813     
   3.7637637637637638       -1.0054394774866213      -0.98283686731399489     
   3.7677677677677677       -1.0054416598413609      -0.98341213765361879     
   3.7717717717717716       -1.0054380467554920      -0.98397768267156138     
   3.7757757757757759       -1.0054286513068060      -0.98453349677494195     
   3.7797797797797799       -1.0054133327660493      -0.98507957446711136     
   3.7837837837837838       -1.0053928581819993      -0.98561591034770824     
   3.7877877877877877       -1.0053662069877107      -0.98614249911271146     
   3.7917917917917916       -1.0053351689578160      -0.98665933555449192     
   3.7957957957957960       -1.0052975735778928      -0.98716641456186571     
   3.7997997997997999       -1.0052564965049495      -0.98766373112014327     
   3.8038038038038038       -1.0052083723162633      -0.98815128031117960     
   3.8078078078078077       -1.0051577768648678      -0.98862905731342254     
   3.8118118118118116       -1.0050995814083463      -0.98909705740196108     
   3.8158158158158160       -1.0050399677813870      -0.98955527594857173     
   3.8198198198198199       -1.0049722208654663      -0.99000370842176366     
   3.8238238238238238       -1.0049040476979618      -0.99044235038682449     
   3.8278278278278277       -1.0048273552090619      -0.99087119750586350     
   3.8318318318318316       -1.0047510148244678      -0.99129024553785516     
   3.8358358358358360       -1.0046660955115236      -0.99169949033868066     
   3.8398398398398399       -1.0045818875658556      -0.99209892786116838     
   3.8438438438438438       -1.0044896000774315      -0.99248855415513493     
   3.8478478478478477       -1.0043977070065959      -0.99286836536742351     
   3.8518518518518516       -1.0042990723847764      -0.99323835774194280     
   3.8558558558558560       -1.0041995421230545      -0.99359852761970280     
   3.8598598598598599       -1.0040957554542116      -0.99394887143885202     
   3.8638638638638638       -1.0039884996678596      -0.99428938573471282     
   3.8678678678678677       -1.0038809208965089      -0.99462006713981466     
   3.8718718718718717       -1.0037657400877937      -0.99494091238392857     
   3.8758758758758760       -1.0036558508672435      -0.99525191829409909     
   3.8798798798798799       -1.0035325014085512      -0.99555308179467450     
   3.8838838838838838       -1.0034218111474444      -0.99584439990733942     
   3.8878878878878878       -1.0032901329160369      -0.99612586975114281     
   3.8918918918918921       -1.0031800133748945      -0.99639748854252641     
   3.8958958958958960       -1.0030401401750779      -0.99665925359535279     
   3.8998998998998999       -1.0029315655331701      -0.99691116232093191     
   3.9039039039039038       -1.0027842417254595      -0.99715321222804643     
   3.9079079079079078       -1.0026774113478991      -0.99738540092297623     
   3.9119119119119121       -1.0025244353161031      -0.99760772610952264     
   3.9159159159159160       -1.0024182626147486      -0.99782018558903074     
   3.9199199199199199       -1.0022630668994461      -0.99802277726041111     
   3.9239239239239239       -1.0021545347690646      -0.99821549912016083     
   3.9279279279279278       -1.0020028872878888      -0.99839834926238302     
   3.9319319319319321       -1.0018863067979169      -0.99857132587880604     
   3.9359359359359360       -1.0017470673935378      -0.99873442725880057     
   3.9399399399399400       -1.0016133447673925      -0.99888765178939798     
   3.9439439439439439       -1.0014991198635761      -0.99903099795530448     
   3.9479479479479478       -1.0013352574302201      -0.99916446433891781     
   3.9519519519519521       -1.0012626381711247      -0.99928804962034024     
   3.9559559559559561       -1.0010518981819090      -0.99940175257739150     
   3.9599599599599600       -1.0010407067195708      -0.99950557208562174     
   3.9639639639639639       -1.0007641979732733      -0.99959950711832180     
   3.9679679679679678       -1.0008347468580134      -0.99968355674653397     
   3.9719719719719722       -1.0004757196205425      -0.99975772013906072     
   3.9759759759759761       -1.0006424291014966      -0.99982199656247328     
   3.9799799799799800       -1.0001953806679562      -0.99987638538111856     
   3.9839839839839839       -1.0004540797740653      -0.99992088605712559     
   3.9879879879879878      -0.99994202957645939      -0.99995549815041107     
   3.9919919919919922       -1.0002469226644826      -0.99998022131868336     
   3.9959959959959961      -0.99975590535407999      -0.99999505531744570     
   4.0000000000000000       -1.0000000000000000       -1.0000000000000000     
