   0.0000000000000000        1.0000000000000000       0.99999999999999989     
   4.0040040040040040E-003  0.99961800989875726       0.99999505531744592     
   8.0080080080080079E-003  0.99999794261212871       0.99998022131868325     
   1.2012012012012012E-002  0.99960831862407662       0.99995549815041107     
   1.6016016016016016E-002  0.99975381972755384       0.99992088605712559     
   2.0020020020020020E-002  0.99958205933784017       0.99987638538111856     
   2.4024024024024024E-002  0.99956038110265766       0.99982199656247328     
   2.8028028028028028E-002  0.99953155280690942       0.99975772013906072     
   3.2032032032032032E-002  0.99942254292934540       0.99968355674653397     
   3.6036036036036036E-002  0.99946342191006221       0.99959950711832180     
   4.0040040040040040E-002  0.99933015490482158       0.99950557208562174     
   4.4044044044044044E-002  0.99939071483754827       0.99940175257739161     
   4.8048048048048048E-002  0.99927112827305298       0.99928804962034012     
   5.2052052052052052E-002  0.99932502860791173       0.99916446433891792     
   5.6056056056056056E-002  0.99923617055132452       0.99903099795530459     
   6.0060060060060060E-002  0.99927427052459850       0.99888765178939798     
   6.4064064064064064E-002  0.99921960477377247       0.99873442725880068     
   6.8068068068068074E-002  0.99924280445536928       0.99857132587880615     
   7.2072072072072071E-002  0.99921869072201919       0.99839834926238324     
   7.6076076076076082E-002  0.99923238967408701       0.99821549912016094     
   8.0080080080080079E-002  0.99923260034664674       0.99802277726041122     
   8.4084084084084090E-002  0.99924317468645674       0.99782018558903074     
   8.8088088088088087E-002  0.99926152110347677       0.99760772610952264     
   9.2092092092092098E-002  0.99927449262017787       0.99738540092297623     
   9.6096096096096095E-002  0.99930601119684548       0.99715321222804643     
  0.10010010010010011       0.99932537598761606       0.99691116232093191     
  0.10410410410410410       0.99936662437600832       0.99665925359535279     
  0.10810810810810811       0.99939483157686593       0.99639748854252641     
  0.11211211211211211       0.99944373116832308       0.99612586975114281     
  0.11611611611611612       0.99948196053928262       0.99584439990733964     
  0.12012012012012012       0.99953746054642456       0.99555308179467450     
  0.12412412412412413       0.99958598677834865       0.99525191829409887     
  0.12812812812812813       0.99964770791674051       0.99494091238392868     
  0.13213213213213212       0.99970623920656643       0.99462006713981466     
  0.13613613613613615       0.99977417265912605       0.99428938573471282     
  0.14014014014014015       0.99984211658359656       0.99394887143885213     
  0.14414414414414414       0.99991640337949372       0.99359852761970280     
  0.14814814814814814       0.99999305104905167       0.99323835774194291     
  0.15215215215215216        1.0000738394934026       0.99286836536742373     
  0.15615615615615616        1.0001584779237764       0.99248855415513493     
  0.16016016016016016        1.0002458444615829       0.99209892786116838     
  0.16416416416416416        1.0003378142771540       0.99169949033868066     
  0.16816816816816818        1.0004317300172936       0.99129024553785539     
  0.17217217217217218        1.0005304457686424       0.99087119750586361     
  0.17617617617617617        1.0006307722608276       0.99044235038682449     
  0.18018018018018017        1.0007357203051115       0.99000370842176388     
  0.18418418418418420        1.0008422216432709       0.98955527594857196     
  0.18818818818818819        1.0009529465895881       0.98909705740196130     
  0.19219219219219219        1.0010653086016685       0.98862905731342254     
  0.19619619619619619        1.0011813957756615       0.98815128031117949     
  0.20020020020020021        1.0012992464869472       0.98766373112014327     
  0.20420420420420421        1.0014203050696442       0.98716641456186571     
  0.20820820820820821        1.0015432330137790       0.98665933555449203     
  0.21221221221221220        1.0016688818564377       0.98614249911271146     
  0.21621621621621623        1.0017964507932389       0.98561591034770846     
  0.22022022022022023        1.0019263080441003       0.98507957446711159     
  0.22422422422422422        1.0020580679040321       0.98453349677494206     
  0.22822822822822822        1.0021917443395056       0.98397768267156138     
  0.23223223223223224        1.0023272384640105       0.98341213765361868     
  0.23623623623623624        1.0024643336756571       0.98283686731399489     
  0.24024024024024024        1.0026031032940397       0.98225187734174813     
  0.24424424424424424        1.0027432045498672       0.98165717352205828     
  0.24824824824824826        1.0028847911542984       0.98105276173616818     
  0.25225225225225223        1.0030274735393299       0.98043864796132674     
  0.25625625625625625        1.0031714197171864       0.97981483827072957     
  0.26026026026026028        1.0033162476453901       0.97918133883345804     
  0.26426426426426425        1.0034620972146950       0.97853815591441973     
  0.26826826826826827        1.0036086260707389       0.97788529587428519     
  0.27227227227227230        1.0037559236135352       0.97722276516942586     
  0.27627627627627627        1.0039037019793733       0.97655057035184956     
  0.28028028028028029        1.0040519923567395       0.97586871806913633     
  0.28428428428428426        1.0042005636759905       0.97517721506437238     
  0.28828828828828829        1.0043493916172377       0.97447606817608334     
  0.29229229229229231        1.0044982961159019       0.97376528433816700     
  0.29629629629629628        1.0046472057495928       0.97304487057982403     
  0.30030030030030030        1.0047959817086056       0.97231483402548924     
  0.30430430430430433        1.0049445167166196       0.97157518189476044     
  0.30830830830830830        1.0050927015906084       0.97082592150232794     
  0.31231231231231232        1.0052404050039916       0.97006706025790113     
  0.31631631631631629        1.0053875365243317       0.96929860566613568     
  0.32032032032032032        1.0055339509921546       0.96852056532656006     
  0.32432432432432434        1.0056795676005728       0.96773294693349898     
  0.32832832832832831        1.0058242358768039       0.96693575827599854     
  0.33233233233233234        1.0059678772821041       0.96612900723774819     
  0.33633633633633636        1.0061103424085625       0.96531270179700357     
  0.34034034034034033        1.0062515501269760       0.96448685002650714     
  0.34434434434434436        1.0063913558902686       0.96365146009340885     
  0.34834834834834832        1.0065296733126414       0.96280654025918455     
  0.35235235235235235        1.0066663648897480       0.96195209887955491     
  0.35635635635635637        1.0068013375128044       0.96108814440440293     
  0.36036036036036034        1.0069344616685114       0.96021468537768961     
  0.36436436436436437        1.0070656374772342       0.95933173043737041     
  0.36836836836836839        1.0071947429404002       0.95843928831530878     
  0.37237237237237236        1.0073216724466578       0.95753736783719101     
  0.37637637637637639        1.0074463103644029       0.95662597792243798     
  0.38038038038038036        1.0075685466935977       0.95570512758411708     
  0.38438438438438438        1.0076882709684065       0.95477482592885377     
  0.38838838838838841        1.0078053700340921       0.95383508215674051     
  0.39239239239239238        1.0079197374329820       0.95288590556124697     
  0.39639639639639640        1.0080312582246431       0.95192730552912663     
  0.40040040040040042        1.0081398285806156       0.95095929154032544     
  0.40440440440440439        1.0082453332128121       0.94998187316788707     
  0.40840840840840842        1.0083476696419076       0.94899506007785894     
  0.41241241241241239        1.0084467234010546       0.94799886202919548     
  0.41641641641641641        1.0085423925683177       0.94699328887366341     
  0.42042042042042044        1.0086345640375813       0.94597835055574242     
  0.42442442442442441        1.0087231361339288       0.94495405711252856     
  0.42842842842842843        1.0088079973561148       0.94392041867363297     
  0.43243243243243246        1.0088890461347817       0.94287744546108421     
  0.43643643643643643        1.0089661728057493       0.94182514778922499     
  0.44044044044044045        1.0090392756461426       0.94076353606461094     
  0.44444444444444442        1.0091082470882853       0.93969262078590843     
  0.44844844844844844        1.0091729850910272       0.93861241254378935     
  0.45245245245245247        1.0092333842864616       0.93752292202082743     
  0.45645645645645644        1.0092893423569809       0.93642415999139239     
  0.46046046046046046        1.0093407559746881       0.93531613732154295     
  0.46446446446446449        1.0093875228303835       0.93419886496891991     
  0.46846846846846846        1.0094295412849021       0.93307235398263733     
  0.47247247247247248        1.0094667094169412       0.93193661550317397     
  0.47647647647647645        1.0094989269046899       0.93079166076226205     
  0.48048048048048048        1.0095260925506098       0.92963750108277710     
  0.48448448448448450        1.0095481071065713       0.92847414787862570     
  0.48848848848848847        1.0095648702268567       0.92730161265463229     
  0.49249249249249250        1.0095762836851341       0.92611990700642588     
  0.49649649649649652        1.0095822479729368       0.92492904262032505     
  0.50050050050050054        1.0095826659148877       0.92372903127322259     
  0.50450450450450446        1.0095774394319272       0.92251988483246872     
  0.50850850850850848        1.0095664719547410       0.92130161525575405     
  0.51251251251251251        1.0095496661426056       0.92007423459099136     
  0.51651651651651653        1.0095269262688886       0.91883775497619602     
  0.52052052052052056        1.0094981559896072       0.91759218863936653     
  0.52452452452452447        1.0094632603720315       0.91633754789836308     
  0.52852852852852850        1.0094221440798212       0.91507384516078605     
  0.53253253253253252        1.0093747129454602       0.91380109292385314     
  0.53653653653653655        1.0093208726308671       0.91251930377427604     
  0.54054054054054057        1.0092605297193800       0.91122849038813569     
  0.54454454454454460        1.0091935908473217       0.90992866553075669     
  0.54854854854854851        1.0091199633436712       0.90861984205658186     
  0.55255255255255253        1.0090395547859650       0.90730203290904443     
  0.55655655655655656        1.0089522732483092       0.90597525112043986     
  0.56056056056056058        1.0088580272111516       0.90463950981179786     
  0.56456456456456461        1.0087567254945351       0.90329482219275237     
  0.56856856856856852        1.0086482774414371       0.90194120156140967     
  0.57257257257257255        1.0085325926176323       0.90057866130421826     
  0.57657657657657657        1.0084095811884204       0.89920721489583666     
  0.58058058058058060        1.0082791534623858       0.89782687589899912     
  0.58458458458458462        1.0081412203886837       0.89643765796438168     
  0.58858858858858853        1.0079956930121177       0.89503957483046792     
  0.59259259259259256        1.0078424830296671       0.89363264032341216     
  0.59659659659659658        1.0076815022119958       0.89221686835690384     
  0.60060060060060061        1.0075126629705384       0.89079227293202834     
  0.60460460460460463        1.0073358777876189       0.88935886813713039     
  0.60860860860860866        1.0071510597584781       0.88791666814767300     
  0.61261261261261257        1.0069581220594583       0.88646568722609853     
  0.61661661661661660        1.0067569784413877       0.88500593972168740     
  0.62062062062062062        1.0065475427540456       0.88353744007041513     
  0.62462462462462465        1.0063297293775553       0.88206020279481145     
  0.62862862862862867        1.0061034528123400       0.88057424250381455     
  0.63263263263263259        1.0058686280430102       0.87907957389262892     
  0.63663663663663661        1.0056251701961654       0.87757621174257761     
  0.64064064064064064        1.0053729948371986       0.87606417092095823     
  0.64464464464464466        1.0051120176931527       0.87454346638089420     
  0.64864864864864868        1.0048421548873405       0.87301411316118804     
  0.65265265265265260        1.0045633227207915       0.87147612638617244     
  0.65665665665665662        1.0042754378522969       0.86992952126555978     
  0.66066066066066065        1.0039784171301116       0.86837431309429269     
  0.66466466466466467        1.0036721777262616       0.86681051725239278     
  0.66866866866866870        1.0033566370095177       0.86523814920480835     
  0.67267267267267272        1.0030317126428732       0.86365722450126059     
  0.67667667667667664        1.0026973224891937       0.86206775877609154     
  0.68068068068068066        1.0023533846801349       0.86046976774810768     
  0.68468468468468469        1.0019998175465885       0.85886326722042616     
  0.68868868868868871        1.0016365396665430       0.85724827308031681     
  0.69269269269269274        1.0012634698133418       0.85562480129904683     
  0.69669669669669665        1.0008805269889420       0.85399286793172080     
  0.70070070070070067        1.0004876303841161       0.85235248911712413     
  0.70470470470470470        1.0000846994024390       0.85070368107756156     
  0.70870870870870872       0.99967165362767785       0.84904646011869800     
  0.71271271271271275       0.99924841284269328       0.84738084262939628     
  0.71671671671671666       0.99881489700049009       0.84570684508155602     
  0.72072072072072069       0.99837102624101670       0.84402448402995045     
  0.72472472472472471       0.99791672086337502       0.84233377611206173     
  0.72872872872872874       0.99745190134256911       0.84063473804791822     
  0.73273273273273276       0.99697648830134777       0.83892738663992727     
  0.73673673673673679       0.99649040252799470       0.83721173877271082     
  0.74074074074074070       0.99599356494706615       0.83548781141293649     
  0.74474474474474472       0.99548589663875697       0.83375562160915173     
  0.74874874874874875       0.99496731880819389       0.83201518649161366     
  0.75275275275275277       0.99443775280651303       0.83026652327212069     
  0.75675675675675680       0.99389712009883124       0.82850964924384218     
  0.76076076076076071       0.99334534228676985       0.82674458178114663     
  0.76476476476476474       0.99278234107543240       0.82497133833943037     
  0.76876876876876876       0.99220803829706694       0.82318993645494531     
  0.77277277277277279       0.99162235587741709       0.82140039374462548     
  0.77677677677677681       0.99102521586008563       0.81960272790591149     
  0.78078078078078073       0.99041654037273563       0.81779695671657793     
  0.78478478478478475       0.98979625165173113       0.81598309803455460     
  0.78878878878878878       0.98916427200860435       0.81416116979775299     
  0.79279279279279280       0.98852052385455580       0.81233119002388599     
  0.79679679679679682       0.98786492966764960       0.81049317681029232     
  0.80080080080080085       0.98719741201675149       0.80864714833375506     
  0.80480480480480476       0.98651789352977348       0.80679312285032445     
  0.80880880880880879       0.98582629691687285       0.80493111869513490     
  0.81281281281281281       0.98512254493990248       0.80306115428222591     
  0.81681681681681684       0.98440656043468144       0.80118324810435759     
  0.82082082082082086       0.98367826628186328       0.79929741873283022     
  0.82482482482482478       0.98293758542810383       0.79740368481729917     
  0.82882882882882880       0.98218444085853218       0.79550206508558996     
  0.83283283283283283       0.98141875561667746       0.79359257834351515     
  0.83683683683683685       0.98064045277863721       0.79167524347468543     
  0.84084084084084088       0.97984945547168911       0.78975007944032627     
  0.84484484484484490       0.97904568685025717       0.78781710527908688     
  0.84884884884884881       0.97822907011315363       0.78587634010685514     
  0.85285285285285284       0.97739952848135225       0.78392780311656585     
  0.85685685685685686       0.97655698521389667       0.78197151357801298     
  0.86086086086086089       0.97570136358746840       0.78000749083765841     
  0.86486486486486491       0.97483258691096797       0.77803575431843952     
  0.86886886886886883       0.97395057850686217       0.77605632351957921     
  0.87287287287287285       0.97305526172451007       0.77406921801639061     
  0.87687687687687688       0.97214655992322463       0.77207445746008641     
  0.88088088088088090       0.97122439648440217       0.77007206157758135     
  0.88488488488488493       0.97028869479624846       0.76806205017129980     
  0.88888888888888884       0.96933937826481842       0.76604444311897812     
  0.89289289289289286       0.96837637030025614       0.76401926037346957     
  0.89689689689689689       0.96739959432693179       0.76198652196254524     
  0.90090090090090091       0.96640897377104995       0.75994624798869781     
  0.90490490490490494       0.96540443207000814       0.75789845862894112     
  0.90890890890890896       0.96438589266127406       0.75584317413461199     
  0.91291291291291288       0.96335327899105128       0.75378041483116964     
  0.91691691691691690       0.96230651450441229       0.75171020111799358     
  0.92092092092092093       0.96124552265327468       0.74963255346818269     
  0.92492492492492495       0.96017022688773679       0.74754749242835361     
  0.92892892892892898       0.95908055066353415       0.74545503861843632     
  0.93293293293293289       0.95797641743438389       0.74335521273147021     
  0.93693693693693691       0.95685775065905243       0.74124803553340046     
  0.94094094094094094       0.95572447379471892       0.73913352786287123     
  0.94494494494494496       0.95457651030359925       0.73701171063102144     
  0.94894894894894899       0.95341378364734441       0.73488260482127599     
  0.95295295295295290       0.95223621729329433       0.73274623148913998     
  0.95695695695695693       0.95104373470985082       0.73060261176198882     
  0.96096096096096095       0.94983625937239335       0.72845176683886093     
  0.96496496496496498       0.94861371475961609       0.72629371799024722     
  0.96896896896896900       0.94737602435917223       0.72412848655788020     
  0.97297297297297303       0.94612311166488494       0.72195609395452465     
  0.97697697697697694       0.94485490018222051       0.71977656166376347     
  0.98098098098098097       0.94357131342630163       0.71758991123978799     
  0.98498498498498499       0.94227227492730170       0.71539616430718200     
  0.98898898898898902       0.94095770822918889       0.71319534256071038     
  0.99299299299299304       0.93962753689510559       0.71098746776510235     
  0.99699699699699695       0.93828168450679705       0.70877256175483849     
   1.0010010010010011       0.93692007467004712       0.70655064643393239     
   1.0050050050050050       0.93554263101474378       0.70432174377571666     
   1.0090090090090089       0.93414927720040775       0.70208587582262261     
   1.0130130130130131       0.93273993691689339       0.69984306468596524     
   1.0170170170170170       0.93131453389002394       0.69759333254572309     
   1.0210210210210211       0.92987299188293304       0.69533670165031780     
   1.0250250250250250       0.92841523470180742       0.69307319431639725     
   1.0290290290290289       0.92694118619787969       0.69080283292861089     
   1.0330330330330331       0.92545077027329781       0.68852563993939231     
   1.0370370370370370       0.92394391088375283       0.68624163786873360     
   1.0410410410410411       0.92242053204450936       0.68395084930396588     
   1.0450450450450450       0.92088055783366274       0.68165329689953280     
   1.0490490490490489       0.91932391239832500       0.67934900337676996     
   1.0530530530530531       0.91775051995855061       0.67703799152367639     
   1.0570570570570570       0.91616030481366117       0.67472028419469277     
   1.0610610610610611       0.91455319134683710       0.67239590431047247     
   1.0650650650650650       0.91292910403163485       0.67006487485765720     
   1.0690690690690692       0.91128796743719365       0.66772721888864850     
   1.0730730730730731       0.90962970623500783       0.66538295952137927     
   1.0770770770770770       0.90795424520469381       0.66303211993908673     
   1.0810810810810811       0.90626150924110938       0.66067472339008138     
   1.0850850850850851       0.90455142336059213       0.65831079318751895     
   1.0890890890890892       0.90282391270850981       0.65594035270916762     
   1.0930930930930931       0.90107890256592893       0.65356342539717938     
   1.0970970970970970       0.89931631835762815       0.65118003475785569     
   1.1011011011011012       0.89753608565920340       0.64879020436141710     
   1.1051051051051051       0.89573813020552073       0.64639395784176923     
   1.1091091091091092       0.89392237789832885       0.64399131889626848     
   1.1131131131131131       0.89208875481508620       0.64158231128548826     
   1.1171171171171170       0.89023718721712619       0.63916695883298480     
   1.1211211211211212       0.88836760155885697       0.63674528542506059     
   1.1251251251251251       0.88647992449648549       0.63431731501052790     
   1.1291291291291292       0.88457408289760098       0.63188307160047219     
   1.1331331331331331       0.88265000385045833       0.62944257926801572     
   1.1371371371371370       0.88070761467395020       0.62699586214807856     
   1.1411411411411412       0.87874684292744798       0.62454294443713887     
   1.1451451451451451       0.87676761642119438       0.62208385039299618     
   1.1491491491491492       0.87476986322667949       0.61961860433452864     
   1.1531531531531531       0.87275351168747806       0.61714723064145538     
   1.1571571571571571       0.87071849043013150       0.61466975375409227     
   1.1611611611611612       0.86866472837549247       0.61218619817311382     
   1.1651651651651651       0.86659215475006113       0.60969658845930685     
   1.1691691691691692       0.86450069909786675       0.60720094923333146     
   1.1731731731731732       0.86239029129227074       0.60469930517547543     
   1.1771771771771771       0.86026086154835879       0.60219168102540976     
   1.1811811811811812       0.85811234043525575       0.59967810158194490     
   1.1851851851851851       0.85594465888899351       0.59715859170278607     
   1.1891891891891893       0.85375774822534556       0.59463317630428669     
   1.1931931931931932       0.85155154015320833       0.59210188036120104     
   1.1971971971971973       0.84932596678790773       0.58956472890643952     
   1.2012012012012012       0.84708096066513017       0.58702174703081855     
   1.2052052052052051       0.84481645475469691       0.58447295988281511     
   1.2092092092092093       0.84253238247502393       0.58191839266831502     
   1.2132132132132132       0.84022867770740450       0.57935807065036715     
   1.2172172172172173       0.83790527481096266       0.57679201914892964     
   1.2212212212212212       0.83556210863745861       0.57422026354062339     
   1.2252252252252251       0.83319911454673667       0.57164282925847876     
   1.2292292292292293       0.83081622842203762       0.56905974179168362     
   1.2332332332332332       0.82841338668597775       0.56647102668533400     
   1.2372372372372373       0.82599052631631087       0.56387670954017777     
   1.2412412412412412       0.82354758486249058       0.56127681601236523     
   1.2452452452452452       0.82108450046184511       0.55867137181319193     
   1.2492492492492493       0.81860121185671952       0.55606040270884771     
   1.2532532532532532       0.81609765841110748       0.55344393452015839     
   1.2572572572572573       0.81357378012826620       0.55082199312233371     
   1.2612612612612613       0.81102951766794662       0.54819460444470980     
   1.2652652652652652       0.80846481236431533       0.54556179447049202     
   1.2692692692692693       0.80587960624393495       0.54292358923649942     
   1.2732732732732732       0.80327384204383812       0.54028001483290677     
   1.2772772772772774       0.80064746323040237       0.53763109740298687     
   1.2812812812812813       0.79800041401738631       0.53497686314285187     
   1.2852852852852852       0.79533263938593091       0.53231733830119210     
   1.2892892892892893       0.79264408510224071       0.52965254917902038     
   1.2932932932932932       0.78993469773908953       0.52698252212940966     
   1.2972972972972974       0.78720442469266538       0.52430728355723166     
   1.3013013013013013       0.78445321420611380       0.52162685991889790     
   1.3053053053053052       0.78168101538493806       0.51894127772209575     
   1.3093093093093093       0.77888777822323430       0.51625056352552856     
   1.3133133133133132       0.77607345361685887       0.51355474393865164     
   1.3173173173173174       0.77323799339326593       0.51085384562140879     
   1.3213213213213213       0.77038135032133304       0.50814789528396931     
   1.3253253253253254       0.76750347814606290       0.50543691968646431     
   1.3293293293293293       0.76460433159359042       0.50272094563872183     
   1.3333333333333333       0.76168386641239849       0.50000000000000033     
   1.3373373373373374       0.75874203937159224       0.49727410967872421     
   1.3413413413413413       0.75577880831076483       0.49454330163221866     
   1.3453453453453454       0.75279413212908419       0.49180760286644143     
   1.3493493493493494       0.74978797084655280       0.48906704043571680     
   1.3533533533533533       0.74676028558074536       0.48632164144246692     
   1.3573573573573574       0.74371103862302124       0.48357143303694439     
   1.3613613613613613       0.74064019339881371       0.48081644241696458     
   1.3653653653653655       0.73754771456340995       0.47805669682763607     
   1.3693693693693694       0.73443356794051262       0.47529222356109019     
   1.3733733733733733       0.73129772064351894       0.47252304995621203     
   1.3773773773773774       0.72814014098558488       0.46974920339837073     
   1.3813813813813813       0.72496079863399698       0.46697071131914814     
   1.3853853853853855       0.72175966448312867       0.46418760119606600     
   1.3893893893893894       0.71853671085154713       0.46139990055231739     
   1.3933933933933933       0.71529191130693903       0.45860763695649082     
   1.3973973973973974       0.71202524091818997       0.45581083802230099     
   1.4014014014014013       0.70873667601846846       0.45300953140831446     
   1.4054054054054055       0.70542619452769806       0.45020374481767350     
   1.4094094094094094       0.70209377563646835       0.44739350599782696     
   1.4134134134134133       0.69873940021822500       0.44457884274025250     
   1.4174174174174174       0.69536305041233315       0.44175978288018319     
   1.4214214214214214       0.69196471015012095       0.43893635429633082     
   1.4254254254254255       0.68854436461009394       0.43610858491061116     
   1.4294294294294294       0.68510200088785900       0.43327650268786849     
   1.4334334334334333       0.68163760728996525       0.43044013563559824     
   1.4374374374374375       0.67815117418494719       0.42759951180366951     
   1.4414414414414414       0.67464269309428904       0.42475465928404799     
   1.4454454454454455       0.67111215777064026       0.42190560621051937     
   1.4494494494494494       0.66755956303466435       0.41905238075840973     
   1.4534534534534536       0.66398490613720673       0.41619501114430768     
   1.4574574574574575       0.66038818527899268       0.41333352562578418     
   1.4614614614614614       0.65676940132647355       0.41046795250111390     
   1.4654654654654655       0.65312855593712060       0.40759832010899610     
   1.4694694694694694       0.64946565371428722       0.40472465682827363     
   1.4734734734734736       0.64578069984369835       0.40184699107765148     
   1.4774774774774775       0.64207370279147691       0.39896535131541649     
   1.4814814814814814       0.63834467133682304       0.39607976603915679     
   1.4854854854854855       0.63459361793989055       0.39319026378547872     
   1.4894894894894894       0.63082055503099455       0.39029687312972589     
   1.4934934934934936       0.62702549920198591       0.38739962268569328     
   1.4974974974974975       0.62320846658284490       0.38449854110534909     
   1.5015015015015014       0.61936947804240905       0.38159365707854875     
   1.5055055055055055       0.61550855344806643       0.37868499933275013     
   1.5095095095095095       0.61162571809997612       0.37577259663273255     
   1.5135135135135136       0.60772099562789061       0.37285647778030873     
   1.5175175175175175       0.60379441592839089       0.36993667161404314     
   1.5215215215215214       0.59984600640347363       0.36701320700896550     
   1.5255255255255256       0.59587580172401988       0.36408611287628412     
   1.5295295295295295       0.59188383305646086       0.36115541816310132     
   1.5335335335335336       0.58787014003899385       0.35822115185212744     
   1.5375375375375375       0.58383475757397463       0.35528334296139380     
   1.5415415415415414       0.57977773047785042       0.35234202054396474     
   1.5455455455455456       0.57569909733624802       0.34939721368765114     
   1.5495495495495495       0.57159890837593108       0.34644895151472355     
   1.5535535535535536       0.56747720578507055       0.34349726318162310     
   1.5575575575575575       0.56333404545768462       0.34054217787867375     
   1.5615615615615615       0.55916947307120746       0.33758372482979260     
   1.5655655655655656       0.55498355047302217       0.33462193329220158     
   1.5695695695695695       0.55077632667890730       0.33165683255613898     
   1.5735735735735736       0.54654786980984271       0.32868845194456903     
   1.5775775775775776       0.54229823202560878       0.32571682081289088     
   1.5815815815815817       0.53802748808081735       0.32274196854864945     
   1.5855855855855856       0.53373569303493784       0.31976392457124525     
   1.5895895895895895       0.52942292868252305       0.31678271833164295     
   1.5935935935935936       0.52508925268106821       0.31379837931207866     
   1.5975975975975976       0.52073475432500016       0.31081093702577139     
   1.6016016016016017       0.51635949350252008       0.30782042101662782     
   1.6056056056056056       0.51196356752980565       0.30482686085895305     
   1.6096096096096095       0.50754703808346224       0.30183028615715729     
   1.6136136136136137       0.50311001109463693       0.29883072654546011     
   1.6176176176176176       0.49865254950061233       0.29582821168760254     
   1.6216216216216217       0.49417476852261505       0.29282277127655032     
   1.6256256256256256       0.48967673173381138       0.28981443503420135     
   1.6296296296296295       0.48515856441431959       0.28680323271109065     
   1.6336336336336337       0.48062033003837940       0.28378919408609704     
   1.6376376376376376       0.47606216482069430       0.28077234896614933     
   1.6416416416416417       0.47148413127739275       0.27775272718593036     
   1.6456456456456456       0.46688637755497608       0.27473035860758332     
   1.6496496496496496       0.46226896421204516       0.27170527312041282     
   1.6536536536536537       0.45763205246182531       0.26867750064059459     
   1.6576576576576576       0.45297569974829305       0.26564707111087615     
   1.6616616616616617       0.44830008164188279       0.26261401450028199     
   1.6656656656656657       0.44360525113803856       0.25957836080381591     
   1.6696696696696696       0.43889139963002499       0.25654014004216519     
   1.6736736736736737       0.43415857413314929       0.25349938226140467     
   1.6776776776776776       0.42940698352565010       0.25045611753269870     
   1.6816816816816818       0.42463666709068393       0.24741037595200283     
   1.6856856856856857       0.41984785307338723       0.24436218763976714     
   1.6896896896896898       0.41504057102775821       0.24131158274063927     
   1.6936936936936937       0.41021507069269814       0.23825859142316480     
   1.6976976976976976       0.40537136962456005       0.23520324387949043     
   1.7017017017017018       0.40050974145491625       0.23214557032506186     
   1.7057057057057057       0.39563018917411624       0.22908560099833006     
   1.7097097097097098       0.39073301300636126       0.22602336616044894     
   1.7137137137137137       0.38581819847750115       0.22295889609497727     
   1.7177177177177176       0.38088607543626440       0.21989222110757800     
   1.7217217217217218       0.37593660868328521       0.21682337152571932     
   1.7257257257257257       0.37097016108834080       0.21375237769837560     
   1.7297297297297298       0.36598667307012839       0.21067926999572606     
   1.7337337337337337       0.36098654431496119       0.20760407880885565     
   1.7377377377377377       0.35596968677154506       0.20452683454945109     
   1.7417417417417418       0.35093654117300305       0.20144756764950522     
   1.7457457457457457       0.34588698644199717       0.19836630856101312     
   1.7497497497497498       0.34082150906057845       0.19528308775567005     
   1.7537537537537538       0.33573994986360411       0.19219793572457314     
   1.7577577577577577       0.33064284629398921       0.18911088297791637     
   1.7617617617617618       0.32552999549290829       0.18602196004469188     
   1.7657657657657657       0.32040199162439559       0.18293119747238676     
   1.7697697697697699       0.31525858194728268       0.17983862582668017     
   1.7737737737737738       0.31010042369384899       0.17674427569114179     
   1.7777777777777777       0.30492720743073370       0.17364817766693028     
   1.7817817817817818       0.29973966043049299       0.17055036237248988     
   1.7857857857857857       0.29453740909901738       0.16745086044324664     
   1.7897897897897899       0.28932125838291745       0.16434970253130635     
   1.7937937937937938       0.28409076236416325       0.16124691930515228     
   1.7977977977977977       0.27884681199381917       0.15814254144934106     
   1.8018018018018018       0.27358888013868599       0.15503659966419786     
   1.8058058058058057       0.26831795281331622       0.15192912466551589     
   1.8098098098098099       0.26303341201995517       0.14882014718424907     
   1.8138138138138138       0.25773634865245237       0.14570969796621130     
   1.8178178178178179       0.25242604341538677       0.14259780777177095     
   1.8218218218218218       0.24710370267762677       0.13948450737554591     
   1.8258258258258258       0.24176849460933042       0.13636982756610005     
   1.8298298298298299       0.23642175244689118       0.13325379914563965     
   1.8338338338338338       0.23106251977272485       0.13013645292970785     
   1.8378378378378379       0.22569226888926958       0.12701781974687870     
   1.8418418418418419       0.22030990591681629       0.12389793043845529     
   1.8458458458458458       0.21491705522846960       0.12077681585816115     
   1.8498498498498499       0.20951247179244809       0.11765450687183837     
   1.8538538538538538       0.20409794585258154       0.11453103435714140     
   1.8578578578578580       0.19867206673665228       0.11140642920322855     
   1.8618618618618619       0.19323680513158240       0.10828072231046192     
   1.8658658658658658       0.18779056946849801       0.10515394459009815     
   1.8698698698698699       0.18233552618469884       0.10202612696398421     
   1.8738738738738738       0.17686988683638197        9.8897300364250137E-002
   1.8778778778778780       0.17139602959991465        9.5767495733004110E-002
   1.8818818818818819       0.16591195251917032        9.2636744022027262E-002
   1.8858858858858858       0.16042026210814261        8.9505076192466795E-002
   1.8898898898898899       0.15491872568383377        8.6372523214528804E-002
   1.8938938938938938       0.14941019521482557        8.3239116067172991E-002
   1.8978978978978980       0.14389218960244954        8.0104885737807094E-002
   1.9019019019019019       0.13836782379196688        7.6969863221979185E-002
   1.9059059059059058       0.13283435023166704        7.3834079523072429E-002
   1.9099099099099099       0.12729516463383281        7.0697565651994948E-002
   1.9139139139139139       0.12174723475796718        6.7560352626878470E-002
   1.9179179179179180       0.11619425497981148        6.4422471472768014E-002
   1.9219219219219219       0.11063289011226725        6.1283953221316440E-002
   1.9259259259259258       0.10506715100814909        5.8144828910476183E-002
   1.9299299299299300        9.9493381457644192E-002   5.5005129584193228E-002
   1.9339339339339339        9.3915926304523986E-002   5.1864886292100981E-002
   1.9379379379379380        8.8330790654166838E-002   4.8724130089211899E-002
   1.9419419419419419        8.2742670309649227E-002   4.5582892035611673E-002
   1.9459459459459461        7.7147214705040851E-002   4.2441203196148525E-002
   1.9499499499499500        7.1549486750318553E-002   3.9299094640131337E-002
   1.9539539539539539        6.5944764188504923E-002   3.6156597441019275E-002
   1.9579579579579580        6.0338492058423829E-002   3.3013742676113601E-002
   1.9619619619619619        5.4725561680463407E-002   2.9870561426253450E-002
   1.9659659659659661        4.9111813781624943E-002   2.6727084775504926E-002
   1.9699699699699700        4.3491740176181716E-002   2.3583343810856781E-002
   1.9739739739739739        3.7871588980322751E-002   2.0439369621911660E-002
   1.9779779779779780        3.2245441547083843E-002   1.7295193300577764E-002
   1.9819819819819819        2.6619962521681848E-002   1.4150845940762258E-002
   1.9859859859859861        2.0988815328393449E-002   1.1006358638064652E-002
   1.9899899899899900        1.5359084387362790E-002   7.8617624894684063E-003
   1.9939939939939939        9.7240205284535499E-003   4.7170885930325071E-003
   1.9979979979979980        4.0910979557346443E-003   1.5723680475848198E-003
   2.0020020020020022       -1.5467454961544257E-003  -1.5723680475845747E-003
   2.0060060060060061       -7.1819524543721763E-003  -4.7170885930322625E-003
   2.0100100100100100       -1.2820978196250849E-002  -7.8617624894681600E-003
   2.0140140140140139       -1.8456681479282980E-002  -1.1006358638064406E-002
   2.0180180180180178       -2.4095129458746013E-002  -1.4150845940762012E-002
   2.0220220220220222       -2.9729593152211745E-002  -1.7295193300577522E-002
   2.0260260260260261       -3.5365756288749155E-002  -2.0439369621911417E-002
   2.0300300300300300       -4.0997296657478963E-002  -2.3583343810856538E-002
   2.0340340340340339       -4.6629521690003777E-002  -2.6727084775504683E-002
   2.0380380380380378       -5.2256505598724461E-002  -2.9870561426253207E-002
   2.0420420420420422       -5.7883186567231557E-002  -3.3013742676113789E-002
   2.0460460460460461       -6.3504025163751698E-002  -3.6156597441019026E-002
   2.0500500500500500       -6.9123608455659943E-002  -3.9299094640131087E-002
   2.0540540540540539       -7.4736784597779549E-002  -4.2441203196148275E-002
   2.0580580580580579       -8.0347819008864077E-002  -4.5582892035610979E-002
   2.0620620620620622       -8.5951947865596137E-002  -4.8724130089212093E-002
   2.0660660660660661       -9.1553135831399873E-002  -5.1864886292100738E-002
   2.0700700700700700       -9.7146990256403054E-002  -5.5005129584192979E-002
   2.0740740740740740      -0.10273718048236344       -5.8144828910475933E-002
   2.0780780780780779      -0.10831965579153693       -6.1283953221315746E-002
   2.0820820820820822      -0.11389779153519419       -6.4422471472768209E-002
   2.0860860860860861      -0.11946785029113942       -6.7560352626878220E-002
   2.0900900900900901      -0.12503291998903920       -7.0697565651994698E-002
   2.0940940940940940      -0.13058955354009505       -7.3834079523071736E-002
   2.0980980980980979      -0.13614056381226680       -7.6969863221978935E-002
   2.1021021021021022      -0.14168277526225187       -8.0104885737806844E-002
   2.1061061061061062      -0.14721874105853844       -8.3239116067172741E-002
   2.1101101101101101      -0.15274554028076681       -8.6372523214528554E-002
   2.1141141141141140      -0.15826548268653276       -8.9505076192466101E-002
   2.1181181181181179      -0.16377588579003868       -9.2636744022027012E-002
   2.1221221221221223      -0.16927883224239801       -9.5767495733003860E-002
   2.1261261261261262      -0.17477186224118407       -9.8897300364249888E-002
   2.1301301301301301      -0.18025684731699210      -0.10202612696398396     
   2.1341341341341340      -0.18573153504005843      -0.10515394459009790     
   2.1381381381381384      -0.19119760134426828      -0.10828072231046167     
   2.1421421421421423      -0.19665298636966938      -0.11140642920322831     
   2.1461461461461462      -0.20209918542830174      -0.11453103435714115     
   2.1501501501501501      -0.20753431700110342      -0.11765450687183812     
   2.1541541541541540      -0.21295971014109691      -0.12077681585816090     
   2.1581581581581584      -0.21837364806769488      -0.12389793043845504     
   2.1621621621621623      -0.22377730727887402      -0.12701781974687892     
   2.1661661661661662      -0.22916912279510379      -0.13013645292970763     
   2.1701701701701701      -0.23455013157140994      -0.13325379914563942     
   2.1741741741741740      -0.23991890818263426      -0.13636982756609983     
   2.1781781781781784      -0.24527636234015307      -0.13948450737554569     
   2.1821821821821823      -0.25062119663173604      -0.14259780777177072     
   2.1861861861861862      -0.25595420510127426      -0.14570969796621108     
   2.1901901901901901      -0.26127420751801556      -0.14882014718424885     
   2.1941941941941940      -0.26658189311018088      -0.15192912466551567     
   2.1981981981981984      -0.27187618870343605      -0.15503659966419808     
   2.2022022022022023      -0.27715768884437109      -0.15814254144934084     
   2.2062062062062062      -0.28242541798573240      -0.16124691930515206     
   2.2102102102102101      -0.28767988542184897      -0.16434970253130612     
   2.2142142142142140      -0.29292020448239997      -0.16745086044324597     
   2.2182182182182184      -0.29814680795265402      -0.17055036237248966     
   2.2222222222222223      -0.30335888994695165      -0.17364817766693005     
   2.2262262262262262      -0.30855681482138309      -0.17674427569114157     
   2.2302302302302301      -0.31373985001545257      -0.17983862582667995     
   2.2342342342342341      -0.31890829889889899      -0.18293119747238654     
   2.2382382382382384      -0.32406149538165718      -0.18602196004469207     
   2.2422422422422423      -0.32919968868172594      -0.18911088297791614     
   2.2462462462462462      -0.33432227289937166      -0.19219793572457292     
   2.2502502502502502      -0.33942944935792635      -0.19528308775566983     
   2.2542542542542541      -0.34452066661096115      -0.19836630856101248     
   2.2582582582582584      -0.34959608379854307      -0.20144756764950500     
   2.2622622622622623      -0.35465519870119744      -0.20452683454945086     
   2.2662662662662663      -0.35969813347395796      -0.20760407880885542     
   2.2702702702702702      -0.36472443037591729      -0.21067926999572584     
   2.2742742742742741      -0.36973417929479047      -0.21375237769837538     
   2.2782782782782784      -0.37472696266522143      -0.21682337152571909     
   2.2822822822822824      -0.37970284237720625      -0.21989222110757778     
   2.2862862862862863      -0.38466143715118756      -0.22295889609497704     
   2.2902902902902902      -0.38960278473274729      -0.22602336616044871     
   2.2942942942942941      -0.39452653662031528      -0.22908560099832984     
   2.2982982982982985      -0.39943270988302965      -0.23214557032506164     
   2.3023023023023024      -0.40432098564114044      -0.23520324387949024     
   2.3063063063063063      -0.40919136339986423      -0.23825859142316458     
   2.3103103103103102      -0.41404355106766938      -0.24131158274063905     
   2.3143143143143141      -0.41887753337156886      -0.24436218763976694     
   2.3183183183183185      -0.42369304246948730      -0.24741037595200260     
   2.3223223223223224      -0.42849005079642960      -0.25045611753269847     
   2.3263263263263263      -0.43326831248958669      -0.25349938226140445     
   2.3303303303303302      -0.43802778990445412      -0.25654014004216497     
   2.3343343343343341      -0.44276825713112911      -0.25957836080381524     
   2.3383383383383385      -0.44748966840872256      -0.26261401450028221     
   2.3423423423423424      -0.45219181597452585      -0.26564707111087593     
   2.3463463463463463      -0.45687464768780905      -0.26867750064059437     
   2.3503503503503502      -0.46153797232637833      -0.27170527312041259     
   2.3543543543543541      -0.46618173290088522      -0.27473035860758266     
   2.3583583583583585      -0.47080575330194713      -0.27775272718593058     
   2.3623623623623624      -0.47540997303724947      -0.28077234896614911     
   2.3663663663663663      -0.47999422984296003      -0.28378919408609682     
   2.3703703703703702      -0.48455846090215349      -0.28680323271108998     
   2.3743743743743742      -0.48910251667268123      -0.28981443503420068     
   2.3783783783783785      -0.49362633304090331      -0.29282277127655010     
   2.3823823823823824      -0.49812977219026355      -0.29582821168760237     
   2.3863863863863863      -0.50261276960331036      -0.29883072654545989     
   2.3903903903903903      -0.50707519830650793      -0.30183028615715662     
   2.3943943943943946      -0.51151699415065810      -0.30482686085895327     
   2.3983983983983985      -0.51593804022323042      -0.30782042101662760     
   2.4024024024024024      -0.52033827340742433      -0.31081093702577117     
   2.4064064064064064      -0.52471758615851161      -0.31379837931207849     
   2.4104104104104103      -0.52907591696006095      -0.31678271833164234     
   2.4144144144144146      -0.53341316702015917      -0.31976392457124503     
   2.4184184184184185      -0.53772927690519712      -0.32274196854864923     
   2.4224224224224224      -0.54202415602977072      -0.32571682081289072     
   2.4264264264264264      -0.54629774744966453      -0.32868845194456880     
   2.4304304304304303      -0.55054996829981695      -0.33165683255613876     
   2.4344344344344346      -0.55478076446479108      -0.33462193329220136     
   2.4384384384384385      -0.55899006036620469      -0.33758372482979238     
   2.4424424424424425      -0.56317780499742098      -0.34054217787867352     
   2.4464464464464464      -0.56734392967879022      -0.34349726318162288     
   2.4504504504504503      -0.57148838674015223      -0.34644895151472338     
   2.4544544544544546      -0.57561111405233201      -0.34939721368765092     
   2.4584584584584586      -0.57971206746327086      -0.35234202054396457     
   2.4624624624624625      -0.58379119108037214      -0.35528334296139358     
   2.4664664664664664      -0.58784844441087436      -0.35822115185212722     
   2.4704704704704703      -0.59188377751453736      -0.36115541816310109     
   2.4744744744744747      -0.59589715366367058      -0.36408611287628395     
   2.4784784784784786      -0.59988852861172615      -0.36701320700896528     
   2.4824824824824825      -0.60385786947090547      -0.36993667161404292     
   2.4864864864864864      -0.60780513745164466      -0.37285647778030850     
   2.4904904904904903      -0.61173030355386904      -0.37577259663273233     
   2.4944944944944947      -0.61563333422711519      -0.37868499933275035     
   2.4984984984984986      -0.61951420438339000      -0.38159365707854853     
   2.5025025025025025      -0.62337288550955217      -0.38449854110534887     
   2.5065065065065064      -0.62720935643369158      -0.38739962268569306     
   2.5105105105105103      -0.63102359349196535      -0.39029687312972527     
   2.5145145145145147      -0.63481557941494815      -0.39319026378547894     
   2.5185185185185186      -0.63858529521180596      -0.39607976603915657     
   2.5225225225225225      -0.64233272748682968      -0.39896535131541627     
   2.5265265265265264      -0.64605786175591196      -0.40184699107765126     
   2.5305305305305303      -0.64976068845527180      -0.40472465682827302     
   2.5345345345345347      -0.65344119744977514      -0.40759832010899633     
   2.5385385385385386      -0.65709938295465276      -0.41046795250111373     
   2.5425425425425425      -0.66073523903327280      -0.41333352562578402     
   2.5465465465465464      -0.66434876361750028      -0.41619501114430751     
   2.5505505505505504      -0.66793995482496504      -0.41905238075840956     
   2.5545545545545547      -0.67150881423379194      -0.42190560621051959     
   2.5585585585585586      -0.67505534387698096      -0.42475465928404776     
   2.5625625625625625      -0.67857954890183447      -0.42759951180366890     
   2.5665665665665665      -0.68208143512245056      -0.43044013563559802     
   2.5705705705705704      -0.68556101117265600      -0.43327650268786827     
   2.5745745745745747      -0.68901828651738706      -0.43610858491061100     
   2.5785785785785786      -0.69245327318976202      -0.43893635429633066     
   2.5825825825825826      -0.69586598417881984      -0.44175978288018303     
   2.5865865865865865      -0.69925643482603639      -0.44457884274025233     
   2.5905905905905904      -0.70262464152094006      -0.44739350599782673     
   2.5945945945945947      -0.70597062281949519      -0.45020374481767333     
   2.5985985985985987      -0.70929439839091835      -0.45300953140831385     
   2.6026026026026026      -0.71259598990952999      -0.45581083802230121     
   2.6066066066066065      -0.71587542020599526      -0.45860763695649065     
   2.6106106106106104      -0.71913271397519130      -0.46139990055231678     
   2.6146146146146148      -0.72236789709335936      -0.46418760119606622     
   2.6186186186186187      -0.72558099717699243      -0.46697071131914791     
   2.6226226226226226      -0.72877204303425980      -0.46974920339837051     
   2.6266266266266265      -0.73194106510363921      -0.47252304995621180     
   2.6306306306306309      -0.73508809501370986      -0.47529222356109002     
   2.6346346346346348      -0.73821316592501474      -0.47805669682763591     
   2.6386386386386387      -0.74131631217707750      -0.48081644241696481     
   2.6426426426426426      -0.74439756955265646      -0.48357143303694416     
   2.6466466466466465      -0.74745697499476449      -0.48632164144246637     
   2.6506506506506509      -0.75049456680890991      -0.48906704043571703     
   2.6546546546546548      -0.75351038443612783      -0.49180760286644165     
   2.6586586586586587      -0.75650446860586085      -0.49454330163221849     
   2.6626626626626626      -0.75947686115368274      -0.49727410967872404     
   2.6666666666666665      -0.76242760513505381      -0.49999999999999972     
   2.6706706706706709      -0.76535674467859416      -0.50272094563872161     
   2.6746746746746748      -0.76826432506896936      -0.50543691968646454     
   2.6786786786786787      -0.77115039262836449      -0.50814789528396909     
   2.6826826826826826      -0.77401499477512847      -0.51085384562140823     
   2.6866866866866865      -0.77685817992756334      -0.51355474393865141     
   2.6906906906906909      -0.77967999754363715      -0.51625056352552878     
   2.6946946946946948      -0.78248049804238007      -0.51894127772209564     
   2.6986986986986987      -0.78525973282891459      -0.52162685991889768     
   2.7027027027027026      -0.78801775422970810      -0.52430728355723144     
   2.7067067067067065      -0.79075461550629222      -0.52698252212940910     
   2.7107107107107109      -0.79347037080140259      -0.52965254917902060     
   2.7147147147147148      -0.79616507514407242      -0.53231733830119188     
   2.7187187187187187      -0.79883878440429723      -0.53497686314285131     
   2.7227227227227226      -0.80149155529162486      -0.53763109740298709     
   2.7267267267267266      -0.80412344531649882      -0.54028001483290666     
   2.7307307307307309      -0.80673451278399988      -0.54292358923649919     
   2.7347347347347348      -0.80932481676042589      -0.54556179447049191     
   2.7387387387387387      -0.81189441706348597      -0.54819460444470958     
   2.7427427427427427      -0.81444337423298885      -0.55082199312233360     
   2.7467467467467466      -0.81697174951850260      -0.55344393452015828     
   2.7507507507507509      -0.81947960485327265      -0.55606040270884749     
   2.7547547547547548      -0.82196700284014235      -0.55867137181319182     
   2.7587587587587588      -0.82443400672801437      -0.56127681601236501     
   2.7627627627627627      -0.82688068039664619      -0.56387670954017755     
   2.7667667667667666      -0.82930708833513100      -0.56647102668533345     
   2.7707707707707709      -0.83171329562603380      -0.56905974179168384     
   2.7747747747747749      -0.83409936792549466      -0.57164282925847854     
   2.7787787787787788      -0.83646537144706568      -0.57422026354062317     
   2.7827827827827827      -0.83881137294312313      -0.57679201914892952     
   2.7867867867867866      -0.84113743968868149      -0.57935807065036660     
   2.7907907907907910      -0.84344363946388801      -0.58191839266831491     
   2.7947947947947949      -0.84573004053801015      -0.58447295988281489     
   2.7987987987987988      -0.84799671165283697      -0.58702174703081833     
   2.8028028028028027      -0.85024372200700060      -0.58956472890643896     
   2.8068068068068066      -0.85247114124014478      -0.59210188036120082     
   2.8108108108108110      -0.85467903941770107      -0.59463317630428647     
   2.8148148148148149      -0.85686748701571580      -0.59715859170278585     
   2.8188188188188188      -0.85903655490617181      -0.59967810158194468     
   2.8228228228228227      -0.86118631434239745      -0.60219168102540921     
   2.8268268268268266      -0.86331683694499017      -0.60469930517547521     
   2.8308308308308310      -0.86542819468775189      -0.60720094923333168     
   2.8348348348348349      -0.86752045988426318      -0.60969658845930674     
   2.8388388388388388      -0.86959370517429091      -0.61218619817311326     
   2.8428428428428427      -0.87164800351105320      -0.61466975375409216     
   2.8468468468468466      -0.87368342814806110      -0.61714723064145482     
   2.8508508508508510      -0.87570005262709338      -0.61961860433452842     
   2.8548548548548549      -0.87769795076544443      -0.62208385039299596     
   2.8588588588588588      -0.87967719664462829      -0.62454294443713865     
   2.8628628628628627      -0.88163786459800142      -0.62699586214807834     
   2.8668668668668666      -0.88358002920021783      -0.62944257926801550     
   2.8708708708708710      -0.88550376525519070      -0.63188307160047208     
   2.8748748748748749      -0.88740914778631486      -0.63431731501052735     
   2.8788788788788788      -0.88929625202474549      -0.63674528542506048     
   2.8828828828828827      -0.89116515340039415      -0.63916695883298458     
   2.8868868868868871      -0.89301592753050196      -0.64158231128548815     
   2.8908908908908910      -0.89484865021142201      -0.64399131889626826     
   2.8948948948948949      -0.89666339740745216      -0.64639395784176901     
   2.8988988988988988      -0.89846024524342261      -0.64879020436141721     
   2.9029029029029028      -0.90023926999375781      -0.65118003475785557     
   2.9069069069069071      -0.90200054807588292      -0.65356342539717915     
   2.9109109109109110      -0.90374415603948177      -0.65594035270916740     
   2.9149149149149149      -0.90547017056073953      -0.65831079318751873     
   2.9189189189189189      -0.90717866843176487      -0.66067472339008115     
   2.9229229229229228      -0.90886972655567999      -0.66303211993908662     
   2.9269269269269271      -0.91054342193617488      -0.66538295952137938     
   2.9309309309309310      -0.91219983167346541      -0.66772721888864839     
   2.9349349349349350      -0.91383903295393953      -0.67006487485765742     
   2.9389389389389389      -0.91546110304700068      -0.67239590431047236     
   2.9429429429429428      -0.91706611929477078      -0.67472028419469232     
   2.9469469469469471      -0.91865415910984405      -0.67703799152367616     
   2.9509509509509511      -0.92022529996499558      -0.67934900337676973     
   2.9549549549549550      -0.92177961939187769      -0.68165329689953269     
   2.9589589589589589      -0.92331719497068532      -0.68395084930396566     
   2.9629629629629628      -0.92483810432982527      -0.68624163786873338     
   2.9669669669669672      -0.92634242513548537      -0.68852563993939209     
   2.9709709709709711      -0.92783023509231555      -0.69080283292861111     
   2.9749749749749750      -0.92930161193283878      -0.69307319431639702     
   2.9789789789789789      -0.93075663341918802      -0.69533670165031769     
   2.9829829829829828      -0.93219537733229973      -0.69759333254572287     
   2.9869869869869872      -0.93361792147474343      -0.69984306468596547     
   2.9909909909909911      -0.93502434365963749      -0.70208587582262250     
   2.9949949949949950      -0.93641472171461981      -0.70432174377571644     
   2.9989989989989989      -0.93778913347041659      -0.70655064643393228     
   3.0030030030030028      -0.93914765676600520      -0.70877256175483805     
   3.0070070070070072      -0.94049036943675879      -0.71098746776510247     
   3.0110110110110111      -0.94181734932086880      -0.71319534256071015     
   3.0150150150150150      -0.94312867424697910      -0.71539616430718178     
   3.0190190190190189      -0.94442442204192889      -0.71758991123978788     
   3.0230230230230228      -0.94570467051780038      -0.71977656166376336     
   3.0270270270270272      -0.94696949748104442      -0.72195609395452442     
   3.0310310310310311      -0.94821898071884925      -0.72412848655788031     
   3.0350350350350350      -0.94945319800973726      -0.72629371799024711     
   3.0390390390390389      -0.95067222710914212      -0.72845176683886070     
   3.0430430430430429      -0.95187614576156776      -0.73060261176198871     
   3.0470470470470472      -0.95306503168526990      -0.73274623148913987     
   3.0510510510510511      -0.95423896258606122      -0.73488260482127588     
   3.0550550550550550      -0.95539801614099495      -0.73701171063102133     
   3.0590590590590589      -0.95654227001390624      -0.73913352786287101     
   3.0630630630630629      -0.95767180183798262      -0.74124803553339991     
   3.0670670670670672      -0.95878668923314703      -0.74335521273147032     
   3.0710710710710711      -0.95988700978739117      -0.74545503861843621     
   3.0750750750750750      -0.96097284107610248      -0.74754749242835339     
   3.0790790790790790      -0.96204426064203896      -0.74963255346818258     
   3.0830830830830829      -0.96310134601671882      -0.75171020111799314     
   3.0870870870870872      -0.96414417469889124      -0.75378041483116953     
   3.0910910910910911      -0.96517282417811812      -0.75584317413461222     
   3.0950950950950951      -0.96618737191159909      -0.75789845862894101     
   3.0990990990990990      -0.96718789535006733      -0.75994624798869759     
   3.1031031031031029      -0.96817447191282813      -0.76198652196254535     
   3.1071071071071072      -0.96914717901610581      -0.76401926037346968     
   3.1111111111111112      -0.97010609404613157      -0.76604444311897801     
   3.1151151151151151      -0.97105129439009108      -0.76806205017129969     
   3.1191191191191190      -0.97198285740709822      -0.77007206157758090     
   3.1231231231231229      -0.97290086046190216      -0.77207445746008596     
   3.1271271271271273      -0.97380538089355784      -0.77406921801639050     
   3.1311311311311312      -0.97469649605207009      -0.77605632351957909     
   3.1351351351351351      -0.97557428326456908      -0.77803575431843974     
   3.1391391391391390      -0.97643881987507941      -0.78000749083765863     
   3.1431431431431434      -0.97729018320797778      -0.78197151357801342     
   3.1471471471471473      -0.97812845061111320      -0.78392780311656574     
   3.1511511511511512      -0.97895369941629051      -0.78587634010685492     
   3.1551551551551551      -0.97976600698600314      -0.78781710527908644     
   3.1591591591591590      -0.98056545067064305      -0.78975007944032583     
   3.1631631631631634      -0.98135210785915117      -0.79167524347468532     
   3.1671671671671673      -0.98212605593261770      -0.79359257834351493     
   3.1711711711711712      -0.98288737231919676      -0.79550206508559018     
   3.1751751751751751      -0.98363613444370190      -0.79740368481729929     
   3.1791791791791790      -0.98437241978719936      -0.79929741873283011     
   3.1831831831831834      -0.98509630583213814      -0.80118324810435748     
   3.1871871871871873      -0.98580787012710525      -0.80306115428222580     
   3.1911911911911912      -0.98650719022695010      -0.80493111869513456     
   3.1951951951951951      -0.98719434376327231      -0.80679312285032412     
   3.1991991991991990      -0.98786940837891213      -0.80864714833375495     
   3.2032032032032034      -0.98853246180483023      -0.81049317681029209     
   3.2072072072072073      -0.98918358178824162      -0.81233119002388610     
   3.2112112112112112      -0.98982284617664840      -0.81416116979775310     
   3.2152152152152151      -0.99045033283878292      -0.81598309803455449     
   3.2192192192192191      -0.99106611975666725      -0.81779695671657726     
   3.2232232232232234      -0.99167028493843634      -0.81960272790591171     
   3.2272272272272273      -0.99226290651938076      -0.82140039374462503     
   3.2312312312312312      -0.99284406266562775      -0.82318993645494509     
   3.2352352352352352      -0.99341383168522135      -0.82497133833943015     
   3.2392392392392391      -0.99397229192155556      -0.82674458178114651     
   3.2432432432432434      -0.99451952187561155      -0.82850964924384241     
   3.2472472472472473      -0.99505560008798599      -0.83026652327212114     
   3.2512512512512513      -0.99558060527343206      -0.83201518649161355     
   3.2552552552552552      -0.99609461619033612      -0.83375562160915107     
   3.2592592592592591      -0.99659771178866774      -0.83548781141293604     
   3.2632632632632634      -0.99708997106581565      -0.83721173877271049     
   3.2672672672672673      -0.99757147322895634      -0.83892738663992716     
   3.2712712712712713      -0.99804229753633067      -0.84063473804791811     
   3.2752752752752752      -0.99850252347479529      -0.84233377611206173     
   3.2792792792792791      -0.99895223058590965      -0.84402448402995045     
   3.2832832832832834      -0.99939149865910459      -0.84570684508155636     
   3.2872872872872874      -0.99982040754234947      -0.84738084262939606     
   3.2912912912912913       -1.0002390373508798      -0.84904646011869733     
   3.2952952952952952       -1.0006474682627984      -0.85070368107756111     
   3.2992992992992991       -1.0010457807426310      -0.85235248911712369     
   3.3033033033033035       -1.0014340553229699      -0.85399286793172058     
   3.3073073073073074       -1.0018123728412922      -0.85562480129904661     
   3.3113113113113113       -1.0021808142096726      -0.85724827308031681     
   3.3153153153153152       -1.0025394606622786      -0.85886326722042616     
   3.3193193193193191       -1.0028883935163062      -0.86046976774810746     
   3.3233233233233235       -1.0032276944263552      -0.86206775877609132     
   3.3273273273273274       -1.0035574451409970      -0.86365722450126015     
   3.3313313313313313       -1.0038777277589459      -0.86523814920480790     
   3.3353353353353352       -1.0041886244869827      -0.86681051725239255     
   3.3393393393393391       -1.0044902178915065      -0.86837431309429247     
   3.3433433433433435       -1.0047825906648649      -0.86992952126555956     
   3.3473473473473474       -1.0050658258645793      -0.87147612638617244     
   3.3513513513513513       -1.0053400066963203      -0.87301411316118827     
   3.3553553553553552       -1.0056052167320688      -0.87454346638089397     
   3.3593593593593591       -1.0058615397188246      -0.87606417092095756     
   3.3633633633633635       -1.0061090597663396      -0.87757621174257716     
   3.3673673673673674       -1.0063478611909558      -0.87907957389262847     
   3.3713713713713713       -1.0065780286636268      -0.88057424250381433     
   3.3753753753753752       -1.0067996470977594      -0.88206020279481123     
   3.3793793793793796       -1.0070128017492679      -0.88353744007041513     
   3.3833833833833835       -1.0072175781556738      -0.88500593972168740     
   3.3873873873873874       -1.0074140621822247      -0.88646568722609875     
   3.3913913913913913       -1.0076023400164680      -0.88791666814767278     
   3.3953953953953953       -1.0077824981583290      -0.88935886813712972     
   3.3993993993993996       -1.0079546234696124      -0.89079227293202790     
   3.4034034034034035       -1.0081188031116530      -0.89221686835690339     
   3.4074074074074074       -1.0082751246424722      -0.89363264032341194     
   3.4114114114114114       -1.0084236759133627      -0.89503957483046781     
   3.4154154154154153       -1.0085645451976515      -0.89643765796438168     
   3.4194194194194196       -1.0086978210673763      -0.89782687589899912     
   3.4234234234234235       -1.0088235925268203      -0.89920721489583688     
   3.4274274274274275       -1.0089419489021154      -0.90057866130421815     
   3.4314314314314314       -1.0090529799402681      -0.90194120156140900     
   3.4354354354354353       -1.0091567757575701      -0.90329482219275192     
   3.4394394394394396       -1.0092534268514151      -0.90463950981179775     
   3.4434434434434436       -1.0093430241668842      -0.90597525112043964     
   3.4474474474474475       -1.0094256589554456      -0.90730203290904421     
   3.4514514514514514       -1.0095014230315866      -0.90861984205658186     
   3.4554554554554553       -1.0095704084011701      -0.90992866553075646     
   3.4594594594594597       -1.0096327077895679      -0.91122849038813580     
   3.4634634634634636       -1.0096884139552142      -0.91251930377427593     
   3.4674674674674675       -1.0097376205748343      -0.91380109292385281     
   3.4714714714714714       -1.0097804211574930      -0.91507384516078560     
   3.4754754754754753       -1.0098169103680192      -0.91633754789836286     
   3.4794794794794797       -1.0098471824669331      -0.91759218863936631     
   3.4834834834834836       -1.0098713331365876      -0.91883775497619591     
   3.4874874874874875       -1.0098894573963306      -0.92007423459099136     
   3.4914914914914914       -1.0099016519635804      -0.92130161525575383     
   3.4954954954954953       -1.0099080126351032      -0.92251988483246850     
   3.4994994994994997       -1.0099086371637245      -0.92372903127322248     
   3.5035035035035036       -1.0099036220319688      -0.92492904262032472     
   3.5075075075075075       -1.0098930655578817      -0.92611990700642566     
   3.5115115115115114       -1.0098770655508273      -0.92730161265463207     
   3.5155155155155153       -1.0098557215749799      -0.92847414787862559     
   3.5195195195195197       -1.0098291321110984      -0.92963750108277710     
   3.5235235235235236       -1.0097973979091739      -0.93079166076226205     
   3.5275275275275275       -1.0097606182411480      -0.93193661550317375     
   3.5315315315315314       -1.0097188948255149      -0.93307235398263721     
   3.5355355355355353       -1.0096723279980531      -0.93419886496891946     
   3.5395395395395397       -1.0096210201613640      -0.93531613732154262     
   3.5435435435435436       -1.0095650730193892      -0.93642415999139206     
   3.5475475475475475       -1.0095045893368426      -0.93752292202082732     
   3.5515515515515514       -1.0094396725158368      -0.93861241254378924     
   3.5555555555555554       -1.0093704253482145      -0.93969262078590843     
   3.5595595595595597       -1.0092969532184306      -0.94076353606461116     
   3.5635635635635636       -1.0092193587602305      -0.94182514778922477     
   3.5675675675675675       -1.0091377493910512      -0.94287744546108421     
   3.5715715715715715       -1.0090522275730185      -0.94392041867363274     
   3.5755755755755754       -1.0089629027130200      -0.94495405711252811     
   3.5795795795795797       -1.0088698771596081      -0.94597835055574231     
   3.5835835835835836       -1.0087732621739165      -0.94699328887366330     
   3.5875875875875876       -1.0086731601078407      -0.94799886202919548     
   3.5915915915915915       -1.0085696839699889      -0.94899506007785894     
   3.5955955955955954       -1.0084629361363053      -0.94998187316788696     
   3.5995995995995997       -1.0083530312435860      -0.95095929154032532     
   3.6036036036036037       -1.0082400718535187      -0.95192730552912663     
   3.6076076076076076       -1.0081241738775031      -0.95288590556124664     
   3.6116116116116115       -1.0080054405671670      -0.95383508215674029     
   3.6156156156156154       -1.0078839882923480      -0.95477482592885354     
   3.6196196196196198       -1.0077599219516391      -0.95570512758411708     
   3.6236236236236237       -1.0076333571505953      -0.95662597792243798     
   3.6276276276276276       -1.0075044016870449      -0.95753736783719101     
   3.6316316316316315       -1.0073731690476004      -0.95843928831530878     
   3.6356356356356359       -1.0072397711450640      -0.95933173043737030     
   3.6396396396396398       -1.0071043180874315      -0.96021468537768961     
   3.6436436436436437       -1.0069669269746595      -0.96108814440440271     
   3.6476476476476476       -1.0068277033800923      -0.96195209887955480     
   3.6516516516516515       -1.0066867706724203      -0.96280654025918444     
   3.6556556556556559       -1.0065442286590045      -0.96365146009340885     
   3.6596596596596598       -1.0064002079427583      -0.96448685002650714     
   3.6636636636636637       -1.0062548017299930      -0.96531270179700357     
   3.6676676676676676       -1.0061081481008873      -0.96612900723774797     
   3.6716716716716715       -1.0059603339018939      -0.96693575827599820     
   3.6756756756756759       -1.0058115035199617      -0.96773294693349898     
   3.6796796796796798       -1.0056617391365135      -0.96852056532655983     
   3.6836836836836837       -1.0055111889636166      -0.96929860566613557     
   3.6876876876876876       -1.0053599334455756      -0.97006706025790090     
   3.6916916916916915       -1.0052081206555685      -0.97082592150232783     
   3.6956956956956959       -1.0050558340937388      -0.97157518189476044     
   3.6996996996996998       -1.0049032155242161      -0.97231483402548924     
   3.7037037037037037       -1.0047503585754158      -0.97304487057982392     
   3.7077077077077076       -1.0045973904061392      -0.97376528433816678     
   3.7117117117117115       -1.0044444235746957      -0.97447606817608323     
   3.7157157157157159       -1.0042915610148346      -0.97517721506437227     
   3.7197197197197198       -1.0041389439879220      -0.97586871806913611     
   3.7237237237237237       -1.0039866408661904      -0.97655057035184933     
   3.7277277277277276       -1.0038348315965262      -0.97722276516942586     
   3.7317317317317316       -1.0036835403752586      -0.97788529587428519     
   3.7357357357357359       -1.0035329936867070      -0.97853815591441973     
   3.7397397397397398       -1.0033831655306629      -0.97918133883345804     
   3.7437437437437437       -1.0032343318274453      -0.97981483827072935     
   3.7477477477477477       -1.0030864166442737      -0.98043864796132674     
   3.7517517517517516       -1.0029397400943485      -0.98105276173616807     
   3.7557557557557559       -1.0027941871414632      -0.98165717352205806     
   3.7597597597597598       -1.0026501037124562      -0.98225187734174813     
   3.7637637637637638       -1.0025073616841571      -0.98283686731399489     
   3.7677677677677677       -1.0023662974059919      -0.98341213765361879     
   3.7717717717717716       -1.0022268147114388      -0.98397768267156138     
   3.7757757757757759       -1.0020891837775869      -0.98453349677494195     
   3.7797797797797799       -1.0019534080867734      -0.98507957446711136     
   3.7837837837837838       -1.0018196120024954      -0.98561591034770824     
   3.7877877877877877       -1.0016879889247876      -0.98614249911271146     
   3.7917917917917916       -1.0015584163461919      -0.98665933555449192     
   3.7957957957957960       -1.0014313864897642      -0.98716641456186571     
   3.7997997997997999       -1.0013064152476820      -0.98766373112014327     
   3.8038038038038038       -1.0011844090987621      -0.98815128031117960     
   3.8078078078078077       -1.0010644103929889      -0.98862905731342254     
   3.8118118118118116       -1.0009478400278478      -0.98909705740196108     
   3.8158158158158160       -1.0008331860653858      -0.98955527594857173     
   3.8198198198198199       -1.0007224335224321      -0.99000370842176366     
   3.8238238238238238       -1.0006135087103736      -0.99044235038682449     
   3.8278278278278277       -1.0005089101909823      -0.99087119750586350     
   3.8318318318318316       -1.0004061259155907      -0.99129024553785516     
   3.8358358358358360       -1.0003079528748167      -0.99169949033868066     
   3.8398398398398399       -1.0002117647297768      -0.99209892786116838     
   3.8438438438438438       -1.0001202036809529      -0.99248855415513493     
   3.8478478478478477       -1.0000311281416898      -0.99286836536742351     
   3.8518518518518516      -0.99994626292830568      -0.99323835774194280     
   3.8558558558558560      -0.99986488813813257      -0.99359852761970280     
   3.8598598598598599      -0.99978669209491922      -0.99394887143885202     
   3.8638638638638638      -0.99971367390803301      -0.99428938573471282     
   3.8678678678678677      -0.99964202246640321      -0.99462006713981466     
   3.8718718718718717      -0.99957805286338786      -0.99494091238392857     
   3.8758758758758760      -0.99951277165377328      -0.99525191829409909     
   3.8798798798798799      -0.99945850256167634      -0.99555308179467450     
   3.8838838838838838      -0.99939946975305582      -0.99584439990733942     
   3.8878878878878878      -0.99935537235945204      -0.99612586975114281     
   3.8918918918918921      -0.99930269510370162      -0.99639748854252641     
   3.8958958958958960      -0.99926883623022866      -0.99665925359535279     
   3.8998998998998999      -0.99922311638178374      -0.99691116232093191     
   3.9039039039039038      -0.99919884292317629      -0.99715321222804643     
   3.9079079079079078      -0.99916153111423289      -0.99738540092297623     
   3.9119119119119121      -0.99914507811043418      -0.99760772610952264     
   3.9159159159159160      -0.99911887988995507      -0.99782018558903074     
   3.9199199199199199      -0.99910696658334930      -0.99802277726041111     
   3.9239239239239239      -0.99909619938422589      -0.99821549912016083     
   3.9279279279279278      -0.99908376152756428      -0.99839834926238302     
   3.9319319319319321      -0.99909445562340948      -0.99857132587880604     
   3.9359359359359360      -0.99907479189139847      -0.99873442725880057     
   3.9399399399399400      -0.99911417285684834      -0.99888765178939798     
   3.9439439439439439      -0.99907997350093680      -0.99903099795530448     
   3.9479479479479478      -0.99915474187158038      -0.99916446433891781     
   3.9519519519519521      -0.99910065889116373      -0.99928804962034024     
   3.9559559559559561      -0.99921337845280855      -0.99940175257739150     
   3.9599599599599600      -0.99914084425017236      -0.99950557208562174     
   3.9639639639639639      -0.99928376899350413      -0.99959950711832180     
   3.9679679679679678      -0.99920860154517910      -0.99968355674653397     
   3.9719719719719722      -0.99935470394048997      -0.99975772013906072     
   3.9759759759759761      -0.99931719018398979      -0.99982199656247328     
   3.9799799799799800      -0.99940954970439078      -0.99987638538111856     
   3.9839839839839839      -0.99948447613226343      -0.99992088605712559     
   3.9879879879879878      -0.99942845868850605      -0.99995549815041107     
   3.9919919919919922      -0.99972800135852546      -0.99998022131868336     
   3.9959959959959961      -0.99940136207092933      -0.99999505531744570     
   4.0000000000000000       -1.0000000000000000       -1.0000000000000000     
