   0.0000000000000000        1.0000000000000000       0.99999999999999989     
   4.0040040040040040E-003   1.0002504105964800       0.99999505531744592     
   8.0080080080080079E-003   1.0000025100328653       0.99998022131868325     
   1.2012012012012012E-002   1.0002575024786595       0.99995549815041107     
   1.6016016016016016E-002   1.0000640342614973       0.99992088605712559     
   2.0020020020020020E-002   1.0002240591318345       0.99987638538111856     
   2.4024024024024024E-002   1.0001105556386429       0.99982199656247328     
   2.8028028028028028E-002   1.0001810811002216       0.99975772013906072     
   3.2032032032032032E-002   1.0001344505765286       0.99968355674653397     
   3.6036036036036036E-002   1.0001370976480735       0.99959950711832180     
   4.0040040040040040E-002   1.0001317569750310       0.99950557208562174     
   4.4044044044044044E-002   1.0000938371239450       0.99940175257739161     
   4.8048048048048048E-002   1.0001043809968446       0.99928804962034012     
   5.2052052052052052E-002   1.0000486887677003       0.99916446433891792     
   5.6056056056056056E-002   1.0000569692768186       0.99903099795530459     
   6.0060060060060060E-002  0.99999791554138096       0.99888765178939798     
   6.4064064064064064E-002  0.99999431185352017       0.99873442725880068     
   6.8068068068068074E-002  0.99993853501026064       0.99857132587880615     
   7.2072072072072071E-002  0.99992012232927963       0.99839834926238324     
   7.6076076076076082E-002  0.99986893870969951       0.99821549912016094     
   8.0080080080080079E-002  0.99983682571271482       0.99802277726041122     
   8.4084084084084090E-002  0.99978878499379520       0.99782018558903074     
   8.8088088088088087E-002  0.99974583372255810       0.99760772610952264     
   9.2092092092092098E-002  0.99969861677977556       0.99738540092297623     
   9.6096096096096095E-002  0.99964794434923165       0.99715321222804643     
  0.10010010010010011       0.99959946677969469       0.99691116232093191     
  0.10410410410410410       0.99954368381299019       0.99665925359535279     
  0.10810810810810811       0.99949256032932299       0.99639748854252641     
  0.11211211211211211       0.99943353318835260       0.99612586975114281     
  0.11611611611611612       0.99937913550602864       0.99584439990733964     
  0.12012012012012012       0.99931804601325391       0.99555308179467450     
  0.12412412412412413       0.99926035828769255       0.99525191829409887     
  0.12812812812812813       0.99919788779533825       0.99494091238392868     
  0.13213213213213212       0.99913729992165534       0.99462006713981466     
  0.13613613613613615       0.99907382952431245       0.99428938573471282     
  0.14014014014014015       0.99901094704243310       0.99394887143885213     
  0.14414414414414414       0.99894672055768186       0.99359852761970280     
  0.14814814814814814       0.99888222385727621       0.99323835774194291     
  0.15215215215215216       0.99881745697958435       0.99286836536742373     
  0.15615615615615616       0.99875201427799143       0.99248855415513493     
  0.16016016016016016       0.99868695390659412       0.99209892786116838     
  0.16416416416416416       0.99862117868147793       0.99169949033868066     
  0.16816816816816818       0.99855612499511603       0.99129024553785539     
  0.17217217217217218       0.99849056373025513       0.99087119750586361     
  0.17617617617617617       0.99842586883396334       0.99044235038682449     
  0.18018018018018017       0.99836100636733072       0.99000370842176388     
  0.18418418418418420       0.99829706113728289       0.98955527594857196     
  0.18818818818818819       0.99823333343265008       0.98909705740196130     
  0.19219219219219219       0.99817055080130401       0.98862905731342254     
  0.19619619619619619       0.99810835878034310       0.98815128031117949     
  0.20020020020020021       0.99804715822061629       0.98766373112014327     
  0.20420420420420421       0.99798687940386088       0.98716641456186571     
  0.20820820820820821       0.99792767479738487       0.98665933555449203     
  0.21221221221221220       0.99786967117930503       0.98614249911271146     
  0.21621621621621623       0.99781286256977042       0.98561591034770846     
  0.22022022022022023       0.99775748503495831       0.98507957446711159     
  0.22422422422422422       0.99770345397797333       0.98453349677494206     
  0.22822822822822822       0.99765104394790327       0.98397768267156138     
  0.23223223223223224       0.99760015131360058       0.98341213765361868     
  0.23623623623623624       0.99755104028021102       0.98283686731399489     
  0.24024024024024024       0.99750362581442398       0.98225187734174813     
  0.24424424424424424       0.99745813408863071       0.98165717352205828     
  0.24824824824824826       0.99741451688841809       0.98105276173616818     
  0.25225225225225223       0.99737295161132267       0.98043864796132674     
  0.25625625625625625       0.99733343093224347       0.97981483827072957     
  0.26026026026026028       0.99729608437427131       0.97918133883345804     
  0.26426426426426425       0.99726094053283310       0.97853815591441973     
  0.26826826826826827       0.99722808846237865       0.97788529587428519     
  0.27227227227227230       0.99719758336477682       0.97722276516942586     
  0.27627627627627627       0.99716948407757888       0.97655057035184956     
  0.28028028028028029       0.99714386172340119       0.97586871806913633     
  0.28428428428428426       0.99712075507856379       0.97517721506437238     
  0.28828828828828829       0.99710024174996870       0.97447606817608334     
  0.29229229229229231       0.99708234893669512       0.97376528433816700     
  0.29629629629629628       0.99706715315628314       0.97304487057982403     
  0.30030030030030030       0.99705467641763279       0.97231483402548924     
  0.30430430430430433       0.99704498905463301       0.97157518189476044     
  0.30830830830830830       0.99703811169102585       0.97082592150232794     
  0.31231231231231232       0.99703410572777251       0.97006706025790113     
  0.31631631631631629       0.99703299240833931       0.96929860566613568     
  0.32032032032032032       0.99703482278496081       0.96852056532656006     
  0.32432432432432434       0.99703961924867479       0.96773294693349898     
  0.32832832832832831       0.99704742297714821       0.96693575827599854     
  0.33233233233233234       0.99705825698020167       0.96612900723774819     
  0.33633633633633636       0.99707215334000876       0.96531270179700357     
  0.34034034034034033       0.99708913474207583       0.96448685002650714     
  0.34434434434434436       0.99710922521045731       0.96365146009340885     
  0.34834834834834832       0.99713244612808682       0.96280654025918455     
  0.35235235235235235       0.99715881470590895       0.96195209887955491     
  0.35635635635635637       0.99718834980968118       0.96108814440440293     
  0.36036036036036034       0.99722106311847902       0.96021468537768961     
  0.36436436436436437       0.99725697007443503       0.95933173043737041     
  0.36836836836836839       0.99729607764649941       0.95843928831530878     
  0.37237237237237236       0.99733839734994589       0.95753736783719101     
  0.37637637637637639       0.99738393202667530       0.95662597792243798     
  0.38038038038038036       0.99743268891407333       0.95570512758411708     
  0.38438438438438438       0.99748466722890472       0.95477482592885377     
  0.38838838838838841       0.99753986963853047       0.95383508215674051     
  0.39239239239239238       0.99759829212774287       0.95288590556124697     
  0.39639639639639640       0.99765993276456710       0.95192730552912663     
  0.40040040040040042       0.99772478437396694       0.95095929154032544     
  0.40440440440440439       0.99779284063314688       0.94998187316788707     
  0.40840840840840842       0.99786409115370811       0.94899506007785894     
  0.41241241241241239       0.99793852550111883       0.94799886202919548     
  0.41641641641641641       0.99801613008045376       0.94699328887366341     
  0.42042042042042044       0.99809689046964778       0.94597835055574242     
  0.42442442442442441       0.99818078995877046       0.94495405711252856     
  0.42842842842842843       0.99826781028265210       0.94392041867363297     
  0.43243243243243246       0.99835793167877540       0.94287744546108421     
  0.43643643643643643       0.99845113226572013       0.94182514778922499     
  0.44044044044044045       0.99854738915524599       0.94076353606461094     
  0.44444444444444442       0.99864667714182953       0.93969262078590843     
  0.44844844844844844       0.99874897017058162       0.93861241254378935     
  0.45245245245245247       0.99885423995065059       0.93752292202082743     
  0.45645645645645644       0.99896245729275557       0.93642415999139239     
  0.46046046046046046       0.99907359096320725       0.93531613732154295     
  0.46446446446446449       0.99918760875880808       0.93419886496891991     
  0.46846846846846846       0.99930447658068411       0.93307235398263733     
  0.47247247247247248       0.99942415935673901       0.93193661550317397     
  0.47647647647647645       0.99954662020043228       0.93079166076226205     
  0.48048048048048048       0.99967182131521382       0.92963750108277710     
  0.48448448448448450       0.99979972312947762       0.92847414787862570     
  0.48848848848848847       0.99993028520617244       0.92730161265463229     
  0.49249249249249250        1.0000634654348479       0.92611990700642588     
  0.49649649649649652        1.0001992208083557       0.92492904262032505     
  0.50050050050050054        1.0003375068078231       0.92372903127322259     
  0.50450450450450446        1.0004782779516446       0.92251988483246872     
  0.50850850850850848        1.0006214874233126       0.92130161525575405     
  0.51251251251251251        1.0007670873531689       0.92007423459099136     
  0.51651651651651653        1.0009150287521531       0.91883775497619602     
  0.52052052052052056        1.0010652614813220       0.91759218863936653     
  0.52452452452452447        1.0012177344183508       0.91633754789836308     
  0.52852852852852850        1.0013723953102247       0.91507384516078605     
  0.53253253253253252        1.0015291909687247       0.91380109292385314     
  0.53653653653653655        1.0016880671364761       0.91251930377427604     
  0.54054054054054057        1.0018489686506735       0.91122849038813569     
  0.54454454454454460        1.0020118393437383       0.90992866553075669     
  0.54854854854854851        1.0021766221694579       0.90861984205658186     
  0.55255255255255253        1.0023432591465242       0.90730203290904443     
  0.55655655655655656        1.0025116914185279       0.90597525112043986     
  0.56056056056056058        1.0026818592996616       0.90463950981179786     
  0.56456456456456461        1.0028537022122894       0.90329482219275237     
  0.56856856856856852        1.0030271588214956       0.90194120156140967     
  0.57257257257257255        1.0032021669434112       0.90057866130421826     
  0.57657657657657657        1.0033786636555042       0.89920721489583666     
  0.58058058058058060        1.0035565852579513       0.89782687589899912     
  0.58458458458458462        1.0037358673180574       0.89643765796438168     
  0.58858858858858853        1.0039164446939486       0.89503957483046792     
  0.59259259259259256        1.0040982515240107       0.89363264032341216     
  0.59659659659659658        1.0042812212923926       0.89221686835690384     
  0.60060060060060061        1.0044652867867019       0.89079227293202834     
  0.60460460460460463        1.0046503801830009       0.88935886813713039     
  0.60860860860860866        1.0048364329913768       0.88791666814767300     
  0.61261261261261257        1.0050233761443510       0.88646568722609853     
  0.61661661661661660        1.0052111399426802       0.88500593972168740     
  0.62062062062062062        1.0053996541381598       0.88353744007041513     
  0.62462462462462465        1.0055888478857526       0.88206020279481145     
  0.62862862862862867        1.0057786498172847       0.88057424250381455     
  0.63263263263263259        1.0059689880012901       0.87907957389262892     
  0.63663663663663661        1.0061597900077550       0.87757621174257761     
  0.64064064064064064        1.0063509828744497       0.87606417092095823     
  0.64464464464464466        1.0065424931644860       0.87454346638089420     
  0.64864864864864868        1.0067342469373455       0.87301411316118804     
  0.65265265265265260        1.0069261698010077       0.87147612638617244     
  0.65665665665665662        1.0071181868857337       0.86992952126555978     
  0.66066066066066065        1.0073102228930739       0.86837431309429269     
  0.66466466466466467        1.0075022020696578       0.86681051725239278     
  0.66866866866866870        1.0076940482564929       0.86523814920480835     
  0.67267267267267272        1.0078856848583513       0.86365722450126059     
  0.67667667667667664        1.0080770348991059       0.86206775877609154     
  0.68068068068068066        1.0082680209795227       0.86046976774810768     
  0.68468468468468469        1.0084585653472755       0.85886326722042616     
  0.68868868868868871        1.0086485898330668       0.85724827308031681     
  0.69269269269269274        1.0088380159470050       0.85562480129904683     
  0.69669669669669665        1.0090267647796760       0.85399286793172080     
  0.70070070070070067        1.0092147571399328       0.85235248911712413     
  0.70470470470470470        1.0094019134044037       0.85070368107756156     
  0.70870870870870872        1.0095881537143112       0.84904646011869800     
  0.71271271271271275        1.0097733977552632       0.84738084262939628     
  0.71671671671671666        1.0099575650311323       0.84570684508155602     
  0.72072072072072069        1.0101405745574155       0.84402448402995045     
  0.72472472472472471        1.0103223452258510       0.84233377611206173     
  0.72872872872872874        1.0105027954027785       0.84063473804791822     
  0.73273273273273276        1.0106818433855465       0.83892738663992727     
  0.73673673673673679        1.0108594069155949       0.83721173877271082     
  0.74074074074074070        1.0110354037018927       0.83548781141293649     
  0.74474474474474472        1.0112097508939166       0.83375562160915173     
  0.74874874874874875        1.0113823656001699       0.83201518649161366     
  0.75275275275275277        1.0115531644272053       0.83026652327212069     
  0.75675675675675680        1.0117220638426638       0.82850964924384218     
  0.76076076076076071        1.0118889799722994       0.82674458178114663     
  0.76476476476476474        1.0120538286307987       0.82497133833943037     
  0.76876876876876876        1.0122165254505420       0.82318993645494531     
  0.77277277277277279        1.0123769856361862       0.82140039374462548     
  0.77677677677677681        1.0125351242871845       0.81960272790591149     
  0.78078078078078073        1.0126908560410943       0.81779695671657793     
  0.78478478478478475        1.0128440954277500       0.81598309803455460     
  0.78878878878878878        1.0129947565551696       0.81416116979775299     
  0.79279279279279280        1.0131427533374397       0.81233119002388599     
  0.79679679679679682        1.0132879994026802       0.81049317681029232     
  0.80080080080080085        1.0134304079762604       0.80864714833375506     
  0.80480480480480476        1.0135698922703018       0.80679312285032445     
  0.80880880880880879        1.0137063647680447       0.80493111869513490     
  0.81281281281281281        1.0138397382562450       0.80306115428222591     
  0.81681681681681684        1.0139699245226621       0.80118324810435759     
  0.82082082082082086        1.0140968358116538       0.79929741873283022     
  0.82482482482482478        1.0142203833154011       0.79740368481729917     
  0.82882882882882880        1.0143404786109540       0.79550206508558996     
  0.83283283283283283        1.0144570323890192       0.79359257834351515     
  0.83683683683683685        1.0145699554203798       0.79167524347468543     
  0.84084084084084088        1.0146791579801693       0.78975007944032627     
  0.84484484484484490        1.0147845499738573       0.78781710527908688     
  0.84884884884884881        1.0148860411879641       0.78587634010685514     
  0.85285285285285284        1.0149835407587011       0.78392780311656585     
  0.85685685685685686        1.0150769577896708       0.78197151357801298     
  0.86086086086086089        1.0151662008017388       0.78000749083765841     
  0.86486486486486491        1.0152511780025504       0.77803575431843952     
  0.86886886886886883        1.0153317974269984       0.77605632351957921     
  0.87287287287287285        1.0154079662729878       0.77406921801639061     
  0.87687687687687688        1.0154795920296229       0.77207445746008641     
  0.88088088088088090        1.0155465809795532       0.77007206157758135     
  0.88488488488488493        1.0156088398190148       0.76806205017129980     
  0.88888888888888884        1.0156662741118920       0.76604444311897812     
  0.89289289289289286        1.0157187894802830       0.76401926037346957     
  0.89689689689689689        1.0157662909115486       0.76198652196254524     
  0.90090090090090091        1.0158086829032940       0.75994624798869781     
  0.90490490490490494        1.0158458696396053       0.75789845862894112     
  0.90890890890890896        1.0158777547026014       0.75584317413461199     
  0.91291291291291288        1.0159042411461463       0.75378041483116964     
  0.91691691691691690        1.0159252318223342       0.75171020111799358     
  0.92092092092092093        1.0159406285080470       0.74963255346818269     
  0.92492492492492495        1.0159503331894377       0.74754749242835361     
  0.92892892892892898        1.0159542465217226       0.74545503861843632     
  0.93293293293293289        1.0159522694643028       0.74335521273147021     
  0.93693693693693691        1.0159443021442092       0.74124803553340046     
  0.94094094094094094        1.0159302436897855       0.73913352786287123     
  0.94494494494494496        1.0159099930193440       0.73701171063102144     
  0.94894894894894899        1.0158834480315200       0.73488260482127599     
  0.95295295295295290        1.0158505063662242       0.73274623148913998     
  0.95695695695695693        1.0158110646203595       0.73060261176198882     
  0.96096096096096095        1.0157650190812753       0.72845176683886093     
  0.96496496496496498        1.0157122649677446       0.72629371799024722     
  0.96896896896896900        1.0156526971359139       0.72412848655788020     
  0.97297297297297303        1.0155862093454355       0.72195609395452465     
  0.97697697697697694        1.0155126949379119       0.71977656166376347     
  0.98098098098098097        1.0154320461281767       0.71758991123978799     
  0.98498498498498499        1.0153441546551427       0.71539616430718200     
  0.98898898898898902        1.0152489110982490       0.71319534256071038     
  0.99299299299299304        1.0151462055005649       0.71098746776510235     
  0.99699699699699695        1.0150359267104463       0.70877256175483849     
   1.0010010010010011        1.0149179629768263       0.70655064643393239     
   1.0050050050050050        1.0147922013160648       0.70432174377571666     
   1.0090090090090089        1.0146585280792941       0.70208587582262261     
   1.0130130130130131        1.0145168283444974       0.69984306468596524     
   1.0170170170170170        1.0143669864558738       0.69759333254572309     
   1.0210210210210211        1.0142088854410014       0.69533670165031780     
   1.0250250250250250        1.0140424075222867       0.69307319431639725     
   1.0290290290290289        1.0138674335590196       0.69080283292861089     
   1.0330330330330331        1.0136838435310862       0.68852563993939231     
   1.0370370370370370        1.0134915160055475       0.68624163786873360     
   1.0410410410410411        1.0132903285929511       0.68395084930396588     
   1.0450450450450450        1.0130801574379651       0.68165329689953280     
   1.0490490490490489        1.0128608776486518       0.67934900337676996     
   1.0530530530530531        1.0126323628106906       0.67703799152367639     
   1.0570570570570570        1.0123944853900337       0.67472028419469277     
   1.0610610610610611        1.0121471162700884       0.67239590431047247     
   1.0650650650650650        1.0118901251283972       0.67006487485765720     
   1.0690690690690692        1.0116233799959560       0.66772721888864850     
   1.0730730730730731        1.0113467476087030       0.66538295952137927     
   1.0770770770770770        1.0110600929880209       0.66303211993908673     
   1.0810810810810811        1.0107632797679746       0.66067472339008138     
   1.0850850850850851        1.0104561697958847       0.65831079318751895     
   1.0890890890890892        1.0101386234363339       0.65594035270916762     
   1.0930930930930931        1.0098104991907511       0.65356342539717938     
   1.0970970970970970        1.0094716539791120       0.65118003475785569     
   1.1011011011011012        1.0091219427775224       0.64879020436141710     
   1.1051051051051051        1.0087612188785418       0.64639395784176923     
   1.1091091091091092        1.0083893335457736       0.64399131889626848     
   1.1131131131131131        1.0080061362537132       0.64158231128548826     
   1.1171171171171170        1.0076114743582927       0.63916695883298480     
   1.1211211211211212        1.0072051933173236       0.63674528542506059     
   1.1251251251251251        1.0067871363757870       0.63431731501052790     
   1.1291291291291292        1.0063571447680888       0.63188307160047219     
   1.1331331331331331        1.0059150574167532       0.62944257926801572     
   1.1371371371371370        1.0054607111177831       0.62699586214807856     
   1.1411411411411412        1.0049939402514028       0.62454294443713887     
   1.1451451451451451        1.0045145769518766       0.62208385039299618     
   1.1491491491491492        1.0040224508288615       0.61961860433452864     
   1.1531531531531531        1.0035173891231222       0.61714723064145538     
   1.1571571571571571        1.0029992164369501       0.61466975375409227     
   1.1611611611611612        1.0024677548773984       0.61218619817311382     
   1.1651651651651651        1.0019228237941047       0.60969658845930685     
   1.1691691691691692        1.0013642399116613       0.60720094923333146     
   1.1731731731731732        1.0007918170732730       0.60469930517547543     
   1.1771771771771771        1.0002053663638280       0.60219168102540976     
   1.1811811811811812       0.99960469585786382       0.59967810158194490     
   1.1851851851851851       0.99898961073493397       0.59715859170278607     
   1.1891891891891893       0.99835991303020744       0.59463317630428669     
   1.1931931931931932       0.99771540174400009       0.59210188036120104     
   1.1971971971971973       0.99705587259316197       0.58956472890643952     
   1.2012012012012012       0.99638111811669150       0.58702174703081855     
   1.2052052052052051       0.99569092742611276       0.58447295988281511     
   1.2092092092092093       0.99498508630903992       0.58191839266831502     
   1.2132132132132132       0.99426337697684375       0.57935807065036715     
   1.2172172172172173       0.99352557816802800       0.57679201914892964     
   1.2212212212212212       0.99277146489141521       0.57422026354062339     
   1.2252252252252251       0.99200080853132055       0.57164282925847876     
   1.2292292292292293       0.99121337658445119       0.56905974179168362     
   1.2332332332332332       0.99040893276892117       0.56647102668533400     
   1.2372372372372373       0.98958723675301086       0.56387670954017777     
   1.2412412412412412       0.98874804427013863       0.56127681601236523     
   1.2452452452452452       0.98789110683769565       0.55867137181319193     
   1.2492492492492493       0.98701617187990742       0.55606040270884771     
   1.2532532532532532       0.98612298243531171       0.55344393452015839     
   1.2572572572572573       0.98521127728908975       0.55082199312233371     
   1.2612612612612613       0.98428079066812924       0.54819460444470980     
   1.2652652652652652       0.98333125238414076       0.54556179447049202     
   1.2692692692692693       0.98236238751550742       0.54292358923649942     
   1.2732732732732732       0.98137391656231243       0.54028001483290677     
   1.2772772772772774       0.98036555511446200       0.53763109740298687     
   1.2812812812812813       0.97933701401939899       0.53497686314285187     
   1.2852852852852852       0.97828799903653674       0.53231733830119210     
   1.2892892892892893       0.97721821101782214       0.52965254917902038     
   1.2932932932932932       0.97612734554929670       0.52698252212940966     
   1.2972972972972974       0.97501509314386248       0.52430728355723166     
   1.3013013013013013       0.97388113887168903       0.52162685991889790     
   1.3053053053053052       0.97272516256372488       0.51894127772209575     
   1.3093093093093093       0.97154683843356915       0.51625056352552856     
   1.3133133133133132       0.97034583528927276       0.51355474393865164     
   1.3173173173173174       0.96912181615058535       0.51085384562140879     
   1.3213213213213213       0.96787443846520493       0.50814789528396931     
   1.3253253253253254       0.96660335372685835       0.50543691968646431     
   1.3293293293293293       0.96530820769060544       0.50272094563872183     
   1.3333333333333333       0.96398863999894779       0.50000000000000033     
   1.3373373373373374       0.96264428438900440       0.49727410967872421     
   1.3413413413413413       0.96127476833580494       0.49454330163221866     
   1.3453453453453454       0.95987971324218657       0.49180760286644143     
   1.3493493493493494       0.95845873411059890       0.48906704043571680     
   1.3533533533533533       0.95701143970430902       0.48632164144246692     
   1.3573573573573574       0.95553743226157106       0.48357143303694439     
   1.3613613613613613       0.95403630761410563       0.48081644241696458     
   1.3653653653653655       0.95250765496033896       0.47805669682763607     
   1.3693693693693694       0.95095105692423587       0.47529222356109019     
   1.3733733733733733       0.94936608940739420       0.47252304995621203     
   1.3773773773773774       0.94775232156818889       0.46974920339837073     
   1.3813813813813813       0.94610931577580204       0.46697071131914814     
   1.3853853853853855       0.94443662748639512       0.46418760119606600     
   1.3893893893893894       0.94273380532550144       0.46139990055231739     
   1.3933933933933933       0.94100039083461817       0.45860763695649082     
   1.3973973973973974       0.93923591871183787       0.45581083802230099     
   1.4014014014014013       0.93743991639894875       0.45300953140831446     
   1.4054054054054055       0.93561190451341281       0.45020374481767350     
   1.4094094094094094       0.93375139624307646       0.44739350599782696     
   1.4134134134134133       0.93185789800547847       0.44457884274025250     
   1.4174174174174174       0.92993090861476668       0.44175978288018319     
   1.4214214214214214       0.92796992020649582       0.43893635429633082     
   1.4254254254254255       0.92597441713973028       0.43610858491061116     
   1.4294294294294294       0.92394387722661830       0.43327650268786849     
   1.4334334334334333       0.92187777033227247       0.43044013563559824     
   1.4374374374374375       0.91977555994807270       0.42759951180366951     
   1.4414414414414414       0.91763670145325638       0.42475465928404799     
   1.4454454454454455       0.91546064406851779       0.42190560621051937     
   1.4494494494494494       0.91324682874696517       0.41905238075840973     
   1.4534534534534536       0.91099469053943471       0.41619501114430768     
   1.4574574574574575       0.90870365608942605       0.41333352562578418     
   1.4614614614614614       0.90637314643260325       0.41046795250111390     
   1.4654654654654655       0.90400257408162421       0.40759832010899610     
   1.4694694694694694       0.90159134626846382       0.40472465682827363     
   1.4734734734734736       0.89913886162179735       0.40184699107765148     
   1.4774774774774775       0.89664451384083399       0.39896535131541649     
   1.4814814814814814       0.89410768799157159       0.39607976603915679     
   1.4854854854854855       0.89152776457305427       0.39319026378547872     
   1.4894894894894894       0.88890411549120485       0.39029687312972589     
   1.4934934934934936       0.88623610844094569       0.38739962268569328     
   1.4974974974974975       0.88352310265943157       0.38449854110534909     
   1.5015015015015014       0.88076445349813248       0.38159365707854875     
   1.5055055055055055       0.87795950811352630       0.37868499933275013     
   1.5095095095095095       0.87510761003932291       0.37577259663273255     
   1.5135135135135136       0.87220809504502628       0.37285647778030873     
   1.5175175175175175       0.86926029543686067       0.36993667161404314     
   1.5215215215215214       0.86626353640628229       0.36701320700896550     
   1.5255255255255256       0.86321713968540204       0.36408611287628412     
   1.5295295295295295       0.86012042082234452       0.36115541816310132     
   1.5335335335335336       0.85697269168886447       0.35822115185212744     
   1.5375375375375375       0.85377325926184378       0.35528334296139380     
   1.5415415415415414       0.85052142632274474       0.35234202054396474     
   1.5455455455455456       0.84721649249940267       0.34939721368765114     
   1.5495495495495495       0.84385775230365923       0.34644895151472355     
   1.5535535535535536       0.84044449940063837       0.34349726318162310     
   1.5575575575575575       0.83697602089633405       0.34054217787867375     
   1.5615615615615615       0.83345160605909929       0.33758372482979260     
   1.5655655655655656       0.82987053548637790       0.33462193329220158     
   1.5695695695695695       0.82623209581235868       0.33165683255613898     
   1.5735735735735736       0.82253556204489975       0.32868845194456903     
   1.5775775775775776       0.81878022016208651       0.32571682081289088     
   1.5815815815815817       0.81496534050843839       0.32274196854864945     
   1.5855855855855856       0.81109021062014874       0.31976392457124525     
   1.5895895895895895       0.80715409709470898       0.31678271833164295     
   1.5935935935935936       0.80315629149959356       0.31379837931207866     
   1.5975975975975976       0.79909605757134083       0.31081093702577139     
   1.6016016016016017       0.79497269366591072       0.30782042101662782     
   1.6056056056056056       0.79078546149106743       0.30482686085895305     
   1.6096096096096095       0.78653366926001089       0.30183028615715729     
   1.6136136136136137       0.78221657740273920       0.29883072654546011     
   1.6176176176176176       0.77783350740011981       0.29582821168760254     
   1.6216216216216217       0.77338371904304815       0.29282277127655032     
   1.6256256256256256       0.76886655086508005       0.28981443503420135     
   1.6296296296296295       0.76428126250898687       0.28680323271109065     
   1.6336336336336337       0.75962721375648379       0.28378919408609704     
   1.6376376376376376       0.75490366440578749       0.28077234896614933     
   1.6416416416416417       0.75011000013163098       0.27775272718593036     
   1.6456456456456456       0.74524548095948151       0.27473035860758332     
   1.6496496496496496       0.74030952359346358       0.27170527312041282     
   1.6536536536536537       0.73530138807716872       0.26867750064059459     
   1.6576576576576576       0.73022052781741853       0.26564707111087615     
   1.6616616616616617       0.72506620233171837       0.26261401450028199     
   1.6656656656656657       0.71983790798858260       0.25957836080381591     
   1.6696696696696696       0.71453490284088561       0.25654014004216519     
   1.6736736736736737       0.70915673311562522       0.25349938226140467     
   1.6776776776776776       0.70370265400374532       0.25045611753269870     
   1.6816816816816818       0.69817226918073738       0.24741037595200283     
   1.6856856856856857       0.69256482904996419       0.24436218763976714     
   1.6896896896896898       0.68688000307727592       0.24131158274063927     
   1.6936936936936937       0.68111703434974002       0.23825859142316480     
   1.6976976976976976       0.67527566727898003       0.23520324387949043     
   1.7017017017017018       0.66935513442429351       0.23214557032506186     
   1.7057057057057057       0.66335526517655263       0.22908560099833006     
   1.7097097097097098       0.65727527758860327       0.22602336616044894     
   1.7137137137137137       0.65111509700911707       0.22295889609497727     
   1.7177177177177176       0.64487392214970707       0.21989222110757800     
   1.7217217217217218       0.63855178630957243       0.21682337152571932     
   1.7257257257257257       0.63214786307532622       0.21375237769837560     
   1.7297297297297298       0.62566230677427892       0.21067926999572606     
   1.7337337337337337       0.61909425903892878       0.20760407880885565     
   1.7377377377377377       0.61244400945877553       0.20452683454945109     
   1.7417417417417418       0.60571065973860205       0.20144756764950522     
   1.7457457457457457       0.59889465019251054       0.19836630856101312     
   1.7497497497497498       0.59199503337835879       0.19528308775567005     
   1.7537537537537538       0.58501241709679919       0.19219793572457314     
   1.7577577577577577       0.57794579419179648       0.18911088297791637     
   1.7617617617617618       0.57079595808157202       0.18602196004469188     
   1.7657657657657657       0.56356182987940906       0.18293119747238676     
   1.7697697697697699       0.55624440818793086       0.17983862582668017     
   1.7737737737737738       0.54884252882241769       0.17674427569114179     
   1.7777777777777777       0.54135741663519532       0.17364817766693028     
   1.7817817817817818       0.53378780692777095       0.17055036237248988     
   1.7857857857857857       0.52613517342305771       0.16745086044324664     
   1.7897897897897899       0.51839813395106860       0.16434970253130635     
   1.7937937937937938       0.51057843533175151       0.16124691930515228     
   1.7977977977977977       0.50267455913666292       0.15814254144934106     
   1.8018018018018018       0.49468855115586768       0.15503659966419786     
   1.8058058058058057       0.48661873600716526       0.15192912466551589     
   1.8098098098098099       0.47846748600069133       0.14882014718424907     
   1.8138138138138138       0.47023294612812705       0.14570969796621130     
   1.8178178178178179       0.46191784446379813       0.14259780777177095     
   1.8218218218218218       0.45352012166786360       0.13948450737554591     
   1.8258258258258258       0.44504289251922391       0.13636982756610005     
   1.8298298298298299       0.43648386656737492       0.13325379914563965     
   1.8338338338338338       0.42784657791691477       0.13013645292970785     
   1.8378378378378379       0.41912847613114618       0.12701781974687870     
   1.8418418418418419       0.41033354890648527       0.12389793043845529     
   1.8458458458458458       0.40145895484643601       0.12077681585816115     
   1.8498498498498499       0.39250917109166511       0.11765450687183837     
   1.8538538538538538       0.38348103223657815       0.11453103435714140     
   1.8578578578578580       0.37437954222032638       0.11140642920322855     
   1.8618618618618619       0.36520117655294565       0.10828072231046192     
   1.8658658658658658       0.35595150471476861       0.10515394459009815     
   1.8698698698698699       0.34662660611069734       0.10202612696398421     
   1.8738738738738738       0.33723265574811689        9.8897300364250137E-002
   1.8778778778778780       0.32776529807533877        9.5767495733004110E-002
   1.8818818818818819       0.31823135467539782        9.2636744022027262E-002
   1.8858858858858858       0.30862599451064338        8.9505076192466795E-002
   1.8898898898898899       0.29895672763220438        8.6372523214528804E-002
   1.8938938938938938       0.28921820550369254        8.3239116067172991E-002
   1.8978978978978980       0.27941866911999175        8.0104885737807094E-002
   1.9019019019019019       0.26955220918984096        7.6969863221979185E-002
   1.9059059059059058       0.25962784040506576        7.3834079523072429E-002
   1.9099099099099099       0.24963904850942323        7.0697565651994948E-002
   1.9139139139139139       0.23959566456836814        6.7560352626878470E-002
   1.9179179179179180       0.22949052453909283        6.4422471472768014E-002
   1.9219219219219219       0.21933431805533010        6.1283953221316440E-002
   1.9259259259259258       0.20911918625394110        5.8144828910476183E-002
   1.9299299299299300       0.19885671858946777        5.5005129584193228E-002
   1.9339339339339339       0.18853831659207926        5.1864886292100981E-002
   1.9379379379379380       0.17817650933011278        4.8724130089211899E-002
   1.9419419419419419       0.16776191471125165        4.5582892035611673E-002
   1.9459459459459461       0.15730803917379557        4.2441203196148525E-002
   1.9499499499499500       0.14680467434735103        3.9299094640131337E-002
   1.9539539539539539       0.13626633912038535        3.6156597441019275E-002
   1.9579579579579580       0.12568195820740821        3.3013742676113601E-002
   1.9619619619619619       0.11506709464931675        2.9870561426253450E-002
   1.9659659659659661       0.10440976835443186        2.6727084775504926E-002
   1.9699699699699700        9.3726614078671097E-002   2.3583343810856781E-002
   1.9739739739739739        8.3004712567621305E-002   2.0439369621911660E-002
   1.9779779779779780        7.2261792909266237E-002   1.7295193300577764E-002
   1.9819819819819819        6.1483966704143314E-002   1.4150845940762258E-002
   1.9859859859859861        5.0690074103580333E-002   1.1006358638064652E-002
   1.9899899899899900        3.9865233521119675E-002   7.8617624894684063E-003
   1.9939939939939939        2.9029402613946147E-002   4.7170885930325071E-003
   1.9979979979979980        1.8166704765964575E-002   1.5723680475848198E-003
   2.0020020020020022        7.2981511141186617E-003  -1.5723680475845747E-003
   2.0060060060060061       -3.5929045435955948E-003  -4.7170885930322625E-003
   2.0100100100100100       -1.4485154479136501E-002  -7.8617624894681600E-003
   2.0140140140140139       -2.5393858665162496E-002  -1.1006358638064406E-002
   2.0180180180180178       -3.6298722438993763E-002  -1.4150845940762012E-002
   2.0220220220220222       -4.7213973303515788E-002  -1.7295193300577522E-002
   2.0260260260260261       -5.8120336329713120E-002  -2.0439369621911417E-002
   2.0300300300300300       -6.9031021970338363E-002  -2.3583343810856538E-002
   2.0340340340340339       -7.9927761160341726E-002  -2.6727084775504683E-002
   2.0380380380380378       -9.0822771660855117E-002  -2.9870561426253207E-002
   2.0420420420420422      -0.10169877660354691       -3.3013742676113789E-002
   2.0460460460460461      -0.11256703430213884       -3.6156597441019026E-002
   2.0500500500500500      -0.12341124330844171       -3.9299094640131087E-002
   2.0540540540540539      -0.13424174100875666       -4.2441203196148275E-002
   2.0580580580580579      -0.14504318129590008       -4.5582892035610979E-002
   2.0620620620620622      -0.15582502324804329       -4.8724130089212093E-002
   2.0660660660660661      -0.16657285330781532       -5.1864886292100738E-002
   2.0700700700700700      -0.17729529806942090       -5.5005129584192979E-002
   2.0740740740740740      -0.18797885154943159       -5.8144828910475933E-002
   2.0780780780780779      -0.19863135603831786       -6.1283953221315746E-002
   2.0820820820820822      -0.20924018643689432       -6.4422471472768209E-002
   2.0860860860860861      -0.21981245058611348       -6.7560352626878220E-002
   2.0900900900900901      -0.23033637638086962       -7.0697565651994698E-002
   2.0940940940940940      -0.24081838807446529       -7.3834079523071736E-002
   2.0980980980980979      -0.25124753756922441       -7.6969863221978935E-002
   2.1021021021021022      -0.26162961628848597       -8.0104885737806844E-002
   2.1061061061061062      -0.27195446990703853       -8.3239116067172741E-002
   2.1101101101101101      -0.28222730731220014       -8.6372523214528554E-002
   2.1141141141141140      -0.29243873804072407       -8.9505076192466101E-002
   2.1181181181181179      -0.30259344026753487       -9.2636744022027012E-002
   2.1221221221221223      -0.31268276088529862       -9.5767495733003860E-002
   2.1261261261261262      -0.32271090224114268       -9.8897300364249888E-002
   2.1301301301301301      -0.33266992534767781      -0.10202612696398396     
   2.1341341341341340      -0.34256361110989147      -0.10515394459009790     
   2.1381381381381384      -0.35238470918720777      -0.10828072231046167     
   2.1421421421421423      -0.36213662598777208      -0.11140642920322831     
   2.1461461461461462      -0.37181276648532607      -0.11453103435714115     
   2.1501501501501501      -0.38141619861910742      -0.11765450687183812     
   2.1541541541541540      -0.39094094162815879      -0.12077681585816090     
   2.1581581581581584      -0.40038975296329821      -0.12389793043845504     
   2.1621621621621623      -0.40975722251031910      -0.12701781974687892     
   2.1661661661661662      -0.41904582270431556      -0.13013645292970763     
   2.1701701701701701      -0.42825067306333181      -0.13325379914563942     
   2.1741741741741740      -0.43737398757329182      -0.13636982756609983     
   2.1781781781781784      -0.44641137909694079      -0.13948450737554569     
   2.1821821821821823      -0.45536483131728350      -0.14259780777177072     
   2.1861861861861862      -0.46423041840146501      -0.14570969796621108     
   2.1901901901901901      -0.47300992225586047      -0.14882014718424885     
   2.1941941941941940      -0.48169984922438991      -0.15192912466551567     
   2.1981981981981984      -0.49030180701442616      -0.15503659966419808     
   2.2022022022022023      -0.49881270686046236      -0.15814254144934084     
   2.2062062062062062      -0.50723400806973540      -0.16124691930515206     
   2.2102102102102101      -0.51556300074850248      -0.16434970253130612     
   2.2142142142142140      -0.52380101946065083      -0.16745086044324597     
   2.2182182182182184      -0.53194570819641607      -0.17055036237248966     
   2.2222222222222223      -0.53999829819236411      -0.17364817766693005     
   2.2262262262262262      -0.54795676328535248      -0.17674427569114157     
   2.2302302302302301      -0.55582225057894119      -0.17983862582667995     
   2.2342342342342341      -0.56359304064385440      -0.18293119747238654     
   2.2382382382382384      -0.57127021349080132      -0.18602196004469207     
   2.2422422422422423      -0.57885233422545701      -0.18911088297791614     
   2.2462462462462462      -0.58634043074195130      -0.19219793572457292     
   2.2502502502502502      -0.59373333138815398      -0.19528308775566983     
   2.2542542542542541      -0.60103202495805297      -0.19836630856101248     
   2.2582582582582584      -0.60823558264775845      -0.20144756764950500     
   2.2622622622622623      -0.61534496532170668      -0.20452683454945086     
   2.2662662662662663      -0.62235946752162696      -0.20760407880885542     
   2.2702702702702702      -0.62928003162854573      -0.21067926999572584     
   2.2742742742742741      -0.63610615691092709      -0.21375237769837538     
   2.2782782782782784      -0.64283877511471188      -0.21682337152571909     
   2.2822822822822824      -0.64947757249216442      -0.21989222110757778     
   2.2862862862862863      -0.65602347653448645      -0.22295889609497704     
   2.2902902902902902      -0.66247634360262919      -0.22602336616044871     
   2.2942942942942941      -0.66883710197658985      -0.22908560099832984     
   2.2982982982982985      -0.67510576211003814      -0.23214557032506164     
   2.3023023023023024      -0.68128325690923874      -0.23520324387949024     
   2.3063063063063063      -0.68736973575426619      -0.23825859142316458     
   2.3103103103103102      -0.69336613893784105      -0.24131158274063905     
   2.3143143143143141      -0.69927274043922194      -0.24436218763976694     
   2.3183183183183185      -0.70509048974588406      -0.24741037595200260     
   2.3223223223223224      -0.71081977193626134      -0.25045611753269847     
   2.3263263263263263      -0.71646154666980655      -0.25349938226140445     
   2.3303303303303302      -0.72201629743790574      -0.25654014004216497     
   2.3343343343343341      -0.72748499433334768      -0.25957836080381524     
   2.3383383383383385      -0.73286820737288716      -0.26261401450028221     
   2.3423423423423424      -0.73816691673692014      -0.26564707111087593     
   2.3463463463463463      -0.74338176786165144      -0.26867750064059437     
   2.3503503503503502      -0.74851375016395738      -0.27170527312041259     
   2.3543543543543541      -0.75356357415636643      -0.27473035860758266     
   2.3583583583583585      -0.75853223722986318      -0.27775272718593058     
   2.3623623623623624      -0.76342050537219308      -0.28077234896614911     
   2.3663663663663663      -0.76822938236112948      -0.28378919408609682     
   2.3703703703703702      -0.77295968077793775      -0.28680323271108998     
   2.3743743743743742      -0.77761240895322403      -0.28981443503420068     
   2.3783783783783785      -0.78218841787514648      -0.29282277127655010     
   2.3823823823823824      -0.78668871841685972      -0.29582821168760237     
   2.3863863863863863      -0.79111419245593295      -0.29883072654545989     
   2.3903903903903903      -0.79546585128388669      -0.30183028615715662     
   2.3943943943943946      -0.79974460079207077      -0.30482686085895327     
   2.3983983983983985      -0.80395145050704786      -0.30782042101662760     
   2.4024024024024024      -0.80808732407169559      -0.31081093702577117     
   2.4064064064064064      -0.81215322705257487      -0.31379837931207849     
   2.4104104104104103      -0.81615009516581827      -0.31678271833164234     
   2.4144144144144146      -0.82007892785166214      -0.31976392457124503     
   2.4184184184184185      -0.82394066777512998      -0.32274196854864923     
   2.4224224224224224      -0.82773630614643556      -0.32571682081289072     
   2.4264264264264264      -0.83146678797853990      -0.32868845194456880     
   2.4304304304304303      -0.83513309423841076      -0.33165683255613876     
   2.4344344344344346      -0.83873616817872299      -0.33462193329220136     
   2.4384384384384385      -0.84227697862273576      -0.33758372482979238     
   2.4424424424424425      -0.84575646341672583      -0.34054217787867352     
   2.4464464464464464      -0.84917557746978078      -0.34349726318162288     
   2.4504504504504503      -0.85253525000744113      -0.34644895151472338     
   2.4544544544544546      -0.85583642039686392      -0.34939721368765092     
   2.4584584584584586      -0.85908000643043581      -0.35234202054396457     
   2.4624624624624625      -0.86226693045701408      -0.35528334296139358     
   2.4664664664664664      -0.86539809639613963      -0.35822115185212722     
   2.4704704704704703      -0.86847440825853550      -0.36115541816310109     
   2.4744744744744747      -0.87149675399556903      -0.36408611287628395     
   2.4784784784784786      -0.87446601811861679      -0.36701320700896528     
   2.4824824824824825      -0.87738307083249678      -0.36993667161404292     
   2.4864864864864864      -0.88024877614612029      -0.37285647778030850     
   2.4904904904904903      -0.88306398502998673      -0.37577259663273233     
   2.4944944944944947      -0.88582954014279169      -0.37868499933275035     
   2.4984984984984986      -0.88854627199835745      -0.38159365707854853     
   2.5025025025025025      -0.89121500120823494      -0.38449854110534887     
   2.5065065065065064      -0.89383653684865449      -0.38739962268569306     
   2.5105105105105103      -0.89641167693190127      -0.39029687312972527     
   2.5145145145145147      -0.89894120833442903      -0.39319026378547894     
   2.5185185185185186      -0.90142590605478057      -0.39607976603915657     
   2.5225225225225225      -0.90386653420475938      -0.39896535131541627     
   2.5265265265265264      -0.90626384448430075      -0.40184699107765126     
   2.5305305305305303      -0.90861857785287414      -0.40472465682827302     
   2.5345345345345347      -0.91093146254791002      -0.40759832010899633     
   2.5385385385385386      -0.91320321614721778      -0.41046795250111373     
   2.5425425425425425      -0.91543454337374164      -0.41333352562578402     
   2.5465465465465464      -0.91762613833512086      -0.41619501114430751     
   2.5505505505505504      -0.91977868229048554      -0.41905238075840956     
   2.5545545545545547      -0.92189284591330523      -0.42190560621051959     
   2.5585585585585586      -0.92396928714292004      -0.42475465928404776     
   2.5625625625625625      -0.92600865336405724      -0.42759951180366890     
   2.5665665665665665      -0.92801157942441204      -0.43044013563559802     
   2.5705705705705704      -0.92997868966091746      -0.43327650268786827     
   2.5745745745745747      -0.93191059613286253      -0.43610858491061100     
   2.5785785785785786      -0.93380790045306095      -0.43893635429633066     
   2.5825825825825826      -0.93567119226199447      -0.44175978288018303     
   2.5865865865865865      -0.93750105084304169      -0.44457884274025233     
   2.5905905905905904      -0.93929804384545224      -0.44739350599782673     
   2.5945945945945947      -0.94106272867816942      -0.45020374481767333     
   2.5985985985985987      -0.94279565147679478      -0.45300953140831385     
   2.6026026026026026      -0.94449734828141618      -0.45581083802230121     
   2.6066066066066065      -0.94616834423406282      -0.45860763695649065     
   2.6106106106106104      -0.94780915455330161      -0.46139990055231678     
   2.6146146146146148      -0.94942028394312195      -0.46418760119606622     
   2.6186186186186187      -0.95100222738167484      -0.46697071131914791     
   2.6226226226226226      -0.95255546971936278      -0.46974920339837051     
   2.6266266266266265      -0.95408048630161535      -0.47252304995621180     
   2.6306306306306309      -0.95557774273257368      -0.47529222356109002     
   2.6346346346346348      -0.95704769535278933      -0.47805669682763591     
   2.6386386386386387      -0.95849079114480473      -0.48081644241696481     
   2.6426426426426426      -0.95990746808652350      -0.48357143303694416     
   2.6466466466466465      -0.96129815517584727      -0.48632164144246637     
   2.6506506506506509      -0.96266327267952190      -0.48906704043571703     
   2.6546546546546548      -0.96400323225548468      -0.49180760286644165     
   2.6586586586586587      -0.96531843711555376      -0.49454330163221849     
   2.6626626626626626      -0.96660928222598785      -0.49727410967872404     
   2.6666666666666665      -0.96787615440064867      -0.49999999999999972     
   2.6706706706706709      -0.96911943256234412      -0.50272094563872161     
   2.6746746746746748      -0.97033948778119616      -0.50543691968646454     
   2.6786786786786787      -0.97153668358148415      -0.50814789528396909     
   2.6826826826826826      -0.97271137593801082      -0.51085384562140823     
   2.6866866866866865      -0.97386391361528812      -0.51355474393865141     
   2.6906906906906909      -0.97499463813279796      -0.51625056352552878     
   2.6946946946946948      -0.97610388412539395      -0.51894127772209564     
   2.6986986986986987      -0.97719197928656532      -0.52162685991889768     
   2.7027027027027026      -0.97825924474082127      -0.52430728355723144     
   2.7067067067067065      -0.97930599497241688      -0.52698252212940910     
   2.7107107107107109      -0.98033253820220556      -0.52965254917902060     
   2.7147147147147148      -0.98133917630779843      -0.53231733830119188     
   2.7187187187187187      -0.98232620519892155      -0.53497686314285131     
   2.7227227227227226      -0.98329391473365713      -0.53763109740298709     
   2.7267267267267266      -0.98424258908770013      -0.54028001483290666     
   2.7307307307307309      -0.98517250667017975      -0.54292358923649919     
   2.7347347347347348      -0.98608394048339632      -0.54556179447049191     
   2.7387387387387387      -0.98697715804073871      -0.54819460444470958     
   2.7427427427427427      -0.98785242171447885      -0.55082199312233360     
   2.7467467467467466      -0.98870998865747906      -0.55344393452015828     
   2.7507507507507509      -0.98955011113747382      -0.55606040270884749     
   2.7547547547547548      -0.99037303646356711      -0.55867137181319182     
   2.7587587587587588      -0.99117900730613195      -0.56127681601236501     
   2.7627627627627627      -0.99196826162854757      -0.56387670954017755     
   2.7667667667667666      -0.99274103299241412      -0.56647102668533345     
   2.7707707707707709      -0.99349755049453947      -0.56905974179168384     
   2.7747747747747749      -0.99423803905761432      -0.57164282925847854     
   2.7787787787787788      -0.99496271937212033      -0.57422026354062317     
   2.7827827827827827      -0.99567180817296619      -0.57679201914892952     
   2.7867867867867866      -0.99636551818572849      -0.57935807065036660     
   2.7907907907907910      -0.99704405839001609      -0.58191839266831491     
   2.7947947947947949      -0.99770763396927564      -0.58447295988281489     
   2.7987987987987988      -0.99835644656184597      -0.58702174703081833     
   2.8028028028028027      -0.99899069421342590      -0.58956472890643896     
   2.8068068068068066      -0.99961057161691880      -0.59210188036120082     
   2.8108108108108110       -1.0002162700665975      -0.59463317630428647     
   2.8148148148148149       -1.0008079776879062      -0.59715859170278585     
   2.8188188188188188       -1.0013858793923296      -0.59967810158194468     
   2.8228228228228227       -1.0019501570983587      -0.60219168102540921     
   2.8268268268268266       -1.0025009896860833      -0.60469930517547521     
   2.8308308308308310       -1.0030385532105144      -0.60720094923333168     
   2.8348348348348349       -1.0035630208549517      -0.60969658845930674     
   2.8388388388388388       -1.0040745631378456      -0.61218619817311326     
   2.8428428428428427       -1.0045733478640291      -0.61466975375409216     
   2.8468468468468466       -1.0050595403262539      -0.61714723064145482     
   2.8508508508508510       -1.0055333032534528      -0.61961860433452842     
   2.8548548548548549       -1.0059947970080156      -0.62208385039299596     
   2.8588588588588588       -1.0064441795303216      -0.62454294443713865     
   2.8628628628628627       -1.0068816065327530      -0.62699586214807834     
   2.8668668668668666       -1.0073072314398139      -0.62944257926801550     
   2.8708708708708710       -1.0077212055797988      -0.63188307160047208     
   2.8748748748748749       -1.0081236781199141      -0.63431731501052735     
   2.8788788788788788       -1.0085147962564214      -0.63674528542506048     
   2.8828828828828827       -1.0088947051442518      -0.63916695883298458     
   2.8868868868868871       -1.0092635480863781      -0.64158231128548815     
   2.8908908908908910       -1.0096214664574976      -0.64399131889626826     
   2.8948948948948949       -1.0099685998932846      -0.64639395784176901     
   2.8988988988988988       -1.0103050862078156      -0.64879020436141721     
   2.9029029029029028       -1.0106310615832583      -0.65118003475785557     
   2.9069069069069071       -1.0109466604807940      -0.65356342539717915     
   2.9109109109109110       -1.0112520158312217      -0.65594035270916740     
   2.9149149149149149       -1.0115472589392098      -0.65831079318751873     
   2.9189189189189189       -1.0118325196752029      -0.66067472339008115     
   2.9229229229229228       -1.0121079263729171      -0.66303211993908662     
   2.9269269269269271       -1.0123736060228574      -0.66538295952137938     
   2.9309309309309310       -1.0126296841630449      -0.66772721888864839     
   2.9349349349349350       -1.0128762850743549      -0.67006487485765742     
   2.9389389389389389       -1.0131135316645521      -0.67239590431047236     
   2.9429429429429428       -1.0133415456655985      -0.67472028419469232     
   2.9469469469469471       -1.0135604475111071      -0.67703799152367616     
   2.9509509509509511       -1.0137703565356968      -0.67934900337676973     
   2.9549549549549550       -1.0139713908460717      -0.68165329689953269     
   2.9589589589589589       -1.0141636675224051      -0.68395084930396566     
   2.9629629629629628       -1.0143473024832976      -0.68624163786873338     
   2.9669669669669672       -1.0145224106891273      -0.68852563993939209     
   2.9709709709709711       -1.0146891060012073      -0.69080283292861111     
   2.9749749749749750       -1.0148475013869453      -0.69307319431639702     
   2.9789789789789789       -1.0149977087735760      -0.69533670165031769     
   2.9829829829829828       -1.0151398392549411      -0.69759333254572287     
   2.9869869869869872       -1.0152740029402070      -0.69984306468596547     
   2.9909909909909911       -1.0154003091619956      -0.70208587582262250     
   2.9949949949949950       -1.0155188663205743      -0.70432174377571644     
   2.9989989989989989       -1.0156297820930160      -0.70655064643393228     
   3.0030030030030028       -1.0157331632733584      -0.70877256175483805     
   3.0070070070070072       -1.0158291159824506      -0.71098746776510247     
   3.0110110110110111       -1.0159177455046149      -0.71319534256071015     
   3.0150150150150150       -1.0159991564977751      -0.71539616430718178     
   3.0190190190190189       -1.0160734528272020      -0.71758991123978788     
   3.0230230230230228       -1.0161407377754743      -0.71977656166376336     
   3.0270270270270272       -1.0162011138739144      -0.72195609395452442     
   3.0310310310310311       -1.0162546831119128      -0.72412848655788031     
   3.0350350350350350       -1.0163015467666559      -0.72629371799024711     
   3.0390390390390389       -1.0163418056113382      -0.72845176683886070     
   3.0430430430430429       -1.0163755597437982      -0.73060261176198871     
   3.0470470470470472       -1.0164029087931166      -0.73274623148913987     
   3.0510510510510511       -1.0164239517477807      -0.73488260482127588     
   3.0550550550550550       -1.0164387871601619      -0.73701171063102133     
   3.0590590590590589       -1.0164475129748283      -0.73913352786287101     
   3.0630630630630629       -1.0164502267303912      -0.74124803553339991     
   3.0670670670670672       -1.0164470253885705      -0.74335521273147032     
   3.0710710710710711       -1.0164380050120989      -0.74545503861843621     
   3.0750750750750750       -1.0164232618717575      -0.74754749242835339     
   3.0790790790790790       -1.0164028915597503      -0.74963255346818258     
   3.0830830830830829       -1.0163769892436902      -0.75171020111799314     
   3.0870870870870872       -1.0163456498710794      -0.75378041483116953     
   3.0910910910910911       -1.0163089677073851      -0.75584317413461222     
   3.0950950950950951       -1.0162670367935047      -0.75789845862894101     
   3.0990990990990990       -1.0162199508423073      -0.75994624798869759     
   3.1031031031031029       -1.0161678028978509      -0.76198652196254535     
   3.1071071071071072       -1.0161106860976565      -0.76401926037346968     
   3.1111111111111112       -1.0160486927359025      -0.76604444311897801     
   3.1151151151151151       -1.0159819151186329      -0.76806205017129969     
   3.1191191191191190       -1.0159104450988055      -0.77007206157758090     
   3.1231231231231229       -1.0158343740744742      -0.77207445746008596     
   3.1271271271271273       -1.0157537934189182      -0.77406921801639050     
   3.1311311311311312       -1.0156687938464115      -0.77605632351957909     
   3.1351351351351351       -1.0155794660193622      -0.77803575431843974     
   3.1391391391391390       -1.0154859002494894      -0.78000749083765863     
   3.1431431431431434       -1.0153881863661502      -0.78197151357801342     
   3.1471471471471473       -1.0152864143194971      -0.78392780311656574     
   3.1511511511511512       -1.0151806732413957      -0.78587634010685492     
   3.1551551551551551       -1.0150710525376869      -0.78781710527908644     
   3.1591591591591590       -1.0149576408980294      -0.78975007944032583     
   3.1631631631631634       -1.0148405269762897      -0.79167524347468532     
   3.1671671671671673       -1.0147197992126447      -0.79359257834351493     
   3.1711711711711712       -1.0145955455088331      -0.79550206508559018     
   3.1751751751751751       -1.0144678539281493      -0.79740368481729929     
   3.1791791791791790       -1.0143368118267788      -0.79929741873283011     
   3.1831831831831834       -1.0142025067150877      -0.80118324810435748     
   3.1871871871871873       -1.0140650255963237      -0.80306115428222580     
   3.1911911911911912       -1.0139244552822546      -0.80493111869513456     
   3.1951951951951951       -1.0137808825313714      -0.80679312285032412     
   3.1991991991991990       -1.0136343934712229      -0.80864714833375495     
   3.2032032032032034       -1.0134850745134829      -0.81049317681029209     
   3.2072072072072073       -1.0133330112418499      -0.81233119002388610     
   3.2112112112112112       -1.0131782895958961      -0.81416116979775310     
   3.2152152152152151       -1.0130209947466451      -0.81598309803455449     
   3.2192192192192191       -1.0128612120204741      -0.81779695671657726     
   3.2232232232232234       -1.0126990263051743      -0.81960272790591171     
   3.2272272272272273       -1.0125345222657351      -0.82140039374462503     
   3.2312312312312312       -1.0123677844530079      -0.82318993645494509     
   3.2352352352352352       -1.0121988969478430      -0.82497133833943015     
   3.2392392392392391       -1.0120279438802391      -0.82674458178114651     
   3.2432432432432434       -1.0118550088090983      -0.82850964924384241     
   3.2472472472472473       -1.0116801753714735      -0.83026652327212114     
   3.2512512512512513       -1.0115035266572239      -0.83201518649161355     
   3.2552552552552552       -1.0113251457266690      -0.83375562160915107     
   3.2592592592592591       -1.0111451152603286      -0.83548781141293604     
   3.2632632632632634       -1.0109635176887113      -0.83721173877271049     
   3.2672672672672673       -1.0107804352593399      -0.83892738663992716     
   3.2712712712712713       -1.0105959497945571      -0.84063473804791811     
   3.2752752752752752       -1.0104101430370998      -0.84233377611206173     
   3.2792792792792791       -1.0102230962296472      -0.84402448402995045     
   3.2832832832832834       -1.0100348905547247      -0.84570684508155636     
   3.2872872872872874       -1.0098456066756403      -0.84738084262939606     
   3.2912912912912913       -1.0096553251756153      -0.84904646011869733     
   3.2952952952952952       -1.0094641261229944      -0.85070368107756111     
   3.2992992992992991       -1.0092720894669982      -0.85235248911712369     
   3.3033033033033035       -1.0090792946611933      -0.85399286793172058     
   3.3073073073073074       -1.0088858209779425      -0.85562480129904661     
   3.3113113113113113       -1.0086917472432086      -0.85724827308031681     
   3.3153153153153152       -1.0084971519987889      -0.85886326722042616     
   3.3193193193193191       -1.0083021134251426      -0.86046976774810746     
   3.3233233233233235       -1.0081067093044831      -0.86206775877609132     
   3.3273273273273274       -1.0079110171025321      -0.86365722450126015     
   3.3313313313313313       -1.0077151138381628      -0.86523814920480790     
   3.3353353353353352       -1.0075190761980322      -0.86681051725239255     
   3.3393393393393391       -1.0073229804120474      -0.86837431309429247     
   3.3433433433433435       -1.0071269023353175      -0.86992952126555956     
   3.3473473473473474       -1.0069309173691852      -0.87147612638617244     
   3.3513513513513513       -1.0067351004897378      -0.87301411316118827     
   3.3553553553553552       -1.0065395262214989      -0.87454346638089397     
   3.3593593593593591       -1.0063442686148938      -0.87606417092095756     
   3.3633633633633635       -1.0061494012639096      -0.87757621174257716     
   3.3673673673673674       -1.0059549972450939      -0.87907957389262847     
   3.3713713713713713       -1.0057611291644530      -0.88057424250381433     
   3.3753753753753752       -1.0055678690735852      -0.88206020279481123     
   3.3793793793793796       -1.0053752885302378      -0.88353744007041513     
   3.3833833833833835       -1.0051834585065298      -0.88500593972168740     
   3.3873873873873874       -1.0049924494492253      -0.88646568722609875     
   3.3913913913913913       -1.0048023311927270      -0.88791666814767278     
   3.3953953953953953       -1.0046131730077970      -0.88935886813712972     
   3.3993993993993996       -1.0044250435291049      -0.89079227293202790     
   3.4034034034034035       -1.0042380107841713      -0.89221686835690339     
   3.4074074074074074       -1.0040521421420634      -0.89363264032341194     
   3.4114114114114114       -1.0038675043177654      -0.89503957483046781     
   3.4154154154154153       -1.0036841633448164      -0.89643765796438168     
   3.4194194194194196       -1.0035021845546548      -0.89782687589899912     
   3.4234234234234235       -1.0033216325709640      -0.89920721489583688     
   3.4274274274274275       -1.0031425712693560      -0.90057866130421815     
   3.4314314314314314       -1.0029650637845491      -0.90194120156140900     
   3.4354354354354353       -1.0027891724632017      -0.90329482219275192     
   3.4394394394394396       -1.0026149588670441      -0.90463950981179775     
   3.4434434434434436       -1.0024424837396368      -0.90597525112043964     
   3.4474474474474475       -1.0022718069817718      -0.90730203290904421     
   3.4514514514514514       -1.0021029876567780      -0.90861984205658186     
   3.4554554554554553       -1.0019360839163969      -0.90992866553075646     
   3.4594594594594597       -1.0017711530570852      -0.91122849038813580     
   3.4634634634634636       -1.0016082514027242      -0.91251930377427593     
   3.4674674674674675       -1.0014474343765918      -0.91380109292385281     
   3.4714714714714714       -1.0012887564113078      -0.91507384516078560     
   3.4754754754754753       -1.0011322709524144      -0.91633754789836286     
   3.4794794794794797       -1.0009780304407556      -0.91759218863936631     
   3.4834834834834836       -1.0008260862644811      -0.91883775497619591     
   3.4874874874874875       -1.0006764887732114      -0.92007423459099136     
   3.4914914914914914       -1.0005292872005043      -0.92130161525575383     
   3.4954954954954953       -1.0003845297161127      -0.92251988483246850     
   3.4994994994994997       -1.0002422632901389      -0.92372903127322248     
   3.5035035035035036       -1.0001025338278189      -0.92492904262032472     
   3.5075075075075075      -0.99996538592377748      -0.92611990700642566     
   3.5115115115115114      -0.99983086312658320      -0.92730161265463207     
   3.5155155155155153      -0.99969900755626429      -0.92847414787862559     
   3.5195195195195197      -0.99956986028206485      -0.92963750108277710     
   3.5235235235235236      -0.99944346088853253      -0.93079166076226205     
   3.5275275275275275      -0.99931984783935124      -0.93193661550317375     
   3.5315315315315314      -0.99919905806214293      -0.93307235398263721     
   3.5355355355355353      -0.99908112733994514      -0.93419886496891946     
   3.5395395395395397      -0.99896608982178103      -0.93531613732154262     
   3.5435435435435436      -0.99885397851469004      -0.93642415999139206     
   3.5475475475475475      -0.99874482467447379      -0.93752292202082732     
   3.5515515515515514      -0.99863865844327604      -0.93861241254378924     
   3.5555555555555554      -0.99853550804722024      -0.93969262078590843     
   3.5595595595595597      -0.99843540070311443      -0.94076353606461116     
   3.5635635635635636      -0.99833836148545285      -0.94182514778922477     
   3.5675675675675675      -0.99824441454007773      -0.94287744546108421     
   3.5715715715715715      -0.99815358175044977      -0.94392041867363274     
   3.5755755755755754      -0.99806588401656049      -0.94495405711252811     
   3.5795795795795797      -0.99798134001002636      -0.94597835055574231     
   3.5835835835835836      -0.99789996717129870      -0.94699328887366330     
   3.5875875875875876      -0.99782178099599417      -0.94799886202919548     
   3.5915915915915915      -0.99774679524513188      -0.94899506007785894     
   3.5955955955955954      -0.99767502219632598      -0.94998187316788696     
   3.5995995995995997      -0.99760647179424788      -0.95095929154032532     
   3.6036036036036037      -0.99754115302744728      -0.95192730552912663     
   3.6076076076076076      -0.99747907191921126      -0.95288590556124664     
   3.6116116116116115      -0.99742023409125136      -0.95383508215674029     
   3.6156156156156154      -0.99736464149381387      -0.95477482592885354     
   3.6196196196196198      -0.99731229636831276      -0.95570512758411708     
   3.6236236236236237      -0.99726319640052163      -0.95662597792243798     
   3.6276276276276276      -0.99721734046437738      -0.95753736783719101     
   3.6316316316316315      -0.99717472184704625      -0.95843928831530878     
   3.6356356356356359      -0.99713533592041337      -0.95933173043737030     
   3.6396396396396398      -0.99709917164826456      -0.96021468537768961     
   3.6436436436436437      -0.99706622052640548      -0.96108814440440271     
   3.6476476476476476      -0.99703646754160014      -0.96195209887955480     
   3.6516516516516515      -0.99700989976092336      -0.96280654025918444     
   3.6556556556556559      -0.99698649860714994      -0.96365146009340885     
   3.6596596596596598      -0.99696624612913631      -0.96448685002650714     
   3.6636636636636637      -0.99694912070650865      -0.96531270179700357     
   3.6676676676676676      -0.99693509864298424      -0.96612900723774797     
   3.6716716716716715      -0.99692415603116324      -0.96693575827599820     
   3.6756756756756759      -0.99691626236725794      -0.96773294693349898     
   3.6796796796796798      -0.99691139253502070      -0.96852056532655983     
   3.6836836836836837      -0.99690950810695711      -0.96929860566613557     
   3.6876876876876876      -0.99691058360476781      -0.97006706025790090     
   3.6916916916916915      -0.99691457215936097      -0.97082592150232783     
   3.6956956956956959      -0.99692144829988882      -0.97157518189476044     
   3.6996996996996998      -0.99693115611804040      -0.97231483402548924     
   3.7037037037037037      -0.99694367015937591      -0.97304487057982392     
   3.7077077077077076      -0.99695892609533687      -0.97376528433816678     
   3.7117117117117115      -0.99697689731351113      -0.97447606817608323     
   3.7157157157157159      -0.99699751309173912      -0.97517721506437227     
   3.7197197197197198      -0.99702074269712027      -0.97586871806913611     
   3.7237237237237237      -0.99704651292458746      -0.97655057035184933     
   3.7277277277277276      -0.99707478408114225      -0.97722276516942586     
   3.7317317317317316      -0.99710548641048979      -0.97788529587428519     
   3.7357357357357359      -0.99713856426342407      -0.97853815591441973     
   3.7397397397397398      -0.99717395952663879      -0.97918133883345804     
   3.7437437437437437      -0.99721159162085726      -0.97981483827072935     
   3.7477477477477477      -0.99725142354947605      -0.98043864796132674     
   3.7517517517517516      -0.99729334050010965      -0.98105276173616807     
   3.7557557557557559      -0.99733733568795901      -0.98165717352205806     
   3.7597597597597598      -0.99738325203248623      -0.98225187734174813     
   3.7637637637637638      -0.99743111922257355      -0.98283686731399489     
   3.7677677677677677      -0.99748073505704693      -0.98341213765361879     
   3.7717717717717716      -0.99753216446150994      -0.98397768267156138     
   3.7757757757757759      -0.99758516694326038      -0.98453349677494195     
   3.7797797797797799      -0.99763982937610407      -0.98507957446711136     
   3.7837837837837838      -0.99769589488537846      -0.98561591034770824     
   3.7877877877877877      -0.99775344095077145      -0.98614249911271146     
   3.7917917917917916      -0.99781223664535867      -0.98665933555449192     
   3.7957957957957960      -0.99787229670523447      -0.98716641456186571     
   3.7997997997997999      -0.99793348159174522      -0.98766373112014327     
   3.8038038038038038      -0.99799566707932774      -0.98815128031117960     
   3.8078078078078077      -0.99805889114064894      -0.98862905731342254     
   3.8118118118118116      -0.99812279812256099      -0.98909705740196108     
   3.8158158158158160      -0.99818769904234672      -0.98955527594857173     
   3.8198198198198199      -0.99825291537514438      -0.99000370842176366     
   3.8238238238238238      -0.99831911140404539      -0.99044235038682449     
   3.8278278278278277      -0.99838522790305551      -0.99087119750586350     
   3.8318318318318316      -0.99845230653499972      -0.99129024553785516     
   3.8358358358358360      -0.99851893271142311      -0.99169949033868066     
   3.8398398398398399      -0.99858643562872040      -0.99209892786116838     
   3.8438438438438438      -0.99865321857689981      -0.99248855415513493     
   3.8478478478478477      -0.99872062512273241      -0.99286836536742351     
   3.8518518518518516      -0.99878726753630920      -0.99323835774194280     
   3.8558558558558560      -0.99885398238218248      -0.99359852761970280     
   3.8598598598598599      -0.99892025267085049      -0.99394887143885202     
   3.8638638638638638      -0.99898560691956217      -0.99428938573471282     
   3.8678678678678677      -0.99905132978488664      -0.99462006713981466     
   3.8718718718718717      -0.99911460921476236      -0.99494091238392857     
   3.8758758758758760      -0.99917962097855018      -0.99525191829409909     
   3.8798798798798799      -0.99924013853159765      -0.99555308179467450     
   3.8838838838838838      -0.99930419006580562      -0.99584439990733942     
   3.8878878878878878      -0.99936141846971571      -0.99612586975114281     
   3.8918918918918921      -0.99942401272347869      -0.99639748854252641     
   3.8958958958958960      -0.99947778441909496      -0.99665925359535279     
   3.8998998998998999      -0.99953795100917275      -0.99691116232093191     
   3.9039039039039038      -0.99958870918619569      -0.99715321222804643     
   3.9079079079079078      -0.99964475116561358      -0.99738540092297623     
   3.9119119119119121      -0.99969379198438035      -0.99760772610952264     
   3.9159159159159160      -0.99974309551233165      -0.99782018558903074     
   3.9199199199199199      -0.99979267407368888      -0.99802277726041111     
   3.9239239239239239      -0.99983175006064295      -0.99821549912016083     
   3.9279279279279278      -0.99988483683650575      -0.99839834926238302     
   3.9319319319319321      -0.99990985088817375      -0.99857132587880604     
   3.9359359359359360      -0.99996924593551417      -0.99873442725880057     
   3.9399399399399400      -0.99997734900976565      -0.99888765178939798     
   3.9439439439439439       -1.0000438501338171      -0.99903099795530448     
   3.9479479479479478       -1.0000355600397777      -0.99916446433891781     
   3.9519519519519521       -1.0001050528963384      -0.99928804962034024     
   3.9559559559559561       -1.0000876105862171      -0.99940175257739150     
   3.9599599599599600       -1.0001474870277860      -0.99950557208562174     
   3.9639639639639639       -1.0001383080714892      -0.99959950711832180     
   3.9679679679679678       -1.0001647424938078      -0.99968355674653397     
   3.9719719719719722       -1.0001926062268902      -0.99975772013906072     
   3.9759759759759761       -1.0001520569519771      -0.99982199656247328     
   3.9799799799799800       -1.0002515444603044      -0.99987638538111856     
   3.9839839839839839       -1.0001120506603873      -0.99992088605712559     
   3.9879879879879878       -1.0003048431617014      -0.99995549815041107     
   3.9919919919919922       -1.0000635340193142      -0.99998022131868336     
   3.9959959959959961       -1.0003259389192152      -0.99999505531744570     
   4.0000000000000000       -1.0000000000000000       -1.0000000000000000     
