   0.0000000000000000        1.0000000000000000       0.99999999999999989     
   4.0040040040040040E-003   1.0001268951055782       0.99999505531744592     
   8.0080080080080079E-003   1.0000029834367796       0.99998022131868325     
   1.2012012012012012E-002   1.0001001575244091       0.99995549815041107     
   1.6016016016016016E-002  0.99987564996793177       0.99992088605712559     
   2.0020020020020020E-002   1.0000038685293851       0.99987638538111856     
   2.4024024024024024E-002  0.99977338941783533       0.99982199656247328     
   2.8028028028028028E-002  0.99987333451933480       0.99975772013906072     
   3.2032032032032032E-002  0.99968233279730234       0.99968355674653397     
   3.6036036036036036E-002  0.99972778028129095       0.99959950711832180     
   4.0040040040040040E-002  0.99958880797990934       0.99950557208562174     
   4.4044044044044044E-002  0.99958043141533592       0.99940175257739161     
   4.8048048048048048E-002  0.99948597637288961       0.99928804962034012     
   5.2052052052052052E-002  0.99943762005438030       0.99916446433891792     
   5.6056056056056056E-002  0.99937280611596968       0.99903099795530459     
   6.0060060060060060E-002  0.99930107286718828       0.99888765178939798     
   6.4064064064064064E-002  0.99925155646468766       0.99873442725880068     
   6.8068068068068074E-002  0.99917030190170775       0.99857132587880615     
   7.2072072072072071E-002  0.99912569699189735       0.99839834926238324     
   7.6076076076076082E-002  0.99904423809794751       0.99821549912016094     
   8.0080080080080079E-002  0.99899866504925283       0.99802277726041122     
   8.4084084084084090E-002  0.99892208285176998       0.99782018558903074     
   8.8088088088088087E-002  0.99887331756592068       0.99760772610952264     
   9.2092092092092098E-002  0.99880360447090988       0.99738540092297623     
   9.6096096096096095E-002  0.99875181581708972       0.99715321222804643     
  0.10010010010010011       0.99868912212284688       0.99691116232093191     
  0.10410410410410410       0.99863572326417771       0.99665925359535279     
  0.10810810810810811       0.99857935726451830       0.99639748854252641     
  0.11211211211211211       0.99852617318771764       0.99612586975114281     
  0.11611611611611612       0.99847526101266215       0.99584439990733964     
  0.12012012012012012       0.99842402872412306       0.99555308179467450     
  0.12412412412412413       0.99837786939254847       0.99525191829409887     
  0.12812812812812813       0.99833000422439144       0.99494091238392868     
  0.13213213213213212       0.99828820319445521       0.99462006713981466     
  0.13613613613613615       0.99824474228864091       0.99428938573471282     
  0.14014014014014015       0.99820721002174262       0.99394887143885213     
  0.14414414414414414       0.99816885382952014       0.99359852761970280     
  0.14814814814814814       0.99813573845561376       0.99323835774194291     
  0.15215215215215216       0.99810293226423263       0.99286836536742373     
  0.15615615615615616       0.99807453295812520       0.99248855415513493     
  0.16016016016016016       0.99804755244872534       0.99209892786116838     
  0.16416416416416416       0.99802424018040548       0.99169949033868066     
  0.16816816816816818       0.99800326259028571       0.99129024553785539     
  0.17217217217217218       0.99798541963594956       0.99087119750586361     
  0.17617617617617617       0.99797057416159896       0.99044235038682449     
  0.18018018018018017       0.99795855494132535       0.99000370842176388     
  0.18418418418418420       0.99794995310882639       0.98955527594857196     
  0.18818818818818819       0.99794406324600959       0.98909705740196130     
  0.19219219219219219       0.99794181350272249       0.98862905731342254     
  0.19619619619619619       0.99794230228986780       0.98815128031117949     
  0.20020020020020021       0.99794651340262086       0.98766373112014327     
  0.20420420420420421       0.99795357469486967       0.98716641456186571     
  0.20820820820820821       0.99796435378835169       0.98665933555449203     
  0.21221221221221220       0.99797813238638566       0.98614249911271146     
  0.21621621621621623       0.99799557929829807       0.98561591034770846     
  0.22022022022022023       0.99801617775969242       0.98507957446711159     
  0.22422422422422422       0.99804037926960087       0.98453349677494206     
  0.22822822822822822       0.99806786490547128       0.98397768267156138     
  0.23223223223223224       0.99809888975117500       0.98341213765361868     
  0.23623623623623624       0.99813330025833680       0.98283686731399489     
  0.24024024024024024       0.99817119565548462       0.98225187734174813     
  0.24424424424424424       0.99821254361829970       0.98165717352205828     
  0.24824824824824826       0.99825733323265264       0.98105276173616818     
  0.25225225225225223       0.99830560896804521       0.98043864796132674     
  0.25625625625625625       0.99835729205022550       0.97981483827072957     
  0.26026026026026028       0.99841246571326325       0.97918133883345804     
  0.26426426426426425       0.99847101730376187       0.97853815591441973     
  0.26826826826826827       0.99853303987947850       0.97788529587428519     
  0.27227227227227230       0.99859841152223061       0.97722276516942586     
  0.27627627627627627       0.99866721571771921       0.97655057035184956     
  0.28028028028028029       0.99873933661103209       0.97586871806913633     
  0.28428428428428426       0.99881483707682983       0.97517721506437238     
  0.28828828828828829       0.99889361543497424       0.97447606817608334     
  0.29229229229229231       0.99897570928561896       0.97376528433816700     
  0.29629629629629628       0.99906103352091946       0.97304487057982403     
  0.30030030030030030       0.99914960057981517       0.97231483402548924     
  0.30430430430430433       0.99924134080369342       0.97157518189476044     
  0.30830830830830830       0.99933624398413701       0.97082592150232794     
  0.31231231231231232       0.99943425297457344       0.97006706025790113     
  0.31631631631631629       0.99953533896683389       0.96929860566613568     
  0.32032032032032032       0.99963945326319503       0.96852056532656006     
  0.32432432432432434       0.99974655294154091       0.96773294693349898     
  0.32832832832832831       0.99985659393346782       0.96693575827599854     
  0.33233233233233234       0.99996952305251485       0.96612900723774819     
  0.33633633633633636        1.0000852976807806       0.96531270179700357     
  0.34034034034034033        1.0002038577232861       0.96448685002650714     
  0.34434434434434436        1.0003251592749958       0.96365146009340885     
  0.34834834834834832        1.0004491380347416       0.96280654025918455     
  0.35235235235235235        1.0005757470446819       0.96195209887955491     
  0.35635635635635637        1.0007049193686013       0.96108814440440293     
  0.36036036036036034        1.0008366041469070       0.96021468537768961     
  0.36436436436436437        1.0009707328338806       0.95933173043737041     
  0.36836836836836839        1.0011072501190634       0.95843928831530878     
  0.37237237237237236        1.0012460865483033       0.95753736783719101     
  0.37637637637637639        1.0013871822284766       0.95662597792243798     
  0.38038038038038036        1.0015304670218990       0.95570512758411708     
  0.38438438438438438        1.0016758767843188       0.95477482592885377     
  0.38838838838838841        1.0018233404916226       0.95383508215674051     
  0.39239239239239238        1.0019727903307953       0.95288590556124697     
  0.39639639639639640        1.0021241541861541       0.95192730552912663     
  0.40040040040040042        1.0022773609888060       0.95095929154032544     
  0.40440440440440439        1.0024323374532733       0.94998187316788707     
  0.40840840840840842        1.0025890095970380       0.94899506007785894     
  0.41241241241241239        1.0027473028997522       0.94799886202919548     
  0.41641641641641641        1.0029071409074692       0.94699328887366341     
  0.42042042042042044        1.0030684476007836       0.94597835055574242     
  0.42442442442442441        1.0032311445725490       0.94495405711252856     
  0.42842842842842843        1.0033951540938242       0.94392041867363297     
  0.43243243243243246        1.0035603962069315       0.94287744546108421     
  0.43643643643643643        1.0037267914539487       0.94182514778922499     
  0.44044044044044045        1.0038942584549146       0.94076353606461094     
  0.44444444444444442        1.0040627161797779       0.93969262078590843     
  0.44844844844844844        1.0042320818872805       0.93861241254378935     
  0.45245245245245247        1.0044022731413258       0.93752292202082743     
  0.45645645645645644        1.0045732059257333       0.93642415999139239     
  0.46046046046046046        1.0047447964817324       0.93531613732154295     
  0.46446446446446449        1.0049169596794010       0.93419886496891991     
  0.46846846846846846        1.0050896104581988       0.93307235398263733     
  0.47247247247247248        1.0052626627419317       0.93193661550317397     
  0.47647647647647645        1.0054360302041601       0.93079166076226205     
  0.48048048048048048        1.0056096259559961       0.92963750108277710     
  0.48448448448448450        1.0057833625034733       0.92847414787862570     
  0.48848848848848847        1.0059571521661104       0.92730161265463229     
  0.49249249249249250        1.0061309064615318       0.92611990700642588     
  0.49649649649649652        1.0063045368941987       0.92492904262032505     
  0.50050050050050054        1.0064779541661952       0.92372903127322259     
  0.50450450450450446        1.0066510689633736       0.92251988483246872     
  0.50850850850850848        1.0068237913193161       0.92130161525575405     
  0.51251251251251251        1.0069960310932504       0.92007423459099136     
  0.51651651651651653        1.0071676977861277       0.91883775497619602     
  0.52052052052052056        1.0073387004957393       0.91759218863936653     
  0.52452452452452447        1.0075089481900272       0.91633754789836308     
  0.52852852852852850        1.0076783493358010       0.91507384516078605     
  0.53253253253253252        1.0078468123795834       0.91380109292385314     
  0.53653653653653655        1.0080142452472038       0.91251930377427604     
  0.54054054054054057        1.0081805558932440       0.91122849038813569     
  0.54454454454454460        1.0083456517774807       0.90992866553075669     
  0.54854854854854851        1.0085094403885815       0.90861984205658186     
  0.55255255255255253        1.0086718287982133       0.90730203290904443     
  0.55655655655655656        1.0088327240347710       0.90597525112043986     
  0.56056056056056058        1.0089920328636051       0.90463950981179786     
  0.56456456456456461        1.0091496618938884       0.90329482219275237     
  0.56856856856856852        1.0093055175869934       0.90194120156140967     
  0.57257257257257255        1.0094595062144853       0.90057866130421826     
  0.57657657657657657        1.0096115339362832       0.89920721489583666     
  0.58058058058058060        1.0097615067418830       0.89782687589899912     
  0.58458458458458462        1.0099093305113656       0.89643765796438168     
  0.58858858858858853        1.0100549109854413       0.89503957483046792     
  0.59259259259259256        1.0101981537947831       0.89363264032341216     
  0.59659659659659658        1.0103389644532716       0.89221686835690384     
  0.60060060060060061        1.0104772483733815       0.89079227293202834     
  0.60460460460460463        1.0106129108586643       0.88935886813713039     
  0.60860860860860866        1.0107458571313348       0.88791666814767300     
  0.61261261261261257        1.0108759922989776       0.88646568722609853     
  0.61661661661661660        1.0110032214160891       0.88500593972168740     
  0.62062062062062062        1.0111274494080638       0.88353744007041513     
  0.62462462462462465        1.0112485811778762       0.88206020279481145     
  0.62862862862862867        1.0113665214827956       0.88057424250381455     
  0.63263263263263259        1.0114811750839827       0.87907957389262892     
  0.63663663663663661        1.0115924465849415       0.87757621174257761     
  0.64064064064064064        1.0117002406086266       0.87606417092095823     
  0.64464464464464466        1.0118044616189510       0.87454346638089420     
  0.64864864864864868        1.0119050140990082       0.87301411316118804     
  0.65265265265265260        1.0120018023866542       0.87147612638617244     
  0.65665665665665662        1.0120947308188224       0.86992952126555978     
  0.66066066066066065        1.0121837036195480       0.86837431309429269     
  0.66466466466466467        1.0122686249697159       0.86681051725239278     
  0.66866866866866870        1.0123493989895702       0.86523814920480835     
  0.67267267267267272        1.0124259296916125       0.86365722450126059     
  0.67667667667667664        1.0124981210989668       0.86206775877609154     
  0.68068068068068066        1.0125658770425809       0.86046976774810768     
  0.68468468468468469        1.0126291014501121       0.85886326722042616     
  0.68868868868868871        1.0126876979588459       0.85724827308031681     
  0.69269269269269274        1.0127415703959004       0.85562480129904683     
  0.69669669669669665        1.0127906221958149       0.85399286793172080     
  0.70070070070070067        1.0128347570714364       0.85235248911712413     
  0.70470470470470470        1.0128738782506685       0.85070368107756156     
  0.70870870870870872        1.0129078893076116       0.84904646011869800     
  0.71271271271271275        1.0129366932670170       0.84738084262939628     
  0.71671671671671666        1.0129601935270838       0.84570684508155602     
  0.72072072072072069        1.0129782929224069       0.84402448402995045     
  0.72472472472472471        1.0129908946235224       0.84233377611206173     
  0.72872872872872874        1.0129979012990491       0.84063473804791822     
  0.73273273273273276        1.0129992158243357       0.83892738663992727     
  0.73673673673673679        1.0129947412293305       0.83721173877271082     
  0.74074074074074070        1.0129843799299234       0.83548781141293649     
  0.74474474474474472        1.0129680344150080       0.83375562160915173     
  0.74874874874874875        1.0129456068304854       0.83201518649161366     
  0.75275275275275277        1.0129169993912051       0.83026652327212069     
  0.75675675675675680        1.0128821139544009       0.82850964924384218     
  0.76076076076076071        1.0128408524311987       0.82674458178114663     
  0.76476476476476474        1.0127931163677144       0.82497133833943037     
  0.76876876876876876        1.0127388073416561       0.82318993645494531     
  0.77277277277277279        1.0126778265624736       0.82140039374462548     
  0.77677677677677681        1.0126100752441900       0.81960272790591149     
  0.78078078078078073        1.0125354542313847       0.81779695671657793     
  0.78478478478478475        1.0124538643433383       0.81598309803455460     
  0.78878878878878878        1.0123652060292485       0.81416116979775299     
  0.79279279279279280        1.0122693796815125       0.81233119002388599     
  0.79679679679679682        1.0121662853214588       0.81049317681029232     
  0.80080080080080085        1.0120558228813001       0.80864714833375506     
  0.80480480480480476        1.0119378919200612       0.80679312285032445     
  0.80880880880880879        1.0118123918752633       0.80493111869513490     
  0.81281281281281281        1.0116792218075763       0.80306115428222591     
  0.81681681681681684        1.0115382806238933       0.80118324810435759     
  0.82082082082082086        1.0113894668489145       0.79929741873283022     
  0.82482482482482478        1.0112326788215933       0.79740368481729917     
  0.82882882882882880        1.0110678144916079       0.79550206508558996     
  0.83283283283283283        1.0108947715913119       0.79359257834351515     
  0.83683683683683685        1.0107134474548820       0.79167524347468543     
  0.84084084084084088        1.0105237391679973       0.78975007944032627     
  0.84484484484484490        1.0103255434075413       0.78781710527908688     
  0.84884884884884881        1.0101187565711116       0.78587634010685514     
  0.85285285285285284        1.0099032746351690       0.78392780311656585     
  0.85685685685685686        1.0096789932664962       0.78197151357801298     
  0.86086086086086089        1.0094458076967825       0.78000749083765841     
  0.86486486486486491        1.0092036128179183       0.77803575431843952     
  0.86886886886886883        1.0089523030712300       0.77605632351957921     
  0.87287287287287285        1.0086917725283766       0.77406921801639061     
  0.87687687687687688        1.0084219147935645       0.77207445746008641     
  0.88088088088088090        1.0081426230716171       0.77007206157758135     
  0.88488488488488493        1.0078537900816955       0.76806205017129980     
  0.88888888888888884        1.0075553081139998       0.76604444311897812     
  0.89289289289289286        1.0072470689535500       0.76401926037346957     
  0.89689689689689689        1.0069289639269678       0.76198652196254524     
  0.90090090090090091        1.0066008838349731       0.75994624798869781     
  0.90490490490490494        1.0062627189904814       0.75789845862894112     
  0.90890890890890896        1.0059143591586974       0.75584317413461199     
  0.91291291291291288        1.0055556935875556       0.75378041483116964     
  0.91691691691691690        1.0051866109545551       0.75171020111799358     
  0.92092092092092093        1.0048069993903119       0.74963255346818269     
  0.92492492492492495        1.0044167464313458       0.74754749242835361     
  0.92892892892892898        1.0040157390376794       0.74545503861843632     
  0.93293293293293289        1.0036038635506186       0.74335521273147021     
  0.93693693693693691        1.0031810057052342       0.74124803553340046     
  0.94094094094094094        1.0027470505925624       0.73913352786287123     
  0.94494494494494496        1.0023018826674219       0.73701171063102144     
  0.94894894894894899        1.0018453857145642       0.73488260482127599     
  0.95295295295295290        1.0013774428524003       0.73274623148913998     
  0.95695695695695693        1.0008979365025885       0.73060261176198882     
  0.96096096096096095        1.0004067483901093       0.72845176683886093     
  0.96496496496496498       0.99990375951591082       0.72629371799024722     
  0.96896896896896900       0.99938885015377921       0.72412848655788020     
  0.97297297297297303       0.99886189982558327       0.72195609395452465     
  0.97697697697697694       0.99832278729540824       0.71977656166376347     
  0.98098098098098097       0.99777139054700303       0.71758991123978799     
  0.98498498498498499       0.99720758677559096       0.71539616430718200     
  0.98898898898898902       0.99663125236717021       0.71319534256071038     
  0.99299299299299304       0.99604226288833286       0.71098746776510235     
  0.99699699699699695       0.99544049306713300       0.70877256175483849     
   1.0010010010010011       0.99482581678124316       0.70655064643393239     
   1.0050050050050050       0.99419810704014111       0.70432174377571666     
   1.0090090090090089       0.99355723597181922       0.70208587582262261     
   1.0130130130130131       0.99290307480615325       0.69984306468596524     
   1.0170170170170170       0.99223549386035803       0.69759333254572309     
   1.0210210210210211       0.99155436252339013       0.69533670165031780     
   1.0250250250250250       0.99085954924030972       0.69307319431639725     
   1.0290290290290289       0.99015092149761741       0.69080283292861089     
   1.0330330330330331       0.98942834580669015       0.68852563993939231     
   1.0370370370370370       0.98869168768993287       0.68624163786873360     
   1.0410410410410411       0.98794081166344505       0.68395084930396588     
   1.0450450450450450       0.98717558122391835       0.68165329689953280     
   1.0490490490490489       0.98639585883062586       0.67934900337676996     
   1.0530530530530531       0.98560150589305084       0.67703799152367639     
   1.0570570570570570       0.98479238275228909       0.67472028419469277     
   1.0610610610610611       0.98396834866935379       0.67239590431047247     
   1.0650650650650650       0.98312926180614191       0.67006487485765720     
   1.0690690690690692       0.98227497921432505       0.66772721888864850     
   1.0730730730730731       0.98140535681604735       0.66538295952137927     
   1.0770770770770770       0.98052024939329530       0.66303211993908673     
   1.0810810810810811       0.97961951056854113       0.66067472339008138     
   1.0850850850850851       0.97870299279444473       0.65831079318751895     
   1.0890890890890892       0.97777054733464419       0.65594035270916762     
   1.0930930930930931       0.97682202425373255       0.65356342539717938     
   1.0970970970970970       0.97585727239829079       0.65118003475785569     
   1.1011011011011012       0.97487613938717110       0.64879020436141710     
   1.1051051051051051       0.97387847159280982       0.64639395784176923     
   1.1091091091091092       0.97286411413191665       0.64399131889626848     
   1.1131131131131131       0.97183291084705370       0.64158231128548826     
   1.1171171171171170       0.97078470429782171       0.63916695883298480     
   1.1211211211211212       0.96971933574275038       0.63674528542506059     
   1.1251251251251251       0.96863664513104020       0.63431731501052790     
   1.1291291291291292       0.96753647108484331       0.63188307160047219     
   1.1331331331331331       0.96641865089158629       0.62944257926801572     
   1.1371371371371370       0.96528302048673054       0.62699586214807856     
   1.1411411411411412       0.96412941444671840       0.62454294443713887     
   1.1451451451451451       0.96295766597231369       0.62208385039299618     
   1.1491491491491492       0.96176760688220142       0.61961860433452864     
   1.1531531531531531       0.96055906759700971       0.61714723064145538     
   1.1571571571571571       0.95933187713358370       0.61466975375409227     
   1.1611611611611612       0.95808586308985078       0.61218619817311382     
   1.1651651651651651       0.95682085163975905       0.60969658845930685     
   1.1691691691691692       0.95553666751910782       0.60720094923333146     
   1.1731731731731732       0.95423313402122545       0.60469930517547543     
   1.1771771771771771       0.95291007298382147       0.60219168102540976     
   1.1811811811811812       0.95156730478555085       0.59967810158194490     
   1.1851851851851851       0.95020464833390383       0.59715859170278607     
   1.1891891891891893       0.94882192106274899       0.59463317630428669     
   1.1931931931931932       0.94741893892142504       0.59210188036120104     
   1.1971971971971973       0.94599551637326851       0.58956472890643952     
   1.2012012012012012       0.94455146638605625       0.58702174703081855     
   1.2052052052052051       0.94308660043158732       0.58447295988281511     
   1.2092092092092093       0.94160072847757914       0.58191839266831502     
   1.2132132132132132       0.94009365898841635       0.57935807065036715     
   1.2172172172172173       0.93856519891860479       0.57679201914892964     
   1.2212212212212212       0.93701515371475474       0.57422026354062339     
   1.2252252252252251       0.93544332731076618       0.57164282925847876     
   1.2292292292292293       0.93384952213105288       0.56905974179168362     
   1.2332332332332332       0.93223353908772555       0.56647102668533400     
   1.2372372372372373       0.93059517758496180       0.56387670954017777     
   1.2412412412412412       0.92893423551854537       0.56127681601236523     
   1.2452452452452452       0.92725050928124475       0.55867137181319193     
   1.2492492492492493       0.92554379376506224       0.55606040270884771     
   1.2532532532532532       0.92381388236754358       0.55344393452015839     
   1.2572572572572573       0.92206056699702243       0.55082199312233371     
   1.2612612612612613       0.92028363807982461       0.54819460444470980     
   1.2652652652652652       0.91848288456884342       0.54556179447049202     
   1.2692692692692693       0.91665809395146980       0.54292358923649942     
   1.2732732732732732       0.91480905226202214       0.54028001483290677     
   1.2772772772772774       0.91293554409005029       0.53763109740298687     
   1.2812812812812813       0.91103735259730656       0.53497686314285187     
   1.2852852852852852       0.90911425952594116       0.53231733830119210     
   1.2892892892892893       0.90716604522081290       0.52965254917902038     
   1.2932932932932932       0.90519248863700952       0.52698252212940966     
   1.2972972972972974       0.90319336736840516       0.52430728355723166     
   1.3013013013013013       0.90116845765375853       0.52162685991889790     
   1.3053053053053052       0.89911753441270237       0.51894127772209575     
   1.3093093093093093       0.89704037124934433       0.51625056352552856     
   1.3133133133133132       0.89493674049719285       0.51355474393865164     
   1.3173173173173174       0.89280641321891197       0.51085384562140879     
   1.3213213213213213       0.89064915926196209       0.50814789528396931     
   1.3253253253253254       0.88846474725282665       0.50543691968646431     
   1.3293293293293293       0.88625294466556348       0.50272094563872183     
   1.3333333333333333       0.88401351780835169       0.50000000000000033     
   1.3373373373373374       0.88174623190765944       0.49727410967872421     
   1.3413413413413413       0.87945085108438381       0.49454330163221866     
   1.3453453453453454       0.87712713845700097       0.49180760286644143     
   1.3493493493493494       0.87477485610383654       0.48906704043571680     
   1.3533533533533533       0.87239376518935785       0.48632164144246692     
   1.3573573573573574       0.86998362590826206       0.48357143303694439     
   1.3613613613613613       0.86754419763996904       0.48081644241696458     
   1.3653653653653655       0.86507523886925031       0.47805669682763607     
   1.3693693693693694       0.86257650737502878       0.47529222356109019     
   1.3733733733733733       0.86004776012111894       0.47252304995621203     
   1.3773773773773774       0.85748875348668074       0.46974920339837073     
   1.3813813813813813       0.85489924311927767       0.46697071131914814     
   1.3853853853853855       0.85227898421584281       0.46418760119606600     
   1.3893893893893894       0.84962773132859870       0.46139990055231739     
   1.3933933933933933       0.84694523870714777       0.45860763695649082     
   1.3973973973973974       0.84423126004592408       0.45581083802230099     
   1.4014014014014013       0.84148554890005256       0.45300953140831446     
   1.4054054054054055       0.83870785836076178       0.45020374481767350     
   1.4094094094094094       0.83589794156006536       0.44739350599782696     
   1.4134134134134133       0.83305555125795783       0.44457884274025250     
   1.4174174174174174       0.83018044045377970       0.44175978288018319     
   1.4214214214214214       0.82727236186595443       0.43893635429633082     
   1.4254254254254255       0.82433106867118355       0.43610858491061116     
   1.4294294294294294       0.82135631385394992       0.43327650268786849     
   1.4334334334334333       0.81834785109844255       0.43044013563559824     
   1.4374374374374375       0.81530543398102218       0.42759951180366951     
   1.4414414414414414       0.81222881704404681       0.42475465928404799     
   1.4454454454454455       0.80911775479992987       0.42190560621051937     
   1.4494494494494494       0.80597200302086369       0.41905238075840973     
   1.4534534534534536       0.80279131751793908       0.41619501114430768     
   1.4574574574574575       0.79957545568624988       0.41333352562578418     
   1.4614614614614614       0.79632417501665365       0.41046795250111390     
   1.4654654654654655       0.79303723494197664       0.40759832010899610     
   1.4694694694694694       0.78971439503236052       0.40472465682827363     
   1.4734734734734736       0.78635541719525637       0.40184699107765148     
   1.4774774774774775       0.78296006349791392       0.39896535131541649     
   1.4814814814814814       0.77952809878163332       0.39607976603915679     
   1.4854854854854855       0.77605928804670088       0.39319026378547872     
   1.4894894894894894       0.77255339955001701       0.39029687312972589     
   1.4934934934934936       0.76901020167865830       0.38739962268569328     
   1.4974974974974975       0.76542946660951905       0.38449854110534909     
   1.5015015015015014       0.76181096658769420       0.38159365707854875     
   1.5055055055055055       0.75815447823715987       0.37868499933275013     
   1.5095095095095095       0.75445977814925724       0.37577259663273255     
   1.5135135135135136       0.75072664794480803       0.37285647778030873     
   1.5175175175175175       0.74695486906609854       0.36993667161404314     
   1.5215215215215214       0.74314422870309715       0.36701320700896550     
   1.5255255255255256       0.73929451366957710       0.36408611287628412     
   1.5295295295295295       0.73540551731926951       0.36115541816310132     
   1.5335335335335336       0.73147703237309680       0.35822115185212744     
   1.5375375375375375       0.72750885896513107       0.35528334296139380     
   1.5415415415415414       0.72350079627344610       0.35234202054396474     
   1.5455455455455456       0.71945265185051765       0.34939721368765114     
   1.5495495495495495       0.71536423189503628       0.34644895151472355     
   1.5535535535535536       0.71123535203680377       0.34349726318162310     
   1.5575575575575575       0.70706582607111756       0.34054217787867375     
   1.5615615615615615       0.70285547838411666       0.33758372482979260     
   1.5655655655655656       0.69860413095520368       0.33462193329220158     
   1.5695695695695695       0.69431161762501736       0.33165683255613898     
   1.5735735735735736       0.68997776915500686       0.32868845194456903     
   1.5775775775775776       0.68560242955647777       0.32571682081289088     
   1.5815815815815817       0.68118543898021933       0.32274196854864945     
   1.5855855855855856       0.67672665234102491       0.31976392457124525     
   1.5895895895895895       0.67222591979453383       0.31678271833164295     
   1.5935935935935936       0.66768310790693941       0.31379837931207866     
   1.5975975975975976       0.66309807746129823       0.31081093702577139     
   1.6016016016016017       0.65847070743640013       0.30782042101662782     
   1.6056056056056056       0.65380086987119324       0.30482686085895305     
   1.6096096096096095       0.64908845692947448       0.30183028615715729     
   1.6136136136136137       0.64433335253933277       0.29883072654546011     
   1.6176176176176176       0.63953546283083518       0.29582821168760254     
   1.6216216216216217       0.63469468425814157       0.29282277127655032     
   1.6256256256256256       0.62981093770505969       0.28981443503420135     
   1.6296296296296295       0.62488413279138233       0.28680323271109065     
   1.6336336336336337       0.61991420594536406       0.28378919408609704     
   1.6376376376376376       0.61490108059366655       0.28077234896614933     
   1.6416416416416417       0.60984470949962177       0.27775272718593036     
   1.6456456456456456       0.60474503053880868       0.27473035860758332     
   1.6496496496496496       0.59960201359653198       0.27170527312041282     
   1.6536536536536537       0.59441561163939949       0.26867750064059459     
   1.6576576576576576       0.58918581245383017       0.26564707111087615     
   1.6616616616616617       0.58391258473902252       0.26261401450028199     
   1.6656656656656657       0.57859593494950645       0.25957836080381591     
   1.6696696696696696       0.57323584815762174       0.25654014004216519     
   1.6736736736736737       0.56783235023609469       0.25349938226140467     
   1.6776776776776776       0.56238544326965079       0.25045611753269870     
   1.6816816816816818       0.55689517327724614       0.24741037595200283     
   1.6856856856856857       0.55136155999381009       0.24436218763976714     
   1.6896896896896898       0.54578467028500022       0.24131158274063927     
   1.6936936936936937       0.54016454217240062       0.23825859142316480     
   1.6976976976976976       0.53450126403542386       0.23520324387949043     
   1.7017017017017018       0.52879489281762526       0.23214557032506186     
   1.7057057057057057       0.52304553903961970       0.22908560099833006     
   1.7097097097097098       0.51725327920152253       0.22602336616044894     
   1.7137137137137137       0.51141824654651646       0.22295889609497727     
   1.7177177177177176       0.50554053776568364       0.21989222110757800     
   1.7217217217217218       0.49962030935333923       0.21682337152571932     
   1.7257257257257257       0.49365767882642514       0.21375237769837560     
   1.7297297297297298       0.48765282639925422       0.21067926999572606     
   1.7337337337337337       0.48160589105074619       0.20760407880885565     
   1.7377377377377377       0.47551707711737023       0.20452683454945109     
   1.7417417417417418       0.46938654567812566       0.20144756764950522     
   1.7457457457457457       0.46321452552008163       0.19836630856101312     
   1.7497497497497498       0.45700120046309839       0.19528308775567005     
   1.7537537537537538       0.45074682399266647       0.19219793572457314     
   1.7577577577577577       0.44445160331351991       0.18911088297791637     
   1.7617617617617618       0.43811581677010125       0.18602196004469188     
   1.7657657657657657       0.43173969559955561       0.18293119747238676     
   1.7697697697697699       0.42532354307224385       0.17983862582668017     
   1.7737737737737738       0.41886761510868592       0.17674427569114179     
   1.7777777777777777       0.41237223987286581       0.17364817766693028     
   1.7817817817817818       0.40583769862242647       0.17055036237248988     
   1.7857857857857857       0.39926434427849861       0.16745086044324664     
   1.7897897897897899       0.39265248409101966       0.16434970253130635     
   1.7937937937937938       0.38600249549369320       0.16124691930515228     
   1.7977977977977977       0.37931471238306691       0.15814254144934106     
   1.8018018018018018       0.37258953635009162       0.15503659966419786     
   1.8058058058058057       0.36582732858795836       0.15192912466551589     
   1.8098098098098099       0.35902851437767180       0.14882014718424907     
   1.8138138138138138       0.35219348284999963       0.14570969796621130     
   1.8178178178178179       0.34532268239766289       0.14259780777177095     
   1.8218218218218218       0.33841653071435451       0.13948450737554591     
   1.8258258258258258       0.33147549861792552       0.13636982756610005     
   1.8298298298298299       0.32450003296631685       0.13325379914563965     
   1.8338338338338338       0.31749062621307989       0.13013645292970785     
   1.8378378378378379       0.31044775494698812       0.12701781974687870     
   1.8418418418418419       0.30337193237330634       0.12389793043845529     
   1.8458458458458458       0.29626366533017295       0.12077681585816115     
   1.8498498498498499       0.28912348680756689       0.11765450687183837     
   1.8538538538538538       0.28195193434721894       0.11453103435714140     
   1.8578578578578580       0.27474955968899295       0.11140642920322855     
   1.8618618618618619       0.26751693144859529       0.10828072231046192     
   1.8658658658658658       0.26025461903233060       0.10515394459009815     
   1.8698698698698699       0.25296322239324909       0.10202612696398421     
   1.8738738738738738       0.24564332749565637        9.8897300364250137E-002
   1.8778778778778780       0.23829556575916505        9.5767495733004110E-002
   1.8818818818818819       0.23092053860103692        9.2636744022027262E-002
   1.8858858858858858       0.22351890887109904        8.9505076192466795E-002
   1.8898898898898899       0.21609129237141081        8.6372523214528804E-002
   1.8938938938938938       0.20863838314412417        8.3239116067172991E-002
   1.8978978978978980       0.20116081038370834        8.0104885737807094E-002
   1.9019019019019019       0.19365929884443298        7.6969863221979185E-002
   1.9059059059059058       0.18613449024107151        7.3834079523072429E-002
   1.9099099099099099       0.17858713927174114        7.0697565651994948E-002
   1.9139139139139139       0.17101789946999152        6.7560352626878470E-002
   1.9179179179179180       0.16342755437064313        6.4422471472768014E-002
   1.9219219219219219       0.15581676885121415        6.1283953221316440E-002
   1.9259259259259258       0.14818635378134148        5.8144828910476183E-002
   1.9299299299299300       0.14053698519636423        5.5005129584193228E-002
   1.9339339339339339       0.13286949934330475        5.1864886292100981E-002
   1.9379379379379380       0.12518458358538315        4.8724130089211899E-002
   1.9419419419419419       0.11748309706856865        4.5582892035611673E-002
   1.9459459459459461       0.10976573908304460        4.2441203196148525E-002
   1.9499499499499500       0.10203338860455741        3.9299094640131337E-002
   1.9539539539539539        9.4286757956014031E-002   3.6156597441019275E-002
   1.9579579579579580        8.6526742209338953E-002   3.3013742676113601E-002
   1.9619619619619619        7.8754068415411799E-002   2.9870561426253450E-002
   1.9659659659659661        7.0969643264274060E-002   2.6727084775504926E-002
   1.9699699699699700        6.3174210916083717E-002   2.3583343810856781E-002
   1.9739739739739739        5.5368684342752800E-002   2.0439369621911660E-002
   1.9779779779779780        4.7553828074003997E-002   1.7295193300577764E-002
   1.9819819819819819        3.9730554777770211E-002   1.4150845940762258E-002
   1.9859859859859861        3.1899654492278169E-002   1.1006358638064652E-002
   1.9899899899899900        2.4062029033920795E-002   7.8617624894684063E-003
   1.9939939939939939        1.6218508571622440E-002   4.7170885930325071E-003
   1.9979979979979980        8.3699483259394129E-003   1.5723680475848198E-003
   2.0020020020020022        5.1730130958471524E-004  -1.5723680475845747E-003
   2.0060060060060061       -7.3388430999360476E-003  -4.7170885930322625E-003
   2.0100100100100100       -1.5196843400333220E-002  -7.8617624894681600E-003
   2.0140140140140139       -2.3056066628188335E-002  -1.1006358638064406E-002
   2.0180180180180178       -3.0914937184540650E-002  -1.4150845940762012E-002
   2.0220220220220222       -3.8772786120933878E-002  -1.7295193300577522E-002
   2.0260260260260261       -4.6628098245133684E-002  -2.0439369621911417E-002
   2.0300300300300300       -5.4480175933253945E-002  -2.3583343810856538E-002
   2.0340340340340339       -6.2327560053365393E-002  -2.6727084775504683E-002
   2.0380380380380378       -7.0169531304914975E-002  -2.9870561426253207E-002
   2.0420420420420422       -7.8004683242566597E-002  -3.3013742676113789E-002
   2.0460460460460461       -8.5832281466313443E-002  -3.6156597441019026E-002
   2.0500500500500500       -9.3650969706893405E-002  -3.9299094640131087E-002
   2.0540540540540539      -0.10146000483576045       -4.2441203196148275E-002
   2.0580580580580579      -0.10925807924517861       -4.5582892035610979E-002
   2.0620620620620622      -0.11704444703734931       -4.8724130089212093E-002
   2.0660660660660661      -0.12481784774674132       -5.1864886292100738E-002
   2.0700700700700700      -0.13257753722459084       -5.5005129584192979E-002
   2.0740740740740740      -0.14032230065417581       -5.8144828910475933E-002
   2.0780780780780779      -0.14805140112096762       -6.1283953221315746E-002
   2.0820820820820822      -0.15576367234618899       -6.4422471472768209E-002
   2.0860860860860861      -0.16345839566651840       -6.7560352626878220E-002
   2.0900900900900901      -0.17113446245136685       -7.0697565651994698E-002
   2.0940940940940940      -0.17879118621667478       -7.3834079523071736E-002
   2.0980980980980979      -0.18642752420800293       -7.6969863221978935E-002
   2.1021021021021022      -0.19404282980878151       -8.0104885737806844E-002
   2.1061061061061062      -0.20163612534883787       -8.3239116067172741E-002
   2.1101101101101101      -0.20920680121508856       -8.6372523214528554E-002
   2.1141141141141140      -0.21675393538287474       -8.9505076192466101E-002
   2.1181181181181179      -0.22427694628124115       -9.2636744022027012E-002
   2.1221221221221223      -0.23177495596843095       -9.5767495733003860E-002
   2.1261261261261262      -0.23924740252500512       -9.8897300364249888E-002
   2.1301301301301301      -0.24669344357448678      -0.10202612696398396     
   2.1341341341341340      -0.25411253215401386      -0.10515394459009790     
   2.1381381381381384      -0.26150385702693824      -0.10828072231046167     
   2.1421421421421423      -0.26886688479921877      -0.11140642920322831     
   2.1461461461461462      -0.27620083376833676      -0.11453103435714115     
   2.1501501501501501      -0.28350518453100493      -0.11765450687183812     
   2.1541541541541540      -0.29077918468553193      -0.12077681585816090     
   2.1581581581581584      -0.29802232991939054      -0.12389793043845504     
   2.1621621621621623      -0.30523389741371204      -0.12701781974687892     
   2.1661661661661662      -0.31241339918112554      -0.13013645292970763     
   2.1701701701701701      -0.31956014241547881      -0.13325379914563942     
   2.1741741741741740      -0.32667365663162135      -0.13636982756609983     
   2.1781781781781784      -0.33375327948378303      -0.13948450737554569     
   2.1821821821821823      -0.34079855905908230      -0.14259780777177072     
   2.1861861861861862      -0.34780886389274290      -0.14570969796621108     
   2.1901901901901901      -0.35478376160074337      -0.14882014718424885     
   2.1941941941941940      -0.36172265197353665      -0.15192912466551567     
   2.1981981981981984      -0.36862512300261935      -0.15503659966419808     
   2.2022022022022023      -0.37549060604978107      -0.15814254144934084     
   2.2062062062062062      -0.38231871022356551      -0.16124691930515206     
   2.2102102102102101      -0.38910889870646487      -0.16434970253130612     
   2.2142142142142140      -0.39586080236482513      -0.16745086044324597     
   2.2182182182182184      -0.40257391637795387      -0.17055036237248966     
   2.2222222222222223      -0.40924789391371968      -0.17364817766693005     
   2.2262262262262262      -0.41588226224637331      -0.17674427569114157     
   2.2302302302302301      -0.42247669729523113      -0.17983862582667995     
   2.2342342342342341      -0.42903075844648275      -0.18293119747238654     
   2.2382382382382384      -0.43554414472989761      -0.18602196004469207     
   2.2422422422422423      -0.44201644757773922      -0.18911088297791614     
   2.2462462462462462      -0.44844738940096507      -0.19219793572457292     
   2.2502502502502502      -0.45483659352870964      -0.19528308775566983     
   2.2542542542542541      -0.46118380593811675      -0.19836630856101248     
   2.2582582582582584      -0.46748868162328339      -0.20144756764950500     
   2.2622622622622623      -0.47375099022931061      -0.20452683454945086     
   2.2662662662662663      -0.47997041810224117      -0.20760407880885542     
   2.2702702702702702      -0.48614675857624240      -0.21067926999572584     
   2.2742742742742741      -0.49227972895760846      -0.21375237769837538     
   2.2782782782782784      -0.49836914621269829      -0.21682337152571909     
   2.2822822822822824      -0.50441475814083225      -0.21989222110757778     
   2.2862862862862863      -0.51041640520853704      -0.22295889609497704     
   2.2902902902902902      -0.51637386516914441      -0.22602336616044871     
   2.2942942942942941      -0.52228700178520349      -0.22908560099832984     
   2.2982982982982985      -0.52815562215748846      -0.23214557032506164     
   2.3023023023023024      -0.53397961307153519      -0.23520324387949024     
   2.3063063063063063      -0.53975881030606965      -0.23825859142316458     
   2.3103103103103102      -0.54549312333113376      -0.24131158274063905     
   2.3143143143143141      -0.55118241587593220      -0.24436218763976694     
   2.3183183183183185      -0.55682661969474401      -0.24741037595200260     
   2.3223223223223224      -0.56242562568696208      -0.25045611753269847     
   2.3263263263263263      -0.56797938743289689      -0.25349938226140445     
   2.3303303303303302      -0.57348782217434224      -0.25654014004216497     
   2.3343343343343341      -0.57895090480553202      -0.25957836080381524     
   2.3383383383383385      -0.58436857804078113      -0.26261401450028221     
   2.3423423423423424      -0.58974083752642614      -0.26564707111087593     
   2.3463463463463463      -0.59506765054275912      -0.26867750064059437     
   2.3503503503503502      -0.60034903288100572      -0.27170527312041259     
   2.3543543543543541      -0.60558497544962897      -0.27473035860758266     
   2.3583583583583585      -0.61077551353655246      -0.27775272718593058     
   2.3623623623623624      -0.61592066071466933      -0.28077234896614911     
   2.3663663663663663      -0.62102047108390990      -0.28378919408609682     
   2.3703703703703702      -0.62607497989713035      -0.28680323271108998     
   2.3743743743743742      -0.63108425934958901      -0.28981443503420068     
   2.3783783783783785      -0.63604836537396547      -0.29282277127655010     
   2.3823823823823824      -0.64096738751668503      -0.29582821168760237     
   2.3863863863863863      -0.64584140137930690      -0.29883072654545989     
   2.3903903903903903      -0.65067051309224866      -0.30183028615715662     
   2.3943943943943946      -0.65545481690886309      -0.30482686085895327     
   2.3983983983983985      -0.66019443475776618      -0.30782042101662760     
   2.4024024024024024      -0.66488947852530078      -0.31081093702577117     
   2.4064064064064064      -0.66954008513817331      -0.31379837931207849     
   2.4104104104104103      -0.67414638309936636      -0.31678271833164234     
   2.4144144144144146      -0.67870852352342070      -0.31976392457124503     
   2.4184184184184185      -0.68322665051997655      -0.32274196854864923     
   2.4224224224224224      -0.68770092857502396      -0.32571682081289072     
   2.4264264264264264      -0.69213151640488146      -0.32868845194456880     
   2.4304304304304303      -0.69651859104831704      -0.33165683255613876     
   2.4344344344344346      -0.70086232484170530      -0.33462193329220136     
   2.4384384384384385      -0.70516290655927971      -0.33758372482979238     
   2.4424424424424425      -0.70942052118728272      -0.34054217787867352     
   2.4464464464464464      -0.71363536842289410      -0.34349726318162288     
   2.4504504504504503      -0.71780764495125415      -0.34644895151472338     
   2.4544544544544546      -0.72193756058797642      -0.34939721368765092     
   2.4584584584584586      -0.72602532278785292      -0.35234202054396457     
   2.4624624624624625      -0.73007115069139672      -0.35528334296139358     
   2.4664664664664664      -0.73407526161775916      -0.35822115185212722     
   2.4704704704704703      -0.73803788325253183      -0.36115541816310109     
   2.4744744744744747      -0.74195924189984164      -0.36408611287628395     
   2.4784784784784786      -0.74583957302673654      -0.36701320700896528     
   2.4824824824824825      -0.74967911107053564      -0.36993667161404292     
   2.4864864864864864      -0.75347809853455650      -0.37285647778030850     
   2.4904904904904903      -0.75723677716656579      -0.37577259663273233     
   2.4944944944944947      -0.76095539578139471      -0.37868499933275035     
   2.4984984984984986      -0.76463420264474169      -0.38159365707854853     
   2.5025025025025025      -0.76827345218036958      -0.38449854110534887     
   2.5065065065065064      -0.77187339841058356      -0.38739962268569306     
   2.5105105105105103      -0.77543430068918462      -0.39029687312972527     
   2.5145145145145147      -0.77895641806568738      -0.39319026378547894     
   2.5185185185185186      -0.78244001416999431      -0.39607976603915657     
   2.5225225225225225      -0.78588535238189994      -0.39896535131541627     
   2.5265265265265264      -0.78929269997948326      -0.40184699107765126     
   2.5305305305305303      -0.79266232400869496      -0.40472465682827302     
   2.5345345345345347      -0.79599449479471318      -0.40759832010899633     
   2.5385385385385386      -0.79928948241848308      -0.41046795250111373     
   2.5425425425425425      -0.80254755967869551      -0.41333352562578402     
   2.5465465465465464      -0.80576899909308342      -0.41619501114430751     
   2.5505505505505504      -0.80895407538819042      -0.41905238075840956     
   2.5545545545545547      -0.81210306295313173      -0.42190560621051959     
   2.5585585585585586      -0.81521623792484088      -0.42475465928404776     
   2.5625625625625625      -0.81829387603090575      -0.42759951180366890     
   2.5665665665665665      -0.82133625432948387      -0.43044013563559802     
   2.5705705705705704      -0.82434364938580107      -0.43327650268786827     
   2.5745745745745747      -0.82731633871831378      -0.43610858491061100     
   2.5785785785785786      -0.83025459926059053      -0.43893635429633066     
   2.5825825825825826      -0.83315870855851115      -0.44175978288018303     
   2.5865865865865865      -0.83602894347559231      -0.44457884274025233     
   2.5905905905905904      -0.83886558117998944      -0.44739350599782673     
   2.5945945945945947      -0.84166889805695355      -0.45020374481767333     
   2.5985985985985987      -0.84443917051905970      -0.45300953140831385     
   2.6026026026026026      -0.84717667409445729      -0.45581083802230121     
   2.6066066066066065      -0.84988168408904818      -0.45860763695649065     
   2.6106106106106104      -0.85255447482355184      -0.46139990055231678     
   2.6146146146146148      -0.85519532017224076      -0.46418760119606622     
   2.6186186186186187      -0.85780449292566963      -0.46697071131914791     
   2.6226226226226226      -0.86038226522695849      -0.46974920339837051     
   2.6266266266266265      -0.86292890804038813      -0.47252304995621180     
   2.6306306306306309      -0.86544469150307302      -0.47529222356109002     
   2.6346346346346348      -0.86792988448253583      -0.47805669682763591     
   2.6386386386386387      -0.87038475485887890      -0.48081644241696481     
   2.6426426426426426      -0.87280956915697883      -0.48357143303694416     
   2.6466466466466465      -0.87520459277190077      -0.48632164144246637     
   2.6506506506506509      -0.87757008966353345      -0.48906704043571703     
   2.6546546546546548      -0.87990632253595791      -0.49180760286644165     
   2.6586586586586587      -0.88221355258422185      -0.49454330163221849     
   2.6626626626626626      -0.88449203963662670      -0.49727410967872404     
   2.6666666666666665      -0.88674204194494788      -0.49999999999999972     
   2.6706706706706709      -0.88896381629711019      -0.50272094563872161     
   2.6746746746746748      -0.89115761784354675      -0.50543691968646454     
   2.6786786786786787      -0.89332370018644769      -0.50814789528396909     
   2.6826826826826826      -0.89546231523613173      -0.51085384562140823     
   2.6866866866866865      -0.89757371328197533      -0.51355474393865141     
   2.6906906906906909      -0.89965814287365908      -0.51625056352552878     
   2.6946946946946948      -0.90171585087798234      -0.51894127772209564     
   2.6986986986986987      -0.90374708238068302      -0.52162685991889768     
   2.7027027027027026      -0.90575208073257119      -0.52430728355723144     
   2.7067067067067065      -0.90773108746834430      -0.52698252212940910     
   2.7107107107107109      -0.90968434234482443      -0.52965254917902060     
   2.7147147147147148      -0.91161208327378196      -0.53231733830119188     
   2.7187187187187187      -0.91351454635453311      -0.53497686314285131     
   2.7227227227227226      -0.91539196581827875      -0.53763109740298709     
   2.7267267267267266      -0.91724457405688142      -0.54028001483290666     
   2.7307307307307309      -0.91907260157664361      -0.54292358923649919     
   2.7347347347347348      -0.92087627702470365      -0.54556179447049191     
   2.7387387387387387      -0.92265582715053573      -0.54819460444470958     
   2.7427427427427427      -0.92441147683110403      -0.55082199312233360     
   2.7467467467467466      -0.92614344903864643      -0.55344393452015828     
   2.7507507507507509      -0.92785196486548438      -0.55606040270884749     
   2.7547547547547548      -0.92953724349688727      -0.55867137181319182     
   2.7587587587587588      -0.93119950223624015      -0.56127681601236501     
   2.7627627627627627      -0.93283895648197890      -0.56387670954017755     
   2.7667667667667666      -0.93445581975365699      -0.56647102668533345     
   2.7707707707707709      -0.93605030367209996      -0.56905974179168384     
   2.7747747747747749      -0.93762261798678681      -0.57164282925847854     
   2.7787787787787788      -0.93917297055850379      -0.57422026354062317     
   2.7827827827827827      -0.94070156738835142      -0.57679201914892952     
   2.7867867867867866      -0.94220861260228805      -0.57935807065036660     
   2.7907907907907910      -0.94369430848199221      -0.58191839266831491     
   2.7947947947947949      -0.94515885545077305      -0.58447295988281489     
   2.7987987987987988      -0.94660245210645533      -0.58702174703081833     
   2.8028028028028027      -0.94802529520820444      -0.58956472890643896     
   2.8068068068068066      -0.94942757971156344      -0.59210188036120082     
   2.8108108108108110      -0.95080949875578014      -0.59463317630428647     
   2.8148148148148149      -0.95217124370110295      -0.59715859170278585     
   2.8188188188188188      -0.95351300411624818      -0.59967810158194468     
   2.8228228228228227      -0.95483496781802535      -0.60219168102540921     
   2.8268268268268266      -0.95613732085862035      -0.60469930517547521     
   2.8308308308308310      -0.95742024756760791      -0.60720094923333168     
   2.8348348348348349      -0.95868393053875989      -0.60969658845930674     
   2.8388388388388388      -0.95992855067448790      -0.61218619817311326     
   2.8428428428428427      -0.96115428717189955      -0.61466975375409216     
   2.8468468468468466      -0.96236131756972310      -0.61714723064145482     
   2.8508508508508510      -0.96354981773335058      -0.61961860433452842     
   2.8548548548548549      -0.96471996190428799      -0.62208385039299596     
   2.8588588588588588      -0.96587192268394073      -0.62454294443713865     
   2.8628628628628627      -0.96700587108563807      -0.62699586214807834     
   2.8668668668668666      -0.96812197651691767      -0.62944257926801550     
   2.8708708708708710      -0.96922040683419364      -0.63188307160047208     
   2.8748748748748749      -0.97030132832329585      -0.63431731501052735     
   2.8788788788788788      -0.97136490575684808      -0.63674528542506048     
   2.8828828828828827      -0.97241130237283302      -0.63916695883298458     
   2.8868868868868871      -0.97344067993476013      -0.64158231128548815     
   2.8908908908908910      -0.97445319870802072      -0.64399131889626826     
   2.8948948948948949      -0.97544901752293978      -0.64639395784176901     
   2.8988988988988988      -0.97642829374868267      -0.64879020436141721     
   2.9029029029029028      -0.97739118335930042      -0.65118003475785557     
   2.9069069069069071      -0.97833784090494569      -0.65356342539717915     
   2.9109109109109110      -0.97926841958103505      -0.65594035270916740     
   2.9149149149149149      -0.98018307119652881      -0.65831079318751873     
   2.9189189189189189      -0.98108194624634792      -0.66067472339008115     
   2.9229229229229228      -0.98196519387646819      -0.66303211993908662     
   2.9269269269269271      -0.98283296195974434      -0.66538295952137938     
   2.9309309309309310      -0.98368539705755609      -0.66772721888864839     
   2.9349349349349350      -0.98452264449921734      -0.67006487485765742     
   2.9389389389389389      -0.98534484833989977      -0.67239590431047236     
   2.9429429429429428      -0.98615215144382551      -0.67472028419469232     
   2.9469469469469471      -0.98694469543817354      -0.67703799152367616     
   2.9509509509509511      -0.98772262080028617      -0.67934900337676973     
   2.9549549549549550      -0.98848606680724938      -0.68165329689953269     
   2.9589589589589589      -0.98923517162735430      -0.68395084930396566     
   2.9629629629629628      -0.98997007226502964      -0.68624163786873338     
   2.9669669669669672      -0.99069090465683463      -0.68852563993939209     
   2.9709709709709711      -0.99139780361139396      -0.69080283292861111     
   2.9749749749749750      -0.99209090291022572      -0.69307319431639702     
   2.9789789789789789      -0.99277033524230485      -0.69533670165031769     
   2.9829829829829828      -0.99343623231007050      -0.69759333254572287     
   2.9869869869869872      -0.99408872475820464      -0.69984306468596547     
   2.9909909909909911      -0.99472794228520411      -0.70208587582262250     
   2.9949949949949950      -0.99535401356592723      -0.70432174377571644     
   2.9989989989989989      -0.99596706636915266      -0.70655064643393228     
   3.0030030030030028      -0.99656722747342064      -0.70877256175483805     
   3.0070070070070072      -0.99715462279103573      -0.71098746776510247     
   3.0110110110110111      -0.99772937727668010      -0.71319534256071015     
   3.0150150150150150      -0.99829161505838471      -0.71539616430718178     
   3.0190190190190189      -0.99884145933833235      -0.71758991123978788     
   3.0230230230230228      -0.99937903253137439      -0.71977656166376336     
   3.0270270270270272      -0.99990445615739154      -0.72195609395452442     
   3.0310310310310311       -1.0004178509880002      -0.72412848655788031     
   3.0350350350350350       -1.0009193369297644      -0.72629371799024711     
   3.0390390390390389       -1.0014090331798129      -0.72845176683886070     
   3.0430430430430429       -1.0018870580991239      -0.73060261176198871     
   3.0470470470470472       -1.0023535293778560      -0.73274623148913987     
   3.0510510510510511       -1.0028085638978361      -0.73488260482127588     
   3.0550550550550550       -1.0032522779085022      -0.73701171063102133     
   3.0590590590590589       -1.0036847868776391      -0.73913352786287101     
   3.0630630630630629       -1.0041062056789205      -0.74124803553339991     
   3.0670670670670672       -1.0045166484298349      -0.74335521273147032     
   3.0710710710710711       -1.0049162286919378      -0.74545503861843621     
   3.0750750750750750       -1.0053050592947776      -0.74754749242835339     
   3.0790790790790790       -1.0056832525500992      -0.74963255346818258     
   3.0830830830830829       -1.0060509200604564      -0.75171020111799314     
   3.0870870870870872       -1.0064081729487340      -0.75378041483116953     
   3.0910910910910911       -1.0067551216500090      -0.75584317413461222     
   3.0950950950950951       -1.0070918761578920      -0.75789845862894101     
   3.0990990990990990       -1.0074185457980394      -0.75994624798869759     
   3.1031031031031029       -1.0077352394929870      -0.76198652196254535     
   3.1071071071071072       -1.0080420655155642      -0.76401926037346968     
   3.1111111111111112       -1.0083391317740351      -0.76604444311897801     
   3.1151151151151151       -1.0086265455435073      -0.76806205017129969     
   3.1191191191191190       -1.0089044137733625      -0.77007206157758090     
   3.1231231231231229       -1.0091728427946025      -0.77207445746008596     
   3.1271271271271273       -1.0094319386516912      -0.77406921801639050     
   3.1311311311311312       -1.0096818067836189      -0.77605632351957909     
   3.1351351351351351       -1.0099225523824653      -0.77803575431843974     
   3.1391391391391390       -1.0101542800457910      -0.78000749083765863     
   3.1431431431431434       -1.0103770941643520      -0.78197151357801342     
   3.1471471471471473       -1.0105910985433524      -0.78392780311656574     
   3.1511511511511512       -1.0107963968217915      -0.78587634010685492     
   3.1551551551551551       -1.0109930920600669      -0.78781710527908644     
   3.1591591591591590       -1.0111812871934789      -0.78975007944032583     
   3.1631631631631634       -1.0113610845836516      -0.79167524347468532     
   3.1671671671671673       -1.0115325865086853      -0.79359257834351493     
   3.1711711711711712       -1.0116958946759653      -0.79550206508559018     
   3.1751751751751751       -1.0118511107512829      -0.79740368481729929     
   3.1791791791791790       -1.0119983358308389      -0.79929741873283011     
   3.1831831831831834       -1.0121376710113381      -0.80118324810435748     
   3.1871871871871873       -1.0122692168194085      -0.80306115428222580     
   3.1911911911911912       -1.0123930738241320      -0.80493111869513456     
   3.1951951951951951       -1.0125093420227853      -0.80679312285032412     
   3.1991991991991990       -1.0126181214964454      -0.80864714833375495     
   3.2032032032032034       -1.0127195117519223      -0.81049317681029209     
   3.2072072072072073       -1.0128136124199270      -0.81233119002388610     
   3.2112112112112112       -1.0129005225544663      -0.81416116979775310     
   3.2152152152152151       -1.0129803413713729      -0.81598309803455449     
   3.2192192192192191       -1.0130531675084056      -0.81779695671657726     
   3.2232232232232234       -1.0131190997996657      -0.81960272790591171     
   3.2272272272272273       -1.0131782365022854      -0.82140039374462503     
   3.2312312312312312       -1.0132306760991814      -0.82318993645494509     
   3.2352352352352352       -1.0132765165017603      -0.82497133833943015     
   3.2392392392392391       -1.0133158558693833      -0.82674458178114651     
   3.2432432432432434       -1.0133487918022059      -0.82850964924384241     
   3.2472472472472473       -1.0133754221603359      -0.83026652327212114     
   3.2512512512512513       -1.0133958442670903      -0.83201518649161355     
   3.2552552552552552       -1.0134101557038255      -0.83375562160915107     
   3.2592592592592591       -1.0134184535518305      -0.83548781141293604     
   3.2632632632632634       -1.0134208351297840      -0.83721173877271049     
   3.2672672672672673       -1.0134173973127523      -0.83892738663992716     
   3.2712712712712713       -1.0134082365464230      -0.84063473804791811     
   3.2752752752752752       -1.0133934500333188      -0.84233377611206173     
   3.2792792792792791       -1.0133731340971690      -0.84402448402995045     
   3.2832832832832834       -1.0133473858615398      -0.84570684508155636     
   3.2872872872872874       -1.0133163014064721      -0.84738084262939606     
   3.2912912912912913       -1.0132799777092807      -0.84904646011869733     
   3.2952952952952952       -1.0132385107032091      -0.85070368107756111     
   3.2992992992992991       -1.0131919971625751      -0.85235248911712369     
   3.3033033033033035       -1.0131405329581413      -0.85399286793172058     
   3.3073073073073074       -1.0130842146099921      -0.85562480129904661     
   3.3113113113113113       -1.0130231379997965      -0.85724827308031681     
   3.3153153153153152       -1.0129573993580139      -0.85886326722042616     
   3.3193193193193191       -1.0128870946110538      -0.86046976774810746     
   3.3233233233233235       -1.0128123197306169      -0.86206775877609132     
   3.3273273273273274       -1.0127331706377238      -0.86365722450126015     
   3.3313313313313313       -1.0126497431177286      -0.86523814920480790     
   3.3353353353353352       -1.0125621330373780      -0.86681051725239255     
   3.3393393393393391       -1.0124704360470131      -0.86837431309429247     
   3.3433433433433435       -1.0123747479247334      -0.86992952126555956     
   3.3473473473473474       -1.0122751642193046      -0.87147612638617244     
   3.3513513513513513       -1.0121717805969723      -0.87301411316118827     
   3.3553553553553552       -1.0120646925235641      -0.87454346638089397     
   3.3593593593593591       -1.0119539955382419      -0.87606417092095756     
   3.3633633633633635       -1.0118397850306449      -0.87757621174257716     
   3.3673673673673674       -1.0117221564026717      -0.87907957389262847     
   3.3713713713713713       -1.0116012049651921      -0.88057424250381433     
   3.3753753753753752       -1.0114770259751487      -0.88206020279481123     
   3.3793793793793796       -1.0113497146549326      -0.88353744007041513     
   3.3833833833833835       -1.0112193661091100      -0.88500593972168740     
   3.3873873873873874       -1.0110860754565882      -0.88646568722609875     
   3.3913913913913913       -1.0109499376405722      -0.88791666814767278     
   3.3953953953953953       -1.0108110476576364      -0.88935886813712972     
   3.3993993993993996       -1.0106695002776016      -0.89079227293202790     
   3.4034034034034035       -1.0105253903530980      -0.89221686835690339     
   3.4074074074074074       -1.0103788124643855      -0.89363264032341194     
   3.4114114114114114       -1.0102298612965057      -0.89503957483046781     
   3.4154154154154153       -1.0100786312190744      -0.89643765796438168     
   3.4194194194194196       -1.0099252167241963      -0.89782687589899912     
   3.4234234234234235       -1.0097697119445526      -0.89920721489583688     
   3.4274274274274275       -1.0096122111520283      -0.90057866130421815     
   3.4314314314314314       -1.0094528082112355      -0.90194120156140900     
   3.4354354354354353       -1.0092915971436063      -0.90329482219275192     
   3.4394394394394396       -1.0091286715110648      -0.90463950981179775     
   3.4434434434434436       -1.0089641250490518      -0.90597525112043964     
   3.4474474474474475       -1.0087980509818180      -0.90730203290904421     
   3.4514514514514514       -1.0086305427133633      -0.90861984205658186     
   3.4554554554554553       -1.0084616931008721      -0.90992866553075646     
   3.4594594594594597       -1.0082915951530900      -0.91122849038813580     
   3.4634634634634636       -1.0081203413452073      -0.91251930377427593     
   3.4674674674674675       -1.0079480242029308      -0.91380109292385281     
   3.4714714714714714       -1.0077747358109148      -0.91507384516078560     
   3.4754754754754753       -1.0076005681445663      -0.91633754789836286     
   3.4794794794794797       -1.0074256128293568      -0.91759218863936631     
   3.4834834834834836       -1.0072499612551054      -0.91883775497619591     
   3.4874874874874875       -1.0070737045167908      -0.92007423459099136     
   3.4914914914914914       -1.0068969333659159      -0.92130161525575383     
   3.4954954954954953       -1.0067197382995201      -0.92251988483246850     
   3.4994994994994997       -1.0065422093705851      -0.92372903127322248     
   3.5035035035035036       -1.0063644364029076      -0.92492904262032472     
   3.5075075075075075       -1.0061865086965802      -0.92611990700642566     
   3.5115115115115114       -1.0060085153025056      -0.92730161265463207     
   3.5155155155155153       -1.0058305447381455      -0.92847414787862559     
   3.5195195195195197       -1.0056526851359502      -0.92963750108277710     
   3.5235235235235236       -1.0054750242322501      -0.93079166076226205     
   3.5275275275275275       -1.0052976491166419      -0.93193661550317375     
   3.5315315315315314       -1.0051206466486973      -0.93307235398263721     
   3.5355355355355353       -1.0049441028119350      -0.93419886496891946     
   3.5395395395395397       -1.0047681034870617      -0.93531613732154262     
   3.5435435435435436       -1.0045927334684186      -0.93642415999139206     
   3.5475475475475475       -1.0044180775490776      -0.93752292202082732     
   3.5515515515515514       -1.0042442192640364      -0.93861241254378924     
   3.5555555555555554       -1.0040712421739879      -0.93969262078590843     
   3.5595595595595597       -1.0038992285042965      -0.94076353606461116     
   3.5635635635635636       -1.0037282604714020      -0.94182514778922477     
   3.5675675675675675       -1.0035584188279869      -0.94287744546108421     
   3.5715715715715715       -1.0033897844060951      -0.94392041867363274     
   3.5755755755755754       -1.0032224363144542      -0.94495405711252811     
   3.5795795795795797       -1.0030564539367821      -0.94597835055574231     
   3.5835835835835836       -1.0028919145691217      -0.94699328887366330     
   3.5875875875875876       -1.0027288960606477      -0.94799886202919548     
   3.5915915915915915       -1.0025674738187529      -0.94899506007785894     
   3.5955955955955954       -1.0024077238725491      -0.94998187316788696     
   3.5995995995995997       -1.0022497198328959      -0.95095929154032532     
   3.6036036036036037       -1.0020935355147631      -0.95192730552912663     
   3.6076076076076076       -1.0019392429008018      -0.95288590556124664     
   3.6116116116116115       -1.0017869131645605      -0.95383508215674029     
   3.6156156156156154       -1.0016366167665678      -0.95477482592885354     
   3.6196196196196198       -1.0014884218858096      -0.95570512758411708     
   3.6236236236236237       -1.0013423974908298      -0.95662597792243798     
   3.6276276276276276       -1.0011986084616500      -0.95753736783719101     
   3.6316316316316315       -1.0010571223188904      -0.95843928831530878     
   3.6356356356356359       -1.0009180002411189      -0.95933173043737030     
   3.6396396396396398       -1.0007813084371560      -0.96021468537768961     
   3.6436436436436437       -1.0006471039061515      -0.96108814440440271     
   3.6476476476476476       -1.0005154516751271      -0.96195209887955480     
   3.6516516516516515       -1.0003864042729371      -0.96280654025918444     
   3.6556556556556559       -1.0002600252696003      -0.96365146009340885     
   3.6596596596596598       -1.0001363628973607      -0.96448685002650714     
   3.6636636636636637       -1.0000154785378010      -0.96531270179700357     
   3.6676676676676676      -0.99989741673559573      -0.96612900723774797     
   3.6716716716716715      -0.99978223557375046      -0.96693575827599820     
   3.6756756756756759      -0.99966997680254233      -0.96773294693349898     
   3.6796796796796798      -0.99956069372282785      -0.96852056532655983     
   3.6836836836836837      -0.99945442683256247      -0.96929860566613557     
   3.6876876876876876      -0.99935122225250528      -0.97006706025790090     
   3.6916916916916915      -0.99925112169793906      -0.97082592150232783     
   3.6956956956956959      -0.99915416097368304      -0.97157518189476044     
   3.6996996996996998      -0.99906038596050561      -0.97231483402548924     
   3.7037037037037037      -0.99896981872697554      -0.97304487057982392     
   3.7077077077077076      -0.99888251243173698      -0.97376528433816678     
   3.7117117117117115      -0.99879847188392190      -0.97447606817608323     
   3.7157157157157159      -0.99871776059209028      -0.97517721506437227     
   3.7197197197197198      -0.99864036299009973      -0.97586871806913611     
   3.7237237237237237      -0.99856635494826040      -0.97655057035184933     
   3.7277277277277276      -0.99849569924263293      -0.97722276516942586     
   3.7317317317317316      -0.99842848360649306      -0.97788529587428519     
   3.7357357357357359      -0.99836465091924798      -0.97853815591441973     
   3.7397397397397398      -0.99830429661247788      -0.97918133883345804     
   3.7437437437437437      -0.99824735005302712      -0.97981483827072935     
   3.7477477477477477      -0.99819390437016553      -0.98043864796132674     
   3.7517517517517516      -0.99814388869164428      -0.98105276173616807     
   3.7557557557557559      -0.99809737637594020      -0.98165717352205806     
   3.7597597597597598      -0.99805431740228845      -0.98225187734174813     
   3.7637637637637638      -0.99801473955748143      -0.98283686731399489     
   3.7677677677677677      -0.99797864359305744      -0.98341213765361879     
   3.7717717717717716      -0.99794597731267543      -0.98397768267156138     
   3.7757757757757759      -0.99791682958880878      -0.98453349677494195     
   3.7797797797797799      -0.99789102824164622      -0.98507957446711136     
   3.7837837837837838      -0.99786879088547398      -0.98561591034770824     
   3.7877877877877877      -0.99784978547859549      -0.98614249911271146     
   3.7917917917917916      -0.99783439389828199      -0.98665933555449192     
   3.7957957957957960      -0.99782209584385773      -0.98716641456186571     
   3.7997997997997999      -0.99781345405999289      -0.98766373112014327     
   3.8038038038038038      -0.99780775946448796      -0.98815128031117960     
   3.8078078078078077      -0.99780573370472447      -0.98862905731342254     
   3.8118118118118116      -0.99780652888695220      -0.98909705740196108     
   3.8158158158158160      -0.99781094074470977      -0.98955527594857173     
   3.8198198198198199      -0.99781810891704870      -0.99000370842176366     
   3.8238238238238238      -0.99782872803512823      -0.99044235038682449     
   3.8278278278278277      -0.99784215313218894      -0.99087119750586350     
   3.8318318318318316      -0.99785869300860863      -0.99129024553785516     
   3.8358358358358360      -0.99787826065857654      -0.99169949033868066     
   3.8398398398398399      -0.99790038115108026      -0.99209892786116838     
   3.8438438438438438      -0.99792597066240352      -0.99248855415513493     
   3.8478478478478477      -0.99795329154938239      -0.99286836536742351     
   3.8518518518518516      -0.99798475366195616      -0.99323835774194280     
   3.8558558558558560      -0.99801688539410738      -0.99359852761970280     
   3.8598598598598599      -0.99805400044299086      -0.99394887143885202     
   3.8638638638638638      -0.99809059707374681      -0.99428938573471282     
   3.8678678678678677      -0.99813300950372552      -0.99462006713981466     
   3.8718718718718717      -0.99817384583763002      -0.99494091238392857     
   3.8758758758758760      -0.99822097590084402      -0.99525191829409909     
   3.8798798798798799      -0.99826604387322571      -0.99555308179467450     
   3.8838838838838838      -0.99831698754726261      -0.99584439990733942     
   3.8878878878878878      -0.99836659329398958      -0.99612586975114281     
   3.8918918918918921      -0.99842003779574684      -0.99639748854252641     
   3.8958958958958960      -0.99847486123490437      -0.99665925359535279     
   3.8998998998998999      -0.99852906709098432      -0.99691116232093191     
   3.9039039039039038      -0.99859011927673125      -0.99715321222804643     
   3.9079079079079078      -0.99864304820785921      -0.99738540092297623     
   3.9119119119119121      -0.99871143307300503      -0.99760772610952264     
   3.9159159159159160      -0.99876112705806575      -0.99782018558903074     
   3.9199199199199199      -0.99883749464059846      -0.99802277726041111     
   3.9239239239239239      -0.99888281915094090      -0.99821549912016083     
   3.9279279279279278      -0.99896640891551247      -0.99839834926238302     
   3.9319319319319321      -0.99900823336187394      -0.99857132587880604     
   3.9359359359359360      -0.99909548506686752      -0.99873442725880057     
   3.9399399399399400      -0.99913824160091913      -0.99888765178939798     
   3.9439439439439439      -0.99922115169718684      -0.99903099795530448     
   3.9479479479479478      -0.99927442815725243      -0.99916446433891781     
   3.9519519519519521      -0.99933921528261349      -0.99928804962034024     
   3.9559559559559561      -0.99941854084940906      -0.99940175257739150     
   3.9599599599599600      -0.99944580636867641      -0.99950557208562174     
   3.9639639639639639      -0.99957105462663798      -0.99959950711832180     
   3.9679679679679678      -0.99953944556371421      -0.99968355674653397     
   3.9719719719719722      -0.99972843926128729      -0.99975772013906072     
   3.9759759759759761      -0.99962456661559129      -0.99982199656247328     
   3.9799799799799800      -0.99987899016407089      -0.99987638538111856     
   3.9839839839839839      -0.99971620026296648      -0.99992088605712559     
   3.9879879879879878      -0.99999809624971114      -0.99995549815041107     
   3.9919919919919922      -0.99984372620215223      -0.99998022131868336     
   3.9959959959959961       -1.0000507581607863      -0.99999505531744570     
   4.0000000000000000       -1.0000000000000000       -1.0000000000000000     
