   0.0000000000000000        1.0000000000000000       0.99999999999999989     
   4.0040040040040040E-003  0.99963148723063744       0.99999505531744592     
   8.0080080080080079E-003  0.99999266800995334       0.99998022131868325     
   1.2012012012012012E-002  0.99973334522836987       0.99995549815041107     
   1.6016016016016016E-002   1.0002131904453582       0.99992088605712559     
   2.0020020020020020E-002  0.99993300976068900       0.99987638538111856     
   2.4024024024024024E-002   1.0003897095059791       0.99982199656247328     
   2.8028028028028028E-002   1.0001819934755383       0.99975772013906072     
   3.2032032032032032E-002   1.0005602442475385       0.99968355674653397     
   3.6036036036036036E-002   1.0004503277402479       0.99959950711832180     
   4.0040040040040040E-002   1.0007424804907148       0.99950557208562174     
   4.4044044044044044E-002   1.0007233937362592       0.99940175257739161     
   4.8048048048048048E-002   1.0009426173805875       0.99928804962034012     
   5.2052052052052052E-002   1.0009949889431375       0.99916446433891792     
   5.6056056056056056E-002   1.0011608361243096       0.99903099795530459     
   6.0060060060060060E-002   1.0012631764865372       0.99888765178939798     
   6.4064064064064064E-002   1.0013944914656594       0.99873442725880068     
   6.8068068068068074E-002   1.0015278993887531       0.99857132587880615     
   7.2072072072072071E-002   1.0016398920341549       0.99839834926238324     
   7.6076076076076082E-002   1.0017896850673538       0.99821549912016094     
   8.0080080080080079E-002   1.0018932279014194       0.99802277726041122     
   8.4084084084084090E-002   1.0020490021492627       0.99782018558903074     
   8.8088088088088087E-002   1.0021509996180387       0.99760772610952264     
   9.2092092092092098E-002   1.0023059913205967       0.99738540092297623     
   9.6096096096096095E-002   1.0024101695067991       0.99715321222804643     
  0.10010010010010011        1.0025603984783131       0.99691116232093191     
  0.10410410410410410        1.0026681687127128       0.99665925359535279     
  0.10810810810810811        1.0028116072643565       0.99639748854252641     
  0.11211211211211211        1.0029228384045215       0.99612586975114281     
  0.11611611611611612        1.0030587121590919       0.99584439990733964     
  0.12012012012012012        1.0031723486890629       0.99555308179467450     
  0.12412412412412413        1.0033005999566851       0.99525191829409887     
  0.12812812812812813        1.0034151182531794       0.99494091238392868     
  0.13213213213213212        1.0035360242497404       0.99462006713981466     
  0.13613613613613615        1.0036497448915414       0.99428938573471282     
  0.14014014014014015        1.0037636665458369       0.99394887143885213     
  0.14414414414414414        1.0038749504127251       0.99359852761970280     
  0.14814814814814814        1.0039821827117346       0.99323835774194291     
  0.15215215215215216        1.0040895397515603       0.99286836536742373     
  0.15615615615615616        1.0041902359244317       0.99248855415513493     
  0.16016016016016016        1.0042923724075241       0.99209892786116838     
  0.16416416416416416        1.0043865184263643       0.99169949033868066     
  0.16816816816816818        1.0044823439632893       0.99129024553785539     
  0.17217217217217218        1.0045697644226077       0.99087119750586361     
  0.17617617617617617        1.0046583749749445       0.99044235038682449     
  0.18018018018018017        1.0047387565571337       0.99000370842176388     
  0.18418418418418420        1.0048194053254218       0.98955527594857196     
  0.18818818818818819        1.0048923279056534       0.98909705740196130     
  0.19219219219219219        1.0049643921722362       0.98862905731342254     
  0.19619619619619619        1.0050293610005090       0.98815128031117949     
  0.20020020020020021        1.0050923101467302       0.98766373112014327     
  0.20420420420420421        1.0051487853430148       0.98716641456186571     
  0.20820820820820821        1.0052021528635862       0.98665933555449203     
  0.21221221221221220        1.0052495738184548       0.98614249911271146     
  0.21621621621621623        1.0052929346811375       0.98561591034770846     
  0.22022022022022023        1.0053307389842674       0.98507957446711159     
  0.22422422422422422        1.0053636927152929       0.98453349677494206     
  0.22822822822822822        1.0053913297380317       0.98397768267156138     
  0.23223223223223224        1.0054134885135986       0.98341213765361868     
  0.23623623623623624        1.0054304279057245       0.98283686731399489     
  0.24024024024024024        1.0054414091328103       0.98225187734174813     
  0.24424424424424424        1.0054471457420961       0.98165717352205828     
  0.24824824824824826        1.0054465681981422       0.98105276173616818     
  0.25225225225225223        1.0054406244293295       0.98043864796132674     
  0.25625625625625625        1.0054281077236105       0.97981483827072957     
  0.26026026026026028        1.0054100319398833       0.97918133883345804     
  0.26426426426426425        1.0053851949867985       0.97853815591441973     
  0.26826826826826827        1.0053545600186629       0.97788529587428519     
  0.27227227227227230        1.0053170233221034       0.97722276516942586     
  0.27627627627627627        1.0052734242450603       0.97655057035184956     
  0.28028028028028029        1.0052228116670012       0.97586871806913633     
  0.28428428428428426        1.0051658631894655       0.97517721506437238     
  0.28828828828828829        1.0051018037554260       0.97447606817608334     
  0.29229229229229231        1.0050311377076848       0.97376528433816700     
  0.29629629629629628        1.0049532672327866       0.97304487057982403     
  0.30030030030030030        1.0048685303198928       0.97231483402548924     
  0.30430430430430433        1.0047764927402334       0.97157518189476044     
  0.30830830830830830        1.0046773446352681       0.97082592150232794     
  0.31231231231231232        1.0045707930014278       0.97006706025790113     
  0.31631631631631629        1.0044569047963499       0.96929860566613568     
  0.32032032032032032        1.0043355019338058       0.96852056532656006     
  0.32432432432432434        1.0042065549268395       0.96773294693349898     
  0.32832832832832831        1.0040699737972838       0.96693575827599854     
  0.33233233233233234        1.0039256585744389       0.96612900723774819     
  0.33633633633633636        1.0037735823865903       0.96531270179700357     
  0.34034034034034033        1.0036135981454477       0.96448685002650714     
  0.34434434434434436        1.0034457202688594       0.96365146009340885     
  0.34834834834834832        1.0032697743315397       0.96280654025918455     
  0.35235235235235235        1.0030857980652801       0.96195209887955491     
  0.35635635635635637        1.0028936055313884       0.96108814440440293     
  0.36036036036036034        1.0026932437737546       0.96021468537768961     
  0.36436436436436437        1.0024845272706884       0.95933173043737041     
  0.36836836836836839        1.0022675021286032       0.95843928831530878     
  0.37237237237237236        1.0020419916246392       0.95753736783719101     
  0.37637637637637639        1.0018080339934887       0.95662597792243798     
  0.38038038038038036        1.0015654666466176       0.95570512758411708     
  0.38438438438438438        1.0013143157836226       0.95477482592885377     
  0.38838838838838841        1.0010544358067015       0.95383508215674051     
  0.39239239239239238        1.0007858389139155       0.95288590556124697     
  0.39639639639639640        1.0005083974425810       0.95192730552912663     
  0.40040040040040042        1.0002221092701209       0.95095929154032544     
  0.40440440440440439       0.99992686422533050       0.94998187316788707     
  0.40840840840840842       0.99962264670087775       0.94899506007785894     
  0.41241241241241239       0.99930936264144832       0.94799886202919548     
  0.41641641641641641       0.99898698452863666       0.94699328887366341     
  0.42042042042042044       0.99865543249245503       0.94597835055574242     
  0.42442442442442441       0.99831466907825839       0.94495405711252856     
  0.42842842842842843       0.99796462641247907       0.94392041867363297     
  0.43243243243243246       0.99760525922228604       0.94287744546108421     
  0.43643643643643643       0.99723650940428443       0.94182514778922499     
  0.44044044044044045       0.99685832594214474       0.94076353606461094     
  0.44444444444444442       0.99647065839353022       0.93969262078590843     
  0.44844844844844844       0.99607345190479191       0.93861241254378935     
  0.45245245245245247       0.99566666180116781       0.93752292202082743     
  0.45645645645645644       0.99525023105453836       0.93642415999139239     
  0.46046046046046046       0.99482411913349833       0.93531613732154295     
  0.46446446446446449       0.99438826821963366       0.93419886496891991     
  0.46846846846846846       0.99394264058953996       0.93307235398263733     
  0.47247247247247248       0.99348717873366055       0.93193661550317397     
  0.47647647647647645       0.99302184668506399       0.93079166076226205     
  0.48048048048048048       0.99254658807136198       0.92963750108277710     
  0.48448448448448450       0.99206136789279964       0.92847414787862570     
  0.48848848848848847       0.99156613149884076       0.92730161265463229     
  0.49249249249249250       0.99106084429828489       0.92611990700642588     
  0.49649649649649652       0.99054545373787928       0.92492904262032505     
  0.50050050050050054       0.99001992527076144       0.92372903127322259     
  0.50450450450450446       0.98948420864421804       0.92251988483246872     
  0.50850850850850848       0.98893826914867333       0.92130161525575405     
  0.51251251251251251       0.98838205889957143       0.92007423459099136     
  0.51651651651651653       0.98781554293920626       0.91883775497619602     
  0.52052052052052056       0.98723867571709589       0.91759218863936653     
  0.52452452452452447       0.98665142203143430       0.91633754789836308     
  0.52852852852852850       0.98605373856004808       0.91507384516078605     
  0.53253253253253252       0.98544558992266684       0.91380109292385314     
  0.53653653653653655       0.98482693487336359       0.91251930377427604     
  0.54054054054054057       0.98419773795753762       0.91122849038813569     
  0.54454454454454460       0.98355795982777183       0.90992866553075669     
  0.54854854854854851       0.98290756507937949       0.90861984205658186     
  0.55255255255255253       0.98224651607617064       0.90730203290904443     
  0.55655655655655656       0.98157477759359968       0.90597525112043986     
  0.56056056056056058       0.98089231352188444       0.90463950981179786     
  0.56456456456456461       0.98019908894267527       0.90329482219275237     
  0.56856856856856852       0.97949506909854311       0.90194120156140967     
  0.57257257257257255       0.97878021949237048       0.90057866130421826     
  0.57657657657657657       0.97805450656118864       0.89920721489583666     
  0.58058058058058060       0.97731789632889210       0.89782687589899912     
  0.58458458458458462       0.97657035628826450       0.89643765796438168     
  0.58858858858858853       0.97581185306664919       0.89503957483046792     
  0.59259259259259256       0.97504235509411430       0.89363264032341216     
  0.59659659659659658       0.97426182966622432       0.89221686835690384     
  0.60060060060060061       0.97347024605179677       0.89079227293202834     
  0.60460460460460463       0.97266757226235212       0.88935886813713039     
  0.60860860860860866       0.97185377832569309       0.88791666814767300     
  0.61261261261261257       0.97102883300150156       0.88646568722609853     
  0.61661661661661660       0.97019270701373439       0.88500593972168740     
  0.62062062062062062       0.96934536988886089       0.88353744007041513     
  0.62462462462462465       0.96848679299886664       0.88206020279481145     
  0.62862862862862867       0.96761694664429987       0.88057424250381455     
  0.63263263263263259       0.96673580280948623       0.87907957389262892     
  0.63663663663663661       0.96584333256717203       0.87757621174257761     
  0.64064064064064064       0.96493950848856680       0.87606417092095823     
  0.64464464464464466       0.96402430240958636       0.87454346638089420     
  0.64864864864864868       0.96309768747106761       0.87301411316118804     
  0.65265265265265260       0.96215963625788292       0.87147612638617244     
  0.65665665665665662       0.96121012246950621       0.86992952126555978     
  0.66066066066066065       0.96024911942205893       0.86837431309429269     
  0.66466466466466467       0.95927660136731341       0.86681051725239278     
  0.66866866866866870       0.95829254233289163       0.86523814920480835     
  0.67267267267267272       0.95729691711977105       0.86365722450126059     
  0.67667667667667664       0.95628970044646111       0.86206775877609154     
  0.68068068068068066       0.95527086766223857       0.86046976774810768     
  0.68468468468468469       0.95424039415587558       0.85886326722042616     
  0.68868868868868871       0.95319825582539330       0.85724827308031681     
  0.69269269269269274       0.95214442870991300       0.85562480129904683     
  0.69669669669669665       0.95107888925732409       0.85399286793172080     
  0.70070070070070067       0.95000161413838835       0.85235248911712413     
  0.70470470470470470       0.94891258035219817       0.85070368107756156     
  0.70870870870870872       0.94781176518399035       0.84904646011869800     
  0.71271271271271275       0.94669914618525020       0.84738084262939628     
  0.71671671671671666       0.94557470124030474       0.84570684508155602     
  0.72072072072072069       0.94443840845391758       0.84402448402995045     
  0.72472472472472471       0.94329024629595271       0.84233377611206173     
  0.72872872872872874       0.94213019342489934       0.84063473804791822     
  0.73273273273273276       0.94095822888448721       0.83892738663992727     
  0.73673673673673679       0.93977433188692472       0.83721173877271082     
  0.74074074074074070       0.93857848203991745       0.83548781141293649     
  0.74474474474474472       0.93737065910901163       0.83375562160915173     
  0.74874874874874875       0.93615084325768227       0.83201518649161366     
  0.75275275275275277       0.93491901480406958       0.83026652327212069     
  0.75675675675675680       0.93367515446078997       0.82850964924384218     
  0.76076076076076071       0.93241924309759650       0.82674458178114663     
  0.76476476476476474       0.93115126197101850       0.82497133833943037     
  0.76876876876876876       0.92987119250131489       0.82318993645494531     
  0.77277277277277279       0.92857901648498753       0.82140039374462548     
  0.77677677677677681       0.92727471589163213       0.81960272790591149     
  0.78078078078078073       0.92595827305490386       0.81779695671657793     
  0.78478478478478475       0.92462967049262434       0.81598309803455460     
  0.78878878878878878       0.92328889107379386       0.81416116979775299     
  0.79279279279279280       0.92193591786346896       0.81233119002388599     
  0.79679679679679682       0.92057073426507208       0.81049317681029232     
  0.80080080080080085       0.91919332389014352       0.80864714833375506     
  0.80480480480480476       0.91780367067633650       0.80679312285032445     
  0.80880880880880879       0.91640175878121011       0.80493111869513490     
  0.81281281281281281       0.91498757267716191       0.80306115428222591     
  0.81681681681681684       0.91356109706761324       0.80118324810435759     
  0.82082082082082086       0.91212231696079904       0.79929741873283022     
  0.82482482482482478       0.91067121760620640       0.79740368481729917     
  0.82882882882882880       0.90920778454953532       0.79550206508558996     
  0.83283283283283283       0.90773200358696038       0.79359257834351515     
  0.83683683683683685       0.90624386080372799       0.79167524347468543     
  0.84084084084084088       0.90474334254372168       0.78975007944032627     
  0.84484484484484490       0.90323043543423231       0.78781710527908688     
  0.84884884884884881       0.90170512636831646       0.78587634010685514     
  0.85285285285285284       0.90016740251816885       0.78392780311656585     
  0.85685685685685686       0.89861725132791481       0.78197151357801298     
  0.86086086086086089       0.89705466051786575       0.78000749083765841     
  0.86486486486486491       0.89547961808553722       0.77803575431843952     
  0.86886886886886883       0.89389211230287080       0.77605632351957921     
  0.87287287287287285       0.89229213172352051       0.77406921801639061     
  0.87687687687687688       0.89067966517487518       0.77207445746008641     
  0.88088088088088090       0.88905470176988233       0.77007206157758135     
  0.88488488488488493       0.88741723089546354       0.76806205017129980     
  0.88888888888888884       0.88576724222743186       0.76604444311897812     
  0.89289289289289286       0.88410472571657617       0.76401926037346957     
  0.89689689689689689       0.88242967160551899       0.76198652196254524     
  0.90090090090090091       0.88074207041352404       0.75994624798869781     
  0.90490490490490494       0.87904191295432221       0.75789845862894112     
  0.90890890890890896       0.87732919032050583       0.75584317413461199     
  0.91291291291291288       0.87560389390153348       0.75378041483116964     
  0.91691691691691690       0.87386601536844233       0.75171020111799358     
  0.92092092092092093       0.87211554669137170       0.74963255346818269     
  0.92492492492492495       0.87035248012510991       0.74754749242835361     
  0.92892892892892898       0.86857680822576344       0.74545503861843632     
  0.93293293293293289       0.86678852383741323       0.74335521273147021     
  0.93693693693693691       0.86498762010766106       0.74124803553340046     
  0.94094094094094094       0.86317409047567373       0.73913352786287123     
  0.94494494494494496       0.86134792868634980       0.73701171063102144     
  0.94894894894894899       0.85950912877991525       0.73488260482127599     
  0.95295295295295290       0.85765768510462304       0.73274623148913998     
  0.95695695695695693       0.85579359230795293       0.73060261176198882     
  0.96096096096096095       0.85391684534779477       0.72845176683886093     
  0.96496496496496498       0.85202743948526005       0.72629371799024722     
  0.96896896896896900       0.85012537029439617       0.72412848655788020     
  0.97297297297297303       0.84821063365650828       0.72195609395452465     
  0.97697697697697694       0.84628322576851356       0.71977656166376347     
  0.98098098098098097       0.84434314313864955       0.71758991123978799     
  0.98498498498498499       0.84239038259360532       0.71539616430718200     
  0.98898898898898902       0.84042494127547140       0.71319534256071038     
  0.99299299299299304       0.83844681664778320       0.71098746776510235     
  0.99699699699699695       0.83645600649356033       0.70877256175483849     
   1.0010010010010011       0.83445250892041467       0.70655064643393239     
   1.0050050050050050       0.83243632235953624       0.70432174377571666     
   1.0090090090090089       0.83040744556998669       0.70208587582262261     
   1.0130130130130131       0.82836587763850511       0.69984306468596524     
   1.0170170170170170       0.82631161798311559       0.69759333254572309     
   1.0210210210210211       0.82424466635362936       0.69533670165031780     
   1.0250250250250250       0.82216502283466464       0.69307319431639725     
   1.0290290290290289       0.82007268784674514       0.69080283292861089     
   1.0330330330330331       0.81796766214883354       0.68852563993939231     
   1.0370370370370370       0.81584994683991907       0.68624163786873360     
   1.0410410410410411       0.81371954336116081       0.68395084930396588     
   1.0450450450450450       0.81157645349787744       0.68165329689953280     
   1.0490490490490489       0.80942067938135875       0.67934900337676996     
   1.0530530530530531       0.80725222349120940       0.67703799152367639     
   1.0570570570570570       0.80507108865688137       0.67472028419469277     
   1.0610610610610611       0.80287727806028919       0.67239590431047247     
   1.0650650650650650       0.80067079523715368       0.67006487485765720     
   1.0690690690690692       0.79845164407979430       0.66772721888864850     
   1.0730730730730731       0.79621982883837572       0.66538295952137927     
   1.0770770770770770       0.79397535412377596       0.66303211993908673     
   1.0810810810810811       0.79171822490883392       0.66067472339008138     
   1.0850850850850851       0.78944844653119384       0.65831079318751895     
   1.0890890890890892       0.78716602469462849       0.65594035270916762     
   1.0930930930930931       0.78487096547181012       0.65356342539717938     
   1.0970970970970970       0.78256327530573289       0.65118003475785569     
   1.1011011011011012       0.78024296101239099       0.64879020436141710     
   1.1051051051051051       0.77791002978229984       0.64639395784176923     
   1.1091091091091092       0.77556448918310883       0.64399131889626848     
   1.1131131131131131       0.77320634716116776       0.64158231128548826     
   1.1171171171171170       0.77083561204411055       0.63916695883298480     
   1.1211211211211212       0.76845229254244440       0.63674528542506059     
   1.1251251251251251       0.76605639775211121       0.63431731501052790     
   1.1291291291291292       0.76364793715609580       0.63188307160047219     
   1.1331331331331331       0.76122692062696928       0.62944257926801572     
   1.1371371371371370       0.75879335842849704       0.62699586214807856     
   1.1411411411411412       0.75634726121817142       0.62454294443713887     
   1.1451451451451451       0.75388864004882106       0.62208385039299618     
   1.1491491491491492       0.75141750637112970       0.61961860433452864     
   1.1531531531531531       0.74893387203523498       0.61714723064145538     
   1.1571571571571571       0.74643774929322915       0.61466975375409227     
   1.1611611611611612       0.74392915080076139       0.61218619817311382     
   1.1651651651651651       0.74140808961951254       0.60969658845930685     
   1.1691691691691692       0.73887457921877797       0.60720094923333146     
   1.1731731731731732       0.73632863347795940       0.60469930517547543     
   1.1771771771771771       0.73377026668805423       0.60219168102540976     
   1.1811811811811812       0.73119949355425740       0.59967810158194490     
   1.1851851851851851       0.72861632919725872       0.59715859170278607     
   1.1891891891891893       0.72602078915601898       0.59463317630428669     
   1.1931931931931932       0.72341288938883008       0.59210188036120104     
   1.1971971971971973       0.72079264627631168       0.58956472890643952     
   1.2012012012012012       0.71816007662216197       0.58702174703081855     
   1.2052052052052051       0.71551519765646499       0.58447295988281511     
   1.2092092092092093       0.71285802703600942       0.58191839266831502     
   1.2132132132132132       0.71018858284805064       0.57935807065036715     
   1.2172172172172173       0.70750688361003811       0.57679201914892964     
   1.2212212212212212       0.70481294827398655       0.57422026354062339     
   1.2252252252252251       0.70210679622544492       0.57164282925847876     
   1.2292292292292293       0.69938844728864991       0.56905974179168362     
   1.2332332332332332       0.69665792172455276       0.56647102668533400     
   1.2372372372372373       0.69391524023693951       0.56387670954017777     
   1.2412412412412412       0.69116042396930644       0.56127681601236523     
   1.2452452452452452       0.68839349451219667       0.55867137181319193     
   1.2492492492492493       0.68561447389860219       0.55606040270884771     
   1.2532532532532532       0.68282338461291137       0.55344393452015839     
   1.2572572572572573       0.68002024958435858       0.55082199312233371     
   1.2612612612612613       0.67720509219812908       0.54819460444470980     
   1.2652652652652652       0.67437793628624443       0.54556179447049202     
   1.2692692692692693       0.67153880614148465       0.54292358923649942     
   1.2732732732732732       0.66868772650499020       0.54028001483290677     
   1.2772772772772774       0.66582472258378511       0.53763109740298687     
   1.2812812812812813       0.66294982003421155       0.53497686314285187     
   1.2852852852852852       0.66006304498405088       0.53231733830119210     
   1.2892892892892893       0.65716442401064745       0.52965254917902038     
   1.2932932932932932       0.65425398416892910       0.52698252212940966     
   1.2972972972972974       0.65133175296274359       0.52430728355723166     
   1.3013013013013013       0.64839775838041569       0.52162685991889790     
   1.3053053053053052       0.64545202885748443       0.51894127772209575     
   1.3093093093093093       0.64249459332180037       0.51625056352552856     
   1.3133133133133132       0.63952548114541596       0.51355474393865164     
   1.3173173173173174       0.63654472220174874       0.51085384562140879     
   1.3213213213213213       0.63355234680377659       0.50814789528396931     
   1.3253253253253254       0.63054838577644667       0.50543691968646431     
   1.3293293293293293       0.62753287037763017       0.50272094563872183     
   1.3333333333333333       0.62450583238972146       0.50000000000000033     
   1.3373373373373374       0.62146730401895245       0.49727410967872421     
   1.3413413413413413       0.61841731801106292       0.49454330163221866     
   1.3453453453453454       0.61535590752356073       0.49180760286644143     
   1.3493493493493494       0.61228310627146287       0.48906704043571680     
   1.3533533533533533       0.60919894836583044       0.48632164144246692     
   1.3573573573573574       0.60610346849699226       0.48357143303694439     
   1.3613613613613613       0.60299670173110897       0.48081644241696458     
   1.3653653653653655       0.59987868374003417       0.47805669682763607     
   1.3693693693693694       0.59674945054574247       0.47529222356109019     
   1.3733733733733733       0.59360903880810012       0.47252304995621203     
   1.3773773773773774       0.59045748550464838       0.46974920339837073     
   1.3813813813813813       0.58729482829014223       0.46697071131914814     
   1.3853853853853855       0.58412110509634019       0.46418760119606600     
   1.3893893893893894       0.58093635458028869       0.46139990055231739     
   1.3933933933933933       0.57774061562532808       0.45860763695649082     
   1.3973973973973974       0.57453392789890434       0.45581083802230099     
   1.4014014014014013       0.57131633123181780       0.45300953140831446     
   1.4054054054054055       0.56808786631092423       0.45020374481767350     
   1.4094094094094094       0.56484857390863297       0.44739350599782696     
   1.4134134134134133       0.56159849574136733       0.44457884274025250     
   1.4174174174174174       0.55833767351527819       0.44175978288018319     
   1.4214214214214214       0.55506614998795356       0.43893635429633082     
   1.4254254254254255       0.55178396778906202       0.43610858491061116     
   1.4294294294294294       0.54849117073074671       0.43327650268786849     
   1.4334334334334333       0.54518780235320297       0.43044013563559824     
   1.4374374374374375       0.54187390753874032       0.42759951180366951     
   1.4414414414414414       0.53854953072184231       0.42475465928404799     
   1.4454454454454455       0.53521471787331953       0.42190560621051937     
   1.4494494494494494       0.53186951430188778       0.41905238075840973     
   1.4534534534534536       0.52851396708850584       0.41619501114430768     
   1.4574574574574575       0.52514812239160014       0.41333352562578418     
   1.4614614614614614       0.52177202842792814       0.41046795250111390     
   1.4654654654654655       0.51838573217586215       0.40759832010899610     
   1.4694694694694694       0.51498928301843461       0.40472465682827363     
   1.4734734734734736       0.51158272871804322       0.40184699107765148     
   1.4774774774774775       0.50816611986025939       0.39896535131541649     
   1.4814814814814814       0.50473950494837860       0.39607976603915679     
   1.4854854854854855       0.50130293581368546       0.39319026378547872     
   1.4894894894894894       0.49785646164879821       0.39029687312972589     
   1.4934934934934936       0.49440013558212109       0.38739962268569328     
   1.4974974974974975       0.49093400743412569       0.38449854110534909     
   1.5015015015015014       0.48745813169151525       0.38159365707854875     
   1.5055055055055055       0.48397255872957834       0.37868499933275013     
   1.5095095095095095       0.48047734446603596       0.37577259663273255     
   1.5135135135135136       0.47697253974446702       0.37285647778030873     
   1.5175175175175175       0.47345820199993960       0.36993667161404314     
   1.5215215215215214       0.46993438244205510       0.36701320700896550     
   1.5255255255255256       0.46640114012555584       0.36408611287628412     
   1.5295295295295295       0.46285852650548509       0.36115541816310132     
   1.5335335335335336       0.45930660237732751       0.35822115185212744     
   1.5375375375375375       0.45574541929970352       0.35528334296139380     
   1.5415415415415414       0.45217503995181924       0.35234202054396474     
   1.5455455455455456       0.44859551582931273       0.34939721368765114     
   1.5495495495495495       0.44500691166362855       0.34644895151472355     
   1.5535535535535536       0.44140927869226820       0.34349726318162310     
   1.5575575575575575       0.43780268389712557       0.34054217787867375     
   1.5615615615615615       0.43418717802936069       0.33758372482979260     
   1.5655655655655656       0.43056283055394795       0.33462193329220158     
   1.5695695695695695       0.42692969146939191       0.33165683255613898     
   1.5735735735735736       0.42328783299618905       0.32868845194456903     
   1.5775775775775776       0.41963730406999361       0.32571682081289088     
   1.5815815815815817       0.41597817998519898       0.32274196854864945     
   1.5855855855855856       0.41231050825400584       0.31976392457124525     
   1.5895895895895895       0.40863436761593330       0.31678271833164295     
   1.5935935935935936       0.40494980374134704       0.31379837931207866     
   1.5975975975975976       0.40125689924678015       0.31081093702577139     
   1.6016016016016017       0.39755569747630243       0.30782042101662782     
   1.6056056056056056       0.39384628542478733       0.30482686085895305     
   1.6096096096096095       0.39012870355015294       0.30183028615715729     
   1.6136136136136137       0.38640304380623119       0.29883072654546011     
   1.6176176176176176       0.38266934311908868       0.29582821168760254     
   1.6216216216216217       0.37892769907244589       0.29282277127655032     
   1.6256256256256256       0.37517814431732804       0.28981443503420135     
   1.6296296296296295       0.37142078284085672       0.28680323271109065     
   1.6336336336336337       0.36765564216536922       0.28378919408609704     
   1.6376376376376376       0.36388283357112894       0.28077234896614933     
   1.6416416416416417       0.36010237847330523       0.27775272718593036     
   1.6456456456456456       0.35631439646637786       0.27473035860758332     
   1.6496496496496496       0.35251890173914008       0.27170527312041282     
   1.6536536536536537       0.34871602336936269       0.26867750064059459     
   1.6576576576576576       0.34490576704202952       0.26564707111087615     
   1.6616616616616617       0.34108827265359598       0.26261401450028199     
   1.6656656656656657       0.33726353593037850       0.25957836080381591     
   1.6696696696696696       0.33343170910929282       0.25654014004216519     
   1.6736736736736737       0.32959277630472406       0.25349938226140467     
   1.6776776776776776       0.32574690382409255       0.25045611753269870     
   1.6816816816816818       0.32189406229534240       0.24741037595200283     
   1.6856856856856857       0.31803443405848086       0.24436218763976714     
   1.6896896896896898       0.31416797413450465       0.24131158274063927     
   1.6936936936936937       0.31029488311583664       0.23825859142316480     
   1.6976976976976976       0.30641509802331773       0.23520324387949043     
   1.7017017017017018       0.30252884020703258       0.23214557032506186     
   1.7057057057057057       0.29863602599308448       0.22908560099833006     
   1.7097097097097098       0.29473690030951694       0.22602336616044894     
   1.7137137137137137       0.29083135576111474       0.22295889609497727     
   1.7177177177177176       0.28691966402079894       0.21989222110757800     
   1.7217217217217218       0.28300169058092467       0.21682337152571932     
   1.7257257257257257       0.27907773740626540       0.21375237769837560     
   1.7297297297297298       0.27514763908675860       0.21067926999572606     
   1.7337337337337337       0.27121173184125125       0.20760407880885565     
   1.7377377377377377       0.26726981513237319       0.20452683454945109     
   1.7417417417417418       0.26332226384728957       0.20144756764950522     
   1.7457457457457457       0.25936883762402063       0.19836630856101312     
   1.7497497497497498       0.25540995492246354       0.19528308775567005     
   1.7537537537537538       0.25144533034757249       0.19219793572457314     
   1.7577577577577577       0.24747543136578345       0.18911088297791637     
   1.7617617617617618       0.24349992178972665       0.18602196004469188     
   1.7657657657657657       0.23951932409551241       0.18293119747238676     
   1.7697697697697699       0.23553324495324152       0.17983862582668017     
   1.7737737737737738       0.23154226846136383       0.17674427569114179     
   1.7777777777777777       0.22754593716614357       0.17364817766693028     
   1.7817817817817818       0.22354490405049438       0.17055036237248988     
   1.7857857857857857       0.21953863988486008       0.16745086044324664     
   1.7897897897897899       0.21552787448721761       0.16434970253130635     
   1.7937937937937938       0.21151199849122596       0.16124691930515228     
   1.7977977977977977       0.20749182722636259       0.15814254144934106     
   1.8018018018018018       0.20346666208332259       0.15503659966419786     
   1.8058058058058057       0.19943741334020704       0.15192912466551589     
   1.8098098098098099       0.19540328326010853       0.14882014718424907     
   1.8138138138138138       0.19136528729891461       0.14570969796621130     
   1.8178178178178179       0.18732251789980270       0.14259780777177095     
   1.8218218218218218       0.18327610674440961       0.13948450737554591     
   1.8258258258258258       0.17922502493198941       0.13636982756610005     
   1.8298298298298299       0.17517053225762766       0.13325379914563965     
   1.8338338338338338       0.17111146610341785       0.13013645292970785     
   1.8378378378378379       0.16704922711908538       0.12701781974687870     
   1.8418418418418419       0.16298250573747192       0.12389793043845529     
   1.8458458458458458       0.15891285706271910       0.12077681585816115     
   1.8498498498498499       0.15483881048729548       0.11765450687183837     
   1.8538538538538538       0.15076209002294932       0.11453103435714140     
   1.8578578578578580       0.14668104908256052       0.11140642920322855     
   1.8618618618618619       0.14259759587493939       0.10828072231046192     
   1.8658658658658658       0.13850989206987682       0.10515394459009815     
   1.8698698698698699       0.13442004616802644       0.10202612696398421     
   1.8738738738738738       0.13032601154684453        9.8897300364250137E-002
   1.8778778778778780       0.12623011385231447        9.5767495733004110E-002
   1.8818818818818819       0.12213008088976227        9.2636744022027262E-002
   1.8858858858858858       0.11802847299843859        8.9505076192466795E-002
   1.8898898898898899       0.11392277447501183        8.6372523214528804E-002
   1.8938938938938938       0.10981579851052369        8.3239116067172991E-002
   1.8978978978978980       0.10570476739414914        8.0104885737807094E-002
   1.9019019019019019       0.10159276583238150        7.6969863221979185E-002
   1.9059059059059058        9.7476735162742592E-002   7.3834079523072429E-002
   1.9099099099099099        9.3360050647015025E-002   7.0697565651994948E-002
   1.9139139139139139        8.9239353423011439E-002   6.7560352626878470E-002
   1.9179179179179180        8.5118328569522783E-002   6.4422471472768014E-002
   1.9219219219219219        8.0993297640331460E-002   6.1283953221316440E-002
   1.9259259259259258        7.6868274833526123E-002   5.8144828910476183E-002
   1.9299299299299300        7.2739242793686459E-002   5.5005129584193228E-002
   1.9339339339339339        6.8610563971274671E-002   5.1864886292100981E-002
   1.9379379379379380        6.4477863060164550E-002   4.8724130089211899E-002
   1.9419419419419419        6.0345869487622696E-002   4.5582892035611673E-002
   1.9459459459459461        5.6209831493614776E-002   4.2441203196148525E-002
   1.9499499499499500        5.2074863528106856E-002   3.9299094640131337E-002
   1.9539539539539539        4.7935819697599164E-002   3.6156597441019275E-002
   1.9579579579579580        4.3798216541401959E-002   3.3013742676113601E-002
   1.9619619619619619        3.9656497492808827E-002   2.9870561426253450E-002
   1.9659659659659661        3.5516596936430812E-002   2.6727084775504926E-002
   1.9699699699699700        3.1372532579455457E-002   2.3583343810856781E-002
   1.9739739739739739        2.7230670732478934E-002   2.0439369621911660E-002
   1.9779779779779780        2.3084590206098220E-002   1.7295193300577764E-002
   1.9819819819819819        1.8941101147632491E-002   1.4150845940762258E-002
   1.9859859859859861        1.4793333081231869E-002   1.1006358638064652E-002
   1.9899899899899900        1.0648547252273641E-002   7.8617624894684063E-003
   1.9939939939939939        6.4994243149813077E-003   4.7170885930325071E-003
   1.9979979979979980        2.3536538337963690E-003   1.5723680475848198E-003
   2.0020020020020022       -1.7964453141526800E-003  -1.5723680475845747E-003
   2.0060060060060061       -5.9430303279698017E-003  -4.7170885930322625E-003
   2.0100100100100100       -1.0093302192191494E-002  -7.8617624894681600E-003
   2.0140140140140139       -1.4239868912993657E-002  -1.1006358638064406E-002
   2.0180180180180178       -1.8389492013983939E-002  -1.4150845940762012E-002
   2.0220220220220222       -2.2535229591924104E-002  -1.7295193300577522E-002
   2.0260260260260261       -2.6683440421203776E-002  -2.0439369621911417E-002
   2.0300300300300300       -3.0827660388942805E-002  -2.3583343810856538E-002
   2.0340340340340339       -3.4973875679293553E-002  -2.6727084775504683E-002
   2.0380380380380378       -3.9116084753542189E-002  -2.9870561426253207E-002
   2.0420420420420422       -4.3259891818458081E-002  -3.3013742676113789E-002
   2.0460460460460461       -4.7399719154125754E-002  -3.6156597441019026E-002
   2.0500500500500500       -5.1540781366849003E-002  -3.9299094640131087E-002
   2.0540540540540539       -5.5677895911547065E-002  -4.2441203196148275E-002
   2.0580580580580579       -5.9815895161227706E-002  -4.5582892035610979E-002
   2.0620620620620622       -6.3949972166219990E-002  -4.8724130089212093E-002
   2.0660660660660661       -6.8084591796882851E-002  -5.1864886292100738E-002
   2.0700700700700700       -7.2215305353053150E-002  -5.5005129584192979E-002
   2.0740740740740740       -7.6346227182885654E-002  -5.8144828910475933E-002
   2.0780780780780779       -8.0473249374188732E-002  -6.1283953221315746E-002
   2.0820820820820822       -8.4600153492832397E-002  -6.4422471472768209E-002
   2.0860860860860861       -8.8723154584945091E-002  -6.7560352626878220E-002
   2.0900900900900901       -9.2845719511407063E-002  -7.0697565651994698E-002
   2.0940940940940940       -9.6964368239772072E-002  -7.3834079523071736E-002
   2.0980980980980979      -0.10108227111241772       -7.6969863221978935E-002
   2.1021021021021022      -0.10519623496464899       -8.0104885737806844E-002
   2.1061061061061062      -0.10930915173196915       -8.3239116067172741E-002
   2.1101101101101101      -0.11341809721656715       -8.6372523214528554E-002
   2.1141141141141140      -0.11752570282638022       -8.9505076192466101E-002
   2.1181181181181179      -0.12162929572779450       -9.2636744022027012E-002
   2.1221221221221223      -0.12573126431457607       -9.5767495733003860E-002
   2.1261261261261262      -0.12982916993519059       -9.8897300364249888E-002
   2.1301301301301301      -0.13392517500530468      -0.10202612696398396     
   2.1341341341341340      -0.13801705839496917      -0.10515394459009790     
   2.1381381381381384      -0.14210677300956776      -0.10828072231046167     
   2.1421421421421423      -0.14619229918331192      -0.11140642920322831     
   2.1461461461461462      -0.15027539613865801      -0.11453103435714115     
   2.1501501501501501      -0.15435423028322923      -0.11765450687183812     
   2.1541541541541540      -0.15843038228819975      -0.12077681585816090     
   2.1581581581581584      -0.16250218995805790      -0.12389793043845504     
   2.1621621621621623      -0.16657106980858880      -0.12701781974687892     
   2.1661661661661662      -0.17063551711197791      -0.13013645292970763     
   2.1701701701701701      -0.17469679786222475      -0.13325379914563942     
   2.1741741741741740      -0.17875355163792561      -0.13636982756609983     
   2.1781781781781784      -0.18280690676792716      -0.13948450737554569     
   2.1821821821821823      -0.18685563475326528      -0.14259780777177072     
   2.1861861861861862      -0.19090073833291699      -0.14570969796621108     
   2.1901901901901901      -0.19494110932357883      -0.14882014718424885     
   2.1941941941941940      -0.19897763617274242      -0.15192912466551567     
   2.1981981981981984      -0.20300932017492040      -0.15503659966419808     
   2.2022022022022023      -0.20703694601951633      -0.15814254144934084     
   2.2062062062062062      -0.21105961439487092      -0.16124691930515206     
   2.2102102102102101      -0.21507801601882554      -0.16434970253130612     
   2.2142142142142140      -0.21909134162272279      -0.16745086044324597     
   2.2182182182182184      -0.22310019701566111      -0.17055036237248966     
   2.2222222222222223      -0.22710385432910934      -0.17364817766693005     
   2.2262262262262262      -0.23110284282970847      -0.17674427569114157     
   2.2302302302302301      -0.23509650808538599      -0.17983862582667995     
   2.2342342342342341      -0.23908531052032589      -0.18293119747238654     
   2.2382382382382384      -0.24306866182306244      -0.18602196004469207     
   2.2422422422422423      -0.24704696064152826      -0.18911088297791614     
   2.2462462462462462      -0.25101967808356734      -0.19219793572457292     
   2.2502502502502502      -0.25498715748728074      -0.19528308775566983     
   2.2542542542542541      -0.25894892325862601      -0.19836630856101248     
   2.2582582582582584      -0.26290526932739677      -0.20144756764950500     
   2.2622622622622623      -0.26685576782151521      -0.20452683454945086     
   2.2662662662662663      -0.27080066863432367      -0.20760407880885542     
   2.2702702702702702      -0.27473958654945307      -0.21067926999572584     
   2.2742742742742741      -0.27867273230108486      -0.21375237769837538     
   2.2782782782782784      -0.28259975873736937      -0.21682337152571909     
   2.2822822822822824      -0.28652084185064269      -0.21989222110757778     
   2.2862862862862863      -0.29043566840329482      -0.22295889609497704     
   2.2902902902902902      -0.29434438363692417      -0.22602336616044871     
   2.2942942942942941      -0.29824670448559842      -0.22908560099832984     
   2.2982982982982985      -0.30214274903775684      -0.23214557032506164     
   2.3023023023023024      -0.30603226103229225      -0.23520324387949024     
   2.3063063063063063      -0.30991533463993404      -0.23825859142316458     
   2.3103103103103102      -0.31379173738261318      -0.24131158274063905     
   2.3143143143143141      -0.31766154241663441      -0.24436218763976694     
   2.3183183183183185      -0.32152453834108724      -0.24741037595200260     
   2.3223223223223224      -0.32538077989740077      -0.25045611753269847     
   2.3263263263263263      -0.32923007434426993      -0.25349938226140445     
   2.3303303303303302      -0.33307246033087867      -0.25654014004216497     
   2.3343343343343341      -0.33690776162034969      -0.25957836080381524     
   2.3383383383383385      -0.34073600284050548      -0.26261401450028221     
   2.3423423423423424      -0.34455702234179508      -0.26564707111087593     
   2.3463463463463463      -0.34837083257333007      -0.26867750064059437     
   2.3503503503503502      -0.35217728477121713      -0.27170527312041259     
   2.3543543543543541      -0.35597638084214350      -0.27473035860758266     
   2.3583583583583585      -0.35976798340061722      -0.27775272718593058     
   2.3623623623623624      -0.36355208526107979      -0.28077234896614911     
   2.3663663663663663      -0.36732855908417233      -0.28378919408609682     
   2.3703703703703702      -0.37109738987485136      -0.28680323271108998     
   2.3743743743743742      -0.37485845916472232      -0.28981443503420068     
   2.3783783783783785      -0.37861174528177344      -0.29282277127655010     
   2.3823823823823824      -0.38235713759409629      -0.29582821168760237     
   2.3863863863863863      -0.38609460875072066      -0.29883072654545989     
   2.3903903903903903      -0.38982405504742978      -0.30183028615715662     
   2.3943943943943946      -0.39354544433216027      -0.30482686085895327     
   2.3983983983983985      -0.39725867903160517      -0.30782042101662760     
   2.4024024024024024      -0.40096372296339661      -0.31081093702577117     
   2.4064064064064064      -0.40466048398794757      -0.31379837931207849     
   2.4104104104104103      -0.40834892256815797      -0.31678271833164234     
   2.4144144144144146      -0.41202895138931128      -0.31976392457124503     
   2.4184184184184185      -0.41570052815065162      -0.32274196854864923     
   2.4224224224224224      -0.41936356983167122      -0.32571682081289072     
   2.4264264264264264      -0.42301803188421122      -0.32868845194456880     
   2.4304304304304303      -0.42666383512034889      -0.33165683255613876     
   2.4344344344344346      -0.43030093319465024      -0.33462193329220136     
   2.4384384384384385      -0.43392925035098207      -0.33758372482979238     
   2.4424424424424425      -0.43754873883843992      -0.34054217787867352     
   2.4464464464464464      -0.44115932598535645      -0.34349726318162288     
   2.4504504504504503      -0.44476096297582013      -0.34644895151472338     
   2.4544544544544546      -0.44835357992220864      -0.34939721368765092     
   2.4584584584584586      -0.45193712723895346      -0.35234202054396457     
   2.4624624624624625      -0.45551153756310603      -0.35528334296139358     
   2.4664664664664664      -0.45907676079522403      -0.35822115185212722     
   2.4704704704704703      -0.46263273187351112      -0.36115541816310109     
   2.4744744744744747      -0.46617940040578987      -0.36408611287628395     
   2.4784784784784786      -0.46971670343912947      -0.36701320700896528     
   2.4824824824824825      -0.47324459047947959      -0.36993667161404292     
   2.4864864864864864      -0.47676300051764475      -0.37285647778030850     
   2.4904904904904903      -0.48027188312214086      -0.37577259663273233     
   2.4944944944944947      -0.48377117908593636      -0.37868499933275035     
   2.4984984984984986      -0.48726083818153343      -0.38159365707854853     
   2.5025025025025025      -0.49074080288288036      -0.38449854110534887     
   2.5065065065065064      -0.49421102328786043      -0.38739962268569306     
   2.5105105105105103      -0.49767144344782238      -0.39029687312972527     
   2.5145145145145147      -0.50112201389003153      -0.39319026378547894     
   2.5185185185185186      -0.50456268015482153      -0.39607976603915657     
   2.5225225225225225      -0.50799339328775162      -0.39896535131541627     
   2.5265265265265264      -0.51141410024275569      -0.40184699107765126     
   2.5305305305305303      -0.51482475265952377      -0.40472465682827302     
   2.5345345345345347      -0.51822529884137780      -0.40759832010899633     
   2.5385385385385386      -0.52161569108666139      -0.41046795250111373     
   2.5425425425425425      -0.52499587899341660      -0.41333352562578402     
   2.5465465465465464      -0.52836581557338669      -0.41619501114430751     
   2.5505505505505504      -0.53172545167280549      -0.41905238075840956     
   2.5545545545545547      -0.53507474106311592      -0.42190560621051959     
   2.5585585585585586      -0.53841363579913470      -0.42475465928404776     
   2.5625625625625625      -0.54174209045101507      -0.42759951180366890     
   2.5665665665665665      -0.54506005824840986      -0.43044013563559802     
   2.5705705705705704      -0.54836749459290890      -0.43327650268786827     
   2.5745745745745747      -0.55166435386020540      -0.43610858491061100     
   2.5785785785785786      -0.55495059231063315      -0.43893635429633066     
   2.5825825825825826      -0.55822616544129733      -0.44175978288018303     
   2.5865865865865865      -0.56149103039391579      -0.44457884274025233     
   2.5905905905905904      -0.56474514376586893      -0.44739350599782673     
   2.5945945945945947      -0.56798846359887478      -0.45020374481767333     
   2.5985985985985987      -0.57122094757236419      -0.45300953140831385     
   2.6026026026026026      -0.57444255464320959      -0.45581083802230121     
   2.6066066066066065      -0.57765324355708503      -0.45860763695649065     
   2.6106106106106104      -0.58085297419818205      -0.46139990055231678     
   2.6146146146146148      -0.58404170636460939      -0.46418760119606622     
   2.6186186186186187      -0.58721940087746527      -0.46697071131914791     
   2.6226226226226226      -0.59038601857512230      -0.46974920339837051     
   2.6266266266266265      -0.59354152122294823      -0.47252304995621180     
   2.6306306306306309      -0.59668587068873979      -0.47529222356109002     
   2.6346346346346348      -0.59981902968757450      -0.47805669682763591     
   2.6386386386386387      -0.60294096110691042      -0.48081644241696481     
   2.6426426426426426      -0.60605162861530970      -0.48357143303694416     
   2.6466466466466465      -0.60915099611098500      -0.48632164144246637     
   2.6506506506506509      -0.61223902821831444      -0.48906704043571703     
   2.6546546546546548      -0.61531568983803175      -0.49180760286644165     
   2.6586586586586587      -0.61838094655140718      -0.49454330163221849     
   2.6626626626626626      -0.62143476425398558      -0.49727410967872404     
   2.6666666666666665      -0.62447710948390955      -0.49999999999999972     
   2.6706706706706709      -0.62750794912421659      -0.50272094563872161     
   2.6746746746746748      -0.63052725066894677      -0.50543691968646454     
   2.6786786786786787      -0.63353498198159797      -0.50814789528396909     
   2.6826826826826826      -0.63653111151029551      -0.51085384562140823     
   2.6866866866866865      -0.63951560809216257      -0.51355474393865141     
   2.6906906906906909      -0.64248844112686021      -0.51625056352552878     
   2.6946946946946948      -0.64544958041842893      -0.51894127772209564     
   2.6986986986986987      -0.64839899631486431      -0.52162685991889768     
   2.7027027027027026      -0.65133665958048370      -0.52430728355723144     
   2.7067067067067065      -0.65426254150783847      -0.52698252212940910     
   2.7107107107107109      -0.65717661381490156      -0.52965254917902060     
   2.7147147147147148      -0.66007884873448885      -0.53231733830119188     
   2.7187187187187187      -0.66296921893159033      -0.53497686314285131     
   2.7227227227227226      -0.66584769757453588      -0.53763109740298709     
   2.7267267267267266      -0.66871425826864228      -0.54028001483290666     
   2.7307307307307309      -0.67156887511259478      -0.54292358923649919     
   2.7347347347347348      -0.67441152264527726      -0.54556179447049191     
   2.7387387387387387      -0.67724217589019864      -0.54819460444470958     
   2.7427427427427427      -0.68006081031296073      -0.55082199312233360     
   2.7467467467467466      -0.68286740185603356      -0.55344393452015828     
   2.7507507507507509      -0.68566192690478311      -0.55606040270884749     
   2.7547547547547548      -0.68844436231447526      -0.55867137181319182     
   2.7587587587587588      -0.69121468538317810      -0.56127681601236501     
   2.7627627627627627      -0.69397287387251450      -0.56387670954017755     
   2.7667667667667666      -0.69671890598607278      -0.56647102668533345     
   2.7707707707707709      -0.69945276038514592      -0.56905974179168384     
   2.7747747747747749      -0.70217441617154097      -0.57164282925847854     
   2.7787787787787788      -0.70488385289930988      -0.57422026354062317     
   2.7827827827827827      -0.70758105056105669      -0.57679201914892952     
   2.7867867867867866      -0.71026598959647302      -0.57935807065036660     
   2.7907907907907910      -0.71293865088142128      -0.58191839266831491     
   2.7947947947947949      -0.71559901573392493      -0.58447295988281489     
   2.7987987987987988      -0.71824706590544951      -0.58702174703081833     
   2.8028028028028027      -0.72088278358487456      -0.58956472890643896     
   2.8068068068068066      -0.72350615139150021      -0.59210188036120082     
   2.8108108108108110      -0.72611715237743046      -0.59463317630428647     
   2.8148148148148149      -0.72871577002192833      -0.59715859170278585     
   2.8188188188188188      -0.73130198823255110      -0.59967810158194468     
   2.8228228228228227      -0.73387579134055247      -0.60219168102540921     
   2.8268268268268266      -0.73643716410104365      -0.60469930517547521     
   2.8308308308308310      -0.73898609168920459      -0.60720094923333168     
   2.8348348348348349      -0.74152255969969239      -0.60969658845930674     
   2.8388388388388388      -0.74404655414346155      -0.61218619817311326     
   2.8428428428428427      -0.74655806144660319      -0.61466975375409216     
   2.8468468468468466      -0.74905706844762143      -0.61714723064145482     
   2.8508508508508510      -0.75154356239584330      -0.61961860433452842     
   2.8548548548548549      -0.75401753094902912      -0.62208385039299596     
   2.8588588588588588      -0.75647896217146271      -0.62454294443713865     
   2.8628628628628627      -0.75892784453180895      -0.62699586214807834     
   2.8668668668668666      -0.76136416690097020      -0.62944257926801550     
   2.8708708708708710      -0.76378791855011108      -0.63188307160047208     
   2.8748748748748749      -0.76619908914835722      -0.63431731501052735     
   2.8788788788788788      -0.76859766876092905      -0.63674528542506048     
   2.8828828828828827      -0.77098364784673867      -0.63916695883298458     
   2.8868868868868871      -0.77335701725658956      -0.64158231128548815     
   2.8908908908908910      -0.77571776823070693      -0.64399131889626826     
   2.8948948948948949      -0.77806589239698531      -0.64639395784176901     
   2.8988988988988988      -0.78040138176846996      -0.64879020436141721     
   2.9029029029029028      -0.78272422874163816      -0.65118003475785557     
   2.9069069069069071      -0.78503442609385254      -0.65356342539717915     
   2.9109109109109110      -0.78733196698166830      -0.65594035270916740     
   2.9149149149149149      -0.78961684493825712      -0.65831079318751873     
   2.9189189189189189      -0.79188905387175701      -0.66067472339008115     
   2.9229229229229228      -0.79414858806265154      -0.66303211993908662     
   2.9269269269269271      -0.79639544216218383      -0.66538295952137938     
   2.9309309309309310      -0.79862961118967091      -0.66772721888864839     
   2.9349349349349350      -0.80085109053101355      -0.67006487485765742     
   2.9389389389389389      -0.80305987593591333      -0.67239590431047236     
   2.9429429429429428      -0.80525596351652295      -0.67472028419469232     
   2.9469469469469471      -0.80743934974451903      -0.67703799152367616     
   2.9509509509509511      -0.80961003144994970      -0.67934900337676973     
   2.9549549549549550      -0.81176800581810360      -0.68165329689953269     
   2.9589589589589589      -0.81391327038863259      -0.68395084930396566     
   2.9629629629629628      -0.81604582305213702      -0.68624163786873338     
   2.9669669669669672      -0.81816566204964947      -0.68852563993939209     
   2.9709709709709711      -0.82027278596884734      -0.69080283292861111     
   2.9749749749749750      -0.82236719374400613      -0.69307319431639702     
   2.9789789789789789      -0.82444888465173005      -0.69533670165031769     
   2.9829829829829828      -0.82651785831149027      -0.69759333254572287     
   2.9869869869869872      -0.82857411468075581      -0.69984306468596547     
   2.9909909909909911      -0.83061765405625176      -0.70208587582262250     
   2.9949949949949950      -0.83264847706835143      -0.70432174377571644     
   2.9989989989989989      -0.83466658468320409      -0.70655064643393228     
   3.0030030030030028      -0.83667197819624106      -0.70877256175483805     
   3.0070070070070072      -0.83866465923532851      -0.71098746776510247     
   3.0110110110110111      -0.84064462975323562      -0.71319534256071015     
   3.0150150150150150      -0.84261189203197329      -0.71539616430718178     
   3.0190190190190189      -0.84456644867405850      -0.71758991123978788     
   3.0230230230230228      -0.84650830260821908      -0.71977656166376336     
   3.0270270270270272      -0.84843745707928220      -0.72195609395452442     
   3.0310310310310311      -0.85035391565541762      -0.72412848655788031     
   3.0350350350350350      -0.85225768221648535      -0.72629371799024711     
   3.0390390390390389      -0.85414876096298220      -0.72845176683886070     
   3.0430430430430429      -0.85602715640269789      -0.73060261176198871     
   3.0470470470470472      -0.85789287336151443      -0.73274623148913987     
   3.0510510510510511      -0.85974591696823699      -0.73488260482127588     
   3.0550550550550550      -0.86158629266736708      -0.73701171063102133     
   3.0590590590590589      -0.86341400620201858      -0.73913352786287101     
   3.0630630630630629      -0.86522906362873364      -0.74124803553339991     
   3.0670670670670672      -0.86703147129844560      -0.74335521273147032     
   3.0710710710710711      -0.86882123587335380      -0.74545503861843621     
   3.0750750750750750      -0.87059836430595527      -0.74754749242835339     
   3.0790790790790790      -0.87236286385792661      -0.74963255346818258     
   3.0830830830830829      -0.87411474207733053      -0.75171020111799314     
   3.0870870870870872      -0.87585400681934333      -0.75378041483116953     
   3.0910910910910911      -0.87758066622186715      -0.75584317413461222     
   3.0950950950950951      -0.87929472872781744      -0.75789845862894101     
   3.0990990990990990      -0.88099620305949899      -0.75994624798869759     
   3.1031031031031029      -0.88268509824202757      -0.76198652196254535     
   3.1071071071071072      -0.88436142357698322      -0.76401926037346968     
   3.1111111111111112      -0.88602518866636704      -0.76604444311897801     
   3.1151151151151151      -0.88767640338623732      -0.76806205017129969     
   3.1191191191191190      -0.88931507791040332      -0.77007206157758090     
   3.1231231231231229      -0.89094122268495235      -0.77207445746008596     
   3.1271271271271273      -0.89255484845066324      -0.77406921801639050     
   3.1311311311311312      -0.89415596621957061      -0.77605632351957909     
   3.1351351351351351      -0.89574458729483930      -0.77803575431843974     
   3.1391391391391390      -0.89732072325075274      -0.78000749083765863     
   3.1431431431431434      -0.89888438594853726      -0.78197151357801342     
   3.1471471471471473      -0.90043558752143327      -0.78392780311656574     
   3.1511511511511512      -0.90197434038467694      -0.78587634010685492     
   3.1551551551551551      -0.90350065722759054      -0.78781710527908644     
   3.1591591591591590      -0.90501455101565831      -0.78975007944032583     
   3.1631631631631634      -0.90651603499184019      -0.79167524347468532     
   3.1671671671671673      -0.90800512266842148      -0.79359257834351493     
   3.1711711711711712      -0.90948182783998355      -0.79550206508559018     
   3.1751751751751751      -0.91094616456251132      -0.79740368481729929     
   3.1791791791791790      -0.91239814718062651      -0.79929741873283011     
   3.1831831831831834      -0.91383779029128409      -0.80118324810435748     
   3.1871871871871873      -0.91526510878799461      -0.80306115428222580     
   3.1911911911911912      -0.91668011780637271      -0.80493111869513456     
   3.1951951951951951      -0.91808283278808289      -0.80679312285032412     
   3.1991991991991990      -0.91947326940556229      -0.80864714833375495     
   3.2032032032032034      -0.92085144364828064      -0.81049317681029209     
   3.2072072072072073      -0.92221737172419327      -0.81233119002388610     
   3.2112112112112112      -0.92357107017058682      -0.81416116979775310     
   3.2152152152152151      -0.92491255573024111      -0.81598309803455449     
   3.2192192192192191      -0.92624184548858024      -0.81779695671657726     
   3.2232232232232234      -0.92755895672321742      -0.81960272790591171     
   3.2272272272272273      -0.92886390706828714      -0.82140039374462503     
   3.2312312312312312      -0.93015671433704883      -0.82318993645494509     
   3.2352352352352352      -0.93143739671309655      -0.82497133833943015     
   3.2392392392392391      -0.93270597254706755      -0.82674458178114651     
   3.2432432432432434      -0.93396246057286791      -0.82850964924384241     
   3.2472472472472473      -0.93520687968128979      -0.83026652327212114     
   3.2512512512512513      -0.93643924915741084      -0.83201518649161355     
   3.2552552552552552      -0.93765958843614028      -0.83375562160915107     
   3.2592592592592591      -0.93886791735449093      -0.83548781141293604     
   3.2632632632632634      -0.94006425589678144      -0.83721173877271049     
   3.2672672672672673      -0.94124862445253366      -0.83892738663992716     
   3.2712712712712713      -0.94242104356224132      -0.84063473804791811     
   3.2752752752752752      -0.94358153416820989      -0.84233377611206173     
   3.2792792792792791      -0.94473011737548984      -0.84402448402995045     
   3.2832832832832834      -0.94586681467907119      -0.84570684508155636     
   3.2872872872872874      -0.94699164775867295      -0.84738084262939606     
   3.2912912912912913      -0.94810463866143302      -0.84904646011869733     
   3.2952952952952952      -0.94920580965367629      -0.85070368107756111     
   3.2992992992992991      -0.95029518333369745      -0.85235248911712369     
   3.3033033033033035      -0.95137278256822821      -0.85399286793172058     
   3.3073073073073074      -0.95243863050531030      -0.85562480129904661     
   3.3113113113113113      -0.95349275062773065      -0.85724827308031681     
   3.3153153153153152      -0.95453516663156035      -0.85886326722042616     
   3.3193193193193191      -0.95556590263302843      -0.86046976774810746     
   3.3233233233233235      -0.95658498287443539      -0.86206775877609132     
   3.3273273273273274      -0.95759243212434475      -0.86365722450126015     
   3.3313313313313313      -0.95858827516974177      -0.86523814920480790     
   3.3353353353353352      -0.95957253745157356      -0.86681051725239255     
   3.3393393393393391      -0.96054524430072585      -0.86837431309429247     
   3.3433433433433435      -0.96150642185119284      -0.86992952126555956     
   3.3473473473473474      -0.96245609597841819      -0.87147612638617244     
   3.3513513513513513      -0.96339429352999595      -0.87301411316118827     
   3.3553553553553552      -0.96432104092892956      -0.87454346638089397     
   3.3593593593593591      -0.96523636575591132      -0.87606417092095756     
   3.3633633633633635      -0.96614029498797449      -0.87757621174257716     
   3.3673673673673674      -0.96703285695614905      -0.87907957389262847     
   3.3713713713713713      -0.96791407920282679      -0.88057424250381433     
   3.3753753753753752      -0.96878399082292121      -0.88206020279481123     
   3.3793793793793796      -0.96964261994199519      -0.88353744007041513     
   3.3833833833833835      -0.97048999642701328      -0.88500593972168740     
   3.3873873873873874      -0.97132614901287329      -0.88646568722609875     
   3.3913913913913913      -0.97215110833946938      -0.88791666814767278     
   3.3953953953953953      -0.97296490378762079      -0.88935886813712972     
   3.3993993993993996      -0.97376756676167164      -0.89079227293202790     
   3.4034034034034035      -0.97455912733757144      -0.89221686835690339     
   3.4074074074074074      -0.97533961766411048      -0.89363264032341194     
   3.4114114114114114      -0.97610906857642632      -0.89503957483046781     
   3.4154154154154153      -0.97686751293412577      -0.89643765796438168     
   3.4194194194194196      -0.97761498241253075      -0.89782687589899912     
   3.4234234234234235      -0.97835151053293146      -0.89920721489583688     
   3.4274274274274275      -0.97907712991052687      -0.90057866130421815     
   3.4314314314314314      -0.97979187466223194      -0.90194120156140900     
   3.4354354354354353      -0.98049577846266578      -0.90329482219275192     
   3.4394394394394396      -0.98118887594074988      -0.90463950981179775     
   3.4434434434434436      -0.98187120197011091      -0.90597525112043964     
   3.4474474474474475      -0.98254279159098257      -0.90730203290904421     
   3.4514514514514514      -0.98320368103450151      -0.90861984205658186     
   3.4554554554554553      -0.98385390563652020      -0.90992866553075646     
   3.4594594594594597      -0.98449350316013351      -0.91122849038813580     
   3.4634634634634636      -0.98512250911026089      -0.91251930377427593     
   3.4674674674674675      -0.98574096296705593      -0.91380109292385281     
   3.4714714714714714      -0.98634890027385436      -0.91507384516078560     
   3.4754754754754753      -0.98694636241542588      -0.91633754789836286     
   3.4794794794794797      -0.98753338484870845      -0.91759218863936631     
   3.4834834834834836      -0.98811001104146357      -0.91883775497619591     
   3.4874874874874875      -0.98867627625889443      -0.92007423459099136     
   3.4914914914914914      -0.98923222620535323      -0.92130161525575383     
   3.4954954954954953      -0.98977789588627529      -0.92251988483246850     
   3.4994994994994997      -0.99031333335147242      -0.92372903127322248     
   3.5035035035035036      -0.99083857333817371      -0.92492904262032472     
   3.5075075075075075      -0.99135366628131960      -0.92611990700642566     
   3.5115115115115114      -0.99185864672789636      -0.92730161265463207     
   3.5155155155155153      -0.99235356743954561      -0.92847414787862559     
   3.5195195195195197      -0.99283846296838452      -0.92963750108277710     
   3.5235235235235236      -0.99331338821350657      -0.93079166076226205     
   3.5275275275275275      -0.99377837807926794      -0.93193661550317375     
   3.5315315315315314      -0.99423348924677568      -0.93307235398263721     
   3.5355355355355353      -0.99467875750757695      -0.93419886496891946     
   3.5395395395395397      -0.99511424076708244      -0.93531613732154262     
   3.5435435435435436      -0.99553997646230796      -0.93642415999139206     
   3.5475475475475475      -0.99595602292914565      -0.93752292202082732     
   3.5515515515515514      -0.99636242026305522      -0.93861241254378924     
   3.5555555555555554      -0.99675922617291457      -0.93969262078590843     
   3.5595595595595597      -0.99714648470286327      -0.94076353606461116     
   3.5635635635635636      -0.99752425159768376      -0.94182514778922477     
   3.5675675675675675      -0.99789257642545348      -0.94287744546108421     
   3.5715715715715715      -0.99825151135262880      -0.94392041867363274     
   3.5755755755755754      -0.99860111331696966      -0.94495405711252811     
   3.5795795795795797      -0.99894142904418282      -0.94597835055574231     
   3.5835835835835836      -0.99927252491239282      -0.94699328887366330     
   3.5875875875875876      -0.99959444016071131      -0.94799886202919548     
   3.5915915915915915      -0.99990725281681803      -0.94899506007785894     
   3.5955955955955954       -1.0002109925148057      -0.94998187316788696     
   3.5995995995995997       -1.0005057511418509      -0.95095929154032532     
   3.6036036036036037       -1.0007915467033981      -0.95192730552912663     
   3.6076076076076076       -1.0010684869575064      -0.95288590556124664     
   3.6116116116116115       -1.0013365765857209      -0.95383508215674029     
   3.6156156156156154       -1.0015959407601436      -0.95477482592885354     
   3.6196196196196198       -1.0018465697788586      -0.95570512758411708     
   3.6236236236236237       -1.0020886069572370      -0.95662597792243798     
   3.6276276276276276       -1.0023220281703376      -0.95753736783719101     
   3.6316316316316315       -1.0025469943700485      -0.95843928831530878     
   3.6356356356356359       -1.0027634684467686      -0.95933173043737030     
   3.6396396396396398       -1.0029716267556728      -0.96021468537768961     
   3.6436436436436437       -1.0031714226370665      -0.96108814440440271     
   3.6476476476476476       -1.0033630433503387      -0.96195209887955480     
   3.6516516516516515       -1.0035464386682318      -0.96280654025918444     
   3.6556556556556559       -1.0037217994363585      -0.96365146009340885     
   3.6596596596596598       -1.0038890809310999      -0.96448685002650714     
   3.6636636636636637       -1.0040484669355534      -0.96531270179700357     
   3.6676676676676676       -1.0041999308528617      -0.96612900723774797     
   3.6716716716716715       -1.0043436350324284      -0.96693575827599820     
   3.6756756756756759       -1.0044795874727184      -0.96773294693349898     
   3.6796796796796798       -1.0046079108306027      -0.96852056532655983     
   3.6836836836836837       -1.0047286680167609      -0.96929860566613557     
   3.6876876876876876       -1.0048419200459431      -0.97006706025790090     
   3.6916916916916915       -1.0049478084682957      -0.97082592150232783     
   3.6956956956956959       -1.0050463077392662      -0.97157518189476044     
   3.6996996996996998       -1.0051376641305378      -0.97231483402548924     
   3.7037037037037037       -1.0052217390902356      -0.97304487057982392     
   3.7077077077077076       -1.0052989101801753      -0.97376528433816678     
   3.7117117117117115       -1.0053689002116970      -0.97447606817608323     
   3.7157157157157159       -1.0054322422130382      -0.97517721506437227     
   3.7197197197197198       -1.0054884990000765      -0.97586871806913611     
   3.7237237237237237       -1.0055383767873565      -0.97655057035184933     
   3.7277277277277276       -1.0055812660119916      -0.97722276516942586     
   3.7317317317317316       -1.0056180519762423      -0.97788529587428519     
   3.7357357357357359       -1.0056479553498332      -0.97853815591441973     
   3.7397397397397398       -1.0056720279492888      -0.97918133883345804     
   3.7437437437437437       -1.0056893455292677      -0.97981483827072935     
   3.7477477477477477       -1.0057010876138452      -0.98043864796132674     
   3.7517517517517516       -1.0057062402895041      -0.98105276173616807     
   3.7557557557557559       -1.0057060373593398      -0.98165717352205806     
   3.7597597597597598       -1.0056994690086472      -0.98225187734174813     
   3.7637637637637638       -1.0056877067139560      -0.98283686731399489     
   3.7677677677677677       -1.0056698861722064      -0.98341213765361879     
   3.7717717717717716       -1.0056469516011477      -0.98397768267156138     
   3.7757757757757759       -1.0056183745907559      -0.98453349677494195     
   3.7797797797797799       -1.0055846556405097      -0.98507957446711136     
   3.7837837837837838       -1.0055458435787703      -0.98561591034770824     
   3.7877877877877877       -1.0055017316400965      -0.98614249911271146     
   3.7917917917917916       -1.0054532282975472      -0.98665933555449192     
   3.7957957957957960       -1.0053991235770507      -0.98716641456186571     
   3.7997997997997999       -1.0053414888769421      -0.98766373112014327     
   3.8038038038038038       -1.0052778096584740      -0.98815128031117960     
   3.8078078078078077       -1.0052116089991128      -0.98862905731342254     
   3.8118118118118116       -1.0051388051644738      -0.98909705740196108     
   3.8158158158158160       -1.0050645940324481      -0.98955527594857173     
   3.8198198198198199       -1.0049831660740676      -0.99000370842176366     
   3.8238238238238238       -1.0049014693587293      -0.99044235038682449     
   3.8278278278278277       -1.0048119922854579      -0.99087119750586350     
   3.8318318318318316       -1.0047232784406590      -0.99129024553785516     
   3.8358358358358360       -1.0046264305135890      -0.99169949033868066     
   3.8398398398398399       -1.0045310818576902      -0.99209892786116838     
   3.8438438438438438       -1.0044276762115250      -0.99248855415513493     
   3.8478478478478477       -1.0043259579662718      -0.99286836536742351     
   3.8518518518518516       -1.0042169731423076      -0.99323835774194280     
   3.8558558558558560       -1.0041090058846225      -0.99359852761970280     
   3.8598598598598599       -1.0039956097182898      -0.99394887143885202     
   3.8638638638638638       -1.0038813528387038      -0.99428938573471282     
   3.8678678678678677       -1.0037649101938086      -0.99462006713981466     
   3.8718718718718717       -1.0036441674609757      -0.99494091238392857     
   3.8758758758758760       -1.0035262186293359      -0.99525191829409909     
   3.8798798798798799       -1.0033986813841451      -0.99555308179467450     
   3.8838838838838838       -1.0032808733204053      -0.99584439990733942     
   3.8878878878878878       -1.0031462216076088      -0.99612586975114281     
   3.8918918918918921       -1.0030301689169450      -0.99639748854252641     
   3.8958958958958960       -1.0028882561446824      -0.99665925359535279     
   3.8998998998998999       -1.0027753041884848      -0.99691116232093191     
   3.9039039039039038       -1.0026264546321677      -0.99715321222804643     
   3.9079079079079078       -1.0025173145316095      -0.99738540092297623     
   3.9119119119119121       -1.0023627635203161      -0.99760772610952264     
   3.9159159159159160       -1.0022569912789607      -0.99782018558903074     
   3.9199199199199199       -1.0020994912103172      -0.99802277726041111     
   3.9239239239239239       -1.0019947958269229      -0.99821549912016083     
   3.9279279279279278       -1.0018393904090968      -0.99839834926238302     
   3.9319319319319321       -1.0017307873411869      -0.99857132587880604     
   3.9359359359359360       -1.0015857107959389      -0.99873442725880057     
   3.9399399399399400       -1.0014646015393562      -0.99888765178939798     
   3.9439439439439439       -1.0013421709204604      -0.99903099795530448     
   3.9479479479479478       -1.0011955490279019      -0.99916446433891781     
   3.9519519519519521       -1.0011127587923423      -0.99928804962034024     
   3.9559559559559561       -1.0009229514575464      -0.99940175257739150     
   3.9599599599599600       -1.0009012075058210      -0.99950557208562174     
   3.9639639639639639       -1.0006469118506014      -0.99959950711832180     
   3.9679679679679678       -1.0007098929927107      -0.99968355674653397     
   3.9719719719719722       -1.0003698352328600      -0.99975772013906072     
   3.9759759759759761       -1.0005377475065418      -0.99982199656247328     
   3.9799799799799800       -1.0000991961427936      -0.99987638538111856     
   3.9839839839839839       -1.0003765479438815      -0.99992088605712559     
   3.9879879879879878      -0.99985232735933904      -0.99995549815041107     
   3.9919919919919922       -1.0002048233969543      -0.99998022131868336     
   3.9959959959959961      -0.99966858201615172      -0.99999505531744570     
   4.0000000000000000       -1.0000000000000000       -1.0000000000000000     
