   0.0000000000000000        1.0000000000000000       0.99999999999999989     
   4.0040040040040040E-003  0.99949770034171725       0.99999505531744592     
   8.0080080080080079E-003  0.99999598532322076       0.99998022131868325     
   1.2012012012012012E-002  0.99950933592965874       0.99995549815041107     
   1.6016016016016016E-002  0.99979640009392323       0.99992088605712559     
   2.0020020020020020E-002  0.99953350316478873       0.99987638538111856     
   2.4024024024024024E-002  0.99963776634219170       0.99982199656247328     
   2.8028028028028028E-002  0.99954744517357286       0.99975772013906072     
   3.2032032032032032E-002  0.99953446912833777       0.99968355674653397     
   3.6036036036036036E-002  0.99954901384361039       0.99959950711832180     
   4.0040040040040040E-002  0.99948173069572677       0.99950557208562174     
   4.4044044044044044E-002  0.99954649138346419       0.99940175257739161     
   4.8048048048048048E-002  0.99946946155984284       0.99928804962034012     
   5.2052052052052052E-002  0.99954953342434516       0.99916446433891792     
   5.6056056056056056E-002  0.99948822187515385       0.99903099795530459     
   6.0060060060060060E-002  0.99956571403232541       0.99888765178939798     
   6.4064064064064064E-002  0.99953111623510882       0.99873442725880068     
   6.8068068068068074E-002  0.99959977803592981       0.99857132587880615     
   7.2072072072072071E-002  0.99959380959852029       0.99839834926238324     
   7.6076076076076082E-002  0.99965405239876959       0.99821549912016094     
   8.0080080080080079E-002  0.99967389801642736       0.99802277726041122     
   8.4084084084084090E-002  0.99972916228935749       0.99782018558903074     
   8.8088088088088087E-002  0.99977020982971332       0.99760772610952264     
   9.2092092092092098E-002  0.99982468878133424       0.99738540092297623     
   9.6096096096096095E-002  0.99988223725466030       0.99715321222804643     
  0.10010010010010011       0.99993966092577924       0.99691116232093191     
  0.10410410410410410        1.0000097426601471       0.99665925359535279     
  0.10810810810810811        1.0000728777048677       0.99639748854252641     
  0.11211211211211211        1.0001525195394534       0.99612586975114281     
  0.11611611611611612        1.0002230937466305       0.99584439990733964     
  0.12012012012012012        1.0003102682305749       0.99555308179467450     
  0.12412412412412413        1.0003891096947932       0.99525191829409887     
  0.12812812812812813        1.0004825474106507       0.99494091238392868     
  0.13213213213213212        1.0005698032642696       0.99462006713981466     
  0.13613613613613615        1.0006687698958472       0.99428938573471282     
  0.14014014014014015        1.0007641276051731       0.99394887143885213     
  0.14414414414414414        1.0008682207624959       0.99359852761970280     
  0.14814814814814814        1.0009710947949120       0.99323835774194291     
  0.15215215215215216        1.0010800837646194       0.99286836536742373     
  0.15615615615615616        1.0011897552102835       0.99248855415513493     
  0.16016016016016016        1.0013034680130226       0.99209892786116838     
  0.16416416416416416        1.0014191786032869       0.99169949033868066     
  0.16816816816816818        1.0015374311430618       0.99129024553785539     
  0.17217217217217218        1.0016584392275467       0.99087119750586361     
  0.17617617617617617        1.0017809973545511       0.99044235038682449     
  0.18018018018018017        1.0019066056930188       0.99000370842176388     
  0.18418418418418420        1.0020331705874346       0.98955527594857196     
  0.18818818818818819        1.0021627350621976       0.98909705740196130     
  0.19219219219219219        1.0022929434733299       0.98862905731342254     
  0.19619619619619619        1.0024258702598157       0.98815128031117949     
  0.20020020020020021        1.0025593030808750       0.98766373112014327     
  0.20420420420420421        1.0026950400749033       0.98716641456186571     
  0.20820820820820821        1.0028312344325077       0.98665933555449203     
  0.21221221221221220        1.0029692604675411       0.98614249911271146     
  0.21621621621621623        1.0031077223025038       0.98561591034770846     
  0.22022022022022023        1.0032475368474398       0.98507957446711159     
  0.22422422422422422        1.0033877523510919       0.98453349677494206     
  0.22822822822822822        1.0035288669251610       0.98397768267156138     
  0.23223223223223224        1.0036703117105727       0.98341213765361868     
  0.23623623623623624        1.0038122431854939       0.98283686731399489     
  0.24024024024024024        1.0039543892513332       0.98225187734174813     
  0.24424424424424424        1.0040966556091580       0.98165717352205828     
  0.24824824824824826        1.0042389761896031       0.98105276173616818     
  0.25225225225225223        1.0043810937777045       0.98043864796132674     
  0.25625625625625625        1.0045230662699753       0.97981483827072957     
  0.26026026026026028        1.0046645489070305       0.97918133883345804     
  0.26426426426426425        1.0048056566013031       0.97853815591441973     
  0.26826826826826827        1.0049460153596197       0.97788529587428519     
  0.27227227227227230        1.0050857479990807       0.97722276516942586     
  0.27627627627627627        1.0052244921255433       0.97655057035184956     
  0.28028028028028029        1.0053623459743484       0.97586871806913633     
  0.28428428428428426        1.0054989836912884       0.97517721506437238     
  0.28828828828828829        1.0056344612616988       0.97447606817608334     
  0.29229229229229231        1.0057685012132784       0.97376528433816700     
  0.29629629629629628        1.0059011106425935       0.97304487057982403     
  0.30030030030030030        1.0060320629193222       0.97231483402548924     
  0.30430430430430433        1.0061613177922526       0.97157518189476044     
  0.30830830830830830        1.0062886949872245       0.97082592150232794     
  0.31231231231231232        1.0064141136597236       0.97006706025790113     
  0.31631631631631629        1.0065374319990452       0.96929860566613568     
  0.32032032032032032        1.0066585373829320       0.96852056532656006     
  0.32432432432432434        1.0067773171895287       0.96773294693349898     
  0.32832832832832831        1.0068936367631096       0.96693575827599854     
  0.33233233233233234        1.0070074030571601       0.96612900723774819     
  0.33633633633633636        1.0071184685880472       0.96531270179700357     
  0.34034034034034033        1.0072267516401179       0.96448685002650714     
  0.34434434434434436        1.0073320992578494       0.96365146009340885     
  0.34834834834834832        1.0074344346014810       0.96280654025918455     
  0.35235235235235235        1.0075336051239328       0.96195209887955491     
  0.35635635635635637        1.0076295337095844       0.96108814440440293     
  0.36036036036036034        1.0077220725514551       0.96021468537768961     
  0.36436436436436437        1.0078111410218453       0.95933173043737041     
  0.36836836836836839        1.0078965983454473       0.95843928831530878     
  0.37237237237237236        1.0079783589191480       0.95753736783719101     
  0.37637637637637639        1.0080562899130472       0.95662597792243798     
  0.38038038038038036        1.0081303002955124       0.95570512758411708     
  0.38438438438438438        1.0082002653618882       0.95477482592885377     
  0.38838838838838841        1.0082660887449086       0.95383508215674051     
  0.39239239239239238        1.0083276534665937       0.95288590556124697     
  0.39639639639639640        1.0083848586438933       0.95192730552912663     
  0.40040040040040042        1.0084375938659973       0.95095929154032544     
  0.40440440440440439        1.0084857551007522       0.94998187316788707     
  0.40840840840840842        1.0085292370453363       0.94899506007785894     
  0.41241241241241239        1.0085679339375229       0.94799886202919548     
  0.41641641641641641        1.0086017443743263       0.94699328887366341     
  0.42042042042042044        1.0086305618243430       0.94597835055574242     
  0.42442442442442441        1.0086542879407261       0.94495405711252856     
  0.42842842842842843        1.0086728161718832       0.94392041867363297     
  0.43243243243243246        1.0086860505012483       0.94287744546108421     
  0.43643643643643643        1.0086938851260534       0.94182514778922499     
  0.44044044044044045        1.0086962255087548       0.94076353606461094     
  0.44444444444444442        1.0086929676852114       0.93969262078590843     
  0.44844844844844844        1.0086840181866168       0.93861241254378935     
  0.45245245245245247        1.0086692744567953       0.93752292202082743     
  0.45645645645645644        1.0086486436104081       0.93642415999139239     
  0.46046046046046046        1.0086220251676807       0.93531613732154295     
  0.46446446446446449        1.0085893266737340       0.93419886496891991     
  0.46846846846846846        1.0085504497798270       0.93307235398263733     
  0.47247247247247248        1.0085053024216240       0.93193661550317397     
  0.47647647647647645        1.0084537883378109       0.93079166076226205     
  0.48048048048048048        1.0083958158926569       0.92963750108277710     
  0.48448448448448450        1.0083312908039159       0.92847414787862570     
  0.48848848848848847        1.0082601219498819       0.92730161265463229     
  0.49249249249249250        1.0081822168823331       0.92611990700642588     
  0.49649649649649652        1.0080974851016189       0.92492904262032505     
  0.50050050050050054        1.0080058358338495       0.92372903127322259     
  0.50450450450450446        1.0079071793134147       0.92251988483246872     
  0.50850850850850848        1.0078014262824284       0.92130161525575405     
  0.51251251251251251        1.0076884878122774       0.92007423459099136     
  0.51651651651651653        1.0075682760147473       0.91883775497619602     
  0.52052052052052056        1.0074407028842320       0.91759218863936653     
  0.52452452452452447        1.0073056817738553       0.91633754789836308     
  0.52852852852852850        1.0071631256662401       0.91507384516078605     
  0.53253253253253252        1.0070129490480035       0.91380109292385314     
  0.53653653653653655        1.0068550659335131       0.91251930377427604     
  0.54054054054054057        1.0066893918554927       0.91122849038813569     
  0.54454454454454460        1.0065158418830280       0.90992866553075669     
  0.54854854854854851        1.0063343325263265       0.90861984205658186     
  0.55255255255255253        1.0061447799141505       0.90730203290904443     
  0.55655655655655656        1.0059471014815580       0.90597525112043986     
  0.56056056056056058        1.0057412144071527       0.90463950981179786     
  0.56456456456456461        1.0055270370111005       0.90329482219275237     
  0.56856856856856852        1.0053044875004433       0.90194120156140967     
  0.57257257257257255        1.0050734850505558       0.90057866130421826     
  0.57657657657657657        1.0048339488671665       0.89920721489583666     
  0.58058058058058060        1.0045857989578151       0.89782687589899912     
  0.58458458458458462        1.0043289554917751       0.89643765796438168     
  0.58858858858858853        1.0040633392900149       0.89503957483046792     
  0.59259259259259256        1.0037888714471346       0.89363264032341216     
  0.59659659659659658        1.0035054735812785       0.89221686835690384     
  0.60060060060060061        1.0032130676729207       0.89079227293202834     
  0.60460460460460463        1.0029115761219429       0.88935886813713039     
  0.60860860860860866        1.0026009217555085       0.88791666814767300     
  0.61261261261261257        1.0022810277395866       0.88646568722609853     
  0.61661661661661660        1.0019518177100715       0.88500593972168740     
  0.62062062062062062        1.0016132155824704       0.88353744007041513     
  0.62462462462462465        1.0012651457651947       0.88206020279481145     
  0.62862862862862867        1.0009075329056047       0.88057424250381455     
  0.63263263263263259        1.0005403021504777       0.87907957389262892     
  0.63663663663663661        1.0001633788600490       0.87757621174257761     
  0.64064064064064064       0.99977668888751769       0.87606417092095823     
  0.64464464464464466       0.99938015828567994       0.87454346638089420     
  0.64864864864864868       0.99897371358444276       0.87301411316118804     
  0.65265265265265260       0.99855728150776846       0.87147612638617244     
  0.65665665665665662       0.99813078923455112       0.86992952126555978     
  0.66066066066066065       0.99769416413771039       0.86837431309429269     
  0.66466466466466467       0.99724733401919397       0.86681051725239278     
  0.66866866866866870       0.99679022687818497       0.86523814920480835     
  0.67267267267267272       0.99632277111526413       0.86365722450126059     
  0.67667667667667664       0.99584489533298304       0.86206775877609154     
  0.68068068068068066       0.99535652850749601       0.86046976774810768     
  0.68468468468468469       0.99485759982179989       0.85886326722042616     
  0.68868868868868871       0.99434803880577471       0.85724827308031681     
  0.69269269269269274       0.99382777520017151       0.85562480129904683     
  0.69669669669669665       0.99329673906777649       0.85399286793172080     
  0.70070070070070067       0.99275486068482688       0.85235248911712413     
  0.70470470470470470       0.99220207062709909       0.85070368107756156     
  0.70870870870870872       0.99163829968462769       0.84904646011869800     
  0.71271271271271275       0.99106347892702074       0.84738084262939628     
  0.71671671671671666       0.99047753963718810       0.84570684508155602     
  0.72072072072072069       0.98988041336013921       0.84402448402995045     
  0.72472472472472471       0.98927203185154255       0.84233377611206173     
  0.72872872872872874       0.98865232711402407       0.84063473804791822     
  0.73273273273273276       0.98802123135682640       0.83892738663992727     
  0.73673673673673679       0.98737867702304816       0.83721173877271082     
  0.74074074074074070       0.98672459675723434       0.83548781141293649     
  0.74474474474474472       0.98605892342651291       0.83375562160915173     
  0.74874874874874875       0.98538159009339510       0.83201518649161366     
  0.75275275275275277       0.98469253003324231       0.83026652327212069     
  0.75675675675675680       0.98399167671018761       0.82850964924384218     
  0.76076076076076071       0.98327896379274249       0.82674458178114663     
  0.76476476476476474       0.98255432513124052       0.82497133833943037     
  0.76876876876876876       0.98181769477302427       0.82318993645494531     
  0.77277277277277279       0.98106900694019172       0.82140039374462548     
  0.77677677677677681       0.98030819604533292       0.81960272790591149     
  0.78078078078078073       0.97953519666881483       0.81779695671657793     
  0.78478478478478475       0.97874994357570588       0.81598309803455460     
  0.78878878878878878       0.97795237169210092       0.81416116979775299     
  0.79279279279279280       0.97714241612357522       0.81233119002388599     
  0.79679679679679682       0.97632001213038011       0.81049317681029232     
  0.80080080080080085       0.97548509514749870       0.80864714833375506     
  0.80480480480480476       0.97463760075866512       0.80679312285032445     
  0.80880880880880879       0.97377746471807136       0.80493111869513490     
  0.81281281281281281       0.97290462292323487       0.80306115428222591     
  0.81681681681681684       0.97201901143822300       0.80118324810435759     
  0.82082082082082086       0.97112056646557909       0.79929741873283022     
  0.82482482482482478       0.97020922437081680       0.79740368481729917     
  0.82882882882882880       0.96928492165370983       0.79550206508558996     
  0.83283283283283283       0.96834759497374434       0.79359257834351515     
  0.83683683683683685       0.96739718112107376       0.79167524347468543     
  0.84084084084084088       0.96643361704260955       0.78975007944032627     
  0.84484484484484490       0.96545683981299690       0.78781710527908688     
  0.84884884884884881       0.96446678666101293       0.78587634010685514     
  0.85285285285285284       0.96346339494084821       0.78392780311656585     
  0.85685685685685686       0.96244660215855904       0.78197151357801298     
  0.86086086086086089       0.96141634594392655       0.78000749083765841     
  0.86486486486486491       0.96037256407668115       0.77803575431843952     
  0.86886886886886883       0.95931519445919722       0.77605632351957921     
  0.87287287287287285       0.95824417514228455       0.77406921801639061     
  0.87687687687687688       0.95715944429891153       0.77207445746008641     
  0.88088088088088090       0.95606094024937149       0.77007206157758135     
  0.88488488488488493       0.95494860143621285       0.76806205017129980     
  0.88888888888888884       0.95382236644866392       0.76604444311897812     
  0.89289289289289286       0.95268217399881949       0.76401926037346957     
  0.89689689689689689       0.95152796294531428       0.76198652196254524     
  0.90090090090090091       0.95035967227079365       0.75994624798869781     
  0.90490490490490494       0.94917724110479906       0.75789845862894112     
  0.90890890890890896       0.94798060870255407       0.75584317413461199     
  0.91291291291291288       0.94676971446702507       0.75378041483116964     
  0.91691691691691690       0.94554449792910511       0.75171020111799358     
  0.92092092092092093       0.94430489876876667       0.74963255346818269     
  0.92492492492492495       0.94305085679665734       0.74754749242835361     
  0.92892892892892898       0.94178231197443441       0.74545503861843632     
  0.93293293293293289       0.94049920439765244       0.74335521273147021     
  0.93693693693693691       0.93920147431534151       0.74124803553340046     
  0.94094094094094094       0.93788906211422918       0.73913352786287123     
  0.94494494494494496       0.93656190833748576       0.73701171063102144     
  0.94894894894894899       0.93521995367030530       0.73488260482127599     
  0.95295295295295290       0.93386313895786510       0.73274623148913998     
  0.95695695695695693       0.93249140519222606       0.73060261176198882     
  0.96096096096096095       0.93110469352951231       0.72845176683886093     
  0.96496496496496498       0.92970294527812714       0.72629371799024722     
  0.96896896896896900       0.92828610191521110       0.72412848655788020     
  0.97297297297297303       0.92685410507607591       0.72195609395452465     
  0.97697697697697694       0.92540689657004138       0.71977656166376347     
  0.98098098098098097       0.92394441837100350       0.71758991123978799     
  0.98498498498498499       0.92246661263274043       0.71539616430718200     
  0.98898898898898902       0.92097342168053631       0.71319534256071038     
  0.99299299299299304       0.91946478802602294       0.71098746776510235     
  0.99699699699699695       0.91794065435979266       0.70877256175483849     
   1.0010010010010011       0.91640096356585321       0.70655064643393239     
   1.0050050050050050       0.91484565871517165       0.70432174377571666     
   1.0090090090090089       0.91327468307977766       0.70208587582262261     
   1.0130130130130131       0.91168798012721886       0.69984306468596524     
   1.0170170170170170       0.91008549353433832       0.69759333254572309     
   1.0210210210210211       0.90846716718262344       0.69533670165031780     
   1.0250250250250250       0.90683294517166846       0.69307319431639725     
   1.0290290290290289       0.90518277181540585       0.69080283292861089     
   1.0330330330330331       0.90351659165527964       0.68852563993939231     
   1.0370370370370370       0.90183434945732754       0.68624163786873360     
   1.0410410410410411       0.90013599022510471       0.68395084930396588     
   1.0450450450450450       0.89842145919758720       0.68165329689953280     
   1.0490490490490489       0.89669070186185651       0.67934900337676996     
   1.0530530530530531       0.89494366395183267       0.67703799152367639     
   1.0570570570570570       0.89318029146071931       0.67472028419469277     
   1.0610610610610611       0.89140053064054359       0.67239590431047247     
   1.0650650650650650       0.88960432801441303       0.67006487485765720     
   1.0690690690690692       0.88779163037680076       0.66772721888864850     
   1.0730730730730731       0.88596238480567868       0.66538295952137927     
   1.0770770770770770       0.88411653866347950       0.66303211993908673     
   1.0810810810810811       0.88225403960919391       0.66067472339008138     
   1.0850850850850851       0.88037483559991381       0.65831079318751895     
   1.0890890890890892       0.87847887490296983       0.65594035270916762     
   1.0930930930930931       0.87656610609800689       0.65356342539717938     
   1.0970970970970970       0.87463647808919587       0.65118003475785569     
   1.1011011011011012       0.87268994010782286       0.64879020436141710     
   1.1051051051051051       0.87072644172456726       0.64639395784176923     
   1.1091091091091092       0.86874593285264778       0.64399131889626848     
   1.1131131131131131       0.86674836376010911       0.64158231128548826     
   1.1171171171171170       0.86473368507355852       0.63916695883298480     
   1.1211211211211212       0.86270184779045112       0.63674528542506059     
   1.1251251251251251       0.86065280328341576       0.63431731501052790     
   1.1291291291291292       0.85858650331254760       0.63188307160047219     
   1.1331331331331331       0.85650290003030938       0.62944257926801572     
   1.1371371371371370       0.85440194599383934       0.62699586214807856     
   1.1411411411411412       0.85228359417041077       0.62454294443713887     
   1.1451451451451451       0.85014779794978279       0.62208385039299618     
   1.1491491491491492       0.84799451115018964       0.61961860433452864     
   1.1531531531531531       0.84582368803075303       0.61714723064145538     
   1.1571571571571571       0.84363528329795945       0.61466975375409227     
   1.1611611611611612       0.84142925211819497       0.61218619817311382     
   1.1651651651651651       0.83920555012465126       0.60969658845930685     
   1.1691691691691692       0.83696413343000520       0.60720094923333146     
   1.1731731731731732       0.83470495863376160       0.60469930517547543     
   1.1771771771771771       0.83242798283503816       0.60219168102540976     
   1.1811811811811812       0.83013316364038647       0.59967810158194490     
   1.1851851851851851       0.82782045917664815       0.59715859170278607     
   1.1891891891891893       0.82548982809924987       0.59463317630428669     
   1.1931931931931932       0.82314122960514957       0.59210188036120104     
   1.1971971971971973       0.82077462344157592       0.58956472890643952     
   1.2012012012012012       0.81838996991907687       0.58702174703081855     
   1.2052052052052051       0.81598722992070116       0.58447295988281511     
   1.2092092092092093       0.81356636491511192       0.58191839266831502     
   1.2132132132132132       0.81112733696626427       0.57935807065036715     
   1.2172172172172173       0.80867010874651546       0.57679201914892964     
   1.2212212212212212       0.80619464354684023       0.57422026354062339     
   1.2252252252252251       0.80370090528989591       0.57164282925847876     
   1.2292292292292293       0.80118885854079791       0.56905974179168362     
   1.2332332332332332       0.79865846852011879       0.56647102668533400     
   1.2372372372372373       0.79610970111521739       0.56387670954017777     
   1.2412412412412412       0.79354252289315907       0.56127681601236523     
   1.2452452452452452       0.79095690111262906       0.55867137181319193     
   1.2492492492492493       0.78835280373667849       0.55606040270884771     
   1.2532532532532532       0.78573019944535660       0.55344393452015839     
   1.2572572572572573       0.78308905764807279       0.55082199312233371     
   1.2612612612612613       0.78042934849719303       0.54819460444470980     
   1.2652652652652652       0.77775104289972219       0.54556179447049202     
   1.2692692692692693       0.77505411253215961       0.54292358923649942     
   1.2732732732732732       0.77233852985117379       0.54028001483290677     
   1.2772772772772774       0.76960426811004945       0.53763109740298687     
   1.2812812812812813       0.76685130136795232       0.53497686314285187     
   1.2852852852852852       0.76407960450842627       0.53231733830119210     
   1.2892892892892893       0.76128915324667246       0.52965254917902038     
   1.2932932932932932       0.75847992415075660       0.52698252212940966     
   1.2972972972972974       0.75565189464610494       0.52430728355723166     
   1.3013013013013013       0.75280504304030149       0.52162685991889790     
   1.3053053053053052       0.74993934852380695       0.51894127772209575     
   1.3093093093093093       0.74705479119942286       0.51625056352552856     
   1.3133133133133132       0.74415135207797023       0.51355474393865164     
   1.3173173173173174       0.74122901311385869       0.51085384562140879     
   1.3213213213213213       0.73828775719403683       0.50814789528396931     
   1.3253253253253254       0.73532756818156619       0.50543691968646431     
   1.3293293293293293       0.73234843089565560       0.50272094563872183     
   1.3333333333333333       0.72935033116567838       0.50000000000000033     
   1.3373373373373374       0.72633325579951691       0.49727410967872421     
   1.3413413413413413       0.72329719265110060       0.49454330163221866     
   1.3453453453453454       0.72024213057357367       0.49180760286644143     
   1.3493493493493494       0.71716805950424090       0.48906704043571680     
   1.3533533533533533       0.71407497039814671       0.48632164144246692     
   1.3573573573573574       0.71096285533536163       0.48357143303694439     
   1.3613613613613613       0.70783170742937485       0.48081644241696458     
   1.3653653653653655       0.70468152096298986       0.47805669682763607     
   1.3693693693693694       0.70151229126444792       0.47529222356109019     
   1.3733733733733733       0.69832401487984130       0.47252304995621203     
   1.3773773773773774       0.69511668940805149       0.46974920339837073     
   1.3813813813813813       0.69189031371963061       0.46697071131914814     
   1.3853853853853855       0.68864488773938592       0.46418760119606600     
   1.3893893893893894       0.68538041272417050       0.46139990055231739     
   1.3933933933933933       0.68209689097915593       0.45860763695649082     
   1.3973973973973974       0.67879432621009073       0.45581083802230099     
   1.4014014014014013       0.67547272315585272       0.45300953140831446     
   1.4054054054054055       0.67213208803452884       0.45020374481767350     
   1.4094094094094094       0.66877242807065274       0.44739350599782696     
   1.4134134134134133       0.66539375205908335       0.44457884274025250     
   1.4174174174174174       0.66199606976022640       0.44175978288018319     
   1.4214214214214214       0.65857939261131893       0.43893635429633082     
   1.4254254254254255       0.65514373295672657       0.43610858491061116     
   1.4294294294294294       0.65168910494307875       0.43327650268786849     
   1.4334334334334333       0.64821552354419598       0.43044013563559824     
   1.4374374374374375       0.64472300568483509       0.42759951180366951     
   1.4414414414414414       0.64121156901063003       0.42475465928404799     
   1.4454454454454455       0.63768123329529902       0.42190560621051937     
   1.4494494494494494       0.63413201889488680       0.41905238075840973     
   1.4534534534534536       0.63056394850546871       0.41619501114430768     
   1.4574574574574575       0.62697704522762665       0.41333352562578418     
   1.4614614614614614       0.62337133475630446       0.41046795250111390     
   1.4654654654654655       0.61974684296544158       0.40759832010899610     
   1.4694694694694694       0.61610359862916864       0.40472465682827363     
   1.4734734734734736       0.61244163041731792       0.40184699107765148     
   1.4774774774774775       0.60876097026815723       0.39896535131541649     
   1.4814814814814814       0.60506164966254572       0.39607976603915679     
   1.4854854854854855       0.60134370379345181       0.39319026378547872     
   1.4894894894894894       0.59760716695919081       0.39029687312972589     
   1.4934934934934936       0.59385207770478554       0.38739962268569328     
   1.4974974974974975       0.59007847314220929       0.38449854110534909     
   1.5015015015015014       0.58628639527409043       0.38159365707854875     
   1.5055055055055055       0.58247588401028882       0.37868499933275013     
   1.5095095095095095       0.57864698492641120       0.37577259663273255     
   1.5135135135135136       0.57479974070045203       0.37285647778030873     
   1.5175175175175175       0.57093420060812838       0.36993667161404314     
   1.5215215215215214       0.56705041004950141       0.36701320700896550     
   1.5255255255255256       0.56314842214154304       0.36408611287628412     
   1.5295295295295295       0.55922828494132715       0.36115541816310132     
   1.5335335335335336       0.55529005556485767       0.35822115185212744     
   1.5375375375375375       0.55133378463910665       0.35528334296139380     
   1.5415415415415414       0.54735953345657851       0.35234202054396474     
   1.5455455455455456       0.54336735510143652       0.34939721368765114     
   1.5495495495495495       0.53935731524336539       0.34644895151472355     
   1.5535535535535536       0.53532946928139358       0.34349726318162310     
   1.5575575575575575       0.53128388749034627       0.34054217787867375     
   1.5615615615615615       0.52722062740756548       0.33758372482979260     
   1.5655655655655656       0.52313976417291341       0.33462193329220158     
   1.5695695695695695       0.51904135724604517       0.33165683255613898     
   1.5735735735735736       0.51492548692902951       0.32868845194456903     
   1.5775775775775776       0.51079221434242705       0.32571682081289088     
   1.5815815815815817       0.50664162529105672       0.32274196854864945     
   1.5855855855855856       0.50247378224282480       0.31976392457124525     
   1.5895895895895895       0.49828877689614276       0.31678271833164295     
   1.5935935935935936       0.49408667269294138       0.31379837931207866     
   1.5975975975975976       0.48986756767420436       0.31081093702577139     
   1.6016016016016017       0.48563152581423341       0.30782042101662782     
   1.6056056056056056       0.48137865201255531       0.30482686085895305     
   1.6096096096096095       0.47710901025622415       0.30183028615715729     
   1.6136136136136137       0.47282271289624417       0.29883072654546011     
   1.6176176176176176       0.46851982332404579       0.29582821168760254     
   1.6216216216216217       0.46420046202318310       0.29282277127655032     
   1.6256256256256256       0.45986469108029143       0.28981443503420135     
   1.6296296296296295       0.45551263989317026       0.28680323271109065     
   1.6336336336336337       0.45114436842029060       0.28378919408609704     
   1.6376376376376376       0.44676001586992559       0.28077234896614933     
   1.6416416416416417       0.44235963911994841       0.27775272718593036     
   1.6456456456456456       0.43794338821529688       0.27473035860758332     
   1.6496496496496496       0.43351131585531555       0.27170527312041282     
   1.6536536536536537       0.42906358409481354       0.26867750064059459     
   1.6576576576576576       0.42460024019308512       0.26564707111087615     
   1.6616616616616617       0.42012145955380314       0.26261401450028199     
   1.6656656656656657       0.41562728255124903       0.25957836080381591     
   1.6696696696696696       0.41111789946331795       0.25654014004216519     
   1.6736736736736737       0.40659334212918602       0.25349938226140467     
   1.6776776776776776       0.40205381743516461       0.25045611753269870     
   1.6816816816816818       0.39749934680649934       0.24741037595200283     
   1.6856856856856857       0.39293015570536977       0.24436218763976714     
   1.6896896896896898       0.38834625300996128       0.24131158274063927     
   1.6936936936936937       0.38374788498545553       0.23825859142316480     
   1.6976976976976976       0.37913504554797506       0.23520324387949043     
   1.7017017017017018       0.37450800428096270       0.23214557032506186     
   1.7057057057057057       0.36986673741202036       0.22908560099833006     
   1.7097097097097098       0.36521154067670120       0.22602336616044894     
   1.7137137137137137       0.36054236954460528       0.22295889609497727     
   1.7177177177177176       0.35585954908827339       0.21989222110757800     
   1.7217217217217218       0.35116301057330312       0.21682337152571932     
   1.7257257257257257       0.34645311197946765       0.21375237769837560     
   1.7297297297297298       0.34172975651052784       0.21067926999572606     
   1.7337337337337337       0.33699333904520090       0.20760407880885565     
   1.7377377377377377       0.33224373041876293       0.20452683454945109     
   1.7417417417417418       0.32748136685973933       0.20144756764950522     
   1.7457457457457457       0.32270608204103329       0.19836630856101312     
   1.7497497497497498       0.31791835849001243       0.19528308775567005     
   1.7537537537537538       0.31311798739648905       0.19219793572457314     
   1.7577577577577577       0.30830550307390792       0.18911088297791637     
   1.7617617617617618       0.30348064834104804       0.18602196004469188     
   1.7657657657657657       0.29864401536351420       0.18293119747238676     
   1.7697697697697699       0.29379529209313165       0.17983862582668017     
   1.7737737737737738       0.28893513523336462       0.17674427569114179     
   1.7777777777777777       0.28406317072461235       0.17364817766693028     
   1.7817817817817818       0.27918012715382456       0.17055036237248988     
   1.7857857857857857       0.27428556061718806       0.16745086044324664     
   1.7897897897897899       0.26938027962985012       0.16434970253130635     
   1.7937937937937938       0.26446376188449044       0.16124691930515228     
   1.7977977977977977       0.25953690460545292       0.15814254144934106     
   1.8018018018018018       0.25459909776033701       0.15503659966419786     
   1.8058058058058057       0.24965133683429497       0.15192912466551589     
   1.8098098098098099       0.24469291395363812       0.14882014718424907     
   1.8138138138138138       0.23972493321694760       0.14570969796621130     
   1.8178178178178179       0.23474657797057424       0.14259780777177095     
   1.8218218218218218       0.22975907210545232       0.13948450737554591     
   1.8258258258258258       0.22476147840477292       0.13636982756610005     
   1.8298298298298299       0.21975515257593423       0.13325379914563965     
   1.8338338338338338       0.21473902419632296       0.13013645292970785     
   1.8378378378378379       0.20971459367013270       0.12701781974687870     
   1.8418418418418419       0.20468064386058132       0.12389793043845529     
   1.8458458458458458       0.19963883360683313       0.12077681585816115     
   1.8498498498498499       0.19458778468784696       0.11765450687183837     
   1.8538538538538538       0.18952932896430424       0.11453103435714140     
   1.8578578578578580       0.18446191191509306       0.11140642920322855     
   1.8618618618618619       0.17938755383497257       0.10828072231046192     
   1.8658658658658658       0.17430450787107768       0.10515394459009815     
   1.8698698698698699       0.16921499895369541       0.10202612696398421     
   1.8738738738738738       0.16411707109627505        9.8897300364250137E-002
   1.8778778778778780       0.15901317080112412        9.5767495733004110E-002
   1.8818818818818819       0.15390111543919549        9.2636744022027262E-002
   1.8858858858858858       0.14878359068378849        8.9505076192466795E-002
   1.8898898898898899       0.14365816913079701        8.6372523214528804E-002
   1.8938938938938938       0.13852779379267022        8.3239116067172991E-002
   1.8978978978978980       0.13338977383881384        8.0104885737807094E-002
   1.9019019019019019       0.12824732824217594        7.6969863221979185E-002
   1.9059059059059058       0.12309748370396772        7.3834079523072429E-002
   1.9099099099099099       0.11794375409156872        7.0697565651994948E-002
   1.9139139139139139       0.11278286436015404        6.7560352626878470E-002
   1.9179179179179180       0.10761864235106143        6.4422471472768014E-002
   1.9219219219219219       0.10244749194083151        6.1283953221316440E-002
   1.9259259259259258        9.7273573974928570E-002   5.8144828910476183E-002
   1.9299299299299300        9.2092952073978843E-002   5.5005129584193228E-002
   1.9339339339339339        8.6910138844144169E-002   5.1864886292100981E-002
   1.9379379379379380        8.1720838868113418E-002   4.8724130089211899E-002
   1.9419419419419419        7.6529934741210656E-002   4.5582892035611673E-002
   1.9459459459459461        7.1332753892006037E-002   4.2441203196148525E-002
   1.9499499499499500        6.6134566319993038E-002   3.9299094640131337E-002
   1.9539539539539539        6.0930305150874789E-002   3.6156597441019275E-002
   1.9579579579579580        5.5725644073459632E-002   3.3013742676113601E-002
   1.9619619619619619        5.0515106062257328E-002   2.9870561426253450E-002
   1.9659659659659661        4.5304783301403057E-002   2.6727084775504926E-002
   1.9699699699699700        4.0088774438086047E-002   2.3583343810856781E-002
   1.9739739739739739        3.4873603070691782E-002   2.0439369621911660E-002
   1.9779779779779780        2.9652931507801322E-002   1.7295193300577764E-002
   1.9819819819819819        2.4433725078871323E-002   1.4150845940762258E-002
   1.9859859859859861        1.9209201262867813E-002   1.1006358638064652E-002
   1.9899899899899900        1.3986771573692674E-002   7.8617624894684063E-003
   1.9939939939939939        8.7592127578529529E-003   4.7170885930325071E-003
   1.9979979979979980        3.5343542960462734E-003   1.5723680475848198E-003
   2.0020020020020022       -1.6953704507373507E-003  -1.5723680475845747E-003
   2.0060060060060061       -6.9220179160927580E-003  -4.7170885930322625E-003
   2.0100100100100100       -1.2152576892116266E-002  -7.8617624894681600E-003
   2.0140140140140139       -1.7379549298662988E-002  -1.1006358638064406E-002
   2.0180180180180178       -2.2609505421149936E-002  -1.4150845940762012E-002
   2.0220220220220222       -2.7835388764960972E-002  -1.7295193300577522E-002
   2.0260260260260261       -3.3063357242710700E-002  -2.0439369621911417E-002
   2.0300300300300300       -3.8286787252173340E-002  -2.3583343810856538E-002
   2.0340340340340339       -4.3511429117068130E-002  -2.6727084775504683E-002
   2.0380380380380378       -4.8731080655565293E-002  -2.9870561426253207E-002
   2.0420420420420422       -5.3951100392242837E-002  -3.3013742676113789E-002
   2.0460460460460461       -5.9165709754758378E-002  -3.6156597441019026E-002
   2.0500500500500500       -6.4379907009160367E-002  -3.9299094640131087E-002
   2.0540540540540539       -6.9588340453209940E-002  -4.2441203196148275E-002
   2.0580580580580579       -7.4795670460444663E-002  -4.5582892035610979E-002
   2.0620620620620622       -7.9996954806446322E-002  -4.8724130089212093E-002
   2.0660660660660661       -8.5196520179121230E-002  -5.1864886292100738E-002
   2.0700700700700700       -9.0389802306614669E-002  -5.5005129584192979E-002
   2.0740740740740740       -9.5580794835190400E-002  -5.8144828910475933E-002
   2.0780780780780779      -0.10076528154786277       -6.1283953221315746E-002
   2.0820820820820822      -0.10594693053457969       -6.4422471472768209E-002
   2.0860860860860861      -0.11112185014113785       -6.7560352626878220E-002
   2.0900900900900901      -0.11629339675769265       -7.0697565651994698E-002
   2.0940940940940940      -0.12145798378184858       -7.3834079523071736E-002
   2.0980980980980979      -0.12661867270412649       -7.6969863221978935E-002
   2.1021021021021022      -0.13177216393298738       -8.0104885737806844E-002
   2.1061061061061062      -0.13692124170281145       -8.3239116067172741E-002
   2.1101101101101101      -0.14206287587172439       -8.6372523214528554E-002
   2.1141141141141140      -0.14719959108918101       -8.9505076192466101E-002
   2.1181181181181179      -0.15232860940920870       -9.2636744022027012E-002
   2.1221221221221223      -0.15745221329807430       -9.5767495733003860E-002
   2.1261261261261262      -0.16256786012391466       -9.8897300364249888E-002
   2.1301301301301301      -0.16767760715371882      -0.10202612696398396     
   2.1341341341341340      -0.17277913065871234      -0.10515394459009790     
   2.1381381381381384      -0.17787427916913415      -0.10828072231046167     
   2.1421421421421423      -0.18296093200672289      -0.11140642920322831     
   2.1461461461461462      -0.18804074482548891      -0.11453103435714115     
   2.1501501501501501      -0.19311178477384180      -0.11765450687183812     
   2.1541541541541540      -0.19817552982559311      -0.12077681585816090     
   2.1581581581581584      -0.20323022041433100      -0.12389793043845504     
   2.1621621621621623      -0.20827717131873036      -0.12701781974687892     
   2.1661661661661662      -0.21331478243699953      -0.13013645292970763     
   2.1701701701701701      -0.21834421909452972      -0.13325379914563942     
   2.1741741741741740      -0.22336402757978022      -0.13636982756609983     
   2.1781781781781784      -0.22837523674381022      -0.13948450737554569     
   2.1821821821821823      -0.23337652695071737      -0.14259780777177072     
   2.1861861861861862      -0.23836880278453304      -0.14570969796621108     
   2.1901901901901901      -0.24335086713357695      -0.14882014718424885     
   2.1941941941941940      -0.24832351175119205      -0.15192912466551567     
   2.1981981981981984      -0.25328565125647651      -0.15503659966419808     
   2.2022022022022023      -0.25823797524615627      -0.15814254144934084     
   2.2062062062062062      -0.26317950002211110      -0.16124691930515206     
   2.2102102102102101      -0.26811082295165517      -0.16434970253130612     
   2.2142142142142140      -0.27303105269832528      -0.16745086044324597     
   2.2182182182182184      -0.27794070360126777      -0.17055036237248966     
   2.2222222222222223      -0.28283896806794273      -0.17364817766693005     
   2.2262262262262262      -0.28772628590993482      -0.17674427569114157     
   2.2302302302302301      -0.29260192533692686      -0.17983862582667995     
   2.2342342342342341      -0.29746625946167099      -0.18293119747238654     
   2.2382382382382384      -0.30231862500009460      -0.18602196004469207     
   2.2422422422422423      -0.30715933555429648      -0.18911088297791614     
   2.2462462462462462      -0.31198778966375068      -0.19219793572457292     
   2.2502502502502502      -0.31680424800065404      -0.19528308775566983     
   2.2542542542542541      -0.32160816482474797      -0.19836630856101248     
   2.2582582582582584      -0.32639975388590242      -0.20144756764950500     
   2.2622622622622623      -0.33117851960561001      -0.20452683454945086     
   2.2662662662662663      -0.33594463428061122      -0.20760407880885542     
   2.2702702702702702      -0.34069764744547992      -0.21067926999572584     
   2.2742742742742741      -0.34543769490949910      -0.21375237769837538     
   2.2782782782782784      -0.35016436674677431      -0.21682337152571909     
   2.2822822822822824      -0.35487776677577088      -0.21989222110757778     
   2.2862862862862863      -0.35957752147753902      -0.22295889609497704     
   2.2902902902902902      -0.36426370674112341      -0.22602336616044871     
   2.2942942942942941      -0.36893598172960940      -0.22908560099832984     
   2.2982982982982985      -0.37359439806158495      -0.23214557032506164     
   2.3023023023023024      -0.37823864423277620      -0.23520324387949024     
   2.3063063063063063      -0.38286875087945488      -0.23825859142316458     
   2.3103103103103102      -0.38748443282525846      -0.24131158274063905     
   2.3143143143143141      -0.39208570267170134      -0.24436218763976694     
   2.3183183183183185      -0.39667229888087496      -0.24741037595200260     
   2.3223223223223224      -0.40124421865526250      -0.25045611753269847     
   2.3263263263263263      -0.40580122169338656      -0.25349938226140445     
   2.3303303303303302      -0.41034329214977189      -0.25654014004216497     
   2.3343343343343341      -0.41487020881856634      -0.25957836080381524     
   2.3383383383383385      -0.41938194489831060      -0.26261401450028221     
   2.3423423423423424      -0.42387829637462754      -0.26564707111087593     
   2.3463463463463463      -0.42835922734686088      -0.26867750064059437     
   2.3503503503503502      -0.43282454930170849      -0.27170527312041259     
   2.3543543543543541      -0.43727421888319273      -0.27473035860758266     
   2.3583583583583585      -0.44170806158117748      -0.27775272718593058     
   2.3623623623623624      -0.44612602803598694      -0.28077234896614911     
   2.3663663663663663      -0.45052795641558302      -0.28378919408609682     
   2.3703703703703702      -0.45491379263504900      -0.28680323271108998     
   2.3743743743743742      -0.45928338637012739      -0.28981443503420068     
   2.3783783783783785      -0.46363667993351981      -0.29282277127655010     
   2.3823823823823824      -0.46797353347659371      -0.29582821168760237     
   2.3863863863863863      -0.47229388669303957      -0.29883072654545989     
   2.3903903903903903      -0.47659760930070183      -0.30183028615715662     
   2.3943943943943946      -0.48088463923286573      -0.30482686085895327     
   2.3983983983983985      -0.48515485497391275      -0.30782042101662760     
   2.4024024024024024      -0.48940819344397751      -0.31081093702577117     
   2.4064064064064064      -0.49364454119073076      -0.31379837931207849     
   2.4104104104104103      -0.49786383476924306      -0.31678271833164234     
   2.4144144144144146      -0.50206596817259785      -0.31976392457124503     
   2.4184184184184185      -0.50625087815075154      -0.32274196854864923     
   2.4224224224224224      -0.51041846559949333      -0.32571682081289072     
   2.4264264264264264      -0.51456866794544021      -0.32868845194456880     
   2.4304304304304303      -0.51870139251038416      -0.33165683255613876     
   2.4344344344344346      -0.52281657781017088      -0.33462193329220136     
   2.4384384384384385      -0.52691413717368918      -0.33758372482979238     
   2.4424424424424425      -0.53099401055743090      -0.34054217787867352     
   2.4464464464464464      -0.53505611692894062      -0.34349726318162288     
   2.4504504504504503      -0.53910039798284148      -0.34644895151472338     
   2.4544544544544546      -0.54312677800083753      -0.34939721368765092     
   2.4584584584584586      -0.54713520066568433      -0.35234202054396457     
   2.4624624624624625      -0.55112559528690230      -0.35528334296139358     
   2.4664664664664664      -0.55509790774365098      -0.35822115185212722     
   2.4704704704704703      -0.55905207211995467      -0.36115541816310109     
   2.4744744744744747      -0.56298803666303454      -0.36408611287628395     
   2.4784784784784786      -0.56690574000662164      -0.36701320700896528     
   2.4824824824824825      -0.57080513290558732      -0.36993667161404292     
   2.4864864864864864      -0.57468615834311210      -0.37285647778030850     
   2.4904904904904903      -0.57854876969326130      -0.37577259663273233     
   2.4944944944944947      -0.58239291410946858      -0.37868499933275035     
   2.4984984984984986      -0.58621854767205095      -0.38159365707854853     
   2.5025025025025025      -0.59002562154351668      -0.38449854110534887     
   2.5065065065065064      -0.59381409457615153      -0.38739962268569306     
   2.5105105105105103      -0.59758392179572595      -0.39029687312972527     
   2.5145145145145147      -0.60133506487363964      -0.39319026378547894     
   2.5185185185185186      -0.60506748256617893      -0.39607976603915657     
   2.5225225225225225      -0.60878113939486700      -0.39896535131541627     
   2.5265265265265264      -0.61247599772483896      -0.40184699107765126     
   2.5305305305305303      -0.61615202494475685      -0.40472465682827302     
   2.5345345345345347      -0.61980918691629683      -0.40759832010899633     
   2.5385385385385386      -0.62344745390016099      -0.41046795250111373     
   2.5425425425425425      -0.62706679515015096      -0.41333352562578402     
   2.5465465465465464      -0.63066718379344122      -0.41619501114430751     
   2.5505505505505504      -0.63424859237817266      -0.41905238075840956     
   2.5545545545545547      -0.63781099688339804      -0.42190560621051959     
   2.5585585585585586      -0.64135437305937060      -0.42475465928404776     
   2.5625625625625625      -0.64487869971466361      -0.42759951180366890     
   2.5665665665665665      -0.64838395571406526      -0.43044013563559802     
   2.5705705705705704      -0.65187012266665012      -0.43327650268786827     
   2.5745745745745747      -0.65533718246804951      -0.43610858491061100     
   2.5785785785785786      -0.65878511949312146      -0.43893635429633066     
   2.5825825825825826      -0.66221391858789191      -0.44175978288018303     
   2.5865865865865865      -0.66562356685343027      -0.44457884274025233     
   2.5905905905905904      -0.66901405200841724      -0.44739350599782673     
   2.5945945945945947      -0.67238536383643910      -0.45020374481767333     
   2.5985985985985987      -0.67573749285336193      -0.45300953140831385     
   2.6026026026026026      -0.67907043147811719      -0.45581083802230121     
   2.6066066066066065      -0.68238417295019016      -0.45860763695649065     
   2.6106106106106104      -0.68567871227377175      -0.46139990055231678     
   2.6146146146146148      -0.68895404534001270      -0.46418760119606622     
   2.6186186186186187      -0.69221016968585403      -0.46697071131914791     
   2.6226226226226226      -0.69544708378353159      -0.46974920339837051     
   2.6266266266266265      -0.69866478764823625      -0.47252304995621180     
   2.6306306306306309      -0.70186328226390182      -0.47529222356109002     
   2.6346346346346348      -0.70504257006784865      -0.47805669682763591     
   2.6386386386386387      -0.70820265448736530      -0.48081644241696481     
   2.6426426426426426      -0.71134354032449931      -0.48357143303694416     
   2.6466466466466465      -0.71446523338248957      -0.48632164144246637     
   2.6506506506506509      -0.71756774076971397      -0.48906704043571703     
   2.6546546546546548      -0.72065107059881184      -0.49180760286644165     
   2.6586586586586587      -0.72371523222535961      -0.49454330163221849     
   2.6626626626626626      -0.72676023600564787      -0.49727410967872404     
   2.6666666666666665      -0.72978609348280932      -0.49999999999999972     
   2.6706706706706709      -0.73279281719180633      -0.50272094563872161     
   2.6746746746746748      -0.73578042080337291      -0.50543691968646454     
   2.6786786786786787      -0.73874891896691064      -0.50814789528396909     
   2.6826826826826826      -0.74169832742066877      -0.51085384562140823     
   2.6866866866866865      -0.74462866286500029      -0.51355474393865141     
   2.6906906906906909      -0.74753994304560667      -0.51625056352552878     
   2.6946946946946948      -0.75043218665105138      -0.51894127772209564     
   2.6986986986986987      -0.75330541337459334      -0.52162685991889768     
   2.7027027027027026      -0.75615964383102940      -0.52430728355723144     
   2.7067067067067065      -0.75899489960156841      -0.52698252212940910     
   2.7107107107107109      -0.76181120316604523      -0.52965254917902060     
   2.7147147147147148      -0.76460857793441928      -0.53231733830119188     
   2.7187187187187187      -0.76738704819117320      -0.53497686314285131     
   2.7227227227227226      -0.77014663911631964      -0.53763109740298709     
   2.7267267267267266      -0.77288737673944041      -0.54028001483290666     
   2.7307307307307309      -0.77560928795249395      -0.54292358923649919     
   2.7347347347347348      -0.77831240047147776      -0.54556179447049191     
   2.7387387387387387      -0.78099674284286813      -0.54819460444470958     
   2.7427427427427427      -0.78366234441129423      -0.55082199312233360     
   2.7467467467467466      -0.78630923532106900      -0.55344393452015828     
   2.7507507507507509      -0.78893744648860076      -0.55606040270884749     
   2.7547547547547548      -0.79154700960017321      -0.55867137181319182     
   2.7587587587587588      -0.79413795708808865      -0.56127681601236501     
   2.7627627627627627      -0.79671032212560955      -0.56387670954017755     
   2.7667667667667666      -0.79926413860604129      -0.56647102668533345     
   2.7707707707707709      -0.80179944113555990      -0.56905974179168384     
   2.7747747747747749      -0.80431626501461617      -0.57164282925847854     
   2.7787787787787788      -0.80681464622921006      -0.57422026354062317     
   2.7827827827827827      -0.80929462143413355      -0.57679201914892952     
   2.7867867867867866      -0.81175622794314350      -0.57935807065036660     
   2.7907907907907910      -0.81419950371366157      -0.58191839266831491     
   2.7947947947947949      -0.81662448733618809      -0.58447295988281489     
   2.7987987987987988      -0.81903121802017431      -0.58702174703081833     
   2.8028028028028027      -0.82141973558294645      -0.58956472890643896     
   2.8068068068068066      -0.82379008043652691      -0.59210188036120082     
   2.8108108108108110      -0.82614229357627356      -0.59463317630428647     
   2.8148148148148149      -0.82847641656848248      -0.59715859170278585     
   2.8188188188188188      -0.83079249153890289      -0.59967810158194468     
   2.8228228228228227      -0.83309056116099300      -0.60219168102540921     
   2.8268268268268266      -0.83537066864442822      -0.60469930517547521     
   2.8308308308308310      -0.83763285772391793      -0.60720094923333168     
   2.8348348348348349      -0.83987717264780104      -0.60969658845930674     
   2.8388388388388388      -0.84210365816734511      -0.61218619817311326     
   2.8428428428428427      -0.84431235952550765      -0.61466975375409216     
   2.8468468468468466      -0.84650332244666193      -0.61714723064145482     
   2.8508508508508510      -0.84867659312556876      -0.61961860433452842     
   2.8548548548548549      -0.85083221821749955      -0.62208385039299596     
   2.8588588588588588      -0.85297024482745643      -0.62454294443713865     
   2.8628628628628627      -0.85509072050066282      -0.62699586214807834     
   2.8668668668668666      -0.85719369321205852      -0.62944257926801550     
   2.8708708708708710      -0.85927921135713980      -0.63188307160047208     
   2.8748748748748749      -0.86134732374175127      -0.63431731501052735     
   2.8788788788788788      -0.86339807957326142      -0.63674528542506048     
   2.8828828828828827      -0.86543152845066396      -0.63916695883298458     
   2.8868868868868871      -0.86744772035608175      -0.64158231128548815     
   2.8908908908908910      -0.86944670564518867      -0.64399131889626826     
   2.8948948948948949      -0.87142853503902984      -0.64639395784176901     
   2.8988988988988988      -0.87339325961477476      -0.64879020436141721     
   2.9029029029029028      -0.87534093079785280      -0.65118003475785557     
   2.9069069069069071      -0.87727160035303475      -0.65356342539717915     
   2.9109109109109110      -0.87918532037688835      -0.65594035270916740     
   2.9149149149149149      -0.88108214328918466      -0.65831079318751873     
   2.9189189189189189      -0.88296212182567546      -0.66067472339008115     
   2.9229229229229228      -0.88482530902982204      -0.66303211993908662     
   2.9269269269269271      -0.88667175824589861      -0.66538295952137938     
   2.9309309309309310      -0.88850152311103747      -0.66772721888864839     
   2.9349349349349350      -0.89031465754866379      -0.67006487485765742     
   2.9389389389389389      -0.89211121576084718      -0.67239590431047236     
   2.9429429429429428      -0.89389125222207610      -0.67472028419469232     
   2.9469469469469471      -0.89565482167191335      -0.67703799152367616     
   2.9509509509509511      -0.89740197910910846      -0.67934900337676973     
   2.9549549549549550      -0.89913277978454564      -0.68165329689953269     
   2.9589589589589589      -0.90084727919571284      -0.68395084930396566     
   2.9629629629629628      -0.90254553307991892      -0.68624163786873338     
   2.9669669669669672      -0.90422759740913794      -0.68852563993939209     
   2.9709709709709711      -0.90589352838347759      -0.69080283292861111     
   2.9749749749749750      -0.90754338242640686      -0.69307319431639702     
   2.9789789789789789      -0.90917721617846647      -0.69533670165031769     
   2.9829829829829828      -0.91079508649289209      -0.69759333254572287     
   2.9869869869869872      -0.91239705042954289      -0.69984306468596547     
   2.9909909909909911      -0.91398316525094103      -0.70208587582262250     
   2.9949949949949950      -0.91555348841639561      -0.70432174377571644     
   2.9989989989989989      -0.91710807757847779      -0.70655064643393228     
   3.0030030030030028      -0.91864699057731170      -0.70877256175483805     
   3.0070070070070072      -0.92017028543751300      -0.71098746776510247     
   3.0110110110110111      -0.92167802036261526      -0.71319534256071015     
   3.0150150150150150      -0.92317025373249750      -0.71539616430718178     
   3.0190190190190189      -0.92464704409791321      -0.71758991123978788     
   3.0230230230230228      -0.92610845017843790      -0.71977656166376336     
   3.0270270270270272      -0.92755453085706208      -0.72195609395452442     
   3.0310310310310311      -0.92898534517869280      -0.72412848655788031     
   3.0350350350350350      -0.93040095234477704      -0.72629371799024711     
   3.0390390390390389      -0.93180141171238240      -0.72845176683886070     
   3.0430430430430429      -0.93318678278881562      -0.73060261176198871     
   3.0470470470470472      -0.93455712523131751      -0.73274623148913987     
   3.0510510510510511      -0.93591249884163441      -0.73488260482127588     
   3.0550550550550550      -0.93725296356636345      -0.73701171063102133     
   3.0590590590590589      -0.93857857949144130      -0.73913352786287101     
   3.0630630630630629      -0.93988940684316358      -0.74124803553339991     
   3.0670670670670672      -0.94118550598256334      -0.74335521273147032     
   3.0710710710710711      -0.94246693740713083      -0.74545503861843621     
   3.0750750750750750      -0.94373376174504175      -0.74754749242835339     
   3.0790790790790790      -0.94498603975761297      -0.74963255346818258     
   3.0830830830830829      -0.94622383233335206      -0.75171020111799314     
   3.0870870870870872      -0.94744720049115916      -0.75378041483116953     
   3.0910910910910911      -0.94865620537418593      -0.75584317413461222     
   3.0950950950950951      -0.94985090825379159      -0.75789845862894101     
   3.0990990990990990      -0.95103137052319464      -0.75994624798869759     
   3.1031031031031029      -0.95219765370219034      -0.76198652196254535     
   3.1071071071071072      -0.95334981943060082      -0.76401926037346968     
   3.1111111111111112      -0.95448792947372096      -0.76604444311897801     
   3.1151151151151151      -0.95561204571560332      -0.76806205017129969     
   3.1191191191191190      -0.95672223016518754      -0.77007206157758090     
   3.1231231231231229      -0.95781854494947638      -0.77207445746008596     
   3.1271271271271273      -0.95890105232026168      -0.77406921801639050     
   3.1311311311311312      -0.95996981464728837      -0.77605632351957909     
   3.1351351351351351      -0.96102489442546624      -0.77803575431843974     
   3.1391391391391390      -0.96206635426814169      -0.78000749083765863     
   3.1431431431431434      -0.96309425691465000      -0.78197151357801342     
   3.1471471471471473      -0.96410866522385341      -0.78392780311656574     
   3.1511511511511512      -0.96510964218185069      -0.78587634010685492     
   3.1551551551551551      -0.96609725089598619      -0.78781710527908644     
   3.1591591591591590      -0.96707155460247773      -0.78975007944032583     
   3.1631631631631634      -0.96803261666114748      -0.79167524347468532     
   3.1671671671671673      -0.96898050056270302      -0.79359257834351493     
   3.1711711711711712      -0.96991526992446708      -0.79550206508559018     
   3.1751751751751751      -0.97083698849700339      -0.79740368481729929     
   3.1791791791791790      -0.97174572016116789      -0.79929741873283011     
   3.1831831831831834      -0.97264152893374101      -0.80118324810435748     
   3.1871871871871873      -0.97352447896614125      -0.80306115428222580     
   3.1911911911911912      -0.97439463454870923      -0.80493111869513456     
   3.1951951951951951      -0.97525206011143528      -0.80679312285032412     
   3.1991991991991990      -0.97609682022654642      -0.80864714833375495     
   3.2032032032032034      -0.97692897961157665      -0.81049317681029209     
   3.2072072072072073      -0.97774860312994083      -0.81233119002388610     
   3.2112112112112112      -0.97855575579663157      -0.81416116979775310     
   3.2152152152152151      -0.97935050277652524      -0.81598309803455449     
   3.2192192192192191      -0.98013290939290365      -0.81779695671657726     
   3.2232232232232234      -0.98090304112336024      -0.81960272790591171     
   3.2272272272272273      -0.98166096361119048      -0.82140039374462503     
   3.2312312312312312      -0.98240674265893713      -0.82318993645494509     
   3.2352352352352352      -0.98314044424249813      -0.82497133833943015     
   3.2392392392392391      -0.98386213450257853      -0.82674458178114651     
   3.2432432432432434      -0.98457187976110139      -0.82850964924384241     
   3.2472472472472473      -0.98526974651113941      -0.83026652327212114     
   3.2512512512512513      -0.98595580143486117      -0.83201518649161355     
   3.2552552552552552      -0.98663011139290924      -0.83375562160915107     
   3.2592592592592591      -0.98729274344269036      -0.83548781141293604     
   3.2632632632632634      -0.98794376482860957      -0.83721173877271049     
   3.2672672672672673      -0.98858324299904132      -0.83892738663992716     
   3.2712712712712713      -0.98921124559935381      -0.84063473804791811     
   3.2752752752752752      -0.98982784048532224      -0.84233377611206173     
   3.2792792792792791      -0.99043309572146732      -0.84402448402995045     
   3.2832832832832834      -0.99102707958809022      -0.84570684508155636     
   3.2872872872872874      -0.99160986058802914      -0.84738084262939606     
   3.2912912912912913      -0.99218150744390721      -0.84904646011869733     
   3.2952952952952952      -0.99274208911699735      -0.85070368107756111     
   3.2992992992992991      -0.99329167479071656      -0.85235248911712369     
   3.3033033033033035      -0.99383033390578612      -0.85399286793172058     
   3.3073073073073074      -0.99435813612558577      -0.85562480129904661     
   3.3113113113113113      -0.99487515139212979      -0.85724827308031681     
   3.3153153153153152      -0.99538144986866217      -0.85886326722042616     
   3.3193193193193191      -0.99587710202106916      -0.86046976774810746     
   3.3233233233233235      -0.99636217853316755      -0.86206775877609132     
   3.3273273273273274      -0.99683675041789632      -0.86365722450126015     
   3.3313313313313313      -0.99730088890125734      -0.86523814920480790     
   3.3353353353353352      -0.99775466556685299      -0.86681051725239255     
   3.3393393393393391      -0.99819815220552499      -0.86837431309429247     
   3.3433433433433435      -0.99863142099539171      -0.86992952126555956     
   3.3473473473473474      -0.99905454431598117      -0.87147612638617244     
   3.3513513513513513      -0.99946759496377136      -0.87301411316118827     
   3.3553553553553552      -0.99987064593222330      -0.87454346638089397     
   3.3593593593593591       -1.0002637706597557      -0.87606417092095756     
   3.3633633633633635       -1.0006470427806136      -0.87757621174257716     
   3.3673673673673674       -1.0010205363981755      -0.87907957389262847     
   3.3713713713713713       -1.0013843258161481      -0.88057424250381433     
   3.3753753753753752       -1.0017384858250518      -0.88206020279481123     
   3.3793793793793796       -1.0020830914287546      -0.88353744007041513     
   3.3833833833833835       -1.0024182181260062      -0.88500593972168740     
   3.3873873873873874       -1.0027439416537036      -0.88646568722609875     
   3.3913913913913913       -1.0030603382386274      -0.88791666814767278     
   3.3953953953953953       -1.0033674843857956      -0.88935886813712972     
   3.3993993993993996       -1.0036654570684591      -0.89079227293202790     
   3.4034034034034035       -1.0039543335969736      -0.89221686835690339     
   3.4074074074074074       -1.0042341917082249      -0.89363264032341194     
   3.4114114114114114       -1.0045051095569564      -0.89503957483046781     
   3.4154154154154153       -1.0047671656598953      -0.89643765796438168     
   3.4194194194194196       -1.0050204390564788      -0.89782687589899912     
   3.4234234234234235       -1.0052650090591515      -0.89920721489583688     
   3.4274274274274275       -1.0055009556326895      -0.90057866130421815     
   3.4314314314314314       -1.0057283589017840      -0.90194120156140900     
   3.4354354354354353       -1.0059472997962082      -0.90329482219275192     
   3.4394394394394396       -1.0061578592715064      -0.90463950981179775     
   3.4434434434434436       -1.0063601192593279      -0.90597525112043964     
   3.4474474474474475       -1.0065541615686422      -0.90730203290904421     
   3.4514514514514514       -1.0067400691647881      -0.90861984205658186     
   3.4554554554554553       -1.0069179247390601      -0.90992866553075646     
   3.4594594594594597       -1.0070878123145208      -0.91122849038813580     
   3.4634634634634636       -1.0072498155027647      -0.91251930377427593     
   3.4674674674674675       -1.0074040193977147      -0.91380109292385281     
   3.4714714714714714       -1.0075505085813914      -0.91507384516078560     
   3.4754754754754753       -1.0076893692174997      -0.91633754789836286     
   3.4794794794794797       -1.0078206869238788      -0.91759218863936631     
   3.4834834834834836       -1.0079445489155090      -0.91883775497619591     
   3.4874874874874875       -1.0080610419295202      -0.92007423459099136     
   3.4914914914914914       -1.0081702541935011      -0.92130161525575383     
   3.4954954954954953       -1.0082722736674963      -0.92251988483246850     
   3.4994994994994997       -1.0083671895311987      -0.92372903127322248     
   3.5035035035035036       -1.0084550910919865      -0.92492904262032472     
   3.5075075075075075       -1.0085360683993934      -0.92611990700642566     
   3.5115115115115114       -1.0086102122518457      -0.92730161265463207     
   3.5155155155155153       -1.0086776134673379      -0.92847414787862559     
   3.5195195195195197       -1.0087383644937913      -0.92963750108277710     
   3.5235235235235236       -1.0087925568033227      -0.93079166076226205     
   3.5275275275275275       -1.0088402846579820      -0.93193661550317375     
   3.5315315315315314       -1.0088816400672775      -0.93307235398263721     
   3.5355355355355353       -1.0089167192648048      -0.93419886496891946     
   3.5395395395395397       -1.0089456146941247      -0.93531613732154262     
   3.5435435435435436       -1.0089684246916211      -0.93642415999139206     
   3.5475475475475475       -1.0089852420664853      -0.93752292202082732     
   3.5515515515515514       -1.0089961673381751      -0.93861241254378924     
   3.5555555555555554       -1.0090012936752641      -0.93969262078590843     
   3.5595595595595597       -1.0090007237793104      -0.94076353606461116     
   3.5635635635635636       -1.0089945510244300      -0.94182514778922477     
   3.5675675675675675       -1.0089828798689768      -0.94287744546108421     
   3.5715715715715715       -1.0089658049516421      -0.94392041867363274     
   3.5755755755755754       -1.0089434324651965      -0.94495405711252811     
   3.5795795795795797       -1.0089158582524012      -0.94597835055574231     
   3.5835835835835836       -1.0088831896084696      -0.94699328887366330     
   3.5875875875875876       -1.0088455242743311      -0.94799886202919548     
   3.5915915915915915       -1.0088029700083536      -0.94899506007785894     
   3.5955955955955954       -1.0087556270726488      -0.94998187316788696     
   3.5995995995995997       -1.0087036030253420      -0.95095929154032532     
   3.6036036036036037       -1.0086470014122104      -0.95192730552912663     
   3.6076076076076076       -1.0085859287203063      -0.95288590556124664     
   3.6116116116116115       -1.0085204928318228      -0.95383508215674029     
   3.6156156156156154       -1.0084507979291415      -0.95477482592885354     
   3.6196196196196198       -1.0083769575809882      -0.95570512758411708     
   3.6236236236236237       -1.0082990722530953      -0.95662597792243798     
   3.6276276276276276       -1.0082172625430983      -0.95753736783719101     
   3.6316316316316315       -1.0081316240423548      -0.95843928831530878     
   3.6356356356356359       -1.0080422852304212      -0.95933173043737030     
   3.6396396396396398       -1.0079493362775045      -0.96021468537768961     
   3.6436436436436437       -1.0078529136938961      -0.96108814440440271     
   3.6476476476476476       -1.0077531023829505      -0.96195209887955480     
   3.6516516516516515       -1.0076500464229130      -0.96280654025918444     
   3.6556556556556559       -1.0075438261889897      -0.96365146009340885     
   3.6596596596596598       -1.0074345920566696      -0.96448685002650714     
   3.6636636636636637       -1.0073224217219157      -0.96531270179700357     
   3.6676676676676676       -1.0072074691598640      -0.96612900723774797     
   3.6716716716716715       -1.0070898129791486      -0.96693575827599820     
   3.6756756756756759       -1.0069696060794762      -0.96773294693349898     
   3.6796796796796798       -1.0068469334340162      -0.96852056532655983     
   3.6836836836836837       -1.0067219406759018      -0.96929860566613557     
   3.6876876876876876       -1.0065947258245813      -0.97006706025790090     
   3.6916916916916915       -1.0064654198126541      -0.97082592150232783     
   3.6956956956956959       -1.0063341417361971      -0.97157518189476044     
   3.6996996996996998       -1.0062009990533873      -0.97231483402548924     
   3.7037037037037037       -1.0060661409702256      -0.97304487057982392     
   3.7077077077077076       -1.0059296423180064      -0.97376528433816678     
   3.7117117117117115       -1.0057916909345930      -0.97447606817608323     
   3.7157157157157159       -1.0056523212882660      -0.97517721506437227     
   3.7197197197197198       -1.0055117661249726      -0.97586871806913611     
   3.7237237237237237       -1.0053700147865039      -0.97655057035184933     
   3.7277277277277276       -1.0052273472645430      -0.97722276516942586     
   3.7317317317317316       -1.0050837083101924      -0.97788529587428519     
   3.7357357357357359       -1.0049394204651663      -0.97853815591441973     
   3.7397397397397398       -1.0047943930884313      -0.97918133883345804     
   3.7437437437437437       -1.0046489765880386      -0.97981483827072935     
   3.7477477477477477       -1.0045030652231484      -0.98043864796132674     
   3.7517517517517516       -1.0043570100820780      -0.98105276173616807     
   3.7557557557557559       -1.0042107247932672      -0.98165717352205806     
   3.7597597597597598       -1.0040645183551058      -0.98225187734174813     
   3.7637637637637638       -1.0039183742595703      -0.98283686731399489     
   3.7677677677677677       -1.0037725008380345      -0.98341213765361879     
   3.7717717717717716       -1.0036270172768398      -0.98397768267156138     
   3.7757757757757759       -1.0034819581586916      -0.98453349677494195     
   3.7797797797797799       -1.0033376565723460      -0.98507957446711136     
   3.7837837837837838       -1.0031938915796832      -0.98561591034770824     
   3.7877877877877877       -1.0030512920963977      -0.98614249911271146     
   3.7917917917917916       -1.0029093022097020      -0.98665933555449192     
   3.7957957957957960       -1.0027689183185846      -0.98716641456186571     
   3.7997997997997999       -1.0026291905799973      -0.98766373112014327     
   3.8038038038038038       -1.0024915217970680      -0.98815128031117960     
   3.8078078078078077       -1.0023545559417102      -0.98862905731342254     
   3.8118118118118116       -1.0022200780833039      -0.98909705740196108     
   3.8158158158158160       -1.0020863953516406      -0.98955527594857173     
   3.8198198198198199       -1.0019555492554602      -0.99000370842176366     
   3.8238238238238238       -1.0018257024030393      -0.99044235038682449     
   3.8278278278278277       -1.0016988815033385      -0.99087119750586350     
   3.8318318318318316       -1.0015734645859131      -0.99129024553785516     
   3.8358358358358360       -1.0014510039439761      -0.99169949033868066     
   3.8398398398398399       -1.0013306591746192      -0.99209892786116838     
   3.8438438438438438       -1.0012128293664126      -0.99248855415513493     
   3.8478478478478477       -1.0010982465692271      -0.99286836536742351     
   3.8518518518518516       -1.0009852574265601      -0.99323835774194280     
   3.8558558558558560       -1.0008771598325721      -0.99359852761970280     
   3.8598598598598599       -1.0007691818051325      -0.99394887143885202     
   3.8638638638638638       -1.0006682898155441      -0.99428938573471282     
   3.8678678678678677       -1.0005655019664039      -0.99462006713981466     
   3.8718718718718717       -1.0004724649038814      -0.99494091238392857     
   3.8758758758758760       -1.0003751399383891      -0.99525191829409909     
   3.8798798798798799       -1.0002904255860210      -0.99555308179467450     
   3.8838838838838838       -1.0001990613632921      -0.99584439990733942     
   3.8878878878878878       -1.0001227955975336      -0.99612586975114281     
   3.8918918918918921       -1.0000382974666131      -0.99639748854252641     
   3.8958958958958960      -0.99997005464366551      -0.99665925359535279     
   3.8998998998998999      -0.99989396094726890      -0.99691116232093191     
   3.9039039039039038      -0.99983252254638511      -0.99715321222804643     
   3.9079079079079078      -0.99976724255911775      -0.99738540092297623     
   3.9119119119119121      -0.99971037196515911      -0.99760772610952264     
   3.9159159159159160      -0.99965936650645837      -0.99782018558903074     
   3.9199199199199199      -0.99960369674478355      -0.99802277726041111     
   3.9239239239239239      -0.99957147181769812      -0.99821549912016083     
   3.9279279279279278      -0.99951267456876547      -0.99839834926238302     
   3.9319319319319321      -0.99950437509305068      -0.99857132587880604     
   3.9359359359359360      -0.99943787328496603      -0.99873442725880057     
   3.9399399399399400      -0.99945816220590167      -0.99888765178939798     
   3.9439439439439439      -0.99938075269005788      -0.99903099795530448     
   3.9479479479479478      -0.99943156301193048      -0.99916446433891781     
   3.9519519519519521      -0.99934439292510180      -0.99928804962034024     
   3.9559559559559561      -0.99942110522959482      -0.99940175257739150     
   3.9599599599599600      -0.99933440745826119      -0.99950557208562174     
   3.9639639639639639      -0.99942016462019467      -0.99959950711832180     
   3.9679679679679678      -0.99935981321335254      -0.99968355674653397     
   3.9719719719719722      -0.99941835290012171      -0.99975772013906072     
   3.9759759759759761      -0.99943315234823593      -0.99982199656247328     
   3.9799799799799800      -0.99940221873232804      -0.99987638538111856     
   3.9839839839839839      -0.99956846522968601      -0.99992088605712559     
   3.9879879879879878      -0.99935906744986813      -0.99995549815041107     
   3.9919919919919922      -0.99977479857904694      -0.99998022131868336     
   3.9959959959959961      -0.99929160357757840      -0.99999505531744570     
   4.0000000000000000       -1.0000000000000000       -1.0000000000000000     
