   0.0000000000000000        1.0000000000000000       0.99999999999999989     
   4.0040040040040040E-003  0.99996869467223948       0.99999505531744592     
   8.0080080080080079E-003   1.0000018672352660       0.99998022131868325     
   1.2012012012012012E-002  0.99993703669981127       0.99995549815041107     
   1.6016016016016016E-002  0.99979502182672020       0.99992088605712559     
   2.0020020020020020E-002  0.99984137600029788       0.99987638538111856     
   2.4024024024024024E-002  0.99963065139221585       0.99982199656247328     
   2.8028028028028028E-002  0.99970763743860325       0.99975772013906072     
   3.2032032032032032E-002  0.99949773741805992       0.99968355674653397     
   3.6036036036036036E-002  0.99955471016931396       0.99959950711832180     
   4.0040040040040040E-002  0.99938092200037087       0.99950557208562174     
   4.4044044044044044E-002  0.99939872727087342       0.99940175257739161     
   4.8048048048048048E-002  0.99926974547541469       0.99928804962034012     
   5.2052052052052052E-002  0.99924964118973603       0.99916446433891792     
   5.6056056056056056E-002  0.99915955297826886       0.99903099795530459     
   6.0060060060060060E-002  0.99911216260130842       0.99888765178939798     
   6.4064064064064064E-002  0.99904984907697225       0.99873442725880068     
   6.8068068068068074E-002  0.99898769749992233       0.99857132587880615     
   7.2072072072072071E-002  0.99894237912552153       0.99839834926238324     
   7.6076076076076082E-002  0.99887603971569505       0.99821549912016094     
   8.0080080080080079E-002  0.99883969821405050       0.99802277726041122     
   8.4084084084084090E-002  0.99877649307684646       0.99782018558903074     
   8.8088088088088087E-002  0.99874432817906311       0.99760772610952264     
   9.2092092092092098E-002  0.99868846720167270       0.99738540092297623     
   9.6096096096096095E-002  0.99865837190974160       0.99715321222804643     
  0.10010010010010011       0.99861170362892282       0.99691116232093191     
  0.10410410410410410       0.99858341546271889       0.99665925359535279     
  0.10810810810810811       0.99854628827536696       0.99639748854252641     
  0.11211211211211211       0.99852057937517436       0.99612586975114281     
  0.11611611611611612       0.99849256666007458       0.99584439990733964     
  0.12012012012012012       0.99847062582599733       0.99555308179467450     
  0.12412412412412413       0.99845103379844669       0.99525191829409887     
  0.12812812812812813       0.99843406931025802       0.99494091238392868     
  0.13213213213213212       0.99842223620678761       0.99462006713981466     
  0.13613613613613615       0.99841126618799125       0.99428938573471282     
  0.14014014014014015       0.99840670019107469       0.99394887143885213     
  0.14414414414414414       0.99840247660980264       0.99359852761970280     
  0.14814814814814814       0.99840488743624289       0.99323835774194291     
  0.15215215215215216       0.99840790080875674       0.99286836536742373     
  0.15615615615615616       0.99841717193931612       0.99248855415513493     
  0.16016016016016016       0.99842769767616535       0.99209892786116838     
  0.16416416416416416       0.99844383555401428       0.99169949033868066     
  0.16816816816816818       0.99846199107138112       0.99129024553785539     
  0.17217217217217218       0.99848507042758283       0.99087119750586361     
  0.17617617617617617       0.99851086786986987       0.99044235038682449     
  0.18018018018018017       0.99854098664314472       0.99000370842176388     
  0.18418418418418420       0.99857437421228956       0.98955527594857196     
  0.18818818818818819       0.99861162112689095       0.98909705740196130     
  0.19219219219219219       0.99865251157325030       0.98862905731342254     
  0.19619619619619619       0.99869694597691994       0.98815128031117949     
  0.20020020020020021       0.99874523386832892       0.98766373112014327     
  0.20420420420420421       0.99879687568278464       0.98716641456186571     
  0.20820820820820821       0.99885244601338075       0.98665933555449203     
  0.21221221221221220       0.99891127266249713       0.98614249911271146     
  0.21621621621621623       0.99897400364090350       0.98561591034770846     
  0.22022022022022023       0.99903995160310799       0.98507957446711159     
  0.22422422422422422       0.99910971415114935       0.98453349677494206     
  0.22822822822822822       0.99918268297267787       0.98397768267156138     
  0.23223223223223224       0.99925933845444059       0.98341213765361868     
  0.23623623623623624       0.99933919543999039       0.98283686731399489     
  0.24024024024024024       0.99942259310534232       0.98225187734174813     
  0.24424424424424424       0.99950917824125529       0.98165717352205828     
  0.24824824824824826       0.99959915298805802       0.98105276173616818     
  0.25225225225225223       0.99969228295714796       0.98043864796132674     
  0.25625625625625625       0.99978865365886982       0.97981483827072957     
  0.26026026026026028       0.99988812542462724       0.97918133883345804     
  0.26426426426426425       0.99999069412798347       0.97853815591441973     
  0.26826826826826827        1.0000962873814807       0.97788529587428519     
  0.27227227227227230        1.0002048390472467       0.97722276516942586     
  0.27627627627627627        1.0003163183760275       0.97655057035184956     
  0.28028028028028029        1.0004306212396026       0.97586871806913633     
  0.28428428428428426        1.0005477373314835       0.97517721506437238     
  0.28828828828828829        1.0006675436961014       0.97447606817608334     
  0.29229229229229231        1.0007900345761609       0.97376528433816700     
  0.29629629629629628        1.0009150816384709       0.97304487057982403     
  0.30030030030030030        1.0010426733487925       0.97231483402548924     
  0.30430430430430433        1.0011726845451860       0.97157518189476044     
  0.30830830830830830        1.0013050917626214       0.97082592150232794     
  0.31231231231231232        1.0014397776839894       0.97006706025790113     
  0.31631631631631629        1.0015767044989108       0.96929860566613568     
  0.32032032032032032        1.0017157640382868       0.96852056532656006     
  0.32432432432432434        1.0018569043198242       0.96773294693349898     
  0.32832832832832831        1.0020000258610513       0.96693575827599854     
  0.33233233233233234        1.0021450638683482       0.96612900723774819     
  0.33633633633633636        1.0022919260706975       0.96531270179700357     
  0.34034034034034033        1.0024405371883141       0.96448685002650714     
  0.34434434434434436        1.0025908098725946       0.96365146009340885     
  0.34834834834834832        1.0027426610405132       0.96280654025918455     
  0.35235235235235235        1.0028960061642178       0.96195209887955491     
  0.35635635635635637        1.0030507564896451       0.96108814440440293     
  0.36036036036036034        1.0032068286842410       0.96021468537768961     
  0.36436436436436437        1.0033641302276781       0.95933173043737041     
  0.36836836836836839        1.0035225774447785       0.95843928831530878     
  0.37237237237237236        1.0036820757227147       0.95753736783719101     
  0.37637637637637639        1.0038425399274473       0.95662597792243798     
  0.38038038038038036        1.0040038744576414       0.95570512758411708     
  0.38438438438438438        1.0041659922186041       0.95477482592885377     
  0.38838838838838841        1.0043287971079471       0.95383508215674051     
  0.39239239239239238        1.0044922000053071       0.95288590556124697     
  0.39639639639639640        1.0046561046183959       0.95192730552912663     
  0.40040040040040042        1.0048204197269011       0.95095929154032544     
  0.40440440440440439        1.0049850491243963       0.94998187316788707     
  0.40840840840840842        1.0051498995058585       0.94899506007785894     
  0.41241241241241239        1.0053148748717466       0.94799886202919548     
  0.41641641641641641        1.0054798801191256       0.94699328887366341     
  0.42042042042042044        1.0056448192143459       0.94597835055574242     
  0.42442442442442441        1.0058095957492437       0.94495405711252856     
  0.42842842842842843        1.0059741133718747       0.94392041867363297     
  0.43243243243243246        1.0061382748059882       0.94287744546108421     
  0.43643643643643643        1.0063019832628344       0.94182514778922499     
  0.44044044044044045        1.0064651407627203       0.94076353606461094     
  0.44444444444444442        1.0066276501383966       0.93969262078590843     
  0.44844844844844844        1.0067894128045340       0.93861241254378935     
  0.45245245245245247        1.0069503312790871       0.93752292202082743     
  0.45645645645645644        1.0071103065032065       0.93642415999139239     
  0.46046046046046046        1.0072692406476986       0.93531613732154295     
  0.46446446446446449        1.0074270343980694       0.93419886496891991     
  0.46846846846846846        1.0075835894793337       0.93307235398263733     
  0.47247247247247248        1.0077388065392261       0.93193661550317397     
  0.47647647647647645        1.0078925867894368       0.93079166076226205     
  0.48048048048048048        1.0080448309973953       0.92963750108277710     
  0.48448448448448450        1.0081954398946091       0.92847414787862570     
  0.48848848848848847        1.0083443143695037       0.92730161265463229     
  0.49249249249249250        1.0084913548286381       0.92611990700642588     
  0.49649649649649652        1.0086364622050608       0.92492904262032505     
  0.50050050050050054        1.0087795367540286       0.92372903127322259     
  0.50450450450450446        1.0089204793811626       0.92251988483246872     
  0.50850850850850848        1.0090591903484398       0.92130161525575405     
  0.51251251251251251        1.0091955704550841       0.92007423459099136     
  0.51651651651651653        1.0093295201081047       0.91883775497619602     
  0.52052052052052056        1.0094609400178907       0.91759218863936653     
  0.52452452452452447        1.0095897307116650       0.91633754789836308     
  0.52852852852852850        1.0097157929151719       0.91507384516078605     
  0.53253253253253252        1.0098390272506883       0.91380109292385314     
  0.53653653653653655        1.0099593345328637       0.91251930377427604     
  0.54054054054054057        1.0100766154656544       0.91122849038813569     
  0.54454454454454460        1.0101907710163152       0.90992866553075669     
  0.54854854854854851        1.0103017019515854       0.90861984205658186     
  0.55255255255255253        1.0104093094599944       0.90730203290904443     
  0.55655655655655656        1.0105134943339167       0.90597525112043986     
  0.56056056056056058        1.0106141580493277       0.90463950981179786     
  0.56456456456456461        1.0107112014376312       0.90329482219275237     
  0.56856856856856852        1.0108045262323875       0.90194120156140967     
  0.57257257257257255        1.0108940333731140       0.90057866130421826     
  0.57657657657657657        1.0109796248124803       0.89920721489583666     
  0.58058058058058060        1.0110612016482521       0.89782687589899912     
  0.58458458458458462        1.0111386660298101       0.89643765796438168     
  0.58858858858858853        1.0112119192440592       0.89503957483046792     
  0.59259259259259256        1.0112808636232287       0.89363264032341216     
  0.59659659659659658        1.0113454006643505       0.89221686835690384     
  0.60060060060060061        1.0114054328699849       0.89079227293202834     
  0.60460460460460463        1.0114608619640422       0.88935886813713039     
  0.60860860860860866        1.0115115906040926       0.88791666814767300     
  0.61261261261261257        1.0115575207569492       0.88646568722609853     
  0.61661661661661660        1.0115985552148263       0.88500593972168740     
  0.62062062062062062        1.0116345962043172       0.88353744007041513     
  0.62462462462462465        1.0116655466261304       0.88206020279481145     
  0.62862862862862867        1.0116913089847608       0.88057424250381455     
  0.63263263263263259        1.0117117862581102       0.87907957389262892     
  0.63663663663663661        1.0117268812469093       0.87757621174257761     
  0.64064064064064064        1.0117364969715401       0.87606417092095823     
  0.64464464464464466        1.0117405365454331       0.87454346638089420     
  0.64864864864864868        1.0117389031539363       0.87301411316118804     
  0.65265265265265260        1.0117315006657146       0.87147612638617244     
  0.65665665665665662        1.0117182318511726       0.86992952126555978     
  0.66066066066066065        1.0116990006176818       0.86837431309429269     
  0.66466466466466467        1.0116737099497473       0.86681051725239278     
  0.66866866866866870        1.0116422638141558       0.86523814920480835     
  0.67267267267267272        1.0116045653827068       0.86365722450126059     
  0.67667667667667664        1.0115605186758296       0.86206775877609154     
  0.68068068068068066        1.0115100270255295       0.86046976774810768     
  0.68468468468468469        1.0114529944972734       0.85886326722042616     
  0.68868868868868871        1.0113893245560648       0.85724827308031681     
  0.69269269269269274        1.0113189213011291       0.85562480129904683     
  0.69669669669669665        1.0112416883031172       0.85399286793172080     
  0.70070070070070067        1.0111575296812263       0.85235248911712413     
  0.70470470470470470        1.0110663490842533       0.85070368107756156     
  0.70870870870870872        1.0109680506352410       0.84904646011869800     
  0.71271271271271275        1.0108625380333891       0.84738084262939628     
  0.71671671671671666        1.0107497153874050       0.84570684508155602     
  0.72072072072072069        1.0106294864189069       0.84402448402995045     
  0.72472472472472471        1.0105017552021254       0.84233377611206173     
  0.72872872872872874        1.0103664254527684       0.84063473804791822     
  0.73273273273273276        1.0102234011887961       0.83892738663992727     
  0.73673673673673679        1.0100725860912767       0.83721173877271082     
  0.74074074074074070        1.0099138840985267       0.83548781141293649     
  0.74474474474474472        1.0097471988279270       0.83375562160915173     
  0.74874874874874875        1.0095724341133321       0.83201518649161366     
  0.75275275275275277        1.0093894934789269       0.83026652327212069     
  0.75675675675675680        1.0091982806280826       0.82850964924384218     
  0.76076076076076071        1.0089986989618482       0.82674458178114663     
  0.76476476476476474        1.0087906520259162       0.82497133833943037     
  0.76876876876876876        1.0085740430678651       0.82318993645494531     
  0.77277277277277279        1.0083487754475304       0.82140039374462548     
  0.77677677677677681        1.0081147522281946       0.81960272790591149     
  0.78078078078078073        1.0078718765547503       0.81779695671657793     
  0.78478478478478475        1.0076200512749440       0.81598309803455460     
  0.78878878878878878        1.0073591792888474       0.81416116979775299     
  0.79279279279279280        1.0070891631969576       0.81233119002388599     
  0.79679679679679682        1.0068099056239919       0.81049317681029232     
  0.80080080080080085        1.0065213088910945       0.80864714833375506     
  0.80480480480480476        1.0062232753163831       0.80679312285032445     
  0.80880880880880879        1.0059157069092148       0.80493111869513490     
  0.81281281281281281        1.0055985056493695       0.80306115428222591     
  0.81681681681681684        1.0052715732015471       0.80118324810435759     
  0.82082082082082086        1.0049348111749776       0.79929741873283022     
  0.82482482482482478        1.0045881208564960       0.79740368481729917     
  0.82882882882882880        1.0042314034521787       0.79550206508558996     
  0.83283283283283283        1.0038645598375255       0.79359257834351515     
  0.83683683683683685        1.0034874907824856       0.79167524347468543     
  0.84084084084084088        1.0031000967174655       0.78975007944032627     
  0.84484484484484490        1.0027022779430332       0.78781710527908688     
  0.84884884884884881        1.0022939344105586       0.78587634010685514     
  0.85285285285285284        1.0018749659177044       0.78392780311656585     
  0.85685685685685686        1.0014452719026985       0.78197151357801298     
  0.86086086086086089        1.0010047516266112       0.78000749083765841     
  0.86486486486486491        1.0005533039802821       0.77803575431843952     
  0.86886886886886883        1.0000908276543434       0.77605632351957921     
  0.87287287287287285       0.99961722095794370       0.77406921801639061     
  0.87687687687687688       0.99913238197736454       0.77207445746008641     
  0.88088088088088090       0.99863620840572276       0.77007206157758135     
  0.88488488488488493       0.99812859769099305       0.76806205017129980     
  0.88888888888888884       0.99760944687597963       0.76604444311897812     
  0.89289289289289286       0.99707865273637719       0.76401926037346957     
  0.89689689689689689       0.99653611163047862       0.76198652196254524     
  0.90090090090090091       0.99598171962783366       0.75994624798869781     
  0.90490490490490494       0.99541537236813316       0.75789845862894112     
  0.90890890890890896       0.99483696518105547       0.75584317413461199     
  0.91291291291291288       0.99424639295374739       0.75378041483116964     
  0.91691691691691690       0.99364355024252715       0.75171020111799358     
  0.92092092092092093       0.99302833114830513       0.74963255346818269     
  0.92492492492492495       0.99240062942072660       0.74754749242835361     
  0.92892892892892898       0.99176033834114330       0.74545503861843632     
  0.93293293293293289       0.99110735081953139       0.74335521273147021     
  0.93693693693693691       0.99044155928463817       0.74124803553340046     
  0.94094094094094094       0.98976285577422662       0.73913352786287123     
  0.94494494494494496       0.98907113183182316       0.73701171063102144     
  0.94894894894894899       0.98836627859080806       0.73488260482127599     
  0.95295295295295290       0.98764818667738241       0.73274623148913998     
  0.95695695695695693       0.98691674628892112       0.73060261176198882     
  0.96096096096096095       0.98617184710273231       0.72845176683886093     
  0.96496496496496498       0.98541337834911980       0.72629371799024722     
  0.96896896896896900       0.98464122872559945       0.72412848655788020     
  0.97297297297297303       0.98385528646497911       0.72195609395452465     
  0.97697697697697694       0.98305543925477379       0.71977656166376347     
  0.98098098098098097       0.98224157430060266       0.71758991123978799     
  0.98498498498498499       0.98141357825056230       0.71539616430718200     
  0.98898898898898902       0.98057133725422185       0.71319534256071038     
  0.99299299299299304       0.97971473689169664       0.71098746776510235     
  0.99699699699699695       0.97884366222852703       0.70877256175483849     
   1.0010010010010011       0.97795799774923842       0.70655064643393239     
   1.0050050050050050       0.97705762740837387       0.70432174377571666     
   1.0090090090090089       0.97614243456827499       0.70208587582262261     
   1.0130130130130131       0.97521230204659548       0.69984306468596524     
   1.0170170170170170       0.97426711205805350       0.69759333254572309     
   1.0210210210210211       0.97330674625870017       0.69533670165031780     
   1.0250250250250250       0.97233108569141324       0.69307319431639725     
   1.0290290290290289       0.97134001082719679       0.69080283292861089     
   1.0330330330330331       0.97033340151421543       0.68852563993939231     
   1.0370370370370370       0.96931113701636473       0.68624163786873360     
   1.0410410410410411       0.96827309596566014       0.68395084930396588     
   1.0450450450450450       0.96721915639833089       0.68165329689953280     
   1.0490490490490489       0.96614919571035163       0.67934900337676996     
   1.0530530530530531       0.96506309069132934       0.67703799152367639     
   1.0570570570570570       0.96396071748299472       0.67472028419469277     
   1.0610610610610611       0.96284195161108577       0.67239590431047247     
   1.0650650650650650       0.96170666794668280       0.67006487485765720     
   1.0690690690690692       0.96055474073625713       0.66772721888864850     
   1.0730730730730731       0.95938604356576140       0.66538295952137927     
   1.0770770770770770       0.95820044938896787       0.66303211993908673     
   1.0810810810810811       0.95699783049429099       0.66067472339008138     
   1.0850850850850851       0.95577805853148912       0.65831079318751895     
   1.0890890890890892       0.95454100448119661       0.65594035270916762     
   1.0930930930930931       0.95328653868011681       0.65356342539717938     
   1.0970970970970970       0.95201453079317588       0.65118003475785569     
   1.1011011011011012       0.95072484983739403       0.64879020436141710     
   1.1051051051051051       0.94941736415652278       0.64639395784176923     
   1.1091091091091092       0.94809194144384079       0.64399131889626848     
   1.1131131131131131       0.94674844871909969       0.64158231128548826     
   1.1171171171171170       0.94538675235045588       0.63916695883298480     
   1.1211211211211212       0.94400671803362979       0.63674528542506059     
   1.1251251251251251       0.94260821081313950       0.63431731501052790     
   1.1291291291291292       0.94119109506360721       0.63188307160047219     
   1.1331331331331331       0.93975523451043086       0.62944257926801572     
   1.1371371371371370       0.93830049221318124       0.62699586214807856     
   1.1411411411411412       0.93682673058585175       0.62454294443713887     
   1.1451451451451451       0.93533381138231286       0.62208385039299618     
   1.1491491491491492       0.93382159571625190       0.61961860433452864     
   1.1531531531531531       0.93228994404866494       0.61714723064145538     
   1.1571571571571571       0.93073871620757243       0.61466975375409227     
   1.1611611611611612       0.92916777137758788       0.61218619817311382     
   1.1651651651651651       0.92757696811946688       0.60969658845930685     
   1.1691691691691692       0.92596616436175694       0.60720094923333146     
   1.1731731731731732       0.92433521742029512       0.60469930517547543     
   1.1771771771771771       0.92268398399190377       0.60219168102540976     
   1.1811811811811812       0.92101232017399826       0.59967810158194490     
   1.1851851851851851       0.91932008146025901       0.59715859170278607     
   1.1891891891891893       0.91760712276046230       0.59463317630428669     
   1.1931931931931932       0.91587329839818599       0.59210188036120104     
   1.1971971971971973       0.91411846213089021       0.58956472890643952     
   1.2012012012012012       0.91234246714971179       0.58702174703081855     
   1.2052052052052051       0.91054516609986402       0.58447295988281511     
   1.2092092092092093       0.90872641108253249       0.58191839266831502     
   1.2132132132132132       0.90688605367570052       0.57935807065036715     
   1.2172172172172173       0.90502394493816141       0.57679201914892964     
   1.2212212212212212       0.90313993543082260       0.57422026354062339     
   1.2252252252252251       0.90123387522291265       0.57164282925847876     
   1.2292292292292293       0.89930561391376573       0.56905974179168362     
   1.2332332332332332       0.89735500064137386       0.56647102668533400     
   1.2372372372372373       0.89538188410455666       0.56387670954017777     
   1.2412412412412412       0.89338611257409672       0.56127681601236523     
   1.2452452452452452       0.89136753391515933       0.55867137181319193     
   1.2492492492492493       0.88932599560122527       0.55606040270884771     
   1.2532532532532532       0.88726134473669083       0.55344393452015839     
   1.2572572572572573       0.88517342807374633       0.55082199312233371     
   1.2612612612612613       0.88306209203511987       0.54819460444470980     
   1.2652652652652652       0.88092718273406889       0.54556179447049202     
   1.2692692692692693       0.87876854599715126       0.54292358923649942     
   1.2732732732732732       0.87658602738762237       0.54028001483290677     
   1.2772772772772774       0.87437947222798429       0.53763109740298687     
   1.2812812812812813       0.87214872562717483       0.53497686314285187     
   1.2852852852852852       0.86989363250258989       0.53231733830119210     
   1.2892892892892893       0.86761403761148526       0.52965254917902038     
   1.2932932932932932       0.86530978557214278       0.52698252212940966     
   1.2972972972972974       0.86298072089992961       0.52430728355723166     
   1.3013013013013013       0.86062668802721576       0.52162685991889790     
   1.3053053053053052       0.85824753134465159       0.51894127772209575     
   1.3093093093093093       0.85584309521929602       0.51625056352552856     
   1.3133133133133132       0.85341322404179265       0.51355474393865164     
   1.3173173173173174       0.85095776224209363       0.51085384562140879     
   1.3213213213213213       0.84847655434325997       0.50814789528396931     
   1.3253253253253254       0.84596944497409876       0.50543691968646431     
   1.3293293293293293       0.84343627893040940       0.50272094563872183     
   1.3333333333333333       0.84087690118373792       0.50000000000000033     
   1.3373373373373374       0.83829115695099921       0.49727410967872421     
   1.3413413413413413       0.83567889169841836       0.49454330163221866     
   1.3453453453453454       0.83303995122061603       0.49180760286644143     
   1.3493493493493494       0.83037418163863785       0.48906704043571680     
   1.3533533533533533       0.82768142948972778       0.48632164144246692     
   1.3573573573573574       0.82496154171823788       0.48357143303694439     
   1.3613613613613613       0.82221436577738538       0.48081644241696458     
   1.3653653653653655       0.81943974961177168       0.47805669682763607     
   1.3693693693693694       0.81663754177246273       0.47529222356109019     
   1.3733733733733733       0.81380759138982295       0.47252304995621203     
   1.3773773773773774       0.81094974830322797       0.46974920339837073     
   1.3813813813813813       0.80806386302296729       0.46697071131914814     
   1.3853853853853855       0.80514978687583372       0.46418760119606600     
   1.3893893893893894       0.80220737195493630       0.46139990055231739     
   1.3933933933933933       0.79923647128222397       0.45860763695649082     
   1.3973973973973974       0.79623693874532875       0.45581083802230099     
   1.4014014014014013       0.79320862927772828       0.45300953140831446     
   1.4054054054054055       0.79015139878212604       0.45020374481767350     
   1.4094094094094094       0.78706510432847065       0.44739350599782696     
   1.4134134134134133       0.78394960406398295       0.44457884274025250     
   1.4174174174174174       0.78080475742849786       0.44175978288018319     
   1.4214214214214214       0.77763042505212476       0.43893635429633082     
   1.4254254254254255       0.77442646898632717       0.43610858491061116     
   1.4294294294294294       0.77119275259143305       0.43327650268786849     
   1.4334334334334333       0.76792914078039742       0.43044013563559824     
   1.4374374374374375       0.76463549990009305       0.42759951180366951     
   1.4414414414414414       0.76131169798267240       0.42475465928404799     
   1.4454454454454455       0.75795760462692308       0.42190560621051937     
   1.4494494494494494       0.75457309124939131       0.41905238075840973     
   1.4534534534534536       0.75115803097523670       0.41619501114430768     
   1.4574574574574575       0.74771229887768897       0.41333352562578418     
   1.4614614614614614       0.74423577189187229       0.41046795250111390     
   1.4654654654654655       0.74072832902656827       0.40759832010899610     
   1.4694694694694694       0.73718985131968862       0.40472465682827363     
   1.4734734734734736       0.73362022200038735       0.40184699107765148     
   1.4774774774774775       0.73001932651154045       0.39896535131541649     
   1.4814814814814814       0.72638705259272762       0.39607976603915679     
   1.4854854854854855       0.72272329040348782       0.39319026378547872     
   1.4894894894894894       0.71902793248823882       0.39029687312972589     
   1.4934934934934936       0.71530087404464315       0.38739962268569328     
   1.4974974974974975       0.71154201271969664       0.38449854110534909     
   1.5015015015015014       0.70775124908073650       0.38159365707854875     
   1.5055055055055055       0.70392848617720871       0.37868499933275013     
   1.5095095095095095       0.70007363028816472       0.37577259663273255     
   1.5135135135135136       0.69618659016612672       0.37285647778030873     
   1.5175175175175175       0.69226727815493716       0.36993667161404314     
   1.5215215215215214       0.68831560900994893       0.36701320700896550     
   1.5255255255255256       0.68433150150458921       0.36408611287628412     
   1.5295295295295295       0.68031487669407897       0.36115541816310132     
   1.5335335335335336       0.67626566015879330       0.35822115185212744     
   1.5375375375375375       0.67218377954599140       0.35528334296139380     
   1.5415415415415414       0.66806916763400637       0.35234202054396474     
   1.5455455455455456       0.66392175894698191       0.34939721368765114     
   1.5495495495495495       0.65974149386716774       0.34644895151472355     
   1.5535535535535536       0.65552831407030654       0.34349726318162310     
   1.5575575575575575       0.65128216796507243       0.34054217787867375     
   1.5615615615615615       0.64700300464018223       0.33758372482979260     
   1.5655655655655656       0.64269078097169619       0.33462193329220158     
   1.5695695695695695       0.63834545370571993       0.33165683255613898     
   1.5735735735735736       0.63396698864739798       0.32868845194456903     
   1.5775775775775776       0.62955535042354138       0.32571682081289088     
   1.5815815815815817       0.62511051425353792       0.32274196854864945     
   1.5855855855855856       0.62063245284245305       0.31976392457124525     
   1.5895895895895895       0.61612115133572232       0.31678271833164295     
   1.5935935935935936       0.61157659068319747       0.31379837931207866     
   1.5975975975975976       0.60699876649853413       0.31081093702577139     
   1.6016016016016017       0.60238766810598632       0.30782042101662782     
   1.6056056056056056       0.59774330216427685       0.30482686085895305     
   1.6096096096096095       0.59306566645815795       0.30183028615715729     
   1.6136136136136137       0.58835477930793045       0.29883072654546011     
   1.6176176176176176       0.58361064699403198       0.29582821168760254     
   1.6216216216216217       0.57883330016021783       0.29282277127655032     
   1.6256256256256256       0.57402275355868915       0.28981443503420135     
   1.6296296296296295       0.56917905087038978       0.28680323271109065     
   1.6336336336336337       0.56430221522714841       0.28378919408609704     
   1.6376376376376376       0.55939230412005270       0.28077234896614933     
   1.6416416416416417       0.55444934889014852       0.27775272718593036     
   1.6456456456456456       0.54947342167913193       0.27473035860758332     
   1.6496496496496496       0.54446456177750291       0.27170527312041282     
   1.6536536536536537       0.53942285689482306       0.26867750064059459     
   1.6576576576576576       0.53434835390978475       0.26564707111087615     
   1.6616616616616617       0.52924115710419517       0.26261401450028199     
   1.6656656656656657       0.52410132046891156       0.25957836080381591     
   1.6696696696696696       0.51892896596093374       0.25654014004216519     
   1.6736736736736737       0.51372415407805994       0.25349938226140467     
   1.6776776776776776       0.50848702566658577       0.25045611753269870     
   1.6816816816816818       0.50321764698120686       0.24741037595200283     
   1.6856856856856857       0.49791617909655583       0.24436218763976714     
   1.6896896896896898       0.49258269311252428       0.24131158274063927     
   1.6936936936936937       0.48721737181105135       0.23825859142316480     
   1.6976976976976976       0.48182029004580779       0.23520324387949043     
   1.7017017017017018       0.47639165394114158       0.23214557032506186     
   1.7057057057057057       0.47093154081411598       0.22908560099833006     
   1.7097097097097098       0.46544018194012149       0.22602336616044894     
   1.7137137137137137       0.45991765558984249       0.22295889609497727     
   1.7177177177177176       0.45436422019042966       0.21989222110757800     
   1.7217217217217218       0.44877995321552960       0.21682337152571932     
   1.7257257257257257       0.44316514245648969       0.21375237769837560     
   1.7297297297297298       0.43751986257586989       0.21067926999572606     
   1.7337337337337337       0.43184443317399002       0.20760407880885565     
   1.7377377377377377       0.42613892380153046       0.20452683454945109     
   1.7417417417417418       0.42040368856634913       0.20144756764950522     
   1.7457457457457457       0.41463878929566961       0.19836630856101312     
   1.7497497497497498       0.40884461757935292       0.19528308775567005     
   1.7537537537537538       0.40302122457430944       0.19219793572457314     
   1.7577577577577577       0.39716904262529240       0.18911088297791637     
   1.7617617617617618       0.39128810891207649       0.18602196004469188     
   1.7657657657657657       0.38537890012828119       0.18293119747238676     
   1.7697697697697699       0.37944143578522088       0.17983862582668017     
   1.7737737737737738       0.37347624086288295       0.17674427569114179     
   1.7777777777777777       0.36748331310428567       0.17364817766693028     
   1.7817817817817818       0.36146323007864484       0.17055036237248988     
   1.7857857857857857       0.35541596322931607       0.16745086044324664     
   1.7897897897897899       0.34934214740369257       0.16434970253130635     
   1.7937937937937938       0.34324172276106391       0.16124691930515228     
   1.7977977977977977       0.33711538652112977       0.15814254144934106     
   1.8018018018018018       0.33096304210227923       0.15503659966419786     
   1.8058058058058057       0.32478545461265240       0.15192912466551589     
   1.8098098098098099       0.31858248478386120       0.14882014718424907     
   1.8138138138138138       0.31235497156449027       0.14570969796621130     
   1.8178178178178179       0.30610272655138215       0.14259780777177095     
   1.8218218218218218       0.29982666893156251       0.13948450737554591     
   1.8258258258258258       0.29352655420828894       0.13636982756610005     
   1.8298298298298299       0.28720338865654627       0.13325379914563965     
   1.8338338338338338       0.28085686421293266       0.13013645292970785     
   1.8378378378378379       0.27448808154143195       0.12701781974687870     
   1.8418418418418419       0.26809666102746876       0.12389793043845529     
   1.8458458458458458       0.26168380547005327       0.12077681585816115     
   1.8498498498498499       0.25524905521760655       0.11765450687183837     
   1.8538538538538538       0.24879372338104114       0.11453103435714140     
   1.8578578578578580       0.24231726130316697       0.11140642920322855     
   1.8618618618618619       0.23582110099165249       0.10828072231046192     
   1.8658658658658658       0.22930459536042835       0.10515394459009815     
   1.8698698698698699       0.22276930427396743       0.10202612696398421     
   1.8738738738738738       0.21621447237828728        9.8897300364250137E-002
   1.8778778778778780       0.20964179668601476        9.5767495733004110E-002
   1.8818818818818819       0.20305040337134689        9.2636744022027262E-002
   1.8858858858858858       0.19644213616148706        8.9505076192466795E-002
   1.8898898898898899       0.18981599225414275        8.6372523214528804E-002
   1.8938938938938938       0.18317397186282564        8.3239116067172991E-002
   1.8978978978978980       0.17651493248184391        8.0104885737807094E-002
   1.9019019019019019       0.16984104070358960        7.6969863221979185E-002
   1.9059059059059058       0.16315100346389247        7.3834079523072429E-002
   1.9099099099099099       0.15644716364716640        7.0697565651994948E-002
   1.9139139139139139       0.14972806675818406        6.7560352626878470E-002
   1.9179179179179180       0.14299624179002937        6.4422471472768014E-002
   1.9219219219219219       0.13625006205452483        6.1283953221316440E-002
   1.9259259259259258       0.12949225223888292        5.8144828910476183E-002
   1.9299299299299300       0.12272100295722041        5.5005129584193228E-002
   1.9339339339339339       0.11593924379216716        5.1864886292100981E-002
   1.9379379379379380       0.10914497257775888        4.8724130089211899E-002
   1.9419419419419419       0.10234133243749284        4.5582892035611673E-002
   1.9459459459459461        9.5526118949630243E-002   4.2441203196148525E-002
   1.9499499499499500        8.8702696677644632E-002   3.9299094640131337E-002
   1.9539539539539539        8.1868650278405827E-002   3.6156597441019275E-002
   1.9579579579579580        7.5027572698707135E-002   3.3013742676113601E-002
   1.9619619619619619        6.8176830041551034E-002   2.9870561426253450E-002
   1.9659659659659661        6.1320249393794143E-002   2.6727084775504926E-002
   1.9699699699699700        5.4454971956638433E-002   2.3583343810856781E-002
   1.9739739739739739        4.7585063247005982E-002   2.0439369621911660E-002
   1.9779779779779780        4.0707434866771003E-002   1.7295193300577764E-002
   1.9819819819819819        3.3826392996162823E-002   1.4150845940762258E-002
   1.9859859859859861        2.6938617850181267E-002   1.1006358638064652E-002
   1.9899899899899900        2.0048653235794914E-002   7.8617624894684063E-003
   1.9939939939939939        1.3152958077374108E-002   4.7170885930325071E-003
   1.9979979979979980        6.2562797054456975E-003   1.5723680475848198E-003
   2.0020020020020022       -6.4504767361014373E-004  -1.5723680475845747E-003
   2.0060060060060061       -7.5463530177963707E-003  -4.7170885930322625E-003
   2.0100100100100100       -1.4450631998526970E-002  -7.8617624894681600E-003
   2.0140140140140139       -2.1353433471312900E-002  -1.1006358638064406E-002
   2.0180180180180178       -2.8257560650034912E-002  -1.4150845940762012E-002
   2.0220220220220222       -3.5158783850406591E-002  -1.7295193300577522E-002
   2.0260260260260261       -4.2059713487590078E-002  -2.0439369621911417E-002
   2.0300300300300300       -4.8956341263488960E-002  -2.3583343810856538E-002
   2.0340340340340339       -5.5851086533203684E-002  -2.6727084775504683E-002
   2.0380380380380378       -6.2740160809055298E-002  -2.9870561426253207E-002
   2.0420420420420422       -6.9625796215107005E-002  -3.3013742676113789E-002
   2.0460460460460461       -7.6504421628624239E-002  -3.6156597441019026E-002
   2.0500500500500500       -8.3378087341466567E-002  -3.9299094640131087E-002
   2.0540540540540539       -9.0243435093006794E-002  -4.2441203196148275E-002
   2.0580580580580579       -9.7102338537638902E-002  -4.5582892035610979E-002
   2.0620620620620622      -0.10395164640617928       -4.8724130089212093E-002
   2.0660660660660661      -0.11079306450541401       -5.1864886292100738E-002
   2.0700700700700700      -0.11762364798271059       -5.5005129584192979E-002
   2.0740740740740740      -0.12444495231843411       -5.8144828910475933E-002
   2.0780780780780779      -0.13125424421339302       -6.1283953221315746E-002
   2.0820820820820822      -0.13805294849475985       -6.4422471472768209E-002
   2.0860860860860861      -0.14483854336680305       -6.7560352626878220E-002
   2.0900900900900901      -0.15161233334853649       -7.0697565651994698E-002
   2.0940940940940940      -0.15837199578710276       -7.3834079523071736E-002
   2.0980980980980979      -0.16511871472636705       -7.6969863221978935E-002
   2.1021021021021022      -0.17185034672972888       -8.0104885737806844E-002
   2.1061061061061062      -0.17856795237611045       -8.3239116067172741E-002
   2.1101101101101101      -0.18526954819997091       -8.6372523214528554E-002
   2.1141141141141140      -0.19195607170998330       -8.9505076192466101E-002
   2.1181181181181179      -0.19862568456304636       -9.2636744022027012E-002
   2.1221221221221223      -0.20527920595917498       -9.5767495733003860E-002
   2.1261261261261262      -0.21191493162371389       -9.8897300364249888E-002
   2.1301301301301301      -0.21853356990592876      -0.10202612696398396     
   2.1341341341341340      -0.22513354162679922      -0.10515394459009790     
   2.1381381381381384      -0.23171545278789527      -0.10828072231046167     
   2.1421421421421423      -0.23827784127105642      -0.11140642920322831     
   2.1461461461461462      -0.24482121939044618      -0.11453103435714115     
   2.1501501501501501      -0.25134423452054705      -0.11765450687183812     
   2.1541541541541540      -0.25784731375020420      -0.12077681585816090     
   2.1581581581581584      -0.26432920671627608      -0.12389793043845504     
   2.1621621621621623      -0.27079026341948048      -0.12701781974687892     
   2.1661661661661662      -0.27722932885396306      -0.13013645292970763     
   2.1701701701701701      -0.28364668369433327      -0.13325379914563942     
   2.1741741741741740      -0.29004126172492228      -0.13636982756609983     
   2.1781781781781784      -0.29641328165532765      -0.13948450737554569     
   2.1821821821821823      -0.30276175984376247      -0.14259780777177072     
   2.1861861861861862      -0.30908685997977553      -0.14570969796621108     
   2.1901901901901901      -0.31538767513764560      -0.14882014718424885     
   2.1941941941941940      -0.32166432050744093      -0.15192912466551567     
   2.1981981981981984      -0.32791596038249304      -0.15503659966419808     
   2.2022022022022023      -0.33414266754694705      -0.15814254144934084     
   2.2062062062062062      -0.34034367237457747      -0.16124691930515206     
   2.2102102102102101      -0.34651901091231629      -0.16434970253130612     
   2.2142142142142140      -0.35266797482780671      -0.16745086044324597     
   2.2182182182182184      -0.35879056868082676      -0.17055036237248966     
   2.2222222222222223      -0.36488614098871619      -0.17364817766693005     
   2.2262262262262262      -0.37095466966506413      -0.17674427569114157     
   2.2302302302302301      -0.37699555596287848      -0.17983862582667995     
   2.2342342342342341      -0.38300875559373160      -0.18293119747238654     
   2.2382382382382384      -0.38899371874811284      -0.18602196004469207     
   2.2422422422422423      -0.39495038299744584      -0.18911088297791614     
   2.2462462462462462      -0.40087824397152944      -0.19219793572457292     
   2.2502502502502502      -0.40677722479737988      -0.19528308775566983     
   2.2542542542542541      -0.41264686332905048      -0.19836630856101248     
   2.2582582582582584      -0.41848707159619969      -0.20144756764950500     
   2.2622622622622623      -0.42429742672762683      -0.20452683454945086     
   2.2662662662662663      -0.43007783267228999      -0.20760407880885542     
   2.2702702702702702      -0.43582790313187664      -0.21067926999572584     
   2.2742742742742741      -0.44154753667974084      -0.21375237769837538     
   2.2782782782782784      -0.44723638111832226      -0.21682337152571909     
   2.2822822822822824      -0.45289433205797963      -0.21989222110757778     
   2.2862862862862863      -0.45852106914177793      -0.22295889609497704     
   2.2902902902902902      -0.46411648715627440      -0.22602336616044871     
   2.2942942942942941      -0.46968029551974527      -0.22908560099832984     
   2.2982982982982985      -0.47521239007958571      -0.23214557032506164     
   2.3023023023023024      -0.48071250814187588      -0.23520324387949024     
   2.3063063063063063      -0.48618054826341695      -0.23825859142316458     
   2.3103103103103102      -0.49161627391269475      -0.24131158274063905     
   2.3143143143143141      -0.49701958778638367      -0.24436218763976694     
   2.3183183183183185      -0.50239027793680302      -0.24741037595200260     
   2.3223223223223224      -0.50772825243020692      -0.25045611753269847     
   2.3263263263263263      -0.51303332245670574      -0.25349938226140445     
   2.3303303303303302      -0.51830540249771329      -0.25654014004216497     
   2.3343343343343341      -0.52354432555425168      -0.25957836080381524     
   2.3383383383383385      -0.52875001340020833      -0.26261401450028221     
   2.3423423423423424      -0.53392231962739245      -0.26564707111087593     
   2.3463463463463463      -0.53906117402626508      -0.26867750064059437     
   2.3503503503503502      -0.54416644965460603      -0.27170527312041259     
   2.3543543543543541      -0.54923808490454629      -0.27473035860758266     
   2.3583583583583585      -0.55427597125984518      -0.27775272718593058     
   2.3623623623623624      -0.55928005617375964      -0.28077234896614911     
   2.3663663663663663      -0.56425024859131356      -0.28378919408609682     
   2.3703703703703702      -0.56918650537321891      -0.28680323271108998     
   2.3743743743743742      -0.57408875202768717      -0.28981443503420068     
   2.3783783783783785      -0.57895695506776168      -0.29282277127655010     
   2.3823823823823824      -0.58379105572563850      -0.29582821168760237     
   2.3863863863863863      -0.58859103032096849      -0.29883072654545989     
   2.3903903903903903      -0.59335683502266046      -0.30183028615715662     
   2.3943943943943946      -0.59808845603071026      -0.30482686085895327     
   2.3983983983983985      -0.60278586370924236      -0.30782042101662760     
   2.4024024024024024      -0.60744905414108319      -0.31081093702577117     
   2.4064064064064064      -0.61207801118441574      -0.31379837931207849     
   2.4104104104104103      -0.61667274074469181      -0.31678271833164234     
   2.4144144144144146      -0.62123323950857867      -0.31976392457124503     
   2.4184184184184185      -0.62575952308911487      -0.32274196854864923     
   2.4224224224224224      -0.63025160036732586      -0.32571682081289072     
   2.4264264264264264      -0.63470949650116282      -0.32868845194456880     
   2.4304304304304303      -0.63913323195975891      -0.33165683255613876     
   2.4344344344344346      -0.64352284124224579      -0.33462193329220136     
   2.4384384384384385      -0.64787835582443587      -0.33758372482979238     
   2.4424424424424425      -0.65219981930783999      -0.34054217787867352     
   2.4464464464464464      -0.65648727361575065      -0.34349726318162288     
   2.4504504504504503      -0.66074077118363395      -0.34644895151472338     
   2.4544544544544546      -0.66496036384311363      -0.34939721368765092     
   2.4584584584584586      -0.66914611257049783      -0.35234202054396457     
   2.4624624624624625      -0.67329807858483259      -0.35528334296139358     
   2.4664664664664664      -0.67741633108992871      -0.35822115185212722     
   2.4704704704704703      -0.68150094018809670      -0.36115541816310109     
   2.4744744744744747      -0.68555198298110898      -0.36408611287628395     
   2.4784784784784786      -0.68956953796592624      -0.36701320700896528     
   2.4824824824824825      -0.69355368980016008      -0.36993667161404292     
   2.4864864864864864      -0.69750452490138815      -0.37285647778030850     
   2.4904904904904903      -0.70142213513160134      -0.37577259663273233     
   2.4944944944944947      -0.70530661436878939      -0.37868499933275035     
   2.4984984984984986      -0.70915806132142833      -0.38159365707854853     
   2.5025025025025025      -0.71297657688096638      -0.38449854110534887     
   2.5065065065065064      -0.71676226624062256      -0.38739962268569306     
   2.5105105105105103      -0.72051523687116781      -0.39029687312972527     
   2.5145145145145147      -0.72423560008727472      -0.39319026378547894     
   2.5185185185185186      -0.72792346951741138      -0.39607976603915657     
   2.5225225225225225      -0.73157896223490260      -0.39896535131541627     
   2.5265265265265264      -0.73520219761658634      -0.40184699107765126     
   2.5305305305305303      -0.73879329813391637      -0.40472465682827302     
   2.5345345345345347      -0.74235238851493601      -0.40759832010899633     
   2.5385385385385386      -0.74587959627255995      -0.41046795250111373     
   2.5425425425425425      -0.74937505110095981      -0.41333352562578402     
   2.5465465465465464      -0.75283888520306641      -0.41619501114430751     
   2.5505505505505504      -0.75627123286615827      -0.41905238075840956     
   2.5545545545545547      -0.75967223063815348      -0.42190560621051959     
   2.5585585585585586      -0.76304201703846941      -0.42475465928404776     
   2.5625625625625625      -0.76638073262242101      -0.42759951180366890     
   2.5665665665665665      -0.76968851979265918      -0.43044013563559802     
   2.5705705705705704      -0.77296552278261543      -0.43327650268786827     
   2.5745745745745747      -0.77621188754136383      -0.43610858491061100     
   2.5785785785785786      -0.77942776166022187      -0.43893635429633066     
   2.5825825825825826      -0.78261329430998094      -0.44175978288018303     
   2.5865865865865865      -0.78576863612927816      -0.44457884274025233     
   2.5905905905905904      -0.78889393919804329      -0.44739350599782673     
   2.5945945945945947      -0.79198935690182759      -0.45020374481767333     
   2.5985985985985987      -0.79505504392925264      -0.45300953140831385     
   2.6026026026026026      -0.79809115612294224      -0.45581083802230121     
   2.6066066066066065      -0.80109785049187532      -0.45860763695649065     
   2.6106106106106104      -0.80407528505678050      -0.46139990055231678     
   2.6146146146146148      -0.80702361887074558      -0.46418760119606622     
   2.6186186186186187      -0.80994301186473439      -0.46697071131914791     
   2.6226226226226226      -0.81283362487172472      -0.46974920339837051     
   2.6266266266266265      -0.81569561947630254      -0.47252304995621180     
   2.6306306306306309      -0.81852915803906690      -0.47529222356109002     
   2.6346346346346348      -0.82133440355295506      -0.47805669682763591     
   2.6386386386386387      -0.82411151966577456      -0.48081644241696481     
   2.6426426426426426      -0.82686067054491108      -0.48357143303694416     
   2.6466466466466465      -0.82958202089669708      -0.48632164144246637     
   2.6506506506506509      -0.83227573584041048      -0.48906704043571703     
   2.6546546546546548      -0.83494198092380789      -0.49180760286644165     
   2.6586586586586587      -0.83758092200678214      -0.49454330163221849     
   2.6626626626626626      -0.84019272527282640      -0.49727410967872404     
   2.6666666666666665      -0.84277755712233071      -0.49999999999999972     
   2.6706706706706709      -0.84533558418006483      -0.50272094563872161     
   2.6746746746746748      -0.84786697319781323      -0.50543691968646454     
   2.6786786786786787      -0.85037189105817368      -0.50814789528396909     
   2.6826826826826826      -0.85285050468605994      -0.51085384562140823     
   2.6866866866866865      -0.85530298104923286      -0.51355474393865141     
   2.6906906906906909      -0.85772948707809582      -0.51625056352552878     
   2.6946946946946948      -0.86013018966344867      -0.51894127772209564     
   2.6986986986986987      -0.86250525558393965      -0.52162685991889768     
   2.7027027027027026      -0.86485485150155961      -0.52430728355723144     
   2.7067067067067065      -0.86717914389610118      -0.52698252212940910     
   2.7107107107107109      -0.86947829905890484      -0.52965254917902060     
   2.7147147147147148      -0.87175248303367869      -0.53231733830119188     
   2.7187187187187187      -0.87400186160898785      -0.53497686314285131     
   2.7227227227227226      -0.87622660026481414      -0.53763109740298709     
   2.7267267267267266      -0.87842686416424931      -0.54028001483290666     
   2.7307307307307309      -0.88060281810520258      -0.54292358923649919     
   2.7347347347347348      -0.88275462651171333      -0.54556179447049191     
   2.7387387387387387      -0.88488245339025762      -0.54819460444470958     
   2.7427427427427427      -0.88698646232105349      -0.55082199312233360     
   2.7467467467467466      -0.88906681641846552      -0.55344393452015828     
   2.7507507507507509      -0.89112367832261585      -0.55606040270884749     
   2.7547547547547548      -0.89315721016343597      -0.55867137181319182     
   2.7587587587587588      -0.89516757355285959      -0.56127681601236501     
   2.7627627627627627      -0.89715492955210330      -0.56387670954017755     
   2.7667667667667666      -0.89911943866467958      -0.56647102668533345     
   2.7707707707707709      -0.90106126080652993      -0.56905974179168384     
   2.7747747747747749      -0.90298055530005250      -0.57164282925847854     
   2.7787787787787788      -0.90487748084674990      -0.57422026354062317     
   2.7827827827827827      -0.90675219552243702      -0.57679201914892952     
   2.7867867867867866      -0.90860485675209268      -0.57935807065036660     
   2.7907907907907910      -0.91043562130638378      -0.58191839266831491     
   2.7947947947947949      -0.91224464527844629      -0.58447295988281489     
   2.7987987987987988      -0.91403208408182746      -0.58702174703081833     
   2.8028028028028027      -0.91579809242894483      -0.58956472890643896     
   2.8068068068068066      -0.91754282433054080      -0.59210188036120082     
   2.8108108108108110      -0.91926643307558209      -0.59463317630428647     
   2.8148148148148149      -0.92096907123229721      -0.59715859170278585     
   2.8188188188188188      -0.92265089062930683      -0.59967810158194468     
   2.8228228228228227      -0.92431204235830222      -0.60219168102540921     
   2.8268268268268266      -0.92595267675620441      -0.60469930517547521     
   2.8308308308308310      -0.92757294340952789      -0.60720094923333168     
   2.8348348348348349      -0.92917299113739360      -0.60969658845930674     
   2.8388388388388388      -0.93075296799760732      -0.61218619817311326     
   2.8428428428428427      -0.93231302127035531      -0.61466975375409216     
   2.8468468468468466      -0.93385329746603063      -0.61714723064145482     
   2.8508508508508510      -0.93537394230944515      -0.61961860433452842     
   2.8548548548548549      -0.93687510074943270      -0.62208385039299596     
   2.8588588588588588      -0.93835691694342016      -0.62454294443713865     
   2.8628628628628627      -0.93981953426883058      -0.62699586214807834     
   2.8668668668668666      -0.94126309530786190      -0.62944257926801550     
   2.8708708708708710      -0.94268774186072402      -0.63188307160047208     
   2.8748748748748749      -0.94409361493046406      -0.63431731501052735     
   2.8788788788788788      -0.94548085473807197      -0.63674528542506048     
   2.8828828828828827      -0.94684960070720114      -0.63916695883298458     
   2.8868868868868871      -0.94819999148118184      -0.64158231128548815     
   2.8908908908908910      -0.94953216490748094      -0.64399131889626826     
   2.8948948948948949      -0.95084625805666634      -0.64639395784176901     
   2.8988988988988988      -0.95214240720645382      -0.64879020436141721     
   2.9029029029029028      -0.95342074786266706      -0.65118003475785557     
   2.9069069069069071      -0.95468141474271706      -0.65356342539717915     
   2.9109109109109110      -0.95592454179861497      -0.65594035270916740     
   2.9149149149149149      -0.95715026219972343      -0.65831079318751873     
   2.9189189189189189      -0.95835870835788506      -0.66067472339008115     
   2.9229229229229228      -0.95955001190928657      -0.66303211993908662     
   2.9269269269269271      -0.96072430374176865      -0.66538295952137938     
   2.9309309309309310      -0.96188171397563782      -0.66772721888864839     
   2.9349349349349350      -0.96302237199324336      -0.67006487485765742     
   2.9389389389389389      -0.96414640641855542      -0.67239590431047236     
   2.9429429429429428      -0.96525394514910812      -0.67472028419469232     
   2.9469469469469471      -0.96634511533415934      -0.67703799152367616     
   2.9509509509509511      -0.96742004340910737      -0.67934900337676973     
   2.9549549549549550      -0.96847885507204123      -0.68165329689953269     
   2.9589589589589589      -0.96952167532074840      -0.68395084930396566     
   2.9629629629629628      -0.97054862842745393      -0.68624163786873338     
   2.9669669669669672      -0.97155983797855616      -0.68852563993939209     
   2.9709709709709711      -0.97255542684734231      -0.69080283292861111     
   2.9749749749749750      -0.97353551723659759      -0.69307319431639702     
   2.9789789789789789      -0.97450023064907632      -0.69533670165031769     
   2.9829829829829828      -0.97544968793315101      -0.69759333254572287     
   2.9869869869869872      -0.97638400925079738      -0.69984306468596547     
   2.9909909909909911      -0.97730331412647031      -0.70208587582262250     
   2.9949949949949950      -0.97820772141234769      -0.70432174377571644     
   2.9989989989989989      -0.97909734934063575      -0.70655064643393228     
   3.0030030030030028      -0.97997231548580577      -0.70877256175483805     
   3.0070070070070072      -0.98083273682054284      -0.71098746776510247     
   3.0110110110110111      -0.98167872967470193      -0.71319534256071015     
   3.0150150150150150      -0.98251040979513526      -0.71539616430718178     
   3.0190190190190189      -0.98332789230106199      -0.71758991123978788     
   3.0230230230230228      -0.98413129174803771      -0.71977656166376336     
   3.0270270270270272      -0.98492072207942571      -0.72195609395452442     
   3.0310310310310311      -0.98569629669478331      -0.72412848655788031     
   3.0350350350350350      -0.98645812839709301      -0.72629371799024711     
   3.0390390390390389      -0.98720632946588072      -0.72845176683886070     
   3.0430430430430429      -0.98794101159984116      -0.73060261176198871     
   3.0470470470470472      -0.98866228599501804      -0.73274623148913987     
   3.0510510510510511      -0.98937026328244093      -0.73488260482127588     
   3.0550550550550550      -0.99006505361172081      -0.73701171063102133     
   3.0590590590590589      -0.99074676658329786      -0.73913352786287101     
   3.0630630630630629      -0.99141551133782790      -0.74124803553339991     
   3.0670670670670672      -0.99207139648261411      -0.74335521273147032     
   3.0710710710710711      -0.99271453018719158      -0.74545503861843621     
   3.0750750750750750      -0.99334502010348646      -0.74754749242835339     
   3.0790790790790790      -0.99396297346803086      -0.74963255346818258     
   3.0830830830830829      -0.99456849701537653      -0.75171020111799314     
   3.0870870870870872      -0.99516169708738911      -0.75378041483116953     
   3.0910910910910911      -0.99574267953943096      -0.75584317413461222     
   3.0950950950950951      -0.99631154985720627      -0.75789845862894101     
   3.0990990990990990      -0.99686841305518181      -0.75994624798869759     
   3.1031031031031029      -0.99741337380150252      -0.76198652196254535     
   3.1071071071071072      -0.99794653630810226      -0.76401926037346968     
   3.1111111111111112      -0.99846800446421713      -0.76604444311897801     
   3.1151151151151151      -0.99897788171760948      -0.76806205017129969     
   3.1191191191191190      -0.99947627121725491      -0.77007206157758090     
   3.1231231231231229      -0.99996327568506405      -0.77207445746008596     
   3.1271271271271273       -1.0004389975683359      -0.77406921801639050     
   3.1311311311311312       -1.0009035389013503      -0.77605632351957909     
   3.1351351351351351       -1.0013570014682116      -0.77803575431843974     
   3.1391391391391390       -1.0017994866536439      -0.78000749083765863     
   3.1431431431431434       -1.0022310956168818      -0.78197151357801342     
   3.1471471471471473       -1.0026519291309783      -0.78392780311656574     
   3.1511511511511512       -1.0030620877684162      -0.78587634010685492     
   3.1551551551551551       -1.0034616717282254      -0.78781710527908644     
   3.1591591591591590       -1.0038507810340125      -0.78975007944032583     
   3.1631631631631634       -1.0042295153481391      -0.79167524347468532     
   3.1671671671671673       -1.0045979741829227      -0.79359257834351493     
   3.1711711711711712       -1.0049562567010857      -0.79550206508559018     
   3.1751751751751751       -1.0053044619409084      -0.79740368481729929     
   3.1791791791791790       -1.0056426886021206      -0.79929741873283011     
   3.1831831831831834       -1.0059710352858457      -0.80118324810435748     
   3.1871871871871873       -1.0062896002650463      -0.80306115428222580     
   3.1911911911911912       -1.0065984817401457      -0.80493111869513456     
   3.1951951951951951       -1.0068977775930998      -0.80679312285032412     
   3.1991991991991990       -1.0071875856596306      -0.80864714833375495     
   3.2032032032032034       -1.0074680034659265      -0.81049317681029209     
   3.2072072072072073       -1.0077391285185096      -0.81233119002388610     
   3.2112112112112112       -1.0080010580224819      -0.81416116979775310     
   3.2152152152152151       -1.0082538891901136      -0.81598309803455449     
   3.2192192192192191       -1.0084977189394884      -0.81779695671657726     
   3.2232232232232234       -1.0087326442229922      -0.81960272790591171     
   3.2272272272272273       -1.0089587617050939      -0.82140039374462503     
   3.2312312312312312       -1.0091761681120337      -0.82318993645494509     
   3.2352352352352352       -1.0093849598873590      -0.82497133833943015     
   3.2392392392392391       -1.0095852335642193      -0.82674458178114651     
   3.2432432432432434       -1.0097770853971717      -0.82850964924384241     
   3.2472472472472473       -1.0099606117586037      -0.83026652327212114     
   3.2512512512512513       -1.0101359087451989      -0.83201518649161355     
   3.2552552552552552       -1.0103030726001365      -0.83375562160915107     
   3.2592592592592591       -1.0104621992924769      -0.83548781141293604     
   3.2632632632632634       -1.0106133849669081      -0.83721173877271049     
   3.2672672672672673       -1.0107567254941938      -0.83892738663992716     
   3.2712712712712713       -1.0108923169503659      -0.84063473804791811     
   3.2752752752752752       -1.0110202551362437      -0.84233377611206173     
   3.2792792792792791       -1.0111406360880759      -0.84402448402995045     
   3.2832832832832834       -1.0112535555640647      -0.84570684508155636     
   3.2872872872872874       -1.0113591095885319      -0.84738084262939606     
   3.2912912912912913       -1.0114573939033067      -0.84904646011869733     
   3.2952952952952952       -1.0115485045475450      -0.85070368107756111     
   3.2992992992992991       -1.0116325372718100      -0.85235248911712369     
   3.3033033033033035       -1.0117095881556784      -0.85399286793172058     
   3.3073073073073074       -1.0117797529823738      -0.85562480129904661     
   3.3113113113113113       -1.0118431278962141      -0.85724827308031681     
   3.3153153153153152       -1.0118998087357649      -0.85886326722042616     
   3.3193193193193191       -1.0119498917330556      -0.86046976774810746     
   3.3233233233233235       -1.0119934728033904      -0.86206775877609132     
   3.3273273273273274       -1.0120306482880113      -0.86365722450126015     
   3.3313313313313313       -1.0120615141990335      -0.86523814920480790     
   3.3353353353353352       -1.0120861670068242      -0.86681051725239255     
   3.3393393393393391       -1.0121047028390164      -0.86837431309429247     
   3.3433433433433435       -1.0121172183132898      -0.86992952126555956     
   3.3473473473473474       -1.0121238096901264      -0.87147612638617244     
   3.3513513513513513       -1.0121245737508060      -0.87301411316118827     
   3.3553553553553552       -1.0121196067991423      -0.87454346638089397     
   3.3593593593593591       -1.0121090052926454      -0.87606417092095756     
   3.3633633633633635       -1.0120928662472319      -0.87757621174257716     
   3.3673673673673674       -1.0120712864239270      -0.87907957389262847     
   3.3713713713713713       -1.0120443629898188      -0.88057424250381433     
   3.3753753753753752       -1.0120121929178800      -0.88206020279481123     
   3.3793793793793796       -1.0119748735590939      -0.88353744007041513     
   3.3833833833833835       -1.0119325020883170      -0.88500593972168740     
   3.3873873873873874       -1.0118851760639127      -0.88646568722609875     
   3.3913913913913913       -1.0118329928569711      -0.88791666814767278     
   3.3953953953953953       -1.0117760502486111      -0.88935886813712972     
   3.3993993993993996       -1.0117144458035008      -0.89079227293202790     
   3.4034034034034035       -1.0116482775339501      -0.89221686835690339     
   3.4074074074074074       -1.0115776431972121      -0.89363264032341194     
   3.4114114114114114       -1.0115026410392702      -0.89503957483046781     
   3.4154154154154153       -1.0114233690095380      -0.89643765796438168     
   3.4194194194194196       -1.0113399255848594      -0.89782687589899912     
   3.4234234234234235       -1.0112524089062971      -0.89920721489583688     
   3.4274274274274275       -1.0111609176735266      -0.90057866130421815     
   3.4314314314314314       -1.0110655502186672      -0.90194120156140900     
   3.4354354354354353       -1.0109664054502829      -0.90329482219275192     
   3.4394394394394396       -1.0108635818918432      -0.90463950981179775     
   3.4434434434434436       -1.0107571786390255      -0.90597525112043964     
   3.4474474474474475       -1.0106472944102600      -0.90730203290904421     
   3.4514514514514514       -1.0105340284550597      -0.90861984205658186     
   3.4554554554554553       -1.0104174796982612      -0.90992866553075646     
   3.4594594594594597       -1.0102977474921282      -0.91122849038813580     
   3.4634634634634636       -1.0101749309923822      -0.91251930377427593     
   3.4674674674674675       -1.0100491295855842      -0.91380109292385281     
   3.4714714714714714       -1.0099204426775672      -0.91507384516078560     
   3.4754754754754753       -1.0097889696603546      -0.91633754789836286     
   3.4794794794794797       -1.0096548101319718      -0.91759218863936631     
   3.4834834834834836       -1.0095180635050018      -0.91883775497619591     
   3.4874874874874875       -1.0093788295020898      -0.92007423459099136     
   3.4914914914914914       -1.0092372075615796      -0.92130161525575383     
   3.4954954954954953       -1.0090932974606999      -0.92251988483246850     
   3.4994994994994997       -1.0089471986681586      -0.92372903127322248     
   3.5035035035035036       -1.0087990109324130      -0.92492904262032472     
   3.5075075075075075       -1.0086488337684532      -0.92611990700642566     
   3.5115115115115114       -1.0084967667849838      -0.92730161265463207     
   3.5155155155155153       -1.0083429095852894      -0.92847414787862559     
   3.5195195195195197       -1.0081873614857118      -0.92963750108277710     
   3.5235235235235236       -1.0080302222355308      -0.93079166076226205     
   3.5275275275275275       -1.0078715907569962      -0.93193661550317375     
   3.5315315315315314       -1.0077115668757786      -0.93307235398263721     
   3.5355355355355353       -1.0075502490993575      -0.93419886496891946     
   3.5395395395395397       -1.0073877372399336      -0.93531613732154262     
   3.5435435435435436       -1.0072241293641793      -0.93642415999139206     
   3.5475475475475475       -1.0070595251589103      -0.93752292202082732     
   3.5515515515515514       -1.0068940222508216      -0.93861241254378924     
   3.5555555555555554       -1.0067277200434250      -0.93969262078590843     
   3.5595595595595597       -1.0065607157430854      -0.94076353606461116     
   3.5635635635635636       -1.0063931083580042      -0.94182514778922477     
   3.5675675675675675       -1.0062249945687496      -0.94287744546108421     
   3.5715715715715715       -1.0060564729454664      -0.94392041867363274     
   3.5755755755755754       -1.0058876395392566      -0.94495405711252811     
   3.5795795795795797       -1.0057185924035368      -0.94597835055574231     
   3.5835835835835836       -1.0055494268714835      -0.94699328887366330     
   3.5875875875875876       -1.0053802403563041      -0.94799886202919548     
   3.5915915915915915       -1.0052111275076592      -0.94899506007785894     
   3.5955955955955954       -1.0050421847530975      -0.94998187316788696     
   3.5995995995995997       -1.0048735062547491      -0.95095929154032532     
   3.6036036036036037       -1.0047051870299801      -0.95192730552912663     
   3.6076076076076076       -1.0045373209681481      -0.95288590556124664     
   3.6116116116116115       -1.0043700013047436      -0.95383508215674029     
   3.6156156156156154       -1.0042033216974271      -0.95477482592885354     
   3.6196196196196198       -1.0040373734210950      -0.95570512758411708     
   3.6236236236236237       -1.0038722497390276      -0.95662597792243798     
   3.6276276276276276       -1.0037080399574136      -0.95753736783719101     
   3.6316316316316315       -1.0035448366775994      -0.95843928831530878     
   3.6356356356356359       -1.0033827272473945      -0.95933173043737030     
   3.6396396396396398       -1.0032218033007294      -0.96021468537768961     
   3.6436436436436437       -1.0030621502987707      -0.96108814440440271     
   3.6476476476476476       -1.0029038584364611      -0.96195209887955480     
   3.6516516516516515       -1.0027470117159065      -0.96280654025918444     
   3.6556556556556559       -1.0025916978595000      -0.96365146009340885     
   3.6596596596596598       -1.0024380004017366      -0.96448685002650714     
   3.6636636636636637       -1.0022860030669432      -0.96531270179700357     
   3.6676676676676676       -1.0021357902916055      -0.96612900723774797     
   3.6716716716716715       -1.0019874400516287      -0.96693575827599820     
   3.6756756756756759       -1.0018410390791503      -0.96773294693349898     
   3.6796796796796798       -1.0016966578166728      -0.96852056532655983     
   3.6836836836836837       -1.0015543868876389      -0.96929860566613557     
   3.6876876876876876       -1.0014142870878746      -0.97006706025790090     
   3.6916916916916915       -1.0012764546673278      -0.97082592150232783     
   3.6956956956956959       -1.0011409389145773      -0.97157518189476044     
   3.6996996996996998       -1.0010078427177360      -0.97231483402548924     
   3.7037037037037037       -1.0008772030852144      -0.97304487057982392     
   3.7077077077077076       -1.0007491291838388      -0.97376528433816678     
   3.7117117117117115       -1.0006236465217824      -0.97447606817608323     
   3.7157157157157159       -1.0005008683648904      -0.97517721506437227     
   3.7197197197197198       -1.0003808117628850      -0.97586871806913611     
   3.7237237237237237       -1.0002635889519207      -0.97655057035184933     
   3.7277277277277276       -1.0001492151869327      -0.97722276516942586     
   3.7317317317317316       -1.0000377924627852      -0.97788529587428519     
   3.7357357357357359      -0.99992934513692089      -0.97853815591441973     
   3.7397397397397398      -0.99982395138524460      -0.97918133883345804     
   3.7437437437437437      -0.99972166021343201      -0.97981483827072935     
   3.7477477477477477      -0.99962250740007685      -0.98043864796132674     
   3.7517517517517516      -0.99952658704785935      -0.98105276173616807     
   3.7557557557557559      -0.99943386984995608      -0.98165717352205806     
   3.7597597597597598      -0.99934451830823889      -0.98225187734174813     
   3.7637637637637638      -0.99925841373273516      -0.98283686731399489     
   3.7677677677677677      -0.99917581043458825      -0.98341213765361879     
   3.7717717717717716      -0.99909647830671988      -0.98397768267156138     
   3.7757757757757759      -0.99902078116342219      -0.98453349677494195     
   3.7797797797797799      -0.99894836518340946      -0.98507957446711136     
   3.7837837837837838      -0.99887970726740449      -0.98561591034770824     
   3.7877877877877877      -0.99881433681868736      -0.98614249911271146     
   3.7917917917917916      -0.99875282192450221      -0.98665933555449192     
   3.7957957957957960      -0.99869461446716434      -0.98716641456186571     
   3.7997997997997999      -0.99864031262176867      -0.98766373112014327     
   3.8038038038038038      -0.99858937624407562      -0.98815128031117960     
   3.8078078078078077      -0.99854231910660152      -0.98862905731342254     
   3.8118118118118116      -0.99849875421968137      -0.98909705740196108     
   3.8158158158158160      -0.99845893210012360      -0.98955527594857173     
   3.8198198198198199      -0.99842283117858655      -0.99000370842176366     
   3.8238238238238238      -0.99839019305692689      -0.99044235038682449     
   3.8278278278278277      -0.99836163578977100      -0.99087119750586350     
   3.8318318318318316      -0.99833609499103393      -0.99129024553785516     
   3.8358358358358360      -0.99831513655051851      -0.99169949033868066     
   3.8398398398398399      -0.99829658506508023      -0.99209892786116838     
   3.8438438438438438      -0.99828323427522492      -0.99248855415513493     
   3.8478478478478477      -0.99827156866488098      -0.99286836536742351     
   3.8518518518518516      -0.99826575304434184      -0.99323835774194280     
   3.8558558558558560      -0.99826091422107610      -0.99359852761970280     
   3.8598598598598599      -0.99826243117779234      -0.99394887143885202     
   3.8638638638638638      -0.99826445768383432      -0.99428938573471282     
   3.8678678678678677      -0.99827291502508453      -0.99462006713981466     
   3.8718718718718717      -0.99828200332174377      -0.99494091238392857     
   3.8758758758758760      -0.99829675748690960      -0.99525191829409909     
   3.8798798798798799      -0.99831331281679281      -0.99555308179467450     
   3.8838838838838838      -0.99833343058621737      -0.99584439990733942     
   3.8878878878878878      -0.99835808079148980      -0.99612586975114281     
   3.8918918918918921      -0.99838235851861090      -0.99639748854252641     
   3.8958958958958960      -0.99841588517932778      -0.99665925359535279     
   3.8998998998998999      -0.99844297881598254      -0.99691116232093191     
   3.9039039039039038      -0.99848610608552879      -0.99715321222804643     
   3.9079079079079078      -0.99851483748176006      -0.99738540092297623     
   3.9119119119119121      -0.99856781092808400      -0.99760772610952264     
   3.9159159159159160      -0.99859771502561889      -0.99782018558903074     
   3.9199199199199199      -0.99865961657127034      -0.99802277726041111     
   3.9239239239239239      -0.99869176215801536      -0.99821549912016083     
   3.9279279279279278      -0.99875956381774800      -0.99839834926238302     
   3.9319319319319321      -0.99879759164762061      -0.99857132587880604     
   3.9359359359359360      -0.99886507935321156      -0.99873442725880057     
   3.9399399399399400      -0.99891622365615318      -0.99888765178939798     
   3.9439439439439439      -0.99897315831004352      -0.99903099795530448     
   3.9479479479479478      -0.99904871729873668      -0.99916446433891781     
   3.9519519519519521      -0.99908096836853955      -0.99928804962034024     
   3.9559559559559561      -0.99919525836813494      -0.99940175257739150     
   3.9599599599599600      -0.99918713358264077      -0.99950557208562174     
   3.9639639639639639      -0.99935345245755169      -0.99959950711832180     
   3.9679679679679678      -0.99929392657765526      -0.99968355674653397     
   3.9719719719719722      -0.99951569320786271      -0.99975772013906072     
   3.9759759759759761      -0.99941033582616012      -0.99982199656247328     
   3.9799799799799800      -0.99966591268370908      -0.99987638538111856     
   3.9839839839839839      -0.99955516588329296      -0.99992088605712559     
   3.9879879879879878      -0.99977716388905624      -0.99995549815041107     
   3.9919919919919922      -0.99975755403789368      -0.99998022131868336     
   3.9959959959959961      -0.99981823032934014      -0.99999505531744570     
   4.0000000000000000       -1.0000000000000000       -1.0000000000000000     
