   0.0000000000000000        1.0000000000000000       0.99999999999999989     
   4.0040040040040040E-003   1.0001180933339764       0.99999505531744592     
   8.0080080080080079E-003   1.0000002710509936       0.99998022131868325     
   1.2012012012012012E-002   1.0001559396825686       0.99995549815041107     
   1.6016016016016016E-002   1.0001360182621868       0.99992088605712559     
   2.0020020020020020E-002   1.0001922664580662       0.99987638538111856     
   2.4024024024024024E-002   1.0002421747907042       0.99982199656247328     
   2.8028028028028028E-002   1.0002414862960929       0.99975772013906072     
   3.2032032032032032E-002   1.0003232298730236       0.99968355674653397     
   3.6036036036036036E-002   1.0002993285097599       0.99959950711832180     
   4.0040040040040040E-002   1.0003834277307733       0.99950557208562174     
   4.4044044044044044E-002   1.0003593472408157       0.99940175257739161     
   4.8048048048048048E-002   1.0004283588936917       0.99928804962034012     
   5.2052052052052052E-002   1.0004150132534546       0.99916446433891792     
   5.6056056056056056E-002   1.0004627384722224       0.99903099795530459     
   6.0060060060060060E-002   1.0004616101561008       0.99888765178939798     
   6.4064064064064064E-002   1.0004892792288027       0.99873442725880068     
   6.8068068068068074E-002   1.0004966539225337       0.99857132587880615     
   7.2072072072072071E-002   1.0005088140718010       0.99839834926238324     
   7.6076076076076082E-002   1.0005193969682624       0.99821549912016094     
   8.0080080080080079E-002   1.0005209740069545       0.99802277726041122     
   8.4084084084084090E-002   1.0005300853403856       0.99782018558903074     
   8.8088088088088087E-002   1.0005248868074070       0.99760772610952264     
   9.2092092092092098E-002   1.0005293464966738       0.99738540092297623     
   9.6096096096096095E-002   1.0005196649287662       0.99715321222804643     
  0.10010010010010011        1.0005178207532253       0.99691116232093191     
  0.10410410410410410        1.0005046530942705       0.99665925359535279     
  0.10810810810810811        1.0004960057156334       0.99639748854252641     
  0.11211211211211211        1.0004794967505986       0.99612586975114281     
  0.11611611611611612        1.0004642418263181       0.99584439990733964     
  0.12012012012012012        1.0004441112503051       0.99555308179467450     
  0.12412412412412413        1.0004227605152314       0.99525191829409887     
  0.12812812812812813        1.0003986149657169       0.99494091238392868     
  0.13213213213213212        1.0003717471704483       0.99462006713981466     
  0.13613613613613615        1.0003432622334167       0.99428938573471282     
  0.14014014014014015        1.0003113942203758       0.99394887143885213     
  0.14414414414414414        1.0002783918293976       0.99359852761970280     
  0.14814814814814814        1.0002419359790775       0.99323835774194291     
  0.15215215215215216        1.0002043939584615       0.99286836536742373     
  0.15615615615615616        1.0001636659148045       0.99248855415513493     
  0.16016016016016016        1.0001216926475414       0.99209892786116838     
  0.16416416416416416        1.0000769410068397       0.99169949033868066     
  0.16816816816816818        1.0000307386553158       0.99129024553785539     
  0.17217217217217218       0.99998217807570922       0.99087119750586361     
  0.17617617617617617       0.99993200786808412       0.99044235038682449     
  0.18018018018018017       0.99987984642890104       0.99000370842176388     
  0.18418418418418420       0.99982600207012573       0.98955527594857196     
  0.18818818818818819       0.99977045942389620       0.98909705740196130     
  0.19219219219219219       0.99971324982523357       0.98862905731342254     
  0.19619619619619619       0.99965456661244179       0.98815128031117949     
  0.20020020020020021       0.99959430647234238       0.98766373112014327     
  0.20420420420420421       0.99953274719420671       0.98716641456186571     
  0.20820820820820821       0.99946975309636421       0.98665933555449203     
  0.21221221221221220       0.99940560455684213       0.98614249911271146     
  0.21621621621621623       0.99934019425771414       0.98561591034770846     
  0.22022022022022023       0.99927376187480776       0.98507957446711159     
  0.22422422422422422       0.99920625518230077       0.98453349677494206     
  0.22822822822822822       0.99913785867298988       0.98397768267156138     
  0.23223223223223224       0.99906857848885589       0.98341213765361868     
  0.23623623623623624       0.99899854755777351       0.98283686731399489     
  0.24024024024024024       0.99892782059482210       0.98225187734174813     
  0.24424424424424424       0.99885649152803102       0.98165717352205828     
  0.24824824824824826       0.99878464846084047       0.98105276173616818     
  0.25225225225225223       0.99871236117101281       0.98043864796132674     
  0.25625625625625625       0.99863973611488721       0.97981483827072957     
  0.26026026026026028       0.99856683209324326       0.97918133883345804     
  0.26426426426426425       0.99849376172435633       0.97853815591441973     
  0.26826826826826827       0.99842058233473951       0.97788529587428519     
  0.27227227227227230       0.99834740449258874       0.97722276516942586     
  0.27627627627627627       0.99827428985160083       0.97655057035184956     
  0.28028028028028029       0.99820134222342971       0.97586871806913633     
  0.28428428428428426       0.99812862997347307       0.97517721506437238     
  0.28828828828828829       0.99805624861148035       0.97447606817608334     
  0.29229229229229231       0.99798427316451610       0.97376528433816700     
  0.29629629629629628       0.99791279104477082       0.97304487057982403     
  0.30030030030030030       0.99784188258196194       0.97231483402548924     
  0.30430430430430433       0.99777162846014156       0.97157518189476044     
  0.30830830830830830       0.99770211206797410       0.97082592150232794     
  0.31231231231231232       0.99763340918200183       0.97006706025790113     
  0.31631631631631629       0.99756560413464412       0.96929860566613568     
  0.32032032032032032       0.99749876922434988       0.96852056532656006     
  0.32432432432432434       0.99743298795563196       0.96773294693349898     
  0.32832832832832831       0.99736833044083251       0.96693575827599854     
  0.33233233233233234       0.99730487780942079       0.96612900723774819     
  0.33633633633633636       0.99724269885317474       0.96531270179700357     
  0.34034034034034033       0.99718187145313553       0.96448685002650714     
  0.34434434434434436       0.99712246326755893       0.96365146009340885     
  0.34834834834834832       0.99706454855665261       0.96280654025918455     
  0.35235235235235235       0.99700819386782547       0.96195209887955491     
  0.35635635635635637       0.99695346952925334       0.96108814440440293     
  0.36036036036036034       0.99690044086951901       0.96021468537768961     
  0.36436436436436437       0.99684917431114695       0.95933173043737041     
  0.36836836836836839       0.99679973350769679       0.95843928831530878     
  0.37237237237237236       0.99675218123595444       0.95753736783719101     
  0.37637637637637639       0.99670657899761517       0.95662597792243798     
  0.38038038038038036       0.99666298613098903       0.95570512758411708     
  0.38438438438438438       0.99662146163929899       0.95477482592885377     
  0.38838838838838841       0.99658206149237294       0.95383508215674051     
  0.39239239239239238       0.99654484196760784       0.95288590556124697     
  0.39639639639639640       0.99650985578800966       0.95192730552912663     
  0.40040040040040042       0.99647715617974719       0.95095929154032544     
  0.40440440440440439       0.99644679278376913       0.94998187316788707     
  0.40840840840840842       0.99641881550734501       0.94899506007785894     
  0.41241241241241239       0.99639327101826003       0.94799886202919548     
  0.41641641641641641       0.99637020580097890       0.94699328887366341     
  0.42042042042042044       0.99634966345908005       0.94597835055574242     
  0.42442442442442441       0.99633168707549047       0.94495405711252856     
  0.42842842842842843       0.99631631709950152       0.94392041867363297     
  0.43243243243243246       0.99630359324272755       0.94287744546108421     
  0.43643643643643643       0.99629355277142650       0.94182514778922499     
  0.44044044044044045       0.99628623196065413       0.94076353606461094     
  0.44444444444444442       0.99628166491745396       0.93969262078590843     
  0.44844844844844844       0.99627988445774440       0.93861241254378935     
  0.45245245245245247       0.99628092147605274       0.93752292202082743     
  0.45645645645645644       0.99628480520291518       0.93642415999139239     
  0.46046046046046046       0.99629156349988579       0.93531613732154295     
  0.46446446446446449       0.99630122226174600       0.93419886496891991     
  0.46846846846846846       0.99631380607712494       0.93307235398263733     
  0.47247247247247248       0.99632933756164566       0.93193661550317397     
  0.47647647647647645       0.99634783800381488       0.93079166076226205     
  0.48048048048048048       0.99636932680517520       0.92963750108277710     
  0.48448448448448450       0.99639382196576221       0.92847414787862570     
  0.48848848848848847       0.99642133968851976       0.92730161265463229     
  0.49249249249249250       0.99645189474232454       0.92611990700642588     
  0.49649649649649652       0.99648550014340620       0.92492904262032505     
  0.50050050050050054       0.99652216748062339       0.92372903127322259     
  0.50450450450450446       0.99656190662188893       0.92251988483246872     
  0.50850850850850848       0.99660472602075645       0.92130161525575405     
  0.51251251251251251       0.99665063242827678       0.92007423459099136     
  0.51651651651651653       0.99669963123614980       0.91883775497619602     
  0.52052052052052056       0.99675172613344276       0.91759218863936653     
  0.52452452452452447       0.99680691946335298       0.91633754789836308     
  0.52852852852852850       0.99686521193928468       0.91507384516078605     
  0.53253253253253252       0.99692660290388080       0.91380109292385314     
  0.53653653653653655       0.99699109014719633       0.91251930377427604     
  0.54054054054054057       0.99705867008220694       0.91122849038813569     
  0.54454454454454460       0.99712933762488132       0.90992866553075669     
  0.54854854854854851       0.99720308632973909       0.90861984205658186     
  0.55255255255255253       0.99727990829859214       0.90730203290904443     
  0.55655655655655656       0.99735979428511246       0.90597525112043986     
  0.56056056056056058       0.99744273365850600       0.90463950981179786     
  0.56456456456456461       0.99752871443977864       0.90329482219275237     
  0.56856856856856852       0.99761772331140985       0.90194120156140967     
  0.57257257257257255       0.99770974565246384       0.90057866130421826     
  0.57657657657657657       0.99780476551683350       0.89920721489583666     
  0.58058058058058060       0.99790276571465419       0.89782687589899912     
  0.58458458458458462       0.99800372774552226       0.89643765796438168     
  0.58858858858858853       0.99810763191622576       0.89503957483046792     
  0.59259259259259256       0.99821445725017965       0.89363264032341216     
  0.59659659659659658       0.99832418161793102       0.89221686835690384     
  0.60060060060060061       0.99843678164327854       0.89079227293202834     
  0.60460460460460463       0.99855223283065320       0.88935886813713039     
  0.60860860860860866       0.99867050947899449       0.88791666814767300     
  0.61261261261261257       0.99879158479900243       0.88646568722609853     
  0.61661661661661660       0.99891543083822920       0.88500593972168740     
  0.62062062062062062       0.99904201858704778       0.88353744007041513     
  0.62462462462462465       0.99917131791437575       0.88206020279481145     
  0.62862862862862867       0.99930329766401305       0.88057424250381455     
  0.63263263263263259       0.99943792559853106       0.87907957389262892     
  0.63663663663663661       0.99957516848857597       0.87757621174257761     
  0.64064064064064064       0.99971499206232173       0.87606417092095823     
  0.64464464464464466       0.99985736108974210       0.87454346638089420     
  0.64864864864864868        1.0000022393364882       0.87301411316118804     
  0.65265265265265260        1.0001495896432313       0.87147612638617244     
  0.65665665665665662        1.0002993738844037       0.86992952126555978     
  0.66066066066066065        1.0004515530416997       0.86837431309429269     
  0.66466466466466467        1.0006060871688662       0.86681051725239278     
  0.66866866866866870        1.0007629354578846       0.86523814920480835     
  0.67267267267267272        1.0009220562111498       0.86365722450126059     
  0.67667667667667664        1.0010834068992727       0.86206775877609154     
  0.68068068068068066        1.0012469441412284       0.86046976774810768     
  0.68468468468468469        1.0014126237535041       0.85886326722042616     
  0.68868868868868871        1.0015804007380849       0.85724827308031681     
  0.69269269269269274        1.0017502293235876       0.85562480129904683     
  0.69669669669669665        1.0019220629595595       0.85399286793172080     
  0.70070070070070067        1.0020958543521419       0.85235248911712413     
  0.70470470470470470        1.0022715554608070       0.85070368107756156     
  0.70870870870870872        1.0024491175338246       0.84904646011869800     
  0.71271271271271275        1.0026284911005388       0.84738084262939628     
  0.71671671671671666        1.0028096260153434       0.84570684508155602     
  0.72072072072072069        1.0029924714349567       0.84402448402995045     
  0.72472472472472471        1.0031769758827074       0.84233377611206173     
  0.72872872872872874        1.0033630871983186       0.84063473804791822     
  0.73273273273273276        1.0035507526348819       0.83892738663992727     
  0.73673673673673679        1.0037399187702405       0.83721173877271082     
  0.74074074074074070        1.0039305316435831       0.83548781141293649     
  0.74474474474474472        1.0041225366290831       0.83375562160915173     
  0.74874874874874875        1.0043158785988751       0.83201518649161366     
  0.75275275275275277        1.0045105017907721       0.83026652327212069     
  0.75675675675675680        1.0047063499361173       0.82850964924384218     
  0.76076076076076071        1.0049033662211460       0.82674458178114663     
  0.76476476476476474        1.0051014932733680       0.82497133833943037     
  0.76876876876876876        1.0053006732652994       0.82318993645494531     
  0.77277277277277279        1.0055008477905882       0.82140039374462548     
  0.77677677677677681        1.0057019580360613       0.81960272790591149     
  0.78078078078078073        1.0059039446218507       0.81779695671657793     
  0.78478478478478475        1.0061067477880807       0.81598309803455460     
  0.78878878878878878        1.0063103072318369       0.81416116979775299     
  0.79279279279279280        1.0065145622820999       0.81233119002388599     
  0.79679679679679682        1.0067194517717157       0.81049317681029232     
  0.80080080080080085        1.0069249141307779       0.80864714833375506     
  0.80480480480480476        1.0071308874086131       0.80679312285032445     
  0.80880880880880879        1.0073373091467914       0.80493111869513490     
  0.81281281281281281        1.0075441166580983       0.80306115428222591     
  0.81681681681681684        1.0077512466593410       0.80118324810435759     
  0.82082082082082086        1.0079586357110017       0.79929741873283022     
  0.82482482482482478        1.0081662197940213       0.79740368481729917     
  0.82882882882882880        1.0083739347092520       0.79550206508558996     
  0.83283283283283283        1.0085817157779113       0.79359257834351515     
  0.83683683683683685        1.0087894980199352       0.79167524347468543     
  0.84084084084084088        1.0089972161872829       0.78975007944032627     
  0.84484484484484490        1.0092048045292428       0.78781710527908688     
  0.84884884884884881        1.0094121972290757       0.78587634010685514     
  0.85285285285285284        1.0096193278633854       0.78392780311656585     
  0.85685685685685686        1.0098261299829636       0.78197151357801298     
  0.86086086086086089        1.0100325366121663       0.78000749083765841     
  0.86486486486486491        1.0102384806021305       0.77803575431843952     
  0.86886886886886883        1.0104438945362555       0.77605632351957921     
  0.87287287287287285        1.0106487105502595       0.77406921801639061     
  0.87687687687687688        1.0108528607865446       0.77207445746008641     
  0.88088088088088090        1.0110562767731324       0.77007206157758135     
  0.88488488488488493        1.0112588901009192       0.76806205017129980     
  0.88888888888888884        1.0114606318500925       0.76604444311897812     
  0.89289289289289286        1.0116614329344622       0.76401926037346957     
  0.89689689689689689        1.0118612241232667       0.76198652196254524     
  0.90090090090090091        1.0120599356747357       0.75994624798869781     
  0.90490490490490494        1.0122574979254289       0.75789845862894112     
  0.90890890890890896        1.0124538406714043       0.75584317413461199     
  0.91291291291291288        1.0126488936455778       0.75378041483116964     
  0.91691691691691690        1.0128425863506199       0.75171020111799358     
  0.92092092092092093        1.0130348478743154       0.74963255346818269     
  0.92492492492492495        1.0132256073644648       0.74754749242835361     
  0.92892892892892898        1.0134147934303561       0.74545503861843632     
  0.93293293293293289        1.0136023346540031       0.74335521273147021     
  0.93693693693693691        1.0137881593711100       0.74124803553340046     
  0.94094094094094094        1.0139721955273013       0.73913352786287123     
  0.94494494494494496        1.0141543711164847       0.73701171063102144     
  0.94894894894894899        1.0143346136270905       0.73488260482127599     
  0.95295295295295290        1.0145128504579417       0.73274623148913998     
  0.95695695695695693        1.0146890088601592       0.73060261176198882     
  0.96096096096096095        1.0148630156013696       0.72845176683886093     
  0.96496496496496498        1.0150347975204437       0.72629371799024722     
  0.96896896896896900        1.0152042809954409       0.72412848655788020     
  0.97297297297297303        1.0153713922085668       0.72195609395452465     
  0.97697697697697694        1.0155360572747165       0.71977656166376347     
  0.98098098098098097        1.0156982017914207       0.71758991123978799     
  0.98498498498498499        1.0158577513015183       0.71539616430718200     
  0.98898898898898902        1.0160146310985019       0.71319534256071038     
  0.99299299299299304        1.0161687660435985       0.71098746776510235     
  0.99699699699699695        1.0163200809664150       0.70877256175483849     
   1.0010010010010011        1.0164685002761984       0.70655064643393239     
   1.0050050050050050        1.0166139480845977       0.70432174377571666     
   1.0090090090090089        1.0167563484057960       0.70208587582262261     
   1.0130130130130131        1.0168956247513119       0.69984306468596524     
   1.0170170170170170        1.0170317003781517       0.69759333254572309     
   1.0210210210210211        1.0171644984317723       0.69533670165031780     
   1.0250250250250250        1.0172939414283024       0.69307319431639725     
   1.0290290290290289        1.0174199517350266       0.69080283292861089     
   1.0330330330330331        1.0175424514453257       0.68852563993939231     
   1.0370370370370370        1.0176613620848889       0.68624163786873360     
   1.0410410410410411        1.0177766049354904       0.68395084930396588     
   1.0450450450450450        1.0178881009935834       0.68165329689953280     
   1.0490490490490489        1.0179957706199152       0.67934900337676996     
   1.0530530530530531        1.0180995339208125       0.67703799152367639     
   1.0570570570570570        1.0181993106217793       0.67472028419469277     
   1.0610610610610611        1.0182950198248393       0.67239590431047247     
   1.0650650650650650        1.0183865802258072       0.67006487485765720     
   1.0690690690690692        1.0184739102090841       0.66772721888864850     
   1.0730730730730731        1.0185569273434270       0.66538295952137927     
   1.0770770770770770        1.0186355488445187       0.66303211993908673     
   1.0810810810810811        1.0187096914156630       0.66067472339008138     
   1.0850850850850851        1.0187792710377095       0.65831079318751895     
   1.0890890890890892        1.0188442031118643       0.65594035270916762     
   1.0930930930930931        1.0189044024981713       0.65356342539717938     
   1.0970970970970970        1.0189597832898569       0.65118003475785569     
   1.1011011011011012        1.0190102589004744       0.64879020436141710     
   1.1051051051051051        1.0190557419554318       0.64639395784176923     
   1.1091091091091092        1.0190961445227293       0.64399131889626848     
   1.1131131131131131        1.0191313775552884       0.64158231128548826     
   1.1171171171171170        1.0191613513879887       0.63916695883298480     
   1.1211211211211212        1.0191859753791646       0.63674528542506059     
   1.1251251251251251        1.0192051580430739       0.63431731501052790     
   1.1291291291291292        1.0192188067956585       0.63188307160047219     
   1.1331331331331331        1.0192268280594241       0.62944257926801572     
   1.1371371371371370        1.0192291273842047       0.62699586214807856     
   1.1411411411411412        1.0192256092562273       0.62454294443713887     
   1.1451451451451451        1.0192161769410553       0.62208385039299618     
   1.1491491491491492        1.0192007322134995       0.61961860433452864     
   1.1531531531531531        1.0191791758204189       0.61714723064145538     
   1.1571571571571571        1.0191514069211105       0.61466975375409227     
   1.1611611611611612        1.0191173235018904       0.61218619817311382     
   1.1651651651651651        1.0190768218520281       0.60969658845930685     
   1.1691691691691692        1.0190297969331696       0.60720094923333146     
   1.1731731731731732        1.0189761418875372       0.60469930517547543     
   1.1771771771771771        1.0189157483641800       0.60219168102540976     
   1.1811811811811812        1.0188485060571755       0.59967810158194490     
   1.1851851851851851        1.0187743029897203       0.59715859170278607     
   1.1891891891891893        1.0186930250807824       0.59463317630428669     
   1.1931931931931932        1.0186045563874970       0.59210188036120104     
   1.1971971971971973        1.0185087786993414       0.58956472890643952     
   1.2012012012012012        1.0184055717383811       0.58702174703081855     
   1.2052052052052051        1.0182948127810809       0.58447295988281511     
   1.2092092092092093        1.0181763768148304       0.58191839266831502     
   1.2132132132132132        1.0180501361886285       0.57935807065036715     
   1.2172172172172173        1.0179159607232353       0.57679201914892964     
   1.2212212212212212        1.0177737173928620       0.57422026354062339     
   1.2252252252252251        1.0176232703854449       0.57164282925847876     
   1.2292292292292293        1.0174644808183764       0.56905974179168362     
   1.2332332332332332        1.0172972067444721       0.56647102668533400     
   1.2372372372372373        1.0171213029056148       0.56387670954017777     
   1.2412412412412412        1.0169366206791470       0.56127681601236523     
   1.2452452452452452        1.0167430078742583       0.55867137181319193     
   1.2492492492492493        1.0165403086123677       0.55606040270884771     
   1.2532532532532532        1.0163283631724196       0.55344393452015839     
   1.2572572572572573        1.0161070077974474       0.55082199312233371     
   1.2612612612612613        1.0158760745962434       0.54819460444470980     
   1.2652652652652652        1.0156353912671841       0.54556179447049202     
   1.2692692692692693        1.0153847810646557       0.54292358923649942     
   1.2732732732732732        1.0151240624304960       0.54028001483290677     
   1.2772772772772774        1.0148530490342329       0.53763109740298687     
   1.2812812812812813        1.0145715493018193       0.53497686314285187     
   1.2852852852852852        1.0142793665395384       0.53231733830119210     
   1.2892892892892893        1.0139762983489198       0.52965254917902038     
   1.2932932932932932        1.0136621368449941       0.52698252212940966     
   1.2972972972972974        1.0133366679455822       0.52430728355723166     
   1.3013013013013013        1.0129996716951215       0.52162685991889790     
   1.3053053053053052        1.0126509214164086       0.51894127772209575     
   1.3093093093093093        1.0122901841510965       0.51625056352552856     
   1.3133133133133132        1.0119172196623021       0.51355474393865164     
   1.3173173173173174        1.0115317810026272       0.51085384562140879     
   1.3213213213213213        1.0111336133564879       0.50814789528396931     
   1.3253253253253254        1.0107224547458995       0.50543691968646431     
   1.3293293293293293        1.0102980347025405       0.50272094563872183     
   1.3333333333333333        1.0098600751200957       0.50000000000000033     
   1.3373373373373374        1.0094082887480416       0.49727410967872421     
   1.3413413413413413        1.0089423801970747       0.49454330163221866     
   1.3453453453453454        1.0084620442495791       0.49180760286644143     
   1.3493493493493494        1.0079669670213205       0.48906704043571680     
   1.3533533533533533        1.0074568240875981       0.48632164144246692     
   1.3573573573573574        1.0069312818000216       0.48357143303694439     
   1.3613613613613613        1.0063899952325162       0.48081644241696458     
   1.3653653653653655        1.0058326096463601       0.47805669682763607     
   1.3693693693693694        1.0052587582668817       0.47529222356109019     
   1.3733733733733733        1.0046680638826839       0.47252304995621203     
   1.3773773773773774        1.0040601364722159       0.46974920339837073     
   1.3813813813813813        1.0034345749141125       0.46697071131914814     
   1.3853853853853855        1.0027909644932116       0.46418760119606600     
   1.3893893893893894        1.0021288786877036       0.46139990055231739     
   1.3933933933933933        1.0014478765967763       0.45860763695649082     
   1.3973973973973974        1.0007475047569152       0.45581083802230099     
   1.4014014014014013        1.0000272945483191       0.45300953140831446     
   1.4054054054054055       0.99928676397667249       0.45020374481767350     
   1.4094094094094094       0.99852541513328474       0.44739350599782696     
   1.4134134134134133       0.99774273585982043       0.44457884274025250     
   1.4174174174174174       0.99693819735784217       0.44175978288018319     
   1.4214214214214214       0.99611125563209690       0.43893635429633082     
   1.4254254254254255       0.99526134936905675       0.43610858491061116     
   1.4294294294294294       0.99438790102929664       0.43327650268786849     
   1.4334334334334333       0.99349031514174113       0.43044013563559824     
   1.4374374374374375       0.99256797888742587       0.42759951180366951     
   1.4414414414414414       0.99162026098644718       0.42475465928404799     
   1.4454454454454455       0.99064651158407746       0.42190560621051937     
   1.4494494494494494       0.98964606194071669       0.41905238075840973     
   1.4534534534534536       0.98861822339710936       0.41619501114430768     
   1.4574574574574575       0.98756228811376168       0.41333352562578418     
   1.4614614614614614       0.98647752685503121       0.41046795250111390     
   1.4654654654654655       0.98536319106316161       0.40759832010899610     
   1.4694694694694694       0.98421850916192977       0.40472465682827363     
   1.4734734734734736       0.98304269029078128       0.40184699107765148     
   1.4774774774774775       0.98183491878854590       0.39896535131541649     
   1.4814814814814814       0.98059435995407251       0.39607976603915679     
   1.4854854854854855       0.97932015233029834       0.39319026378547872     
   1.4894894894894894       0.97801141589801333       0.39029687312972589     
   1.4934934934934936       0.97666724174200215       0.38739962268569328     
   1.4974974974974975       0.97528670312208199       0.38449854110534909     
   1.5015015015015014       0.97386884206833479       0.38159365707854875     
   1.5055055055055055       0.97241268380594037       0.37868499933275013     
   1.5095095095095095       0.97091721979828005       0.37577259663273255     
   1.5135135135135136       0.96938142602652344       0.37285647778030873     
   1.5175175175175175       0.96780424198085624       0.36993667161404314     
   1.5215215215215214       0.96618459330838724       0.36701320700896550     
   1.5255255255255256       0.96452136624826756       0.36408611287628412     
   1.5295295295295295       0.96281343515772611       0.36115541816310132     
   1.5335335335335336       0.96105963190120336       0.35822115185212744     
   1.5375375375375375       0.95925877873884813       0.35528334296139380     
   1.5415415415415414       0.95740965221901686       0.35234202054396474     
   1.5455455455455456       0.95551102185974379       0.34939721368765114     
   1.5495495495495495       0.95356160816511593       0.34644895151472355     
   1.5535535535535536       0.95156012744053564       0.34349726318162310     
   1.5575575575575575       0.94950524366471234       0.34054217787867375     
   1.5615615615615615       0.94739561964512065       0.33758372482979260     
   1.5655655655655656       0.94522986263811914       0.33462193329220158     
   1.5695695695695695       0.94300658186183750       0.33165683255613898     
   1.5735735735735736       0.94072432797793548       0.32868845194456903     
   1.5775775775775776       0.93838165672365526       0.32571682081289088     
   1.5815815815815817       0.93597706266240810       0.32274196854864945     
   1.5855855855855856       0.93350904836178983       0.31976392457124525     
   1.5895895895895895       0.93097605320020504       0.31678271833164295     
   1.5935935935935936       0.92837652708889917       0.31379837931207866     
   1.5975975975975976       0.92570885560335292       0.31081093702577139     
   1.6016016016016017       0.92297143670887261       0.30782042101662782     
   1.6056056056056056       0.92016260408522432       0.30482686085895305     
   1.6096096096096095       0.91728070464959810       0.30183028615715729     
   1.6136136136136137       0.91432402267909607       0.29883072654546011     
   1.6176176176176176       0.91129085511296926       0.29582821168760254     
   1.6216216216216217       0.90817943996978201       0.29282277127655032     
   1.6256256256256256       0.90498802543248902       0.28981443503420135     
   1.6296296296296295       0.90171480712613761       0.28680323271109065     
   1.6336336336336337       0.89835798582325421       0.28378919408609704     
   1.6376376376376376       0.89491571941574577       0.28077234896614933     
   1.6416416416416417       0.89138616270173754       0.27775272718593036     
   1.6456456456456456       0.88776744137476005       0.27473035860758332     
   1.6496496496496496       0.88405766574348665       0.27170527312041282     
   1.6536536536536537       0.88025493579567171       0.26867750064059459     
   1.6576576576576576       0.87635731883568480       0.26564707111087615     
   1.6616616616616617       0.87236289668359324       0.26261401450028199     
   1.6656656656656657       0.86826969506840335       0.25957836080381591     
   1.6696696696696696       0.86407578631757442       0.25654014004216519     
   1.6736736736736737       0.85977915589330012       0.25349938226140467     
   1.6776776776776776       0.85537787653739916       0.25045611753269870     
   1.6816816816816818       0.85086989456149176       0.24741037595200283     
   1.6856856856856857       0.84625329435830621       0.24436218763976714     
   1.6896896896896898       0.84152598393334044       0.24131158274063927     
   1.6936936936936937       0.83668607199612210       0.23825859142316480     
   1.6976976976976976       0.83173142873199091       0.23520324387949043     
   1.7017017017017018       0.82666020136344687       0.23214557032506186     
   1.7057057057057057       0.82147022228970867       0.22908560099833006     
   1.7097097097097098       0.81615969307379588       0.22602336616044894     
   1.7137137137137137       0.81072640781140648       0.22295889609497727     
   1.7177177177177176       0.80516863996504950       0.21989222110757800     
   1.7217217217217218       0.79948414415330338       0.21682337152571932     
   1.7257257257257257       0.79367128512622742       0.21375237769837560     
   1.7297297297297298       0.78772777608646838       0.21067926999572606     
   1.7337337337337337       0.78165209438256689       0.20760407880885565     
   1.7377377377377377       0.77544190898511245       0.20452683454945109     
   1.7417417417417418       0.76909583316318320       0.20144756764950522     
   1.7457457457457457       0.76261148784800614       0.19836630856101312     
   1.7497497497497498       0.75598764764331727       0.19528308775567005     
   1.7537537537537538       0.74922188052834471       0.19219793572457314     
   1.7577577577577577       0.74231315001936993       0.18911088297791637     
   1.7617617617617618       0.73525896501283594       0.18602196004469188     
   1.7657657657657657       0.72805850773966674       0.18293119747238676     
   1.7697697697697699       0.72070922055484510       0.17983862582668017     
   1.7737737737737738       0.71321053647726673       0.17674427569114179     
   1.7777777777777777       0.70555982242909954       0.17364817766693028     
   1.7817817817817818       0.69775679659315593       0.17055036237248988     
   1.7857857857857857       0.68979874003686026       0.16745086044324664     
   1.7897897897897899       0.68168569279892510       0.16434970253130635     
   1.7937937937937938       0.67341483805060431       0.16124691930515228     
   1.7977977977977977       0.66498657668761474       0.15814254144934106     
   1.8018018018018018       0.65639798024624763       0.15503659966419786     
   1.8058058058058057       0.64764985175977641       0.15192912466551589     
   1.8098098098098099       0.63873913562875206       0.14882014718424907     
   1.8138138138138138       0.62966708052910858       0.14570969796621130     
   1.8178178178178179       0.62043048641371334       0.14259780777177095     
   1.8218218218218218       0.61103109324822791       0.13948450737554591     
   1.8258258258258258       0.60146553738322017       0.13636982756610005     
   1.8298298298298299       0.59173609775032909       0.13325379914563965     
   1.8338338338338338       0.58183922608894800       0.13013645292970785     
   1.8378378378378379       0.57177778985667849       0.12701781974687870     
   1.8418418418418419       0.56154803332917447       0.12389793043845529     
   1.8458458458458458       0.55115346375312824       0.12077681585816115     
   1.8498498498498499       0.54059009327916974       0.11765450687183837     
   1.8538538538538538       0.52986212169116542       0.11453103435714140     
   1.8578578578578580       0.51896530260629770       0.11140642920322855     
   1.8618618618618619       0.50790458232044589       0.10828072231046192     
   1.8658658658658658       0.49667542785218699       0.10515394459009815     
   1.8698698698698699       0.48528358691040491       0.10202612696398421     
   1.8738738738738738       0.47372421031457529        9.8897300364250137E-002
   1.8778778778778780       0.46200390266838837        9.5767495733004110E-002
   1.8818818818818819       0.45011746761092919        9.2636744022027262E-002
   1.8858858858858858       0.43807242231092985        8.9505076192466795E-002
   1.8898898898898899       0.42586319105482101        8.6372523214528804E-002
   1.8938938938938938       0.41349825899340203        8.3239116067172991E-002
   1.8978978978978980       0.40097163792440921        8.0104885737807094E-002
   1.9019019019019019       0.38829283565144224        7.6969863221979185E-002
   1.9059059059059058       0.37545541765038737        7.3834079523072429E-002
   1.9099099099099099       0.36246996775546902        7.0697565651994948E-002
   1.9139139139139139       0.34932957089864763        6.7560352626878470E-002
   1.9179179179179180       0.33604593842753644        6.4422471472768014E-002
   1.9219219219219219       0.32261164047096313        6.1283953221316440E-002
   1.9259259259259258       0.30903956481804362        5.8144828910476183E-002
   1.9299299299299300       0.29532173289558011        5.5005129584193228E-002
   1.9339339339339339       0.28147225458886371        5.1864886292100981E-002
   1.9379379379379380       0.26748256952926580        4.8724130089211899E-002
   1.9419419419419419       0.25336805129988382        4.5582892035611673E-002
   1.9459459459459461       0.23911952594371838        4.2441203196148525E-002
   1.9499499499499500       0.22475366744848602        3.9299094640131337E-002
   1.9539539539539539       0.21026065832315860        3.6156597441019275E-002
   1.9579579579579580       0.19565850386721820        3.3013742676113601E-002
   1.9619619619619619       0.18093671555737026        2.9870561426253450E-002
   1.9659659659659661       0.16611465414532556        2.6727084775504926E-002
   1.9699699699699700       0.15118113567616875        2.3583343810856781E-002
   1.9739739739739739       0.13615689270798259        2.0439369621911660E-002
   1.9779779779779780       0.12103002523691656        1.7295193300577764E-002
   1.9819819819819819       0.10582264516344078        1.4150845940762258E-002
   1.9859859859859861        9.0522120280173174E-002   1.1006358638064652E-002
   1.9899899899899900        7.5151939337860379E-002   7.8617624894684063E-003
   1.9939939939939939        5.9698728276329695E-002   4.7170885930325071E-003
   1.9979979979979980        4.4187332237123289E-002   1.5723680475848198E-003
   2.0020020020020022        2.8603661055387777E-002  -1.5723680475845747E-003
   2.0060060060060061        1.2973779250836759E-002  -4.7170885930322625E-003
   2.0100100100100100       -2.7167687549322114E-003  -7.8617624894681600E-003
   2.0140140140140139       -1.8441702756203899E-002  -1.1006358638064406E-002
   2.0180180180180178       -3.4213343490440244E-002  -1.4150845940762012E-002
   2.0220220220220222       -5.0006160132540896E-002  -1.7295193300577522E-002
   2.0260260260260261       -6.5831235543865288E-002  -2.0439369621911417E-002
   2.0300300300300300       -8.1663846695350317E-002  -2.3583343810856538E-002
   2.0340340340340339       -9.7513883244502692E-002  -2.6727084775504683E-002
   2.0380380380380378      -0.11335744860984502       -2.9870561426253207E-002
   2.0420420420420422      -0.12920326796264053       -3.3013742676113789E-002
   2.0460460460460461      -0.14502828421001915       -3.6156597441019026E-002
   2.0500500500500500      -0.16084010551690886       -3.9299094640131087E-002
   2.0540540540540539      -0.17661653134738453       -4.2441203196148275E-002
   2.0580580580580579      -0.19236411130744599       -4.5582892035610979E-002
   2.0620620620620622      -0.20806151695147021       -4.8724130089212093E-002
   2.0660660660660661      -0.22371430653071234       -5.1864886292100738E-002
   2.0700700700700700      -0.23930204132127952       -5.5005129584192979E-002
   2.0740740740740740      -0.25482936639456827       -5.8144828910475933E-002
   2.0780780780780779      -0.27027675393672618       -6.1283953221315746E-002
   2.0820820820820822      -0.28564802191832500       -6.4422471472768209E-002
   2.0860860860860861      -0.30092457517433796       -6.7560352626878220E-002
   2.0900900900900901      -0.31610949474093386       -7.0697565651994698E-002
   2.0940940940940940      -0.33118513956980067       -7.3834079523071736E-002
   2.0980980980980979      -0.34615394753339912       -7.6969863221978935E-002
   2.1021021021021022      -0.36099925425064322       -8.0104885737806844E-002
   2.1061061061061062      -0.37572295195301453       -8.3239116067172741E-002
   2.1101101101101101      -0.39030937709729330       -8.6372523214528554E-002
   2.1141141141141140      -0.40475997654233903       -8.9505076192466101E-002
   2.1181181181181179      -0.41906011275460420       -9.2636744022027012E-002
   2.1221221221221223      -0.43321088858166473       -9.5767495733003860E-002
   2.1261261261261262      -0.44719871764195096       -9.8897300364249888E-002
   2.1301301301301301      -0.46102445952288196      -0.10202612696398396     
   2.1341341341341340      -0.47467560302940970      -0.10515394459009790     
   2.1381381381381384      -0.48815286295103355      -0.10828072231046167     
   2.1421421421421423      -0.50144482486979125      -0.11140642920322831     
   2.1461461461461462      -0.51455215286305134      -0.11453103435714115     
   2.1501501501501501      -0.52746454654191899      -0.11765450687183812     
   2.1541541541541540      -0.54018270681350844      -0.12077681585816090     
   2.1581581581581584      -0.55269745911815094      -0.12389793043845504     
   2.1621621621621623      -0.56500962199866644      -0.12701781974687892     
   2.1661661661661662      -0.57711115443566396      -0.13013645292970763     
   2.1701701701701701      -0.58900306826288462      -0.13325379914563942     
   2.1741741741741740      -0.60067846039703043      -0.13636982756609983     
   2.1781781781781784      -0.61213860432682365      -0.13948450737554569     
   2.1821821821821823      -0.62337773034508848      -0.14259780777177072     
   2.1861861861861862      -0.63439742557197432      -0.14570969796621108     
   2.1901901901901901      -0.64519302975980342      -0.14882014718424885     
   2.1941941941941940      -0.65576646999458588      -0.15192912466551567     
   2.1981981981981984      -0.66611414694659876      -0.15503659966419808     
   2.2022022022022023      -0.67623832837663655      -0.15814254144934084     
   2.2062062062062062      -0.68613640815438881      -0.16124691930515206     
   2.2102102102102101      -0.69581097902710554      -0.16434970253130612     
   2.2142142142142140      -0.70526035208477100      -0.16745086044324597     
   2.2182182182182184      -0.71448742318329972      -0.17055036237248966     
   2.2222222222222223      -0.72349134442466434      -0.17364817766693005     
   2.2262262262262262      -0.73227529174383998      -0.17674427569114157     
   2.2302302302302301      -0.74083918412381566      -0.17983862582667995     
   2.2342342342342341      -0.74918645356300806      -0.18293119747238654     
   2.2382382382382384      -0.75731771286991489      -0.18602196004469207     
   2.2422422422422423      -0.76523662366019307      -0.18911088297791614     
   2.2462462462462462      -0.77294441932996805      -0.19219793572457292     
   2.2502502502502502      -0.78044496142042219      -0.19528308775566983     
   2.2542542542542541      -0.78774003024799022      -0.19836630856101248     
   2.2582582582582584      -0.79483365459307087      -0.20144756764950500     
   2.2622622622622623      -0.80172808823883424      -0.20452683454945086     
   2.2662662662662663      -0.80842749243768741      -0.20760407880885542     
   2.2702702702702702      -0.81493452225185570      -0.21067926999572584     
   2.2742742742742741      -0.82125343569460962      -0.21375237769837538     
   2.2782782782782784      -0.82738721929811410      -0.21682337152571909     
   2.2822822822822824      -0.83334019229053280      -0.21989222110757778     
   2.2862862862862863      -0.83911560624686121      -0.22295889609497704     
   2.2902902902902902      -0.84471780720159972      -0.22602336616044871     
   2.2942942942942941      -0.85015024955400742      -0.22908560099832984     
   2.2982982982982985      -0.85541727366894404      -0.23214557032506164     
   2.3023023023023024      -0.86052247938741022      -0.23520324387949024     
   2.3063063063063063      -0.86547017146926364      -0.23825859142316458     
   2.3103103103103102      -0.87026404307832206      -0.24131158274063905     
   2.3143143143143141      -0.87490833640090271      -0.24436218763976694     
   2.3183183183183185      -0.87940679130719601      -0.24741037595200260     
   2.3223223223223224      -0.88376356366734987      -0.25045611753269847     
   2.3263263263263263      -0.88798239901343523      -0.25349938226140445     
   2.3303303303303302      -0.89206734649543740      -0.25654014004216497     
   2.3343343343343341      -0.89602212175900142      -0.25957836080381524     
   2.3383383383383385      -0.89985065015895471      -0.26261401450028221     
   2.3423423423423424      -0.90355658720795606      -0.26564707111087593     
   2.3463463463463463      -0.90714372061266135      -0.26867750064059437     
   2.3503503503503502      -0.91061562052161593      -0.27170527312041259     
   2.3543543543543541      -0.91397592618206258      -0.27473035860758266     
   2.3583583583583585      -0.91722810181002778      -0.27775272718593058     
   2.3623623623623624      -0.92037563019256952      -0.28077234896614911     
   2.3663663663663663      -0.92342185331140636      -0.28378919408609682     
   2.3703703703703702      -0.92637009203997256      -0.28680323271108998     
   2.3743743743743742      -0.92922355367091669      -0.28981443503420068     
   2.3783783783783785      -0.93198539397900837      -0.29282277127655010     
   2.3823823823823824      -0.93465867653355139      -0.29582821168760237     
   2.3863863863863863      -0.93724639081207106      -0.29883072654545989     
   2.3903903903903903      -0.93975145062640619      -0.30183028615715662     
   2.3943943943943946      -0.94217667966950003      -0.30482686085895327     
   2.3983983983983985      -0.94452483855766511      -0.30782042101662760     
   2.4024024024024024      -0.94679858716165910      -0.31081093702577117     
   2.4064064064064064      -0.94900053167960519      -0.31379837931207849     
   2.4104104104104103      -0.95113317132908348      -0.31678271833164234     
   2.4144144144144146      -0.95319895853032388      -0.31976392457124503     
   2.4184184184184185      -0.95520023600136750      -0.32274196854864923     
   2.4224224224224224      -0.95713930456639273      -0.32571682081289072     
   2.4264264264264264      -0.95901835538260827      -0.32868845194456880     
   2.4304304304304303      -0.96083954111231251      -0.33165683255613876     
   2.4344344344344346      -0.96260490689867373      -0.33462193329220136     
   2.4384384384384385      -0.96431646167155560      -0.33758372482979238     
   2.4424424424424425      -0.96597611055989074      -0.34054217787867352     
   2.4464464464464464      -0.96758572395995968      -0.34349726318162288     
   2.4504504504504503      -0.96914707330492456      -0.34644895151472338     
   2.4544544544544546      -0.97066189622944765      -0.34939721368765092     
   2.4584584584584586      -0.97213183699286565      -0.35234202054396457     
   2.4624624624624625      -0.97355850664454868      -0.35528334296139358     
   2.4664664664664664      -0.97494342889771435      -0.35822115185212722     
   2.4704704704704703      -0.97628809465360822      -0.36115541816310109     
   2.4744744744744747      -0.97759391373077453      -0.36408611287628395     
   2.4784784784784786      -0.97886226345966021      -0.36701320700896528     
   2.4824824824824825      -0.98009444637122911      -0.36993667161404292     
   2.4864864864864864      -0.98129173284234972      -0.37285647778030850     
   2.4904904904904903      -0.98245532462332508      -0.37577259663273233     
   2.4944944944944947      -0.98358639171236906      -0.37868499933275035     
   2.4984984984984986      -0.98468604144074934      -0.38159365707854853     
   2.5025025025025025      -0.98575534989429991      -0.38449854110534887     
   2.5065065065065064      -0.98679533616575676      -0.38739962268569306     
   2.5105105105105103      -0.98780698873359285      -0.39029687312972527     
   2.5145145145145147      -0.98879124442356214      -0.39319026378547894     
   2.5185185185185186      -0.98974901020979067      -0.39607976603915657     
   2.5225225225225225      -0.99068114639265314      -0.39896535131541627     
   2.5265265265265264      -0.99158848431230151      -0.40184699107765126     
   2.5305305305305303      -0.99247181324023581      -0.40472465682827302     
   2.5345345345345347      -0.99333189449827830      -0.40759832010899633     
   2.5385385385385386      -0.99416945157025782      -0.41046795250111373     
   2.5425425425425425      -0.99498518110569167      -0.41333352562578402     
   2.5465465465465464      -0.99577974578058759      -0.41619501114430751     
   2.5505505505505504      -0.99655378263964367      -0.41905238075840956     
   2.5545545545545547      -0.99730789826696942      -0.42190560621051959     
   2.5585585585585586      -0.99804267488739540      -0.42475465928404776     
   2.5625625625625625      -0.99875866744546238      -0.42759951180366890     
   2.5665665665665665      -0.99945640784854006      -0.43044013563559802     
   2.5705705705705704       -1.0001364035930518      -0.43327650268786827     
   2.5745745745745747       -1.0007991404919898      -0.43610858491061100     
   2.5785785785785786       -1.0014450825288894      -0.43893635429633066     
   2.5825825825825826       -1.0020746733718837      -0.44175978288018303     
   2.5865865865865865       -1.0026883371768591      -0.44457884274025233     
   2.5905905905905904       -1.0032864791507721      -0.44739350599782673     
   2.5945945945945947       -1.0038694870645830      -0.45020374481767333     
   2.5985985985985987       -1.0044377310911434      -0.45300953140831385     
   2.6026026026026026       -1.0049915658251294      -0.45581083802230121     
   2.6066066066066065       -1.0055313295860711      -0.45860763695649065     
   2.6106106106106104       -1.0060573467760865      -0.46139990055231678     
   2.6146146146146148       -1.0065699268069423      -0.46418760119606622     
   2.6186186186186187       -1.0070693666567041      -0.46697071131914791     
   2.6226226226226226       -1.0075559495512652      -0.46974920339837051     
   2.6266266266266265       -1.0080299476079480      -0.47252304995621180     
   2.6306306306306309       -1.0084916203768151      -0.47529222356109002     
   2.6346346346346348       -1.0089412174828103      -0.47805669682763591     
   2.6386386386386387       -1.0093789771102235      -0.48081644241696481     
   2.6426426426426426       -1.0098051285753640      -0.48357143303694416     
   2.6466466466466465       -1.0102198908186477      -0.48632164144246637     
   2.6506506506506509       -1.0106234748571572      -0.48906704043571703     
   2.6546546546546548       -1.0110160823327845      -0.49180760286644165     
   2.6586586586586587       -1.0113979078086535      -0.49454330163221849     
   2.6626626626626626       -1.0117691374082838      -0.49727410967872404     
   2.6666666666666665       -1.0121299509319597      -0.49999999999999972     
   2.6706706706706709       -1.0124805206107670      -0.50272094563872161     
   2.6746746746746748       -1.0128210130288913      -0.50543691968646454     
   2.6786786786786787       -1.0131515880073034      -0.50814789528396909     
   2.6826826826826826       -1.0134724003259192      -0.51085384562140823     
   2.6866866866866865       -1.0137835987444581      -0.51355474393865141     
   2.6906906906906909       -1.0140853275246320      -0.51625056352552878     
   2.6946946946946948       -1.0143777255900071      -0.51894127772209564     
   2.6986986986986987       -1.0146609278531942      -0.52162685991889768     
   2.7027027027027026       -1.0149350645121562      -0.52430728355723144     
   2.7067067067067065       -1.0152002621909697      -0.52698252212940910     
   2.7107107107107109       -1.0154566433667351      -0.52965254917902060     
   2.7147147147147148       -1.0157043273350519      -0.53231733830119188     
   2.7187187187187187       -1.0159434297593555      -0.53497686314285131     
   2.7227227227227226       -1.0161740634739553      -0.53763109740298709     
   2.7267267267267266       -1.0163963381460468      -0.54028001483290666     
   2.7307307307307309       -1.0166103609302088      -0.54292358923649919     
   2.7347347347347348       -1.0168162362323521      -0.54556179447049191     
   2.7387387387387387       -1.0170140662301013      -0.54819460444470958     
   2.7427427427427427       -1.0172039507274162      -0.55082199312233360     
   2.7467467467467466       -1.0173859875554037      -0.55344393452015828     
   2.7507507507507509       -1.0175602725061992      -0.55606040270884749     
   2.7547547547547548       -1.0177268996285369      -0.55867137181319182     
   2.7587587587587588       -1.0178859612296098      -0.56127681601236501     
   2.7627627627627627       -1.0180375480793118      -0.56387670954017755     
   2.7667667667667666       -1.0181817494691086      -0.56647102668533345     
   2.7707707707707709       -1.0183186533382769      -0.56905974179168384     
   2.7747747747747749       -1.0184483463792620      -0.57164282925847854     
   2.7787787787787788       -1.0185709140985815      -0.57422026354062317     
   2.7827827827827827       -1.0186864409586622      -0.57679201914892952     
   2.7867867867867866       -1.0187950103853536      -0.57935807065036660     
   2.7907907907907910       -1.0188967049368023      -0.58191839266831491     
   2.7947947947947949       -1.0189916062687792      -0.58447295988281489     
   2.7987987987987988       -1.0190797953217232      -0.58702174703081833     
   2.8028028028028027       -1.0191613522543750      -0.58956472890643896     
   2.8068068068068066       -1.0192363566406542      -0.59210188036120082     
   2.8108108108108110       -1.0193048873814226      -0.59463317630428647     
   2.8148148148148149       -1.0193670229033696      -0.59715859170278585     
   2.8188188188188188       -1.0194228410580983      -0.59967810158194468     
   2.8228228228228227       -1.0194724193156450      -0.60219168102540921     
   2.8268268268268266       -1.0195158346595539      -0.60469930517547521     
   2.8308308308308310       -1.0195531637680166      -0.60720094923333168     
   2.8348348348348349       -1.0195844829131062      -0.60969658845930674     
   2.8388388388388388       -1.0196098681228978      -0.61218619817311326     
   2.8428428428428427       -1.0196293950925894      -0.61466975375409216     
   2.8468468468468466       -1.0196431393212233      -0.61714723064145482     
   2.8508508508508510       -1.0196511760420945      -0.61961860433452842     
   2.8548548548548549       -1.0196535803279050      -0.62208385039299596     
   2.8588588588588588       -1.0196504270475457      -0.62454294443713865     
   2.8628628628628627       -1.0196417905419359      -0.62699586214807834     
   2.8668668668668666       -1.0196277454911660      -0.62944257926801550     
   2.8708708708708710       -1.0196083663651729      -0.63188307160047208     
   2.8748748748748749       -1.0195837275656785      -0.63431731501052735     
   2.8788788788788788       -1.0195539033276495      -0.63674528542506048     
   2.8828828828828827       -1.0195189678163459      -0.63916695883298458     
   2.8868868868868871       -1.0194789953001859      -0.64158231128548815     
   2.8908908908908910       -1.0194340597222351      -0.64399131889626826     
   2.8948948948948949       -1.0193842351755988      -0.64639395784176901     
   2.8988988988988988       -1.0193295955826649      -0.64879020436141721     
   2.9029029029029028       -1.0192702150079818      -0.65118003475785557     
   2.9069069069069071       -1.0192061672382278      -0.65356342539717915     
   2.9109109109109110       -1.0191375261933338      -0.65594035270916740     
   2.9149149149149149       -1.0190643658300276      -0.65831079318751873     
   2.9189189189189189       -1.0189867599096085      -0.66067472339008115     
   2.9229229229229228       -1.0189047822666586      -0.66303211993908662     
   2.9269269269269271       -1.0188185067889182      -0.66538295952137938     
   2.9309309309309310       -1.0187280072526947      -0.66772721888864839     
   2.9349349349349350       -1.0186333574215369      -0.67006487485765742     
   2.9389389389389389       -1.0185346311253771      -0.67239590431047236     
   2.9429429429429428       -1.0184319021576385      -0.67472028419469232     
   2.9469469469469471       -1.0183252442128403      -0.67703799152367616     
   2.9509509509509511       -1.0182147310756797      -0.67934900337676973     
   2.9549549549549550       -1.0181004365304063      -0.68165329689953269     
   2.9589589589589589       -1.0179824341983397      -0.68395084930396566     
   2.9629629629629628       -1.0178607978236156      -0.68624163786873338     
   2.9669669669669672       -1.0177356011306302      -0.68852563993939209     
   2.9709709709709711       -1.0176069176794462      -0.69080283292861111     
   2.9749749749749750       -1.0174748211313958      -0.69307319431639702     
   2.9789789789789789       -1.0173393851411794      -0.69533670165031769     
   2.9829829829829828       -1.0172006831528717      -0.69759333254572287     
   2.9869869869869872       -1.0170587887641507      -0.69984306468596547     
   2.9909909909909911       -1.0169137754648943      -0.70208587582262250     
   2.9949949949949950       -1.0167657166121074      -0.70432174377571644     
   2.9989989989989989       -1.0166146856530911      -0.70655064643393228     
   3.0030030030030028       -1.0164607559211742      -0.70877256175483805     
   3.0070070070070072       -1.0163040005962070      -0.71098746776510247     
   3.0110110110110111       -1.0161444930012840      -0.71319534256071015     
   3.0150150150150150       -1.0159823061983340      -0.71539616430718178     
   3.0190190190190189       -1.0158175132142411      -0.71758991123978788     
   3.0230230230230228       -1.0156501871573034      -0.71977656166376336     
   3.0270270270270272       -1.0154804007988341      -0.72195609395452442     
   3.0310310310310311       -1.0153082269623557      -0.72412848655788031     
   3.0350350350350350       -1.0151337384772083      -0.72629371799024711     
   3.0390390390390389       -1.0149570077918546      -0.72845176683886070     
   3.0430430430430429       -1.0147781075317603      -0.73060261176198871     
   3.0470470470470472       -1.0145971100697875      -0.73274623148913987     
   3.0510510510510511       -1.0144140876147931      -0.73488260482127588     
   3.0550550550550550       -1.0142291124479088      -0.73701171063102133     
   3.0590590590590589       -1.0140422564905476      -0.73913352786287101     
   3.0630630630630629       -1.0138535916373901      -0.74124803553339991     
   3.0670670670670672       -1.0136631897577266      -0.74335521273147032     
   3.0710710710710711       -1.0134711222874480      -0.74545503861843621     
   3.0750750750750750       -1.0132774608204049      -0.74754749242835339     
   3.0790790790790790       -1.0130822765808261      -0.74963255346818258     
   3.0830830830830829       -1.0128856406659639      -0.75171020111799314     
   3.0870870870870872       -1.0126876241400560      -0.75378041483116953     
   3.0910910910910911       -1.0124882976467680      -0.75584317413461222     
   3.0950950950950951       -1.0122877318521233      -0.75789845862894101     
   3.0990990990990990       -1.0120859971662144      -0.75994624798869759     
   3.1031031031031029       -1.0118831636879200      -0.76198652196254535     
   3.1071071071071072       -1.0116793015645484      -0.76401926037346968     
   3.1111111111111112       -1.0114744804101732      -0.76604444311897801     
   3.1151151151151151       -1.0112687698860805      -0.76806205017129969     
   3.1191191191191190       -1.0110622393071356      -0.77007206157758090     
   3.1231231231231229       -1.0108549576989951      -0.77207445746008596     
   3.1271271271271273       -1.0106469940379921      -0.77406921801639050     
   3.1311311311311312       -1.0104384167826412      -0.77605632351957909     
   3.1351351351351351       -1.0102292943784992      -0.77803575431843974     
   3.1391391391391390       -1.0100196948670310      -0.78000749083765863     
   3.1431431431431434       -1.0098096860020627      -0.78197151357801342     
   3.1471471471471473       -1.0095993354239368      -0.78392780311656574     
   3.1511511511511512       -1.0093887101963421      -0.78587634010685492     
   3.1551551551551551       -1.0091778774189302      -0.78781710527908644     
   3.1591591591591590       -1.0089669035672983      -0.78975007944032583     
   3.1631631631631634       -1.0087558550175790      -0.79167524347468532     
   3.1671671671671673       -1.0085447977677915      -0.79359257834351493     
   3.1711711711711712       -1.0083337973777120      -0.79550206508559018     
   3.1751751751751751       -1.0081229192702454      -0.79740368481729929     
   3.1791791791791790       -1.0079122282527644      -0.79929741873283011     
   3.1831831831831834       -1.0077017890385158      -0.80118324810435748     
   3.1871871871871873       -1.0074916657430040      -0.80306115428222580     
   3.1911911911911912       -1.0072819222340739      -0.80493111869513456     
   3.1951951951951951       -1.0070726219777701      -0.80679312285032412     
   3.1991991991991990       -1.0068638279317474      -0.80864714833375495     
   3.2032032032032034       -1.0066556028254670      -0.81049317681029209     
   3.2072072072072073       -1.0064480087303571      -0.81233119002388610     
   3.2112112112112112       -1.0062411075422997      -0.81416116979775310     
   3.2152152152152151       -1.0060349604558596      -0.81598309803455449     
   3.2192192192192191       -1.0058296284204173      -0.81779695671657726     
   3.2232232232232234       -1.0056251717939100      -0.81960272790591171     
   3.2272272272272273       -1.0054216504899978      -0.82140039374462503     
   3.2312312312312312       -1.0052191239605011      -0.82318993645494509     
   3.2352352352352352       -1.0050176510827740      -0.82497133833943015     
   3.2392392392392391       -1.0048172903171468      -0.82674458178114651     
   3.2432432432432434       -1.0046180994838010      -0.82850964924384241     
   3.2472472472472473       -1.0044201359831850      -0.83026652327212114     
   3.2512512512512513       -1.0042234565462727      -0.83201518649161355     
   3.2552552552552552       -1.0040281174352945      -0.83375562160915107     
   3.2592592592592591       -1.0038341742806722      -0.83548781141293604     
   3.2632632632632634       -1.0036416821270566      -0.83721173877271049     
   3.2672672672672673       -1.0034506954504101      -0.83892738663992716     
   3.2712712712712713       -1.0032612680446302      -0.84063473804791811     
   3.2752752752752752       -1.0030734531462575      -0.84233377611206173     
   3.2792792792792791       -1.0028873032705727      -0.84402448402995045     
   3.2832832832832834       -1.0027028703429823      -0.84570684508155636     
   3.2872872872872874       -1.0025202055504465      -0.84738084262939606     
   3.2912912912912913       -1.0023393594489827      -0.84904646011869733     
   3.2952952952952952       -1.0021603818363565      -0.85070368107756111     
   3.2992992992992991       -1.0019833218446239      -0.85235248911712369     
   3.3033033033033035       -1.0018082278193439      -0.85399286793172058     
   3.3073073073073074       -1.0016351474077885      -0.85562480129904661     
   3.3113113113113113       -1.0014641274492808      -0.85724827308031681     
   3.3153153153153152       -1.0012952140321658      -0.85886326722042616     
   3.3193193193193191       -1.0011284524431119      -0.86046976774810746     
   3.3233233233233235       -1.0009638871445825      -0.86206775877609132     
   3.3273273273273274       -1.0008015617914401      -0.86365722450126015     
   3.3313313313313313       -1.0006415191764377      -0.86523814920480790     
   3.3353353353353352       -1.0004838012454347      -0.86681051725239255     
   3.3393393393393391       -1.0003284490630830      -0.86837431309429247     
   3.3433433433433435       -1.0001755027980308      -0.86992952126555956     
   3.3473473473473474       -1.0000250017209498      -0.87147612638617244     
   3.3513513513513513      -0.99987698415809434      -0.87301411316118827     
   3.3553553553553552      -0.99973148751720708      -0.87454346638089397     
   3.3593593593593591      -0.99958854821712650      -0.87606417092095756     
   3.3633633633633635      -0.99944820173278437      -0.87757621174257716     
   3.3673673673673674      -0.99931048250961607      -0.87907957389262847     
   3.3713713713713713      -0.99917542401976844      -0.88057424250381433     
   3.3753753753753752      -0.99904305866812815      -0.88206020279481123     
   3.3793793793793796      -0.99891341785425425      -0.88353744007041513     
   3.3833833833833835      -0.99878653187439248      -0.88500593972168740     
   3.3873873873873874      -0.99866242998587584      -0.88646568722609875     
   3.3913913913913913      -0.99854114030768126      -0.88791666814767278     
   3.3953953953953953      -0.99842268988535987      -0.88935886813712972     
   3.3993993993993996      -0.99830710459190530      -0.89079227293202790     
   3.4034034034034035      -0.99819440919157221      -0.89221686835690339     
   3.4074074074074074      -0.99808462724295322      -0.89363264032341194     
   3.4114114114114114      -0.99797778115963387      -0.89503957483046781     
   3.4154154154154153      -0.99787389211791699      -0.89643765796438168     
   3.4194194194194196      -0.99777298011183302      -0.89782687589899912     
   3.4234234234234235      -0.99767506386798388      -0.89920721489583688     
   3.4274274274274275      -0.99758016089311863      -0.90057866130421815     
   3.4314314314314314      -0.99748828739686868      -0.90194120156140900     
   3.4354354354354353      -0.99739945833315058      -0.90329482219275192     
   3.4394394394394396      -0.99731368732685455      -0.90463950981179775     
   3.4434434434434436      -0.99723098671686861      -0.90597525112043964     
   3.4474474474474475      -0.99715136747470112      -0.90730203290904421     
   3.4514514514514514      -0.99707483926565355      -0.90861984205658186     
   3.4554554554554553      -0.99700141033978262      -0.90992866553075646     
   3.4594594594594597      -0.99693108763043925      -0.91122849038813580     
   3.4634634634634636      -0.99686387660614229      -0.91251930377427593     
   3.4674674674674675      -0.99679978140059777      -0.91380109292385281     
   3.4714714714714714      -0.99673880465972065      -0.91507384516078560     
   3.4754754754754753      -0.99668094764984061      -0.91633754789836286     
   3.4794794794794797      -0.99662621012999386      -0.91759218863936631     
   3.4834834834834836      -0.99657459045982277      -0.91883775497619591     
   3.4874874874874875      -0.99652608544973276      -0.92007423459099136     
   3.4914914914914914      -0.99648069050542731      -0.92130161525575383     
   3.4954954954954953      -0.99643839944029278      -0.92251988483246850     
   3.4994994994994997      -0.99639920465449761      -0.92372903127322248     
   3.5035035035035036      -0.99636309692602787      -0.92492904262032472     
   3.5075075075075075      -0.99633006559810233      -0.92611990700642566     
   3.5115115115115114      -0.99630009837846889      -0.92730161265463207     
   3.5155155155155153      -0.99627318151381317      -0.92847414787862559     
   3.5195195195195197      -0.99624929959063913      -0.92963750108277710     
   3.5235235235235236      -0.99622843576153974      -0.93079166076226205     
   3.5275275275275275      -0.99621057143318570      -0.93193661550317375     
   3.5315315315315314      -0.99619568662724323      -0.93307235398263721     
   3.5355355355355353      -0.99618375956508676      -0.93419886496891946     
   3.5395395395395397      -0.99617476710320763      -0.93531613732154262     
   3.5435435435435436      -0.99616868426356575      -0.93642415999139206     
   3.5475475475475475      -0.99616548471291899      -0.93752292202082732     
   3.5515515515515514      -0.99616514027839087      -0.93861241254378924     
   3.5555555555555554      -0.99616762143890358      -0.93969262078590843     
   3.5595595595595597      -0.99617289703014866      -0.94076353606461116     
   3.5635635635635636      -0.99618093404724106      -0.94182514778922477     
   3.5675675675675675      -0.99619169819104925      -0.94287744546108421     
   3.5715715715715715      -0.99620515315817781      -0.94392041867363274     
   3.5755755755755754      -0.99622126155361002      -0.94495405711252811     
   3.5795795795795797      -0.99623998377815171      -0.94597835055574231     
   3.5835835835835836      -0.99626127934997610      -0.94699328887366330     
   3.5875875875875876      -0.99628510543408866      -0.94799886202919548     
   3.5915915915915915      -0.99631141846037274      -0.94899506007785894     
   3.5955955955955954      -0.99634017237162897      -0.94998187316788696     
   3.5995995995995997      -0.99637132057614275      -0.95095929154032532     
   3.6036036036036037      -0.99640481380894630      -0.95192730552912663     
   3.6076076076076076      -0.99644060253749978      -0.95288590556124664     
   3.6116116116116115      -0.99647863432963502      -0.95383508215674029     
   3.6156156156156154      -0.99651885672596130      -0.95477482592885354     
   3.6196196196196198      -0.99656121428073452      -0.95570512758411708     
   3.6236236236236237      -0.99660565151717417      -0.95662597792243798     
   3.6276276276276276      -0.99665211027433431      -0.95753736783719101     
   3.6316316316316315      -0.99670053189410412      -0.95843928831530878     
   3.6356356356356359      -0.99675085581836909      -0.95933173043737030     
   3.6396396396396398      -0.99680302007846155      -0.96021468537768961     
   3.6436436436436437      -0.99685696199943130      -0.96108814440440271     
   3.6476476476476476      -0.99691261626158223      -0.96195209887955480     
   3.6516516516516515      -0.99696991835177851      -0.96280654025918444     
   3.6556556556556559      -0.99702879948219902      -0.96365146009340885     
   3.6596596596596598      -0.99708919368686177      -0.96448685002650714     
   3.6636636636636637      -0.99715102858766835      -0.96531270179700357     
   3.6676676676676676      -0.99721423711841173      -0.96612900723774797     
   3.6716716716716715      -0.99727874336668154      -0.96693575827599820     
   3.6756756756756759      -0.99734447916062452      -0.96773294693349898     
   3.6796796796796798      -0.99741136560186949      -0.96852056532655983     
   3.6836836836836837      -0.99747933306597780      -0.96929860566613557     
   3.6876876876876876      -0.99754830042392628      -0.97006706025790090     
   3.6916916916916915      -0.99761819606978175      -0.97082592150232783     
   3.6956956956956959      -0.99768893776376399      -0.97157518189476044     
   3.6996996996996998      -0.99776045089417487      -0.97231483402548924     
   3.7037037037037037      -0.99783265381226649      -0.97304487057982392     
   3.7077077077077076      -0.99790546738157482      -0.97376528433816678     
   3.7117117117117115      -0.99797881260857157      -0.97447606817608323     
   3.7157157157157159      -0.99805260424543407      -0.97517721506437227     
   3.7197197197197198      -0.99812676789073873      -0.97586871806913611     
   3.7237237237237237      -0.99820121086015401      -0.97655057035184933     
   3.7277277277277276      -0.99827586490044218      -0.97722276516942586     
   3.7317317317317316      -0.99835062933316066      -0.97788529587428519     
   3.7357357357357359      -0.99842544233147945      -0.97853815591441973     
   3.7397397397397398      -0.99850019660550215      -0.97918133883345804     
   3.7437437437437437      -0.99857483460619800      -0.97981483827072935     
   3.7477477477477477      -0.99864924654358200      -0.98043864796132674     
   3.7517517517517516      -0.99872337401822375      -0.98105276173616807     
   3.7557557557557559      -0.99879711248519576      -0.98165717352205806     
   3.7597597597597598      -0.99887039328129290      -0.98225187734174813     
   3.7637637637637638      -0.99894312927965412      -0.98283686731399489     
   3.7677677677677677      -0.99901522824430489      -0.98341213765361879     
   3.7717717717717716      -0.99908663596286074      -0.98397768267156138     
   3.7757757757757759      -0.99915722062457957      -0.98453349677494195     
   3.7797797797797799      -0.99922697795373083      -0.98507957446711136     
   3.7837837837837838      -0.99929572133762057      -0.98561591034770824     
   3.7877877877877877      -0.99936350964304910      -0.98614249911271146     
   3.7917917917917916      -0.99943009353666501      -0.98665933555449192     
   3.7957957957957960      -0.99949559681595823      -0.98716641456186571     
   3.7997997997997999      -0.99955971614692840      -0.98766373112014327     
   3.8038038038038038      -0.99962261955555987      -0.98815128031117960     
   3.8078078078078077      -0.99968398699734162      -0.98862905731342254     
   3.8118118118118116      -0.99974397520087110      -0.98909705740196108     
   3.8158158158158160      -0.99980232576226569      -0.98955527594857173     
   3.8198198198198199      -0.99985908245552291      -0.99000370842176366     
   3.8238238238238238      -0.99991417621397827      -0.99044235038682449     
   3.8278278278278277      -0.99996738615284275      -0.99087119750586350     
   3.8318318318318316       -1.0000190072304225      -0.99129024553785516     
   3.8358358358358360       -1.0000683636130663      -0.99169949033868066     
   3.8398398398398399       -1.0001163126544639      -0.99209892786116838     
   3.8438438438438438       -1.0001615326129838      -0.99248855415513493     
   3.8478478478478477       -1.0002056097795127      -0.99286836536742351     
   3.8518518518518516       -1.0002464602406327      -0.99323835774194280     
   3.8558558558558560       -1.0002864371770808      -0.99359852761970280     
   3.8598598598598599       -1.0003227719181438      -0.99394887143885202     
   3.8638638638638638       -1.0003583537596659      -0.99428938573471282     
   3.8678678678678677       -1.0003901578851031      -0.99462006713981466     
   3.8718718718718717       -1.0004209422549091      -0.99494091238392857     
   3.8758758758758760       -1.0004483728720721      -0.99525191829409909     
   3.8798798798798799       -1.0004738221350249      -0.99555308179467450     
   3.8838838838838838       -1.0004972235093508      -0.99584439990733942     
   3.8878878878878878       -1.0005166780462944      -0.99612586975114281     
   3.8918918918918921       -1.0005365368881045      -0.99639748854252641     
   3.8958958958958960       -1.0005493095614977      -0.99665925359535279     
   3.8998998998998999       -1.0005661061311153      -0.99691116232093191     
   3.9039039039039038       -1.0005717039050357      -0.99715321222804643     
   3.9079079079079078       -1.0005856156420172      -0.99738540092297623     
   3.9119119119119121       -1.0005841225261929      -0.99760772610952264     
   3.9159159159159160       -1.0005945635886189      -0.99782018558903074     
   3.9199199199199199       -1.0005871727750761      -0.99802277726041111     
   3.9239239239239239       -1.0005922238968006      -0.99821549912016083     
   3.9279279279279278       -1.0005818052861644      -0.99839834926238302     
   3.9319319319319321       -1.0005777249935786      -0.99857132587880604     
   3.9359359359359360       -1.0005691421449960      -0.99873442725880057     
   3.9399399399399400       -1.0005503556320319      -0.99888765178939798     
   3.9439439439439439       -1.0005500275246060      -0.99903099795530448     
   3.9479479479479478       -1.0005101868875597      -0.99916446433891781     
   3.9519519519519521       -1.0005242398815333      -0.99928804962034024     
   3.9559559559559561       -1.0004590103412014      -0.99940175257739150     
   3.9599599599599600       -1.0004894761082823      -0.99950557208562174     
   3.9639639639639639       -1.0004013180142350      -0.99959950711832180     
   3.9679679679679678       -1.0004406046563168      -0.99968355674653397     
   3.9719719719719722       -1.0003445438199912      -0.99975772013906072     
   3.9759759759759761       -1.0003703410156111      -0.99982199656247328     
   3.9799799799799800       -1.0002970750534519      -0.99987638538111856     
   3.9839839839839839       -1.0002732186979688      -0.99992088605712559     
   3.9879879879879878       -1.0002619336397116      -0.99995549815041107     
   3.9919919919919922       -1.0001547140515836      -0.99998022131868336     
   3.9959959959959961       -1.0002277674148938      -0.99999505531744570     
   4.0000000000000000       -1.0000000000000000       -1.0000000000000000     
