   0.0000000000000000        1.0000000000000000       0.99999999999999989     
   4.0040040040040040E-003   1.0001738350047702       0.99999505531744592     
   8.0080080080080079E-003  0.99999692850837441       0.99998022131868325     
   1.2012012012012012E-002   1.0002773115436567       0.99995549815041107     
   1.6016016016016016E-002   1.0004364127180758       0.99992088605712559     
   2.0020020020020020E-002   1.0004783426750083       0.99987638538111856     
   2.4024024024024024E-002   1.0007905964794337       0.99982199656247328     
   2.8028028028028028E-002   1.0007352766965676       0.99975772013906072     
   3.2032032032032032E-002   1.0010930174067101       0.99968355674653397     
   3.6036036036036036E-002   1.0010184653304453       0.99959950711832180     
   4.0040040040040040E-002   1.0013641719035900       0.99950557208562174     
   4.4044044044044044E-002   1.0013090325326413       0.99940175257739161     
   4.8048048048048048E-002   1.0016158650871918       0.99928804962034012     
   5.2052052052052052E-002   1.0015952327448225       0.99916446433891792     
   5.6056056056056056E-002   1.0018542608052736       0.99903099795530459     
   6.0060060060060060E-002   1.0018699415693209       0.99888765178939798     
   6.4064064064064064E-002   1.0020819597936337       0.99873442725880068     
   6.8068068068068074E-002   1.0021289521544499       0.99857132587880615     
   7.2072072072072071E-002   1.0022993935681674       0.99839834926238324     
   7.6076076076076082E-002   1.0023698386768458       0.99821549912016094     
   8.0080080080080079E-002   1.0025057425518824       0.99802277726041122     
   8.4084084084084090E-002   1.0025912132650341       0.99782018558903074     
   8.8088088088088087E-002   1.0026995276373687       0.99760772610952264     
   9.2092092092092098E-002   1.0027922514178409       0.99738540092297623     
   9.6096096096096095E-002   1.0028789810177210       0.99715321222804643     
  0.10010010010010011        1.0029723980760408       0.99691116232093191     
  0.10410410410410410        1.0030422697040844       0.99665925359535279     
  0.10810810810810811        1.0031311931516786       0.99639748854252641     
  0.11211211211211211        1.0031876224887586       0.99612586975114281     
  0.11611611611611612        1.0032681748673198       0.99584439990733964     
  0.12012012012012012        1.0033133946695969       0.99555308179467450     
  0.12412412412412413        1.0033828322827840       0.99525191829409887     
  0.12812812812812813        1.0034180940737523       0.99494091238392868     
  0.13213213213213212        1.0034745883682588       0.99462006713981466     
  0.13613613613613615        1.0035003836433944       0.99428938573471282     
  0.14014014014014015        1.0035428010141807       0.99394887143885213     
  0.14414414414414414        1.0035590708541884       0.99359852761970280     
  0.14814814814814814        1.0035867737058040       0.99323835774194291     
  0.15215215215215216        1.0035930906290027       0.99286836536742373     
  0.15615615615615616        1.0036057704910379       0.99248855415513493     
  0.16016016016016016        1.0036014859586149       0.99209892786116838     
  0.16416416416416416        1.0035990327779654       0.99169949033868066     
  0.16816816816816818        1.0035833919646682       0.99129024553785539     
  0.17217217217217218        1.0035657934057880       0.99087119750586361     
  0.17617617617617617        1.0035380141443513       0.99044235038682449     
  0.18018018018018017        1.0035052880466631       0.99000370842176388     
  0.18418418418418420        1.0034646140753924       0.98955527594857196     
  0.18818818818818819        1.0034167673508223       0.98909705740196130     
  0.19219219219219219        1.0033624983441536       0.98862905731342254     
  0.19619619619619619        1.0032995039065826       0.98815128031117949     
  0.20020020020020021        1.0032310100161050       0.98766373112014327     
  0.20420420420420421        1.0031527967134983       0.98716641456186571     
  0.20820820820820821        1.0030695224603441       0.98665933555449203     
  0.21221221221221220        1.0029759736845747       0.98614249911271146     
  0.21621621621621623        1.0028774350180287       0.98561591034770846     
  0.22022022022022023        1.0027683926612156       0.98507957446711159     
  0.22422422422422422        1.0026541700563931       0.98453349677494206     
  0.22822822822822822        1.0025294413604962       0.98397768267156138     
  0.23223223223223224        1.0023991710213380       0.98341213765361868     
  0.23623623623623624        1.0022585365993162       0.98283686731399489     
  0.24024024024024024        1.0021119011775583       0.98225187734174813     
  0.24424424424424424        1.0019551230656518       0.98165717352205828     
  0.24824824824824826        1.0017918427965034       0.98105276173616818     
  0.25225225225225223        1.0016186718403675       0.98043864796132674     
  0.25625625625625625        1.0014384966144239       0.97981483827072957     
  0.26026026026026028        1.0012486788160784       0.97918133883345804     
  0.26426426426426425        1.0010513814344173       0.97853815591441973     
  0.26826826826826827        1.0008446631135757       0.97788529587428519     
  0.27227227227227230        1.0006300337873462       0.97722276516942586     
  0.27627627627627627        1.0004061655603778       0.97655057035184956     
  0.28028028028028029        1.0001740075977492       0.97586871806913633     
  0.28428428428428426       0.99993274726922010       0.97517721506437238     
  0.28828828828828829       0.99968287382404775       0.97447606817608334     
  0.29229229229229231       0.99942398833469703       0.97376528433816700     
  0.29629629629629628       0.99915622005851878       0.97304487057982403     
  0.30030030030030030       0.99887948665308868       0.97231483402548924     
  0.30430430430430433       0.99859365008365975       0.97157518189476044     
  0.30830830830830830       0.99829885686154407       0.97082592150232794     
  0.31231231231231232       0.99799478338825698       0.97006706025790113     
  0.31631631631631629       0.99768172938784216       0.96929860566613568     
  0.32032032032032032       0.99735925465057329       0.96852056532656006     
  0.32432432432432434       0.99702774959906493       0.96773294693349898     
  0.32832832832832831       0.99668671319782753       0.96693575827599854     
  0.33233233233233234       0.99633657703682199       0.96612900723774819     
  0.33633633633633636       0.99597682245139030       0.96531270179700357     
  0.34034034034034033       0.99560788472675432       0.96448685002650714     
  0.34434434434434436       0.99522925936665596       0.96365146009340885     
  0.34834834834834832       0.99484135855107536       0.96280654025918455     
  0.35235235235235235       0.99444371387553154       0.96195209887955491     
  0.35635635635635637       0.99403669667429229       0.96108814440440293     
  0.36036036036036034       0.99361988833811810       0.96021468537768961     
  0.36436436436436437       0.99319360901354181       0.95933173043737041     
  0.36836836836836839       0.99275749700872751       0.95843928831530878     
  0.37237237237237236       0.99231181674657853       0.95753736783719101     
  0.37637637637637639       0.99185626552026773       0.95662597792243798     
  0.38038038038038036       0.99139105185159981       0.95570512758411708     
  0.38438438438438438       0.99091593038967341       0.95477482592885377     
  0.38838838838838841       0.99043105667458042       0.95383508215674051     
  0.39239239239239238       0.98993623854613999       0.95288590556124697     
  0.39639639639639640       0.98943158352038518       0.95192730552912663     
  0.40040040040040042       0.98891694688301324       0.95095929154032544     
  0.40440440440440439       0.98839239426516612       0.94998187316788707     
  0.40840840840840842       0.98785782183372850       0.94899506007785894     
  0.41241241241241239       0.98731325998786079       0.94799886202919548     
  0.41641641641641641       0.98675863897140292       0.94699328887366341     
  0.42042042042042044       0.98619396061944853       0.94597835055574242     
  0.42442442442442441       0.98561918263156845       0.94495405711252856     
  0.42842842842842843       0.98503428460868803       0.94392041867363297     
  0.43243243243243246       0.98443924555716689       0.94287744546108421     
  0.43643643643643643       0.98383402860364033       0.94182514778922499     
  0.44044044044044045       0.98321862856475672       0.94076353606461094     
  0.44444444444444442       0.98259299714819026       0.93969262078590843     
  0.44844844844844844       0.98195714023082770       0.93861241254378935     
  0.45245245245245247       0.98131100239315705       0.93752292202082743     
  0.45645645645645644       0.98065459659712861       0.93642415999139239     
  0.46046046046046046       0.97998786382146852       0.93531613732154295     
  0.46446446446446449       0.97931082089376775       0.93419886496891991     
  0.46846846846846846       0.97862340798711078       0.93307235398263733     
  0.47247247247247248       0.97792564327914122       0.93193661550317397     
  0.47647647647647645       0.97721746826736622       0.93079166076226205     
  0.48048048048048048       0.97649890059552324       0.92963750108277710     
  0.48448448448448450       0.97576988462802017       0.92847414787862570     
  0.48848848848848847       0.97503043613940366       0.92730161265463229     
  0.49249249249249250       0.97428050340116268       0.92611990700642588     
  0.49649649649649652       0.97352009944562057       0.92492904262032505     
  0.50050050050050054       0.97274917707514352       0.92372903127322259     
  0.50450450450450446       0.97196774608448533       0.92251988483246872     
  0.50850850850850848       0.97117576409633755       0.92130161525575405     
  0.51251251251251251       0.97037323747111737       0.92007423459099136     
  0.51651651651651653       0.96956012868223285       0.91883775497619602     
  0.52052052052052056       0.96873644068628773       0.91759218863936653     
  0.52452452452452447       0.96790214064545255       0.91633754789836308     
  0.52852852852852850       0.96705722830810126       0.91507384516078605     
  0.53253253253253252       0.96620167522828748       0.91380109292385314     
  0.53653653653653655       0.96533547825396415       0.91251930377427604     
  0.54054054054054057       0.96445861294727409       0.91122849038813569     
  0.54454454454454460       0.96357107363222405       0.90992866553075669     
  0.54854854854854851       0.96267283944734072       0.90861984205658186     
  0.55255255255255253       0.96176390260301614       0.90730203290904443     
  0.55655655655655656       0.96084424536515078       0.90597525112043986     
  0.56056056056056058       0.95991385824781683       0.90463950981179786     
  0.56456456456456461       0.95897272620121254       0.90329482219275237     
  0.56856856856856852       0.95802083844731178       0.90194120156140967     
  0.57257257257257255       0.95705818220029171       0.90057866130421826     
  0.57657657657657657       0.95608474576714264       0.89920721489583666     
  0.58058058058058060       0.95510051823976971       0.89782687589899912     
  0.58458458458458462       0.95410548735112466       0.89643765796438168     
  0.58858858858858853       0.95309964372554534       0.89503957483046792     
  0.59259259259259256       0.95208297482156390       0.89363264032341216     
  0.59659659659659658       0.95105547249505928       0.89221686835690384     
  0.60060060060060061       0.95001712418641782       0.89079227293202834     
  0.60460460460460463       0.94896792272714947       0.88935886813713039     
  0.60860860860860866       0.94790785575283298       0.88791666814767300     
  0.61261261261261257       0.94683691685831672       0.88646568722609853     
  0.61661661661661660       0.94575509404685543       0.88500593972168740     
  0.62062062062062062       0.94466238150515258       0.88353744007041513     
  0.62462462462462465       0.94355876773895730       0.88206020279481145     
  0.62862862862862867       0.94244424739250587       0.88057424250381455     
  0.63263263263263259       0.94131880957513769       0.87907957389262892     
  0.63663663663663661       0.94018244928720029       0.87757621174257761     
  0.64064064064064064       0.93903515631332601       0.87606417092095823     
  0.64464464464464466       0.93787692593694427       0.87454346638089420     
  0.64864864864864868       0.93670774866473139       0.87301411316118804     
  0.65265265265265260       0.93552762001418144       0.87147612638617244     
  0.65665665665665662       0.93433653124002936       0.86992952126555978     
  0.66066066066066065       0.93313447806462546       0.86837431309429269     
  0.66466466466466467       0.93192145250004943       0.86681051725239278     
  0.66866866866866870       0.93069745046023222       0.86523814920480835     
  0.67267267267267272       0.92946246471078120       0.86365722450126059     
  0.67667667667667664       0.92821649135636453       0.86206775877609154     
  0.68068068068068066       0.92695952390246128       0.86046976774810768     
  0.68468468468468469       0.92569155865293884       0.85886326722042616     
  0.68868868868868871       0.92441258983250441       0.85724827308031681     
  0.69269269269269274       0.92312261395934470       0.85562480129904683     
  0.69669669669669665       0.92182162595213568       0.85399286793172080     
  0.70070070070070067       0.92050962256294622       0.85235248911712413     
  0.70470470470470470       0.91918659937650504       0.85070368107756156     
  0.70870870870870872       0.91785255340095040       0.84904646011869800     
  0.71271271271271275       0.91650748085806522       0.84738084262939628     
  0.71671671671671666       0.91515137903544386       0.84570684508155602     
  0.72072072072072069       0.91378424476310127       0.84402448402995045     
  0.72472472472472471       0.91240607563151122       0.84233377611206173     
  0.72872872872872874       0.91101686905119006       0.84063473804791822     
  0.73273273273273276       0.90961662293816137       0.83892738663992727     
  0.73673673673673679       0.90820533525747249       0.83721173877271082     
  0.74074074074074070       0.90678300427197134       0.83548781141293649     
  0.74474474474474472       0.90534962847753508       0.83375562160915173     
  0.74874874874874875       0.90390520650331452       0.83201518649161366     
  0.75275275275275277       0.90244973735480161       0.83026652327212069     
  0.75675675675675680       0.90098322004493525       0.82850964924384218     
  0.76076076076076071       0.89950565407025762       0.82674458178114663     
  0.76476476476476474       0.89801703884284256       0.82497133833943037     
  0.76876876876876876       0.89651737433438250       0.82318993645494531     
  0.77277277277277279       0.89500666036934096       0.82140039374462548     
  0.77677677677677681       0.89348489738121672       0.81960272790591149     
  0.78078078078078073       0.89195208561807837       0.81779695671657793     
  0.78478478478478475       0.89040822596433156       0.81598309803455460     
  0.78878878878878878       0.88885331910098453       0.81416116979775299     
  0.79279279279279280       0.88728736635467620       0.81233119002388599     
  0.79679679679679682       0.88571036884698373       0.81049317681029232     
  0.80080080080080085       0.88412232834016180       0.80864714833375506     
  0.80480480480480476       0.88252324640242552       0.80679312285032445     
  0.80880880880880879       0.88091312522685228       0.80493111869513490     
  0.81281281281281281       0.87929196683306510       0.80306115428222591     
  0.81681681681681684       0.87765977384173921       0.80118324810435759     
  0.82082082082082086       0.87601654872753754       0.79929741873283022     
  0.82482482482482478       0.87436229453687053       0.79740368481729917     
  0.82882882882882880       0.87269701420216172       0.79550206508558996     
  0.83283283283283283       0.87102071119485880       0.79359257834351515     
  0.83683683683683685       0.86933338890710476       0.79167524347468543     
  0.84084084084084088       0.86763505123564066       0.78975007944032627     
  0.84484484484484490       0.86592570203370023       0.78781710527908688     
  0.84884884884884881       0.86420534562437401       0.78587634010685514     
  0.85285285285285284       0.86247398632290373       0.78392780311656585     
  0.85685685685685686       0.86073162888042132       0.78197151357801298     
  0.86086086086086089       0.85897827807478622       0.78000749083765841     
  0.86486486486486491       0.85721393908735377       0.77803575431843952     
  0.86886886886886883       0.85543861715899305       0.77605632351957921     
  0.87287287287287285       0.85365231790384621       0.77406921801639061     
  0.87687687687687688       0.85185504702607640       0.77207445746008641     
  0.88088088088088090       0.85004681057544762       0.77007206157758135     
  0.88488488488488493       0.84822761471965669       0.76806205017129980     
  0.88888888888888884       0.84639746594713416       0.76604444311897812     
  0.89289289289289286       0.84455637088934910       0.76401926037346957     
  0.89689689689689689       0.84270433647656529       0.76198652196254524     
  0.90090090090090091       0.84084136980434965       0.75994624798869781     
  0.90490490490490494       0.83896747824801909       0.75789845862894112     
  0.90890890890890896       0.83708266936766829       0.75584317413461199     
  0.91291291291291288       0.83518695098689311       0.75378041483116964     
  0.91691691691691690       0.83328033113089361       0.75171020111799358     
  0.92092092092092093       0.83136281807476464       0.74963255346818269     
  0.92492492492492495       0.82943442030949643       0.74754749242835361     
  0.92892892892892898       0.82749514656489154       0.74545503861843632     
  0.93293293293293289       0.82554500579857515       0.74335521273147021     
  0.93693693693693691       0.82358400719816882       0.74124803553340046     
  0.94094094094094094       0.82161216018896610       0.73913352786287123     
  0.94494494494494496       0.81962947441945289       0.73701171063102144     
  0.94894894894894899       0.81763595978374104       0.73488260482127599     
  0.95295295295295290       0.81563162639416209       0.73274623148913998     
  0.95695695695695693       0.81361648461495950       0.73060261176198882     
  0.96096096096096095       0.81159054502519345       0.72845176683886093     
  0.96496496496496498       0.80955381846068553       0.72629371799024722     
  0.96896896896896900       0.80750631597004174       0.72412848655788020     
  0.97297297297297303       0.80544804886222066       0.72195609395452465     
  0.97697697697697694       0.80337902865810273       0.71977656166376347     
  0.98098098098098097       0.80129926714145483       0.71758991123978799     
  0.98498498498498499       0.79920877630808440       0.71539616430718200     
  0.98898898898898902       0.79710756841834496       0.71319534256071038     
  0.99299299299299304       0.79499565594554045       0.71098746776510235     
  0.99699699699699695       0.79287305162846866       0.70877256175483849     
   1.0010010010010011       0.79073976842042470       0.70655064643393239     
   1.0050050050050050       0.78859581954059044       0.70432174377571666     
   1.0090090090090089       0.78644121842466963       0.70208587582262261     
   1.0130130130130131       0.78427597877422173       0.69984306468596524     
   1.0170170170170170       0.78210011450971262       0.69759333254572309     
   1.0210210210210211       0.77991363981712658       0.69533670165031780     
   1.0250250250250250       0.77771656910398090       0.69307319431639725     
   1.0290290290290289       0.77550891704275526       0.69080283292861089     
   1.0330330330330331       0.77329069853025167       0.68852563993939231     
   1.0370370370370370       0.77106192872753476       0.68624163786873360     
   1.0410410410410411       0.76882262302286897       0.68395084930396588     
   1.0450450450450450       0.76657279706800840       0.68165329689953280     
   1.0490490490490489       0.76431246674479558       0.67934900337676996     
   1.0530530530530531       0.76204164819777875       0.67703799152367639     
   1.0570570570570570       0.75976035780444928       0.67472028419469277     
   1.0610610610610611       0.75746861220423067       0.67239590431047247     
   1.0650650650650650       0.75516642827228853       0.67006487485765720     
   1.0690690690690692       0.75285382314498284       0.66772721888864850     
   1.0730730730730731       0.75053081419713186       0.66538295952137927     
   1.0770770770770770       0.74819741906405857       0.66303211993908673     
   1.0810810810810811       0.74585365562216976       0.66067472339008138     
   1.0850850850850851       0.74349954200774326       0.65831079318751895     
   1.0890890890890892       0.74113509660064625       0.65594035270916762     
   1.0930930930930931       0.73876033804007557       0.65356342539717938     
   1.0970970970970970       0.73637528521117002       0.65118003475785569     
   1.1011011011011012       0.73397995725796383       0.64879020436141710     
   1.1051051051051051       0.73157437357261934       0.64639395784176923     
   1.1091091091091092       0.72915855380588868       0.64399131889626848     
   1.1131131131131131       0.72673251785865356       0.64158231128548826     
   1.1171171171171170       0.72429628589019257       0.63916695883298480     
   1.1211211211211212       0.72184987831174796       0.63674528542506059     
   1.1251251251251251       0.71939331579286836       0.63431731501052790     
   1.1291291291291292       0.71692661925674606       0.63188307160047219     
   1.1331331331331331       0.71444980988488094       0.62944257926801572     
   1.1371371371371370       0.71196290911393390       0.62699586214807856     
   1.1411411411411412       0.70946593863896379       0.62454294443713887     
   1.1451451451451451       0.70695892041156272       0.62208385039299618     
   1.1491491491491492       0.70444187664188407       0.61961860433452864     
   1.1531531531531531       0.70191482979784225       0.61714723064145538     
   1.1571571571571571       0.69937780260613236       0.61466975375409227     
   1.1611611611611612       0.69683081805231961       0.61218619817311382     
   1.1651651651651651       0.69427389938101702       0.60969658845930685     
   1.1691691691691692       0.69170707009667887       0.60720094923333146     
   1.1731731731731732       0.68913035396314504       0.60469930517547543     
   1.1771771771771771       0.68654377500490615       0.60219168102540976     
   1.1811811811811812       0.68394735750626057       0.59967810158194490     
   1.1851851851851851       0.68134112601281172       0.59715859170278607     
   1.1891891891891893       0.67872510533044028       0.59463317630428669     
   1.1931931931931932       0.67609932052685817       0.59210188036120104     
   1.1971971971971973       0.67346379693057334       0.58956472890643952     
   1.2012012012012012       0.67081856013230534       0.58702174703081855     
   1.2052052052052051       0.66816363598415351       0.58447295988281511     
   1.2092092092092093       0.66549905060063697       0.58191839266831502     
   1.2132132132132132       0.66282483035832873       0.57935807065036715     
   1.2172172172172173       0.66014100189624569       0.57679201914892964     
   1.2212212212212212       0.65744759211622117       0.57422026354062339     
   1.2252252252252251       0.65474462818236290       0.57164282925847876     
   1.2292292292292293       0.65203213752245570       0.56905974179168362     
   1.2332332332332332       0.64931014782619279       0.56647102668533400     
   1.2372372372372373       0.64657868704790533       0.56387670954017777     
   1.2412412412412412       0.64383778340324693       0.56127681601236523     
   1.2452452452452452       0.64108746537361749       0.55867137181319193     
   1.2492492492492493       0.63832776170086236       0.55606040270884771     
   1.2532532532532532       0.63555870139390958       0.55344393452015839     
   1.2572572572572573       0.63278031372087784       0.55082199312233371     
   1.2612612612612613       0.62999262821860813       0.54819460444470980     
   1.2652652652652652       0.62719567468143678       0.54556179447049202     
   1.2692692692692693       0.62438948317442011       0.54292358923649942     
   1.2732732732732732       0.62157408401791170       0.54028001483290677     
   1.2772772772772774       0.61874950780541826       0.53763109740298687     
   1.2812812812812813       0.61591578538293645       0.53497686314285187     
   1.2852852852852852       0.61307294787260946       0.53231733830119210     
   1.2892892892892893       0.61022102664551081       0.52965254917902038     
   1.2932932932932932       0.60736005335257381       0.52698252212940966     
   1.2972972972972974       0.60449005988917159       0.52430728355723166     
   1.3013013013013013       0.60161107843514994       0.52162685991889790     
   1.3053053053053052       0.59872314140919392       0.51894127772209575     
   1.3093093093093093       0.59582628152017292       0.51625056352552856     
   1.3133133133133132       0.59292053170883607       0.51355474393865164     
   1.3173173173173174       0.59000592521321849       0.51085384562140879     
   1.3213213213213213       0.58708249549459257       0.50814789528396931     
   1.3253253253253254       0.58415027632034866       0.50543691968646431     
   1.3293293293293293       0.58120930167042240       0.50272094563872183     
   1.3333333333333333       0.57825960584183889       0.50000000000000033     
   1.3373373373373374       0.57530122333096834       0.49727410967872421     
   1.3413413413413413       0.57233418896487365       0.49454330163221866     
   1.3453453453453454       0.56935853775371859       0.49180760286644143     
   1.3493493493493494       0.56637430505518793       0.48906704043571680     
   1.3533533533533533       0.56338152639011341       0.48632164144246692     
   1.3573573573573574       0.56038023764764289       0.48357143303694439     
   1.3613613613613613       0.55737047485557889       0.48081644241696458     
   1.3653653653653655       0.55435227443571300       0.47805669682763607     
   1.3693693693693694       0.55132567291845747       0.47529222356109019     
   1.3733733733733733       0.54829070725987550       0.47252304995621203     
   1.3773773773773774       0.54524741448784519       0.46974920339837073     
   1.3813813813813813       0.54219583209488409       0.46697071131914814     
   1.3853853853853855       0.53913599760028297       0.46418760119606600     
   1.3893893893893894       0.53606794903590671       0.46139990055231739     
   1.3933933933933933       0.53299172440531628       0.45860763695649082     
   1.3973973973973974       0.52990736228350332       0.45581083802230099     
   1.4014014014014013       0.52681490114988638       0.45300953140831446     
   1.4054054054054055       0.52371438012745364       0.45020374481767350     
   1.4094094094094094       0.52060583816155748       0.44739350599782696     
   1.4134134134134133       0.51748931492939343       0.44457884274025250     
   1.4174174174174174       0.51436484983054531       0.44175978288018319     
   1.4214214214214214       0.51123248310425828       0.43893635429633082     
   1.4254254254254255       0.50809225459053897       0.43610858491061116     
   1.4294294294294294       0.50494420510050964       0.43327650268786849     
   1.4334334334334333       0.50178837489829264       0.43044013563559824     
   1.4374374374374375       0.49862480537912879       0.42759951180366951     
   1.4414414414414414       0.49545353721198326       0.42475465928404799     
   1.4454454454454455       0.49227461239136872       0.42190560621051937     
   1.4494494494494494       0.48908807196830717       0.41905238075840973     
   1.4534534534534536       0.48589395855523254       0.41619501114430768     
   1.4574574574574575       0.48269231355829734       0.41333352562578418     
   1.4614614614614614       0.47948318023068215       0.41046795250111390     
   1.4654654654654655       0.47626660030185503       0.40759832010899610     
   1.4694694694694694       0.47304261769355310       0.40472465682827363     
   1.4734734734734736       0.46981127442097037       0.40184699107765148     
   1.4774774774774775       0.46657261510813935       0.39896535131541649     
   1.4814814814814814       0.46332668201160510       0.39607976603915679     
   1.4854854854854855       0.46007352049845862       0.39319026378547872     
   1.4894894894894894       0.45681317301423963       0.39029687312972589     
   1.4934934934934936       0.45354568571817006       0.38739962268569328     
   1.4974974974974975       0.45027110118305236       0.38449854110534909     
   1.5015015015015014       0.44698946641911674       0.38159365707854875     
   1.5055055055055055       0.44370082405371747       0.37868499933275013     
   1.5095095095095095       0.44040522201848364       0.37577259663273255     
   1.5135135135135136       0.43710270290978354       0.37285647778030873     
   1.5175175175175175       0.43379331566454715       0.36993667161404314     
   1.5215215215215214       0.43047710274764028       0.36701320700896550     
   1.5255255255255256       0.42715411420099614       0.36408611287628412     
   1.5295295295295295       0.42382439224003399       0.36115541816310132     
   1.5335335335335336       0.42048798812981841       0.35822115185212744     
   1.5375375375375375       0.41714494369811761       0.35528334296139380     
   1.5415415415415414       0.41379531157270633       0.35234202054396474     
   1.5455455455455456       0.41043913303200580       0.34939721368765114     
   1.5495495495495495       0.40707646223097649       0.34644895151472355     
   1.5535535535535536       0.40370733970981548       0.34349726318162310     
   1.5575575575575575       0.40033182134397233       0.34054217787867375     
   1.5615615615615615       0.39694994671516326       0.33758372482979260     
   1.5655655655655656       0.39356177364592060       0.33462193329220158     
   1.5695695695695695       0.39016734050309315       0.33165683255613898     
   1.5735735735735736       0.38676670732123558       0.32868845194456903     
   1.5775775775775776       0.38335991095441013       0.32571682081289088     
   1.5815815815815817       0.37994701395821812       0.32274196854864945     
   1.5855855855855856       0.37652805132839251       0.31976392457124525     
   1.5895895895895895       0.37310308850113932       0.31678271833164295     
   1.5935935935935936       0.36967215821384858       0.31379837931207866     
   1.5975975975975976       0.36623532920066998       0.31081093702577139     
   1.6016016016016017       0.36279263147848267       0.30782042101662782     
   1.6056056056056056       0.35934413756262357       0.30482686085895305     
   1.6096096096096095       0.35588987421653795       0.30183028615715729     
   1.6136136136136137       0.35242991829498188       0.29883072654546011     
   1.6176176176176176       0.34896429269468948       0.29582821168760254     
   1.6216216216216217       0.34549307925316763       0.29282277127655032     
   1.6256256256256256       0.34201629629614044       0.28981443503420135     
   1.6296296296296295       0.33853403138352345       0.28680323271109065     
   1.6336336336336337       0.33504629746287851       0.28378919408609704     
   1.6376376376376376       0.33155318866495137       0.28077234896614933     
   1.6416416416416417       0.32805471163606187       0.27775272718593036     
   1.6456456456456456       0.32455096804868183       0.27473035860758332     
   1.6496496496496496       0.32104195719448331       0.27170527312041282     
   1.6536536536536537       0.31752778939611531       0.26867750064059459     
   1.6576576576576576       0.31400845539106775       0.26564707111087615     
   1.6616616616616617       0.31048407541469097       0.26261401450028199     
   1.6656656656656657       0.30695463028735043       0.25957836080381591     
   1.6696696696696696       0.30342025159172736       0.25654014004216519     
   1.6736736736736737       0.29988090868588851       0.25349938226140467     
   1.6776776776776776       0.29633674612618510       0.25045611753269870     
   1.6816816816816818       0.29278772006054699       0.24741037595200283     
   1.6856856856856857       0.28923398985828119       0.24436218763976714     
   1.6896896896896898       0.28567549648460144       0.24131158274063927     
   1.6936936936936937       0.28211241619690125       0.23825859142316480     
   1.6976976976976976       0.27854467255659821       0.23520324387949043     
   1.7017017017017018       0.27497246104473605       0.23214557032506186     
   1.7057057057057057       0.27139568532390462       0.22908560099833006     
   1.7097097097097098       0.26781456272106957       0.22602336616044894     
   1.7137137137137137       0.26422897420388097       0.22295889609497727     
   1.7177177177177176       0.26063916188214142       0.21989222110757800     
   1.7217217217217218       0.25704498090260125       0.21682337152571932     
   1.7257257257257257       0.25344670143900089       0.21375237769837560     
   1.7297297297297298       0.24984414933104887       0.21067926999572606     
   1.7337337337337337       0.24623762647276490       0.20760407880885565     
   1.7377377377377377       0.24262692551870296       0.20452683454945109     
   1.7417417417417418       0.23901238414718382       0.20144756764950522     
   1.7457457457457457       0.23539375752443301       0.19836630856101312     
   1.7497497497497498       0.23177142361841627       0.19528308775567005     
   1.7537537537537538       0.22814509534460939       0.19219793572457314     
   1.7577577577577577       0.22451519594190603       0.18911088297791637     
   1.7617617617617618       0.22088139081833755       0.18602196004469188     
   1.7657657657657657       0.21724415397624811       0.18293119747238676     
   1.7697697697697699       0.21360309752971424       0.17983862582668017     
   1.7737737737737738       0.20995875228392327       0.17674427569114179     
   1.7777777777777777       0.20631067070700129       0.17364817766693028     
   1.7817817817817818       0.20265944702877420       0.17055036237248988     
   1.7857857857857857       0.19900456711860523       0.16745086044324664     
   1.7897897897897899       0.19534669587008768       0.16434970253130635     
   1.7937937937937938       0.19168524496574585       0.16124691930515228     
   1.7977977977977977       0.18802095785314166       0.15814254144934106     
   1.8018018018018018       0.18435316377169067       0.15503659966419786     
   1.8058058058058057       0.18068269329606440       0.15192912466551589     
   1.8098098098098099       0.17700878426742434       0.14882014718424907     
   1.8138138138138138       0.17333236367285026       0.14570969796621130     
   1.8178178178178179       0.16965256827361605       0.14259780777177095     
   1.8218218218218218       0.16597043149236118       0.13948450737554591     
   1.8258258258258258       0.16228497857874011       0.13636982756610005     
   1.8298298298298299       0.15859736017314352       0.13325379914563965     
   1.8338338338338338       0.15490647881319722       0.13013645292970785     
   1.8378378378378379       0.15121361391387086       0.12701781974687870     
   1.8418418418418419       0.14751753331927353       0.12389793043845529     
   1.8458458458458458       0.14381965755922552       0.12077681585816115     
   1.8498498498498499       0.14011860701677004       0.11765450687183837     
   1.8538538538538538       0.13641595646101487       0.11453103435714140     
   1.8578578578578580       0.13271016526411986       0.11140642920322855     
   1.8618618618618619       0.12900297633431432       0.10828072231046192     
   1.8658658658658658       0.12529267371480618       0.10515394459009815     
   1.8698698698698699       0.12158118310842037       0.10202612696398421     
   1.8738738738738738       0.11786659816887791        9.8897300364250137E-002
   1.8778778778778780       0.11415104277238647        9.5767495733004110E-002
   1.8818818818818819       0.11043240441935478        9.2636744022027262E-002
   1.8858858858858858       0.10671302121491297        8.9505076192466795E-002
   1.8898898898898899       0.10299055809329577        8.6372523214528804E-002
   1.8938938938938938        9.9267584058345334E-002   8.3239116067172991E-002
   1.8978978978978980        9.5541524487295804E-002   8.0104885737807094E-002
   1.9019019019019019        9.1815196486539866E-002   7.6969863221979185E-002
   1.9059059059059058        8.8085768397162229E-002   7.3834079523072429E-002
   1.9099099099099099        8.4356323066339639E-002   7.0697565651994948E-002
   1.9139139139139139        8.0623753941507989E-002   6.7560352626878470E-002
   1.9179179179179180        7.6891427562406772E-002   6.4422471472768014E-002
   1.9219219219219219        7.3155944378983345E-002   6.1283953221316440E-002
   1.9259259259259258        6.9420972745143444E-002   5.8144828910476183E-002
   1.9299299299299300        6.5682801918853811E-002   5.5005129584193228E-002
   1.9339339339339339        6.1945420191440441E-002   5.1864886292100981E-002
   1.9379379379379380        5.8204787524618183E-002   4.8724130089211899E-002
   1.9419419419419419        5.4465230077981160E-002   4.5582892035611673E-002
   1.9459459459459461        5.0722360710337935E-002   4.2441203196148525E-002
   1.9499499499499500        4.6980860966830719E-002   3.9299094640131337E-002
   1.9539539539539539        4.3235979329342610E-002   3.6156597441019275E-002
   1.9579579579579580        3.9492769583040988E-002   3.3013742676113601E-002
   1.9619619619619619        3.5746099354948192E-002   2.9870561426253450E-002
   1.9659659659659661        3.2001410583997990E-002   2.6727084775504926E-002
   1.9699699699699700        2.8253174652826216E-002   2.3583343810856781E-002
   1.9739739739739739        2.4507236320152961E-002   2.0439369621911660E-002
   1.9779779779779780        2.0757656745521380E-002   1.7295193300577764E-002
   1.9819819819819819        1.7010696579364385E-002   1.4150845940762258E-002
   1.9859859859859861        1.3259994623838402E-002   1.1006358638064652E-002
   1.9899899899899900        9.5122379673695402E-003   7.8617624894684063E-003
   1.9939939939939939        5.7606364406461207E-003   4.7170885930325071E-003
   1.9979979979979980        2.0122949880491234E-003   1.5723680475848198E-003
   2.0020020020020022       -1.7399396631083747E-003  -1.5723680475845747E-003
   2.0060060060060061       -5.4888010147482614E-003  -4.7170885930322625E-003
   2.0100100100100100       -9.2409880113630150E-003  -7.8617624894681600E-003
   2.0140140140140139       -1.2989663918593460E-002  -1.1006358638064406E-002
   2.0180180180180178       -1.6741153791128081E-002  -1.4150845940762012E-002
   2.0220220220220222       -2.0489098421167459E-002  -1.7295193300577522E-002
   2.0260260260260261       -2.4239471923299460E-002  -2.0439369621911417E-002
   2.0300300300300300       -2.7986357685821403E-002  -2.3583343810856538E-002
   2.0340340340340339       -3.1735352261875904E-002  -2.6727084775504683E-002
   2.0380380380380378       -3.5480939935896343E-002  -2.9870561426253207E-002
   2.0420420420420422       -3.9228334800014815E-002  -3.3013742676113789E-002
   2.0460460460460461       -4.2972400542785866E-002  -3.6156597441019026E-002
   2.0500500500500500       -4.6717979593896668E-002  -3.9299094640131087E-002
   2.0540540540540539       -5.0460299414289117E-002  -4.2441203196148275E-002
   2.0580580580580579       -5.4203845581384032E-002  -4.5582892035610979E-002
   2.0620620620620622       -5.7944193739406805E-002  -4.8724130089212093E-002
   2.0660660660660661       -6.1685488560829504E-002  -5.1864886292100738E-002
   2.0700700700700700       -6.5423637660422446E-002  -5.5005129584192979E-002
   2.0740740740740740       -6.9162461354073848E-002  -5.8144828910475933E-002
   2.0780780780780779       -7.2898182548598964E-002  -6.1283953221315746E-002
   2.0820820820820822       -7.6634314110570950E-002  -6.4422471472768209E-002
   2.0860860860860861       -8.0367377300896478E-002  -6.7560352626878220E-002
   2.0900900900900901       -8.4100594604371193E-002  -7.0697565651994698E-002
   2.0940940940940940       -8.7830768624130182E-002  -7.3834079523071736E-002
   2.0980980980980979       -9.1560848517473259E-002  -7.6969863221978935E-002
   2.1021021021021022       -9.5287901305947234E-002  -8.0104885737806844E-002
   2.1061061061061062       -9.9014619710001861E-002  -8.3239116067172741E-002
   2.1101101101101101      -0.10273831847330740       -8.6372523214528554E-002
   2.1141141141141140      -0.10646145047788168       -8.9505076192466101E-002
   2.1181181181181179      -0.11018156183915588       -9.2636744022027012E-002
   2.1221221221221223      -0.11390088179865289       -9.5767495733003860E-002
   2.1261261261261262      -0.11761717193793102       -9.8897300364249888E-002
   2.1301301301301301      -0.12133245356604422      -0.10202612696398396     
   2.1341341341341340      -0.12504468835052271      -0.10515394459009790     
   2.1381381381381384      -0.12875570481389523      -0.10828072231046167     
   2.1421421421421423      -0.13246364991925175      -0.11140642920322831     
   2.1461461461461462      -0.13617017392998451      -0.11453103435714115     
   2.1501501501501501      -0.13987359495341556      -0.11765450687183812     
   2.1541541541541540      -0.14357539886030257      -0.12077681585816090     
   2.1581581581581584      -0.14727406142590876      -0.12389793043845504     
   2.1621621621621623      -0.15097091730427292      -0.12701781974687892     
   2.1661661661661662      -0.15466458716139975      -0.13013645292970763     
   2.1701701701701701      -0.15835626690140744      -0.13325379914563942     
   2.1741741741741740      -0.16204471001651441      -0.13636982756609983     
   2.1781781781781784      -0.16573098540984968      -0.13948450737554569     
   2.1821821821821823      -0.16941396805245315      -0.14259780777177072     
   2.1861861861861862      -0.17309461087724287      -0.14570969796621108     
   2.1901901901901901      -0.17677189970044127      -0.14882014718424885     
   2.1941941941941940      -0.18044668180433113      -0.15192912466551567     
   2.1981981981981984      -0.18411804392038772      -0.15503659966419808     
   2.2022022022022023      -0.18778673730168102      -0.15814254144934084     
   2.2062062062062062      -0.19145194035310711      -0.16124691930515206     
   2.2102102102102101      -0.19511431723989145      -0.16434970253130612     
   2.2142142142142140      -0.19877312946643597      -0.16745086044324597     
   2.2182182182182184      -0.20242896239363442      -0.17055036237248966     
   2.2222222222222223      -0.20608115269555641      -0.17364817766693005     
   2.2262262262262262      -0.20973021457985597      -0.17674427569114157     
   2.2302302302302301      -0.21337555257782165      -0.17983862582667995     
   2.2342342342342341      -0.21701761679044004      -0.18293119747238654     
   2.2382382382382384      -0.22065587288235630      -0.18602196004469207     
   2.2422422422422423      -0.22429071331962508      -0.18911088297791614     
   2.2462462462462462      -0.22792165873469236      -0.19219793572457292     
   2.2502502502502502      -0.23154904988644359      -0.19528308775566983     
   2.2542542542542541      -0.23517245673668372      -0.19836630856101248     
   2.2582582582582584      -0.23879217375243977      -0.20144756764950500     
   2.2622622622622623      -0.24240781508192658      -0.20452683454945086     
   2.2662662662662663      -0.24601963383490139      -0.20760407880885542     
   2.2702702702702702      -0.24962728366690101      -0.21067926999572584     
   2.2742742742742741      -0.25323098081583206      -0.21375237769837538     
   2.2782782782782784      -0.25683041419803310      -0.21682337152571909     
   2.2822822822822824      -0.26042576724686856      -0.21989222110757778     
   2.2862862862862863      -0.26401676029486737      -0.22295889609497704     
   2.2902902902902902      -0.26760354765034572      -0.22602336616044871     
   2.2942942942942941      -0.27118587758952656      -0.22908560099832984     
   2.2982982982982985      -0.27476387861668444      -0.23214557032506164     
   2.3023023023023024      -0.27833732382262100      -0.23520324387949024     
   2.3063063063063063      -0.28190631889827783      -0.23825859142316458     
   2.3103103103103102      -0.28547065893577100      -0.24131158274063905     
   2.3143143143143141      -0.28903042950003610      -0.24436218763976694     
   2.3183183183183185      -0.29258544516087598      -0.24741037595200260     
   2.3223223223223224      -0.29613577376673411      -0.25045611753269847     
   2.3263263263263263      -0.29968124710627880      -0.25349938226140445     
   2.3303303303303302      -0.30322191746730681      -0.25654014004216497     
   2.3343343343343341      -0.30675763183994365      -0.25957836080381524     
   2.3383383383383385      -0.31028842887621716      -0.26261401450028221     
   2.3423423423423424      -0.31381416896977299      -0.26564707111087593     
   2.3463463463463463      -0.31733487885201950      -0.26867750064059437     
   2.3503503503503502      -0.32085043072117331      -0.27170527312041259     
   2.3543543543543541      -0.32436084091323103      -0.27473035860758266     
   2.3583583583583585      -0.32786599201197247      -0.27775272718593058     
   2.3623623623623624      -0.33136589131161404      -0.28077234896614911     
   2.3663663663663663      -0.33486043052479131      -0.28378919408609682     
   2.3703703703703702      -0.33834960910297018      -0.28680323271108998     
   2.3743743743743742      -0.34183332677695716      -0.28981443503420068     
   2.3783783783783785      -0.34531157621553293      -0.29282277127655010     
   2.3823823823823824      -0.34878426418804687      -0.29582821168760237     
   2.3863863863863863      -0.35225137751604735      -0.29883072654545989     
   2.3903903903903903      -0.35571282914513974      -0.30183028615715662     
   2.3943943943943946      -0.35916860087361219      -0.30482686085895327     
   2.3983983983983985      -0.36261861106585419      -0.30782042101662760     
   2.4024024024024024      -0.36606283722135924      -0.31081093702577117     
   2.4064064064064064      -0.36950120245923951      -0.31379837931207849     
   2.4104104104104103      -0.37293368061603988      -0.31678271833164234     
   2.4144144144144146      -0.37636019898458828      -0.31976392457124503     
   2.4184184184184185      -0.37978072829557785      -0.32274196854864923     
   2.4224224224224224      -0.38319519950822989      -0.32571682081289072     
   2.4264264264264264      -0.38660358073465395      -0.32868845194456880     
   2.4304304304304303      -0.39000580615836561      -0.33165683255613876     
   2.4344344344344346      -0.39340184169837078      -0.33462193329220136     
   2.4384384384384385      -0.39679162437799209      -0.33758372482979238     
   2.4424424424424425      -0.40017511829405378      -0.34054217787867352     
   2.4464464464464464      -0.40355226297597413      -0.34349726318162288     
   2.4504504504504503      -0.40692302102123867      -0.34644895151472338     
   2.4544544544544546      -0.41028733417630431      -0.34939721368765092     
   2.4584584584584586      -0.41364516381988198      -0.35234202054396457     
   2.4624624624624625      -0.41699645366560056      -0.35528334296139358     
   2.4664664664664664      -0.42034116411684735      -0.35822115185212722     
   2.4704704704704703      -0.42367924063887791      -0.36115541816310109     
   2.4744744744744747      -0.42701064287069745      -0.36408611287628395     
   2.4784784784784786      -0.43033531784363743      -0.36701320700896528     
   2.4824824824824825      -0.43365322461483674      -0.36993667161404292     
   2.4864864864864864      -0.43696431162230942      -0.37285647778030850     
   2.4904904904904903      -0.44026853749903411      -0.37577259663273233     
   2.4944944944944947      -0.44356585195308051      -0.37868499933275035     
   2.4984984984984986      -0.44685621332936093      -0.38159365707854853     
   2.5025025025025025      -0.45013957248914388      -0.38449854110534887     
   2.5065065065065064      -0.45341588760657453      -0.38739962268569306     
   2.5105105105105103      -0.45668511059639805      -0.39029687312972527     
   2.5145145145145147      -0.45994719956297636      -0.39319026378547894     
   2.5185185185185186      -0.46320210738962841      -0.39607976603915657     
   2.5225225225225225      -0.46644979219777377      -0.39896535131541627     
   2.5265265265265264      -0.46969020776719372      -0.40184699107765126     
   2.5305305305305303      -0.47292331231097079      -0.40472465682827302     
   2.5345345345345347      -0.47614906044425054      -0.40759832010899633     
   2.5385385385385386      -0.47936741053581189      -0.41046795250111373     
   2.5425425425425425      -0.48257831798453249      -0.41333352562578402     
   2.5465465465465464      -0.48578174136980357      -0.41619501114430751     
   2.5505505505505504      -0.48897763683071765      -0.41905238075840956     
   2.5545545545545547      -0.49216596320433803      -0.42190560621051959     
   2.5585585585585586      -0.49534667733339971      -0.42475465928404776     
   2.5625625625625625      -0.49851973835294011      -0.42759951180366890     
   2.5665665665665665      -0.50168510377869013      -0.43044013563559802     
   2.5705705705705704      -0.50484273307815630      -0.43327650268786827     
   2.5745745745745747      -0.50799258441446671      -0.43610858491061100     
   2.5785785785785786      -0.51113461761710854      -0.43893635429633066     
   2.5825825825825826      -0.51426879147529680      -0.44175978288018303     
   2.5865865865865865      -0.51739506620573672      -0.44457884274025233     
   2.5905905905905904      -0.52051340120604950      -0.44739350599782673     
   2.5945945945945947      -0.52362375710173759      -0.45020374481767333     
   2.5985985985985987      -0.52672609388421765      -0.45300953140831385     
   2.6026026026026026      -0.52982037260623305      -0.45581083802230121     
   2.6066066066066065      -0.53290655384096963      -0.45860763695649065     
   2.6106106106106104      -0.53598459908417573      -0.46139990055231678     
   2.6146146146146148      -0.53905446948094926      -0.46418760119606622     
   2.6186186186186187      -0.54211612698351497      -0.46697071131914791     
   2.6226226226226226      -0.54516953330084239      -0.46974920339837051     
   2.6266266266266265      -0.54821465085313970      -0.47252304995621180     
   2.6306306306306309      -0.55125144190672282      -0.47529222356109002     
   2.6346346346346348      -0.55427986935961460      -0.47805669682763591     
   2.6386386386386387      -0.55729989603020713      -0.48081644241696481     
   2.6426426426426426      -0.56031148530273123      -0.48357143303694416     
   2.6466466466466465      -0.56331460054342297      -0.48632164144246637     
   2.6506506506506509      -0.56630920562988596      -0.48906704043571703     
   2.6546546546546548      -0.56929526447281731      -0.49180760286644165     
   2.6586586586586587      -0.57227274144930296      -0.49454330163221849     
   2.6626626626626626      -0.57524160101181709      -0.49727410967872404     
   2.6666666666666665      -0.57820180804212817      -0.49999999999999972     
   2.6706706706706709      -0.58115332753236271      -0.50272094563872161     
   2.6746746746746748      -0.58409612487339346      -0.50543691968646454     
   2.6786786786786787      -0.58703016559532650      -0.50814789528396909     
   2.6826826826826826      -0.58995541560188691      -0.51085384562140823     
   2.6866866866866865      -0.59287184095984213      -0.51355474393865141     
   2.6906906906906909      -0.59577940808893504      -0.51625056352552878     
   2.6946946946946948      -0.59867808359155450      -0.51894127772209564     
   2.6986986986986987      -0.60156783440611905      -0.52162685991889768     
   2.7027027027027026      -0.60444862766980934      -0.52430728355723144     
   2.7067067067067065      -0.60732043084193821      -0.52698252212940910     
   2.7107107107107109      -0.61018321159380406      -0.52965254917902060     
   2.7147147147147148      -0.61303693790744385      -0.53231733830119188     
   2.7187187187187187      -0.61588157798771170      -0.53497686314285131     
   2.7227227227227226      -0.61871710034085758      -0.53763109740298709     
   2.7267267267267266      -0.62154347370480034      -0.54028001483290666     
   2.7307307307307309      -0.62436066711119154      -0.54292358923649919     
   2.7347347347347348      -0.62716864983056408      -0.54556179447049191     
   2.7387387387387387      -0.62996739142088998      -0.54819460444470958     
   2.7427427427427427      -0.63275686168488265      -0.55082199312233360     
   2.7467467467467466      -0.63553703070751344      -0.55344393452015828     
   2.7507507507507509      -0.63830786882323198      -0.55606040270884749     
   2.7547547547547548      -0.64106934664447512      -0.55867137181319182     
   2.7587587587587588      -0.64382143503696232      -0.56127681601236501     
   2.7627627627627627      -0.64656410514086027      -0.56387670954017755     
   2.7667667667667666      -0.64929732835265663      -0.56647102668533345     
   2.7707707707707709      -0.65202107634033679      -0.56905974179168384     
   2.7747747747747749      -0.65473532103060272      -0.57164282925847854     
   2.7787787787787788      -0.65744003461918343      -0.57422026354062317     
   2.7827827827827827      -0.66013518956238548      -0.57679201914892952     
   2.7867867867867866      -0.66282075858345424      -0.57935807065036660     
   2.7907907907907910      -0.66549671466762461      -0.58191839266831491     
   2.7947947947947949      -0.66816303106529251      -0.58447295988281489     
   2.7987987987987988      -0.67081968128987657      -0.58702174703081833     
   2.8028028028028027      -0.67346663911842575      -0.58956472890643896     
   2.8068068068068066      -0.67610387859172316      -0.59210188036120082     
   2.8108108108108110      -0.67873137401285388      -0.59463317630428647     
   2.8148148148148149      -0.68134909994906689      -0.59715859170278585     
   2.8188188188188188      -0.68395703122875295      -0.59967810158194468     
   2.8228228228228227      -0.68655514294465059      -0.60219168102540921     
   2.8268268268268266      -0.68914341044961869      -0.60469930517547521     
   2.8308308308308310      -0.69172180936082883      -0.60720094923333168     
   2.8348348348348349      -0.69429031555467113      -0.60969658845930674     
   2.8388388388388388      -0.69684890517161158      -0.61218619817311326     
   2.8428428428428427      -0.69939755461053599      -0.61466975375409216     
   2.8468468468468466      -0.70193624053399228      -0.61714723064145482     
   2.8508508508508510      -0.70446493986223835      -0.61961860433452842     
   2.8548548548548549      -0.70698362977860574      -0.62208385039299596     
   2.8588588588588588      -0.70949228772351480      -0.62454294443713865     
   2.8628628628628627      -0.71199089139971161      -0.62699586214807834     
   2.8668668668668666      -0.71447941876648691      -0.62944257926801550     
   2.8708708708708710      -0.71695784804454987      -0.63188307160047208     
   2.8748748748748749      -0.71942615771069840      -0.63431731501052735     
   2.8788788788788788      -0.72188432650207968      -0.63674528542506048     
   2.8828828828828827      -0.72433233341155856      -0.63916695883298458     
   2.8868868868868871      -0.72677015769112685      -0.64158231128548815     
   2.8908908908908910      -0.72919777884820791      -0.64399131889626826     
   2.8948948948948949      -0.73161517664797482      -0.64639395784176901     
   2.8988988988988988      -0.73402233111083348      -0.64879020436141721     
   2.9029029029029028      -0.73641922251341163      -0.65118003475785557     
   2.9069069069069071      -0.73880583138745659      -0.65356342539717915     
   2.9109109109109110      -0.74118213851926718      -0.65594035270916740     
   2.9149149149149149      -0.74354812495022937      -0.65831079318751873     
   2.9189189189189189      -0.74590377197446844      -0.66067472339008115     
   2.9229229229229228      -0.74824906114125078      -0.66303211993908662     
   2.9269269269269271      -0.75058397425063372      -0.66538295952137938     
   2.9309309309309310      -0.75290849335794530      -0.66772721888864839     
   2.9349349349349350      -0.75522260076723613      -0.67006487485765742     
   2.9389389389389389      -0.75752627903802428      -0.67239590431047236     
   2.9429429429429428      -0.75981951097637457      -0.67472028419469232     
   2.9469469469469471      -0.76210227964406385      -0.67703799152367616     
   2.9509509509509511      -0.76437456834716277      -0.67934900337676973     
   2.9549549549549550      -0.76663636064772134      -0.68165329689953269     
   2.9589589589589589      -0.76888764034978263      -0.68395084930396566     
   2.9629629629629628      -0.77112839151362944      -0.68624163786873338     
   2.9669669669669672      -0.77335859843922616      -0.68852563993939209     
   2.9709709709709711      -0.77557824568299194      -0.69080283292861111     
   2.9749749749749750      -0.77778731803875811      -0.69307319431639702     
   2.9789789789789789      -0.77998580055692335      -0.69533670165031769     
   2.9829829829829828      -0.78217367852313224      -0.69759333254572287     
   2.9869869869869872      -0.78435093747954987      -0.69984306468596547     
   2.9909909909909911      -0.78651756320159494      -0.70208587582262250     
   2.9949949949949950      -0.78867354172091897      -0.70432174377571644     
   2.9989989989989989      -0.79081885930070606      -0.70655064643393228     
   3.0030030030030028      -0.79295350245974816      -0.70877256175483805     
   3.0070070070070072      -0.79507745794702045      -0.71098746776510247     
   3.0110110110110111      -0.79719071276604425      -0.71319534256071015     
   3.0150150150150150      -0.79929325414966179      -0.71539616430718178     
   3.0190190190190189      -0.80138506958363454      -0.71758991123978788     
   3.0230230230230228      -0.80346614678281758      -0.71977656166376336     
   3.0270270270270272      -0.80553647371264803      -0.72195609395452442     
   3.0310310310310311      -0.80759603856821516      -0.72412848655788031     
   3.0350350350350350      -0.80964482979198216      -0.72629371799024711     
   3.0390390390390389      -0.81168283605759250      -0.72845176683886070     
   3.0430430430430429      -0.81371004628179888      -0.73060261176198871     
   3.0470470470470472      -0.81572644961522467      -0.73274623148913987     
   3.0510510510510511      -0.81773203544608619      -0.73488260482127588     
   3.0550550550550550      -0.81972679340053634      -0.73701171063102133     
   3.0590590590590589      -0.82171071333533596      -0.73913352786287101     
   3.0630630630630629      -0.82368378535085118      -0.74124803553339991     
   3.0670670670670672      -0.82564599976937614      -0.74335521273147032     
   3.0710710710710711      -0.82759734716431699      -0.74545503861843621     
   3.0750750750750750      -0.82953781832040030      -0.74754749242835339     
   3.0790790790790790      -0.83146740428305577      -0.74963255346818258     
   3.0830830830830829      -0.83338609629625293      -0.75171020111799314     
   3.0870870870870872      -0.83529388587658804      -0.75378041483116953     
   3.0910910910910911      -0.83719076472400800      -0.75584317413461222     
   3.0950950950950951      -0.83907672482557860      -0.75789845862894101     
   3.0990990990990990      -0.84095175833389790      -0.75994624798869759     
   3.1031031031031029      -0.84281585770596024      -0.76198652196254535     
   3.1071071071071072      -0.84466901554364160      -0.76401926037346968     
   3.1111111111111112      -0.84651122477347396      -0.76604444311897801     
   3.1151151151151151      -0.84834247844322963      -0.76806205017129969     
   3.1191191191191190      -0.85016276994870987      -0.77007206157758090     
   3.1231231231231229      -0.85197209278022201      -0.77207445746008596     
   3.1271271271271273      -0.85377044080267206      -0.77406921801639050     
   3.1311311311311312      -0.85555780794561465      -0.77605632351957909     
   3.1351351351351351      -0.85733418854295473      -0.77803575431843974     
   3.1391391391391390      -0.85909957696033867      -0.78000749083765863     
   3.1431431431431434      -0.86085396800057601      -0.78197151357801342     
   3.1471471471471473      -0.86259735646245572      -0.78392780311656574     
   3.1511511511511512      -0.86432973761753984      -0.78587634010685492     
   3.1551551551551551      -0.86605110669511209      -0.78781710527908644     
   3.1591591591591590      -0.86776145943519589      -0.78975007944032583     
   3.1631631631631634      -0.86946079149532651      -0.79167524347468532     
   3.1671671671671673      -0.87114909908346205      -0.79359257834351493     
   3.1711711711711712      -0.87282637828367671      -0.79550206508559018     
   3.1751751751751751      -0.87449262577098519      -0.79740368481729929     
   3.1791791791791790      -0.87614783805496166      -0.79929741873283011     
   3.1831831831831834      -0.87779201227631254      -0.80118324810435748     
   3.1871871871871873      -0.87942514536991490      -0.80306115428222580     
   3.1911911911911912      -0.88104723494016446      -0.80493111869513456     
   3.1951951951951951      -0.88265827834806154      -0.80679312285032412     
   3.1991991991991990      -0.88425827365887955      -0.80864714833375495     
   3.2032032032032034      -0.88584721866178384      -0.81049317681029209     
   3.2072072072072073      -0.88742511187912054      -0.81233119002388610     
   3.2112112112112112      -0.88899195153169830      -0.81416116979775310     
   3.2152152152152151      -0.89054773659393649      -0.81598309803455449     
   3.2192192192192191      -0.89209246572342815      -0.81779695671657726     
   3.2232232232232234      -0.89362613834027282      -0.81960272790591171     
   3.2272272272272273      -0.89514875354587864      -0.82140039374462503     
   3.2312312312312312      -0.89666031119803280      -0.82318993645494509     
   3.2352352352352352      -0.89816081085110133      -0.82497133833943015     
   3.2392392392392391      -0.89965025279077571      -0.82674458178114651     
   3.2432432432432434      -0.90112863703585522      -0.82850964924384241     
   3.2472472472472473      -0.90259596428818756      -0.83026652327212114     
   3.2512512512512513      -0.90405223504498711      -0.83201518649161355     
   3.2552552552552552      -0.90549745041041285      -0.83375562160915107     
   3.2592592592592591      -0.90693161137672640      -0.83548781141293604     
   3.2632632632632634      -0.90835471943437829      -0.83721173877271049     
   3.2672672672672673      -0.90976677609003331      -0.83892738663992716     
   3.2712712712712713      -0.91116778320223268      -0.84063473804791811     
   3.2752752752752752      -0.91255774281410862      -0.84233377611206173     
   3.2792792792792791      -0.91393665713202221      -0.84402448402995045     
   3.2832832832832834      -0.91530452876020973      -0.84570684508155636     
   3.2872872872872874      -0.91666136023074807      -0.84738084262939606     
   3.2912912912912913      -0.91800715473590278      -0.84904646011869733     
   3.2952952952952952      -0.91934191510993657      -0.85070368107756111     
   3.2992992992992991      -0.92066564516189930      -0.85235248911712369     
   3.3033033033033035      -0.92197834800388778      -0.85399286793172058     
   3.3073073073073074      -0.92328002809162868      -0.85562480129904661     
   3.3113113113113113      -0.92457068879073745      -0.85724827308031681     
   3.3153153153153152      -0.92585033523369542      -0.85886326722042616     
   3.3193193193193191      -0.92711897101650531      -0.86046976774810746     
   3.3233233233233235      -0.92837660197740679      -0.86206775877609132     
   3.3273273273273274      -0.92962323192230112      -0.86365722450126015     
   3.3313313313313313      -0.93085886742152313      -0.86523814920480790     
   3.3353353353353352      -0.93208351247486043      -0.86681051725239255     
   3.3393393393393391      -0.93329717440643289      -0.86837431309429247     
   3.3433433433433435      -0.93449985740060448      -0.86992952126555956     
   3.3473473473473474      -0.93569156954993271      -0.87147612638617244     
   3.3513513513513513      -0.93687231522340009      -0.87301411316118827     
   3.3553553553553552      -0.93804210328681481      -0.87454346638089397     
   3.3593593593593591      -0.93920093830624929      -0.87606417092095756     
   3.3633633633633635      -0.94034882991249191      -0.87757621174257716     
   3.3673673673673674      -0.94148578289709894      -0.87907957389262847     
   3.3713713713713713      -0.94261180763085772      -0.88057424250381433     
   3.3753753753753752      -0.94372690917899971      -0.88206020279481123     
   3.3793793793793796      -0.94483109860663150      -0.88353744007041513     
   3.3833833833833835      -0.94592438132484646      -0.88500593972168740     
   3.3873873873873874      -0.94700676902244207      -0.88646568722609875     
   3.3913913913913913      -0.94807826755693603      -0.88791666814767278     
   3.3953953953953953      -0.94913888914088962      -0.88935886813712972     
   3.3993993993993996      -0.95018864021160243      -0.89079227293202790     
   3.4034034034034035      -0.95122753337188604      -0.89221686835690339     
   3.4074074074074074      -0.95225557580918885      -0.89363264032341194     
   3.4114114114114114      -0.95327278034553753      -0.89503957483046781     
   3.4154154154154153      -0.95427915512962203      -0.89643765796438168     
   3.4194194194194196      -0.95527471299088662      -0.89782687589899912     
   3.4234234234234235      -0.95625946329389611      -0.89920721489583688     
   3.4274274274274275      -0.95723341862082811      -0.90057866130421815     
   3.4314314314314314      -0.95819658985174649      -0.90194120156140900     
   3.4354354354354353      -0.95914898902352574      -0.90329482219275192     
   3.4394394394394396      -0.96009062887584384      -0.90463950981179775     
   3.4434434434434436      -0.96102152056069012      -0.90597525112043964     
   3.4474474474474475      -0.96194167906282491      -0.90730203290904421     
   3.4514514514514514      -0.96285111427306491      -0.90861984205658186     
   3.4554554554554553      -0.96374984384152129      -0.90992866553075646     
   3.4594594594594597      -0.96463787599351658      -0.91122849038813580     
   3.4634634634634636      -0.96551523148874474      -0.91251930377427593     
   3.4674674674674675      -0.96638191646811389      -0.91380109292385281     
   3.4714714714714714      -0.96723795525302014      -0.91507384516078560     
   3.4754754754754753      -0.96808335148559932      -0.91633754789836286     
   3.4794794794794797      -0.96891813348667877      -0.91759218863936631     
   3.4834834834834836      -0.96974230201568323      -0.91883775497619591     
   3.4874874874874875      -0.97055588978674956      -0.92007423459099136     
   3.4914914914914914      -0.97135889435657852      -0.92130161525575383     
   3.4954954954954953      -0.97215135314512224      -0.92251988483246850     
   3.4994994994994997      -0.97293326029222027      -0.92372903127322248     
   3.5035035035035036      -0.97370465810848505      -0.92492904262032472     
   3.5075075075075075      -0.97446553725961427      -0.92611990700642566     
   3.5115115115115114      -0.97521594494858377      -0.92730161265463207     
   3.5155155155155153      -0.97595586852675287      -0.92847414787862559     
   3.5195195195195197      -0.97668535984339289      -0.92963750108277710     
   3.5235235235235236      -0.97740440338154966      -0.93079166076226205     
   3.5275275275275275      -0.97811305506983282      -0.93193661550317375     
   3.5315315315315314      -0.97881129733222805      -0.93307235398263721     
   3.5355355355355353      -0.97949918920874235      -0.93419886496891946     
   3.5395395395395397      -0.98017671231959747      -0.93531613732154262     
   3.5435435435435436      -0.98084392736284343      -0.93642415999139206     
   3.5475475475475475      -0.98150081694163538      -0.93752292202082732     
   3.5515515515515514      -0.98214744138853582      -0.93861241254378924     
   3.5555555555555554      -0.98278378669079547      -0.93969262078590843     
   3.5595595595595597      -0.98340991014238843      -0.94076353606461116     
   3.5635635635635636      -0.98402580420441621      -0.94182514778922477     
   3.5675675675675675      -0.98463151974329488      -0.94287744546108421     
   3.5715715715715715      -0.98522705952865464      -0.94392041867363274     
   3.5755755755755754      -0.98581246385129484      -0.94495405711252811     
   3.5795795795795797      -0.98638775039630777      -0.94597835055574231     
   3.5835835835835836      -0.98695294396414046      -0.94699328887366330     
   3.5875875875875876      -0.98750808251894229      -0.94799886202919548     
   3.5915915915915915      -0.98805316973270008      -0.94899506007785894     
   3.5955955955955954      -0.98858826989377391      -0.94998187316788696     
   3.5995995995995997      -0.98911335929632649      -0.95095929154032532     
   3.6036036036036037      -0.98962853512580440      -0.95192730552912663     
   3.6076076076076076      -0.99013373963929097      -0.95288590556124664     
   3.6116116116116115      -0.99062910976583451      -0.95383508215674029     
   3.6156156156156154      -0.99111454696930024      -0.95477482592885354     
   3.6196196196196198      -0.99159023466514196      -0.95570512758411708     
   3.6236236236236237      -0.99205602711899821      -0.95662597792243798     
   3.6276276276276276      -0.99251216034786438      -0.95753736783719101     
   3.6316316316316315      -0.99295843597113254      -0.95843928831530878     
   3.6356356356356359      -0.99339514740244306      -0.95933173043737030     
   3.6396396396396398      -0.99382203990774198      -0.96021468537768961     
   3.6436436436436437      -0.99423946689395604      -0.96108814440440271     
   3.6476476476476476      -0.99464711628328839      -0.96195209887955480     
   3.6516516516516515      -0.99504540079972548      -0.96280654025918444     
   3.6556556556556559      -0.99543395392108502      -0.96365146009340885     
   3.6596596596596598      -0.99581324247134617      -0.96448685002650714     
   3.6636636636636637      -0.99618285363161330      -0.96531270179700357     
   3.6676676676676676      -0.99654329712715295      -0.96612900723774797     
   3.6716716716716715      -0.99689412875045114      -0.96693575827599820     
   3.6756756756756759      -0.99723588238021699      -0.96773294693349898     
   3.6796796796796798      -0.99756810569245213      -0.96852056532655983     
   3.6836836836836837      -0.99789132880815867      -0.96929860566613557     
   3.6876876876876876      -0.99820512451764187      -0.97006706025790090     
   3.6916916916916915      -0.99850998057241025      -0.97082592150232783     
   3.6956956956956959      -0.99880553950299600      -0.97157518189476044     
   3.6996996996996998      -0.99909219609589139      -0.97231483402548924     
   3.7037037037037037      -0.99936971971304045      -0.97304487057982392     
   3.7077077077077076      -0.99963834880936930      -0.97376528433816678     
   3.7117117117117115      -0.99989804956108996      -0.97447606817608323     
   3.7157157157157159       -1.0001488279777646      -0.97517721506437227     
   3.7197197197197198       -1.0003909293522646      -0.97586871806913611     
   3.7237237237237237       -1.0006240396181421      -0.97655057035184933     
   3.7277277277277276       -1.0008487757994062      -0.97722276516942586     
   3.7317317317317316       -1.0010644075206714      -0.97788529587428519     
   3.7357357357357359       -1.0012720225042215      -0.97853815591441973     
   3.7397397397397398       -1.0014703743819604      -0.97918133883345804     
   3.7437437437437437       -1.0016611203988484      -0.97981483827072935     
   3.7477477477477477       -1.0018424030562127      -0.98043864796132674     
   3.7517517517517516       -1.0020165381484341      -0.98105276173616807     
   3.7557557557557559       -1.0021809779227302      -0.98165717352205806     
   3.7597597597597598       -1.0023387625241329      -0.98225187734174813     
   3.7637637637637638       -1.0024866063574658      -0.98283686731399489     
   3.7677677677677677       -1.0026282987692263      -0.98341213765361879     
   3.7717717717717716       -1.0027598202803074      -0.98397768267156138     
   3.7757757757757759       -1.0028856710001939      -0.98453349677494195     
   3.7797797797797799       -1.0030011777272814      -0.98507957446711136     
   3.7837837837837838       -1.0031114227109177      -0.98561591034770824     
   3.7877877877877877       -1.0032112643665132      -0.98614249911271146     
   3.7917917917917916       -1.0033061174829552      -0.98665933555449192     
   3.7957957957957960       -1.0033906948372360      -0.98716641456186571     
   3.7997997997997999       -1.0034703400493612      -0.98766373112014327     
   3.8038038038038038       -1.0035401137416524      -0.98815128031117960     
   3.8078078078078077       -1.0036046979141100      -0.98862905731342254     
   3.8118118118118116       -1.0036601960599099      -0.98909705740196108     
   3.8158158158158160       -1.0037098237932285      -0.98955527594857173     
   3.8198198198198199       -1.0037516466905632      -0.99000370842176366     
   3.8238238238238238       -1.0037863792144552      -0.99044235038682449     
   3.8278278278278277       -1.0038151987468382      -0.99087119750586350     
   3.8318318318318316       -1.0038350596835099      -0.99129024553785516     
   3.8358358358358360       -1.0038516101713104      -0.99169949033868066     
   3.8398398398398399       -1.0038566018853983      -0.99209892786116838     
   3.8438438438438438       -1.0038616581832522      -0.99248855415513493     
   3.8478478478478477       -1.0038517932663722      -0.99286836536742351     
   3.8518518518518516       -1.0038461294377297      -0.99323835774194280     
   3.8558558558558560       -1.0038214837960651      -0.99359852761970280     
   3.8598598598598599       -1.0038058092830560      -0.99394887143885202     
   3.8638638638638638       -1.0037666061626840      -0.99428938573471282     
   3.8678678678678677       -1.0037414699521292      -0.99462006713981466     
   3.8718718718718717       -1.0036881907058093      -0.99494091238392857     
   3.8758758758758760       -1.0036538544457669      -0.99525191829409909     
   3.8798798798798799       -1.0035873840349723      -0.99555308179467450     
   3.8838838838838838       -1.0035436613133735      -0.99584439990733942     
   3.8878878878878878       -1.0034654671800178      -0.99612586975114281     
   3.8918918918918921       -1.0034115314088996      -0.99639748854252641     
   3.8958958958958960       -1.0033238700623011      -0.99665925359535279     
   3.8998998998998999       -1.0032580407307641      -0.99691116232093191     
   3.9039039039039038       -1.0031641773177278      -0.99715321222804643     
   3.9079079079079078       -1.0030837055649846      -0.99738540092297623     
   3.9119119119119121       -1.0029881177047910      -0.99760772610952264     
   3.9159159159159160       -1.0028890094675915      -0.99782018558903074     
   3.9199199199199199       -1.0027975252552723      -0.99802277726041111     
   3.9239239239239239       -1.0026744666208915      -0.99821549912016083     
   3.9279279279279278       -1.0025942542471238      -0.99839834926238302     
   3.9319319319319321       -1.0024407433381881      -0.99857132587880604     
   3.9359359359359360       -1.0023800212935101      -0.99873442725880057     
   3.9399399399399400       -1.0021888702517605      -0.99888765178939798     
   3.9439439439439439       -1.0021561349663426      -0.99903099795530448     
   3.9479479479479478       -1.0019205930294486      -0.99916446433891781     
   3.9519519519519521       -1.0019230551546503      -0.99928804962034024     
   3.9559559559559561       -1.0016389309891769      -0.99940175257739150     
   3.9599599599599600       -1.0016796987230316      -0.99950557208562174     
   3.9639639639639639       -1.0013490427557330      -0.99959950711832180     
   3.9679679679679678       -1.0014223722845115      -0.99968355674653397     
   3.9719719719719722       -1.0010595384679937      -0.99975772013906072     
   3.9759759759759761       -1.0011431639364803      -0.99982199656247328     
   3.9799799799799800       -1.0007844323614328      -0.99987638538111856     
   3.9839839839839839       -1.0008275594139386      -0.99992088605712559     
   3.9879879879879878       -1.0005460042958816      -0.99995549815041107     
   3.9919919919919922       -1.0004510278373073      -0.99998022131868336     
   3.9959959959959961       -1.0003813403819455      -0.99999505531744570     
   4.0000000000000000       -1.0000000000000000       -1.0000000000000000     
