   0.0000000000000000        1.0000000000000000       0.99999999999999989     
   4.0040040040040040E-003   1.0000072826324373       0.99999505531744592     
   8.0080080080080079E-003   1.0000006972980535       0.99998022131868325     
   1.2012012012012012E-002   1.0000033977502512       0.99995549815041107     
   1.6016016016016016E-002  0.99994348351417262       0.99992088605712559     
   2.0020020020020020E-002  0.99996558334393315       0.99987638538111856     
   2.4024024024024024E-002  0.99989492220226639       0.99982199656247328     
   2.8028028028028028E-002  0.99991616703102071       0.99975772013906072     
   3.2032032032032032E-002  0.99985208528243652       0.99968355674653397     
   3.6036036036036036E-002  0.99986199103388185       0.99959950711832180     
   4.0040040040040040E-002  0.99981085615458853       0.99950557208562174     
   4.4044044044044044E-002  0.99980740098368792       0.99940175257739161     
   4.8048048048048048E-002  0.99976940670565861       0.99928804962034012     
   5.2052052052052052E-002  0.99975476709009381       0.99916446433891792     
   5.6056056056056056E-002  0.99972731123838787       0.99903099795530459     
   6.0060060060060060E-002  0.99970535296364893       0.99888765178939798     
   6.4064064064064064E-002  0.99968495861951823       0.99873442725880068     
   6.8068068068068074E-002  0.99965972308310069       0.99857132587880615     
   7.2072072072072071E-002  0.99964323387036391       0.99839834926238324     
   7.6076076076076082E-002  0.99961801893785585       0.99821549912016094     
   8.0080080080080079E-002  0.99960324285778590       0.99802277726041122     
   8.4084084084084090E-002  0.99958021398489139       0.99782018558903074     
   8.8088088088088087E-002  0.99956607270535813       0.99760772610952264     
   9.2092092092092098E-002  0.99954630865855865       0.99738540092297623     
   9.6096096096096095E-002  0.99953263882309029       0.99715321222804643     
  0.10010010010010011       0.99951642813405650       0.99691116232093191     
  0.10410410410410410       0.99950363195382419       0.99665925359535279     
  0.10810810810810811       0.99949083091089297       0.99639748854252641     
  0.11211211211211211       0.99947953864258132       0.99612586975114281     
  0.11611611611611612       0.99946986453087849       0.99584439990733964     
  0.12012012012012012       0.99946069521680758       0.99555308179467450     
  0.12412412412412413       0.99945390562655190       0.99525191829409887     
  0.12812812812812813       0.99944734365827292       0.99494091238392868     
  0.13213213213213212       0.99944330918349955       0.99462006713981466     
  0.13613613613613615       0.99943967241822007       0.99428938573471282     
  0.14014014014014015       0.99943837663523460       0.99394887143885213     
  0.14414414414414414       0.99943783842777456       0.99359852761970280     
  0.14814814814814814       0.99943934208627028       0.99323835774194291     
  0.15215215215215216       0.99944197375321164       0.99286836536742373     
  0.15615615615615616       0.99944637119517898       0.99248855415513493     
  0.16016016016016016       0.99945218369057165       0.99209892786116838     
  0.16416416416416416       0.99945956719367313       0.99169949033868066     
  0.16816816816816818       0.99946854102790073       0.99129024553785539     
  0.17217217217217218       0.99947897824392606       0.99087119750586361     
  0.17617617617617617       0.99949108034048584       0.99044235038682449     
  0.18018018018018017       0.99950460421004095       0.99000370842176388     
  0.18418418418418420       0.99951979431992843       0.98955527594857196     
  0.18818818818818819       0.99953640160810098       0.98909705740196130     
  0.19219219219219219       0.99955463227171248       0.98862905731342254     
  0.19619619619619619       0.99957428685639227       0.98815128031117949     
  0.20020020020020021       0.99959550044092293       0.98766373112014327     
  0.20420420420420421       0.99961813841505687       0.98716641456186571     
  0.20820820820820821       0.99964226371135045       0.98665933555449203     
  0.21221221221221220       0.99966779818523432       0.98614249911271146     
  0.21621621621621623       0.99969474776084088       0.98561591034770846     
  0.22022022022022023       0.99972307268189176       0.98507957446711159     
  0.22422422422422422       0.99975274161824679       0.98453349677494206     
  0.22822822822822822       0.99978373453805314       0.98397768267156138     
  0.23223223223223224       0.99981600029398066       0.98341213765361868     
  0.23623623623623624       0.99984952397887972       0.98283686731399489     
  0.24024024024024024       0.99988424710193879       0.98225187734174813     
  0.24424424424424424       0.99992015078699281       0.98165717352205828     
  0.24824824824824826       0.99995717623177827       0.98105276173616818     
  0.25225225225225223       0.99999529633322592       0.98043864796132674     
  0.25625625625625625        1.0000344549108082       0.97981483827072957     
  0.26026026026026028        1.0000746158511180       0.97918133883345804     
  0.26426426426426425        1.0001157258299727       0.97853815591441973     
  0.26826826826826827        1.0001577408235542       0.97788529587428519     
  0.27227227227227230        1.0002006092945608       0.97722276516942586     
  0.27627627627627627        1.0002442813442565       0.97655057035184956     
  0.28028028028028029        1.0002887057162011       0.97586871806913633     
  0.28428428428428426        1.0003338285524197       0.97517721506437238     
  0.28828828828828829        1.0003795977665821       0.97447606817608334     
  0.29229229229229231        1.0004259571042158       0.97376528433816700     
  0.29629629629629628        1.0004728528494540       0.97304487057982403     
  0.30030030030030030        1.0005202274747418       0.97231483402548924     
  0.30430430430430433        1.0005680254244715       0.97157518189476044     
  0.30830830830830830        1.0006161884376341       0.97082592150232794     
  0.31231231231231232        1.0006646592840667       0.97006706025790113     
  0.31631631631631629        1.0007133793626963       0.96929860566613568     
  0.32032032032032032        1.0007622900147446       0.96852056532656006     
  0.32432432432432434        1.0008113324720653       0.96773294693349898     
  0.32832832832832831        1.0008604471760756       0.96693575827599854     
  0.33233233233233234        1.0009095751931865       0.96612900723774819     
  0.33633633633633636        1.0009586565626409       0.96531270179700357     
  0.34034034034034033        1.0010076323299133       0.96448685002650714     
  0.34434434434434436        1.0010564424708586       0.96365146009340885     
  0.34834834834834832        1.0011050281710725       0.96280654025918455     
  0.35235235235235235        1.0011533297714634       0.96195209887955491     
  0.35635635635635637        1.0012012886791741       0.96108814440440293     
  0.36036036036036034        1.0012488459493032       0.96021468537768961     
  0.36436436436436437        1.0012959434725315       0.95933173043737041     
  0.36836836836836839        1.0013425231827886       0.95843928831530878     
  0.37237237237237236        1.0013885277604473       0.95753736783719101     
  0.37637637637637639        1.0014339002146024       0.95662597792243798     
  0.38038038038038036        1.0014785842536542       0.95570512758411708     
  0.38438438438438438        1.0015225241985868       0.95477482592885377     
  0.38838838838838841        1.0015656649652136       0.95383508215674051     
  0.39239239239239238        1.0016079524019970       0.95288590556124697     
  0.39639639639639640        1.0016493329075178       0.95192730552912663     
  0.40040040040040042        1.0016897539587393       0.95095929154032544     
  0.40440440440440439        1.0017291636985612       0.94998187316788707     
  0.40840840840840842        1.0017675113777724       0.94899506007785894     
  0.41241241241241239        1.0018047470797358       0.94799886202919548     
  0.41641641641641641        1.0018408220373558       0.94699328887366341     
  0.42042042042042044        1.0018756884095954       0.94597835055574242     
  0.42442442442442441        1.0019092995709995       0.94495405711252856     
  0.42842842842842843        1.0019416099127985       0.94392041867363297     
  0.43243243243243246        1.0019725751186066       0.94287744546108421     
  0.43643643643643643        1.0020021519769229       0.94182514778922499     
  0.44044044044044045        1.0020302985693244       0.94076353606461094     
  0.44444444444444442        1.0020569742414587       0.93969262078590843     
  0.44844844844844844        1.0020821396031521       0.93861241254378935     
  0.45245245245245247        1.0021057566542602       0.93752292202082743     
  0.45645645645645644        1.0021277886686264       0.93642415999139239     
  0.46046046046046046        1.0021482003994335       0.93531613732154295     
  0.46446446446446449        1.0021669578964778       0.93419886496891991     
  0.46846846846846846        1.0021840287398496       0.93307235398263733     
  0.47247247247247248        1.0021993818505845       0.93193661550317397     
  0.47647647647647645        1.0022129877238617       0.93079166076226205     
  0.48048048048048048        1.0022248182249465       0.92963750108277710     
  0.48448448448448450        1.0022348468364277       0.92847414787862570     
  0.48848848848848847        1.0022430484228180       0.92730161265463229     
  0.49249249249249250        1.0022493995278912       0.92611990700642588     
  0.49649649649649652        1.0022538780597985       0.92492904262032505     
  0.50050050050050054        1.0022564636582114       0.92372903127322259     
  0.50450450450450446        1.0022571373213531       0.92251988483246872     
  0.50850850850850848        1.0022558818800287       0.92130161525575405     
  0.51251251251251251        1.0022526814725048       0.92007423459099136     
  0.51651651651651653        1.0022475220105584       0.91883775497619602     
  0.52052052052052056        1.0022403907715811       0.91759218863936653     
  0.52452452452452447        1.0022312768220436       0.91633754789836308     
  0.52852852852852850        1.0022201705880818       0.91507384516078605     
  0.53253253253253252        1.0022070643015402       0.91380109292385314     
  0.53653653653653655        1.0021919515222339       0.91251930377427604     
  0.54054054054054057        1.0021748276459499       0.91122849038813569     
  0.54454454454454460        1.0021556893496320       0.90992866553075669     
  0.54854854854854851        1.0021345351726256       0.90861984205658186     
  0.55255255255255253        1.0021113648823072       0.90730203290904443     
  0.55655655655655656        1.0020861801279284       0.90597525112043986     
  0.56056056056056058        1.0020589837446827       0.90463950981179786     
  0.56456456456456461        1.0020297804570966       0.90329482219275237     
  0.56856856856856852        1.0019985761131904       0.90194120156140967     
  0.57257257257257255        1.0019653784715199       0.90057866130421826     
  0.57657657657657657        1.0019301963432596       0.89920721489583666     
  0.58058058058058060        1.0018930404624722       0.89782687589899912     
  0.58458458458458462        1.0018539225485079       0.89643765796438168     
  0.58858858858858853        1.0018128562455881       0.89503957483046792     
  0.59259259259259256        1.0017698561162245       0.89363264032341216     
  0.59659659659659658        1.0017249386490317       0.89221686835690384     
  0.60060060060060061        1.0016781211713519       0.89079227293202834     
  0.60460460460460463        1.0016294229351919       0.88935886813713039     
  0.60860860860860866        1.0015788639590735       0.88791666814767300     
  0.61261261261261257        1.0015264661765166       0.88646568722609853     
  0.61661661661661660        1.0014722522107786       0.88500593972168740     
  0.62062062062062062        1.0014162465870975       0.88353744007041513     
  0.62462462462462465        1.0013584744442967       0.88206020279481145     
  0.62862862862862867        1.0012989628034314       0.88057424250381455     
  0.63263263263263259        1.0012377392256995       0.87907957389262892     
  0.63663663663663661        1.0011748331316510       0.87757621174257761     
  0.64064064064064064        1.0011102744023468       0.87606417092095823     
  0.64464464464464466        1.0010440947465160       0.87454346638089420     
  0.64864864864864868        1.0009763262715039       0.87301411316118804     
  0.65265265265265260        1.0009070028663001       0.87147612638617244     
  0.65665665665665662        1.0008361587588639       0.86992952126555978     
  0.66066066066066065        1.0007638299054877       0.86837431309429269     
  0.66466466466466467        1.0006900525487368       0.86681051725239278     
  0.66866866866866870        1.0006148645963351       0.86523814920480835     
  0.67267267267267272        1.0005383042041269       0.86365722450126059     
  0.67667667667667664        1.0004604111020776       0.86206775877609154     
  0.68068068068068066        1.0003812252474444       0.86046976774810768     
  0.68468468468468469        1.0003007880809136       0.85886326722042616     
  0.68868868868868871        1.0002191412523560       0.85724827308031681     
  0.69269269269269274        1.0001363277855373       0.85562480129904683     
  0.69669669669669665        1.0000523909167149       0.85399286793172080     
  0.70070070070070067       0.99996737512602385       0.85235248911712413     
  0.70470470470470470       0.99988132513592631       0.85070368107756156     
  0.70870870870870872       0.99979428674347737       0.84904646011869800     
  0.71271271271271275       0.99970630604945931       0.84738084262939628     
  0.71671671671671666       0.99961743004966908       0.84570684508155602     
  0.72072072072072069       0.99952770611894459       0.84402448402995045     
  0.72472472472472471       0.99943718231817535       0.84233377611206173     
  0.72872872872872874       0.99934590719716121       0.84063473804791822     
  0.73273273273273276       0.99925392975539185       0.83892738663992727     
  0.73673673673673679       0.99916129961514666       0.83721173877271082     
  0.74074074074074070       0.99906806657642921       0.83548781141293649     
  0.74474474474474472       0.99897428124590792       0.83375562160915173     
  0.74874874874874875       0.99887999409705763       0.83201518649161366     
  0.75275275275275277       0.99878525662806228       0.83026652327212069     
  0.75675675675675680       0.99869011984778511       0.82850964924384218     
  0.76076076076076071       0.99859463607458276       0.82674458178114663     
  0.76476476476476474       0.99849885672038086       0.82497133833943037     
  0.76876876876876876       0.99840283482333025       0.82318993645494531     
  0.77277277277277279       0.99830662208139354       0.82140039374462548     
  0.77677677677677681       0.99821027217894420       0.81960272790591149     
  0.78078078078078073       0.99811383696629419       0.81779695671657793     
  0.78478478478478475       0.99801737070642538       0.81598309803455460     
  0.78878878878878878       0.99792092527441378       0.81416116979775299     
  0.79279279279279280       0.99782455544459903       0.81233119002388599     
  0.79679679679679682       0.99772831298178322       0.81049317681029232     
  0.80080080080080085       0.99763225310931170       0.80864714833375506     
  0.80480480480480476       0.99753642737574166       0.80679312285032445     
  0.80880880880880879       0.99744089138496572       0.80493111869513490     
  0.81281281281281281       0.99734569635126669       0.80306115428222591     
  0.81681681681681684       0.99725089821971491       0.80118324810435759     
  0.82082082082082086       0.99715654773126017       0.79929741873283022     
  0.82482482482482478       0.99706270112296214       0.79740368481729917     
  0.82882882882882880       0.99696940856033534       0.79550206508558996     
  0.83283283283283283       0.99687672652703596       0.79359257834351515     
  0.83683683683683685       0.99678470449172163       0.79167524347468543     
  0.84084084084084088       0.99669339916243171       0.78975007944032627     
  0.84484484484484490       0.99660285920494140       0.78781710527908688     
  0.84884884884884881       0.99651314149726777       0.78587634010685514     
  0.85285285285285284       0.99642429380816033       0.78392780311656585     
  0.85685685685685686       0.99633637314905332       0.78197151357801298     
  0.86086086086086089       0.99624942630040436       0.78000749083765841     
  0.86486486486486491       0.99616351036387263       0.77803575431843952     
  0.86886886886886883       0.99607867105624892       0.77605632351957921     
  0.87287287287287285       0.99599496553804912       0.77406921801639061     
  0.87687687687687688       0.99591243836313859       0.77207445746008641     
  0.88088088088088090       0.99583114672854611       0.77007206157758135     
  0.88488488488488493       0.99575113393800541       0.76806205017129980     
  0.88888888888888884       0.99567245720090103       0.76604444311897812     
  0.89289289289289286       0.99559515848366908       0.76401926037346957     
  0.89689689689689689       0.99551929499855585       0.76198652196254524     
  0.90090090090090091       0.99544490733132596       0.75994624798869781     
  0.90490490490490494       0.99537205259335981       0.75789845862894112     
  0.90890890890890896       0.99530076998235306       0.75584317413461199     
  0.91291291291291288       0.99523111642349604       0.75378041483116964     
  0.91691691691691690       0.99516312973591992       0.75171020111799358     
  0.92092092092092093       0.99509686658321106       0.74963255346818269     
  0.92492492492492495       0.99503236336258183       0.74754749242835361     
  0.92892892892892898       0.99496967642842216       0.74545503861843632     
  0.93293293293293289       0.99490884071557328       0.74335521273147021     
  0.93693693693693691       0.99484991220883878       0.74124803553340046     
  0.94094094094094094       0.99479292439673239       0.73913352786287123     
  0.94494494494494496       0.99473793273269095       0.73701171063102144     
  0.94894894894894899       0.99468496936689266       0.73488260482127599     
  0.95295295295295290       0.99463408898850680       0.73274623148913998     
  0.95695695695695693       0.99458532256413634       0.73060261176198882     
  0.96096096096096095       0.99453872381781350       0.72845176683886093     
  0.96496496496496498       0.99449432257924331       0.72629371799024722     
  0.96896896896896900       0.99445217144822962       0.72412848655788020     
  0.97297297297297303       0.99441229921400653       0.72195609395452465     
  0.97697697697697694       0.99437475710419698       0.71977656166376347     
  0.98098098098098097       0.99433957308273668       0.71758991123978799     
  0.98498498498498499       0.99430679656905607       0.71539616430718200     
  0.98898898898898902       0.99427645505720030       0.71319534256071038     
  0.99299299299299304       0.99424859572746205       0.71098746776510235     
  0.99699699699699695       0.99422324583419341       0.70877256175483849     
   1.0010010010010011       0.99420044995184709       0.70655064643393239     
   1.0050050050050050       0.99418023535649080       0.70432174377571666     
   1.0090090090090089       0.99416264352135408       0.70208587582262261     
   1.0130130130130131       0.99414770218415871       0.69984306468596524     
   1.0170170170170170       0.99413544897872752       0.69759333254572309     
   1.0210210210210211       0.99412591270667794       0.69533670165031780     
   1.0250250250250250       0.99411912643224676       0.69307319431639725     
   1.0290290290290289       0.99411512043568884       0.69080283292861089     
   1.0330330330330331       0.99411392256585096       0.68852563993939231     
   1.0370370370370370       0.99411556507574173       0.68624163786873360     
   1.0410410410410411       0.99412006945648268       0.68395084930396588     
   1.0450450450450450       0.99412747107488530       0.68165329689953280     
   1.0490490490490489       0.99413778407247166       0.67934900337676996     
   1.0530530530530531       0.99415104743601967       0.67703799152367639     
   1.0570570570570570       0.99416726697653346       0.67472028419469277     
   1.0610610610610611       0.99418648610917382       0.67239590431047247     
   1.0650650650650650       0.99420870093163649       0.67006487485765720     
   1.0690690690690692       0.99423396043347034       0.66772721888864850     
   1.0730730730730731       0.99426224953054243       0.66538295952137927     
   1.0770770770770770       0.99429362371530738       0.66303211993908673     
   1.0810810810810811       0.99432805536756153       0.66067472339008138     
   1.0850850850850851       0.99436560759313397       0.65831079318751895     
   1.0890890890890892       0.99440623842997511       0.65594035270916762     
   1.0930930930930931       0.99445001995297977       0.65356342539717938     
   1.0970970970970970       0.99449689410310527       0.65118003475785569     
   1.1011011011011012       0.99454694308219638       0.64879020436141710     
   1.1051051051051051       0.99460009087999401       0.64639395784176923     
   1.1091091091091092       0.99465643127368719       0.64399131889626848     
   1.1131131131131131       0.99471586822360447       0.64158231128548826     
   1.1171171171171170       0.99477850838365978       0.63916695883298480     
   1.1211211211211212       0.99484423375357789       0.63674528542506059     
   1.1251251251251251       0.99491316525110474       0.63431731501052790     
   1.1291291291291292       0.99498516068333798       0.63188307160047219     
   1.1331331331331331       0.99506035659444581       0.62944257926801572     
   1.1371371371371370       0.99513858463714466       0.62699586214807856     
   1.1411411411411412       0.99521999818716478       0.62454294443713887     
   1.1451451451451451       0.99530440057896541       0.62208385039299618     
   1.1491491491491492       0.99539196318413836       0.61961860433452864     
   1.1531531531531531       0.99548245923218370       0.61714723064145538     
   1.1571571571571571       0.99557607891701383       0.61466975375409227     
   1.1611611611611612       0.99567256356164879       0.61218619817311382     
   1.1651651651651651       0.99577212279914074       0.60969658845930685     
   1.1691691691691692       0.99587446474798680       0.60720094923333146     
   1.1731731731731732       0.99597981862548324       0.60469930517547543     
   1.1771771771771771       0.99608785832492419       0.60219168102540976     
   1.1811811811811812       0.99619883224564199       0.59967810158194490     
   1.1851851851851851       0.99631237970257358       0.59715859170278607     
   1.1891891891891893       0.99642876727178342       0.59463317630428669     
   1.1931931931931932       0.99654760003250198       0.59210188036120104     
   1.1971971971971973       0.99666916073224809       0.58956472890643952     
   1.2012012012012012       0.99679302151802840       0.58702174703081855     
   1.2052052052052051       0.99691947833019301       0.58447295988281511     
   1.2092092092092093       0.99704807281798991       0.58191839266831502     
   1.2132132132132132       0.99717910991722103       0.57935807065036715     
   1.2172172172172173       0.99731210457062236       0.57679201914892964     
   1.2212212212212212       0.99744736488395114       0.57422026354062339     
   1.2252252252252251       0.99758438461491694       0.57164282925847876     
   1.2292292292292293       0.99772346748086005       0.56905974179168362     
   1.2332332332332332       0.99786409350073513       0.56647102668533400     
   1.2372372372372373       0.99800655235270352       0.56387670954017777     
   1.2412412412412412       0.99815032008055415       0.56127681601236523     
   1.2452452452452452       0.99829566030299965       0.55867137181319193     
   1.2492492492492493       0.99844205746135595       0.55606040270884771     
   1.2532532532532532       0.99858973431189857       0.55344393452015839     
   1.2572572572572573       0.99873819911449935       0.55082199312233371     
   1.2612612612612613       0.99888761591574216       0.54819460444470980     
   1.2652652652652652       0.99903753557473118       0.54556179447049202     
   1.2692692692692693       0.99918804216681822       0.54292358923649942     
   1.2732732732732732       0.99933875168818731       0.54028001483290677     
   1.2772772772772774       0.99948964323698508       0.53763109740298687     
   1.2812812812812813       0.99964042459535329       0.53497686314285187     
   1.2852852852852852       0.99979094083591902       0.53231733830119210     
   1.2892892892892893       0.99994102260649820       0.52965254917902038     
   1.2932932932932932        1.0000903476151091       0.52698252212940966     
   1.2972972972972974        1.0002389051479061       0.52430728355723166     
   1.3013013013013013        1.0003861677459920       0.52162685991889790     
   1.3053053053053052        1.0005323239743646       0.51894127772209575     
   1.3093093093093093        1.0006765988747102       0.51625056352552856     
   1.3133133133133132        1.0008194258426046       0.51355474393865164     
   1.3173173173173174        1.0009597356431803       0.51085384562140879     
   1.3213213213213213        1.0010982569313485       0.50814789528396931     
   1.3253253253253254        1.0012335752353692       0.50543691968646431     
   1.3293293293293293        1.0013667692908488       0.50272094563872183     
   1.3333333333333333        1.0014960248082274       0.50000000000000033     
   1.3373373373373374        1.0016228293720575       0.49727410967872421     
   1.3413413413413413        1.0017449114196717       0.49454330163221866     
   1.3453453453453454        1.0018642291602251       0.49180760286644143     
   1.3493493493493494        1.0019779947601986       0.48906704043571680     
   1.3533533533533533        1.0020887003911851       0.48632164144246692     
   1.3573573573573574        1.0021929828374181       0.48357143303694439     
   1.3613613613613613        1.0022939314565531       0.48081644241696458     
   1.3653653653653655        1.0023875509226299       0.47805669682763607     
   1.3693693693693694        1.0024775884360919       0.47529222356109019     
   1.3733733733733733        1.0025593645692985       0.47252304995621203     
   1.3773773773773774        1.0026373394184160       0.46974920339837073     
   1.3813813813813813        1.0027061062825071       0.46697071131914814     
   1.3853853853853855        1.0027708837734672       0.46418760119606600     
   1.3893893893893894        1.0028255070980054       0.46139990055231739     
   1.3933933933933933        1.0028759853515239       0.45860763695649082     
   1.3973973973973974        1.0029153829024540       0.45581083802230099     
   1.4014014014014013        1.0029505114266510       0.45300953140831446     
   1.4054054054054055        1.0029736757992551       0.45020374481767350     
   1.4094094094094094        1.0029924768006153       0.44739350599782696     
   1.4134134134134133        1.0029985015506340       0.44457884274025250     
   1.4174174174174174        1.0030000929085279       0.44175978288018319     
   1.4214214214214214        1.0029881862214216       0.43893635429633082     
   1.4254254254254255        1.0029718052180037       0.43610858491061116     
   1.4294294294294294        1.0029413642799130       0.43327650268786849     
   1.4334334334334333        1.0029064148952989       0.43044013563559824     
   1.4374374374374375        1.0028570251326052       0.42759951180366951     
   1.4414414414414414        1.0028030961040568       0.42475465928404799     
   1.4454454454454455        1.0027345804032270       0.42190560621051937     
   1.4494494494494494        1.0026614845887132       0.41905238075840973     
   1.4534534534534536        1.0025739481103961       0.41619501114430768     
   1.4574574574574575        1.0024817629315799       0.41333352562578418     
   1.4614614614614614        1.0023756406026776       0.41046795250111390     
   1.4654654654654655        1.0022647521760994       0.40759832010899610     
   1.4694694694694694        1.0021408592917087       0.40472465682827363     
   1.4734734734734736        1.0020120103411390       0.40184699107765148     
   1.4774774774774775        1.0018715963298475       0.39896535131541649     
   1.4814814814814814        1.0017259376070222       0.39607976603915679     
   1.4854854854854855        1.0015707424461942       0.39319026378547872     
   1.4894894894894894        1.0014098873638930       0.39029687312972589     
   1.4934934934934936        1.0012422004568013       0.38739962268569328     
   1.4974974974974975        1.0010682827221611       0.38449854110534909     
   1.5015015015015014        1.0008910020801027       0.38159365707854875     
   1.5055055055055055        1.0007067368444722       0.37868499933275013     
   1.5095095095095095        1.0005234277857398       0.37577259663273255     
   1.5135135135135136        1.0003321740876978       0.37285647778030873     
   1.5175175175175175        1.0001471261684645       0.36993667161404314     
   1.5215215215215214       0.99995295069587820       0.36701320700896550     
   1.5255255255255256       0.99977122926045658       0.36408611287628412     
   1.5295295295295295       0.99957897075263857       0.36115541816310132     
   1.5335335335335336       0.99940646149483570       0.35822115185212744     
   1.5375375375375375       0.99922178886056401       0.35528334296139380     
   1.5415415415415414       0.99906523669168434       0.35234202054396474     
   1.5455455455455456       0.99889469876452774       0.34939721368765114     
   1.5495495495495495       0.99876173368271370       0.34644895151472355     
   1.5535535535535536       0.99861279874484365       0.34349726318162310     
   1.5575575575575575       0.99851194171284596       0.34054217787867375     
   1.5615615615615615       0.99839302463855661       0.33758372482979260     
   1.5655655655655656       0.99833366478946350       0.33462193329220158     
   1.5695695695695695       0.99825414038842886       0.33165683255613898     
   1.5735735735735736       0.99824647578372483       0.32868845194456903     
   1.5775775775775776       0.99821667338560016       0.32571682081289088     
   1.5815815815815817       0.99827157869486549       0.32274196854864945     
   1.5855855855855856       0.99830268329701510       0.31976392457124525     
   1.5895895895895895       0.99843157367066282       0.31678271833164295     
   1.5935935935935936       0.99853558348082483       0.31379837931207866     
   1.5975975975975976       0.99875025572736764       0.31081093702577139     
   1.6016016016016017       0.99893980681097683       0.30782042101662782     
   1.6056056056056056       0.99925216773105763       0.30482686085895305     
   1.6096096096096095       0.99954033210873472       0.30183028615715729     
   1.6136136136136137       0.99996207155896433       0.29883072654546011     
   1.6176176176176176        1.0003620970657108       0.29582821168760254     
   1.6216216216216217        1.0009042845881180       0.29282277127655032     
   1.6256256256256256        1.0014292727478002       0.28981443503420135     
   1.6296296296296295        1.0021018839032145       0.28680323271109065     
   1.6336336336336337        1.0027644138980756       0.28378919408609704     
   1.6376376376376376        1.0035757819084339       0.28077234896614933     
   1.6416416416416417        1.0043874890020938       0.27775272718593036     
   1.6456456456456456        1.0053436991191536       0.27473035860758332     
   1.6496496496496496        1.0063148239129789       0.27170527312041282     
   1.6536536536536537        1.0074190612899687       0.26867750064059459     
   1.6576576576576576        1.0085579901178907       0.26564707111087615     
   1.6616616616616617        1.0098098613414337       0.26261401450028199     
   1.6656656656656657        1.0111226924845962       0.25957836080381591     
   1.6696696696696696        1.0125175464039831       0.25654014004216519     
   1.6736736736736737        1.0140076970598761       0.25349938226140467     
   1.6776776776776776        1.0155359667473345       0.25045611753269870     
   1.6816816816816818        1.0172038625080668       0.24741037595200283     
   1.6856856856856857        1.0188504592264713       0.24436218763976714     
   1.6896896896896898        1.0206933207162452       0.24131158274063927     
   1.6936936936936937        1.0224370958279625       0.23825859142316480     
   1.6976976976976976        1.0244488263016971       0.23520324387949043     
   1.7017017017017018        1.0262621308661979       0.23214557032506186     
   1.7057057057057057        1.0284333132053494       0.22908560099833006     
   1.7097097097097098        1.0302816787791831       0.22602336616044894     
   1.7137137137137137        1.0325996327724789       0.22295889609497727     
   1.7177177177177176        1.0344416197424799       0.21989222110757800     
   1.7217217217217218        1.0368904542157691       0.21682337152571932     
   1.7257257257257257        1.0386777395818503       0.21375237769837560     
   1.7297297297297298        1.0412382763770123       0.21067926999572606     
   1.7337337337337337        1.0429161301307148       0.20760407880885565     
   1.7377377377377377        1.0455654456427323       0.20452683454945109     
   1.7417417417417418        1.0470739167121910       0.20144756764950522     
   1.7457457457457457        1.0497840588328451       0.19836630856101312     
   1.7497497497497498        1.0510601675282820       0.19528308775567005     
   1.7537537537537538        1.0537958583498661       0.19219793572457314     
   1.7577577577577577        1.0547775125533276       0.18911088297791637     
   1.7617617617617618        1.0574901906731142       0.18602196004469188     
   1.7657657657657657        1.0581259659925539       0.18293119747238676     
   1.7697697697697699        1.0607426726816125       0.17983862582668017     
   1.7737737737737738        1.0610015745315120       0.17674427569114179     
   1.7777777777777777        1.0634170254990170       0.17364817766693028     
   1.7817817817817818        1.0633072653997326       0.17055036237248988     
   1.7857857857857857        1.0653343599832688       0.16745086044324664     
   1.7897897897897899        1.0649869744530356       0.16434970253130635     
   1.7937937937937938        1.0662715857535809       0.16124691930515228     
   1.7977977977977977        1.0659456140005057       0.15814254144934106     
   1.8018018018018018        1.0661106438818535       0.15503659966419786     
   1.8058058058058057        1.0659535887725644       0.15192912466551589     
   1.8098098098098099        1.0647996986807204       0.14882014718424907     
   1.8138138138138138        1.0648560008944365       0.14570969796621130     
   1.8178178178178179        1.0621958381858307       0.14259780777177095     
   1.8218218218218218        1.0625156501668580       0.13948450737554591     
   1.8258258258258258        1.0581500769205321       0.13636982756610005     
   1.8298298298298299        1.0587884014990061       0.13325379914563965     
   1.8338338338338338        1.0525156811838976       0.13013645292970785     
   1.8378378378378379        1.0535256639004686       0.12701781974687870     
   1.8418418418418419        1.0451471028160544       0.12389793043845529     
   1.8458458458458458        1.0465767165127267       0.12077681585816115     
   1.8498498498498499        1.0358992677656225       0.11765450687183837     
   1.8538538538538538        1.0377905427703475       0.11453103435714140     
   1.8578578578578580        1.0246274596890523       0.11140642920322855     
   1.8618618618618619        1.0270170909061327       0.10828072231046192     
   1.8658658658658658        1.0111877508105598       0.10515394459009815     
   1.8698698698698699        1.0141081152146416       0.10202612696398421     
   1.8738738738738738       0.99543777573081116        9.8897300364250137E-002
   1.8778778778778780       0.99891782184771483        9.5767495733004110E-002
   1.8818818818818819       0.97723765098679749        9.2636744022027262E-002
   1.8858858858858858       0.98130348285251146        8.9505076192466795E-002
   1.8898898898898899       0.95645092800457210        8.6372523214528804E-002
   1.8938938938938938       0.96112609455692510        8.3239116067172991E-002
   1.8978978978978980       0.93294554038492572        8.0104885737807094E-002
   1.9019019019019019       0.93825110136943646        7.6969863221979185E-002
   1.9059059059059058       0.90659474165647980        7.3834079523072429E-002
   1.9099099099099099       0.91254918441662902        7.0697565651994948E-002
   1.9139139139139139       0.87727804067958748        6.7560352626878470E-002
   1.9179179179179180       0.88389710823648993        6.4422471472768014E-002
   1.9219219219219219       0.84488214418158192        6.1283953221316440E-002
   1.9259259259259258       0.85217861748367085        5.8144828910476183E-002
   1.9299299299299300       0.80930191535906071        5.5005129584193228E-002
   1.9339339339339339       0.81728537633369691        5.1864886292100981E-002
   1.9379379379379380       0.77044135554522897        4.8724130089211899E-002
   1.9419419419419419       0.77911794505349030        4.5582892035611673E-002
   1.9459459459459461       0.72821461347481009        4.2441203196148525E-002
   1.9499499499499500       0.73758679017343787        3.9299094640131337E-002
   1.9539539539539539       0.68254702447729676        3.6156597441019275E-002
   1.9579579579579580       0.69261332623313498        3.3013742676113601E-002
   1.9619619619619619       0.63337618039586263        2.9870561426253450E-002
   1.9659659659659661       0.64413098800053259        2.6727084775504926E-002
   1.9699699699699700       0.58065303017313419        2.3583343810856781E-002
   1.9739739739739739       0.59208633250906695        2.0439369621911660E-002
   1.9779779779779780       0.52434301068703826        1.7295193300577764E-002
   1.9819819819819819       0.53644017043897907        1.4150845940762258E-002
   1.9859859859859861       0.46442720737214443        1.1006358638064652E-002
   1.9899899899899900       0.47716872647291186        7.8617624894684063E-003
   1.9939939939939939       0.40090354429998382        4.7170885930325071E-003
   1.9979979979979980       0.41426482841878959        1.5723680475848198E-003
   2.0020020020020022       0.33378800360887362       -1.5723680475845747E-003
   2.0060060060060061       0.34773912534951806       -4.7170885930322625E-003
   2.0100100100100100       0.26311587400068004       -7.8617624894681600E-003
   2.0140140140140139       0.27762133711912967       -1.1006358638064406E-002
   2.0180180180180178       0.18894302385213405       -1.4150845940762012E-002
   2.0220220220220222       0.20396155087953413       -1.7295193300577522E-002
   2.0260260260260261       0.11134716156378104       -2.0439369621911417E-002
   2.0300300300300300       0.12683166965973430       -2.3583343810856538E-002
   2.0340340340340339        3.0428810083242115E-002  -2.6727084775504683E-002
   2.0380380380380378        4.6327733736871872E-002  -2.9870561426253207E-002
   2.0420420420420422       -5.3689880743121428E-002  -3.3013742676113789E-002
   2.0460460460460461       -3.7422060340974610E-002  -3.6156597441019026E-002
   2.0500500500500500      -0.14087642993933033       -3.9299094640131087E-002
   2.0540540540540539      -0.12422903423193780       -4.2441203196148275E-002
   2.0580580580580579      -0.23097304633398555       -4.5582892035610979E-002
   2.0620620620620622      -0.21387733064530928       -4.8724130089212093E-002
   2.0660660660660661      -0.32379284465587094       -5.1864886292100738E-002
   2.0700700700700700      -0.30612186307839906       -5.5005129584192979E-002
   2.0740740740740740      -0.41911857459351082       -5.8144828910475933E-002
   2.0780780780780779      -0.40068613615395565       -6.1283953221315746E-002
   2.0820820820820822      -0.51670139650412039       -6.4422471472768209E-002
   2.0860860860860861      -0.49725997800640365       -6.7560352626878220E-002
   2.0900900900900901      -0.61625954830260965       -7.0697565651994698E-002
   2.0940940940940940      -0.59549683310276058       -7.3834079523071736E-002
   2.0980980980980979      -0.71747686844093095       -7.6969863221978935E-002
   2.1021021021021022      -0.69501092150769650       -8.0104885737806844E-002
   2.1061061061061062      -0.82000156812054936       -8.3239116067172741E-002
   2.1101101101101101      -0.79537391511739708       -8.6372523214528554E-002
   2.1141141141141140      -0.92344443814690080       -8.9505076192466101E-002
   2.1181181181181179      -0.89611041858696305       -9.2636744022027012E-002
   2.1221221221221223       -1.0273771225568964       -9.5767495733003860E-002
   2.1261261261261262      -0.99669338502174043       -9.8897300364249888E-002
   2.1301301301301301       -1.1313309650637358      -0.10202612696398396     
   2.1341341341341340       -1.0965373503389269      -0.10515394459009790     
   2.1381381381381384       -1.2347938656334339      -0.10828072231046167     
   2.1421421421421423       -1.1949886090680064      -0.11140642920322831     
   2.1461461461461462       -1.3372079772053345      -0.11453103435714115     
   2.1501501501501501       -1.2913159250378248      -0.11765450687183812     
   2.1541541541541540       -1.4379651196772714      -0.12077681585816090     
   2.1581581581581584       -1.3847035431002461      -0.12389793043845504     
   2.1621621621621623       -1.5363714760525085      -0.12701781974687892     
   2.1661661661661662       -1.4743030535413888      -0.13013645292970763     
   2.1701701701701701       -1.6314269395730219      -0.13325379914563942     
   2.1741741741741740       -1.5597277882189575      -0.13636982756609983     
   2.1781781781781784       -1.7204803607543167      -0.13948450737554569     
   2.1821821821821823       -1.6440411514662232      -0.14259780777177072     
   2.1861861861861862       -1.7929628882437842      -0.14570969796621108     
   2.1901901901901901       -1.7471102669136123      -0.14882014718424885     
   2.1941941941941940       -1.6132852134450977      -0.15192912466551567     
   2.1981981981981984       -1.6970897501068285      -0.15503659966419808     
   2.2022022022022023       -1.5369968432721375      -0.15814254144934084     
   2.2062062062062062       -1.6277154332889754      -0.16124691930515206     
   2.2102102102102101       -1.4756677576187598      -0.16434970253130612     
   2.2142142142142140       -1.5606490590889179      -0.16745086044324597     
   2.2182182182182184       -1.4205682133137350      -0.17055036237248966     
   2.2222222222222223       -1.4985926486547780      -0.17364817766693005     
   2.2262262262262262       -1.3703623275740742      -0.17674427569114157     
   2.2302302302302301       -1.4416152125612876      -0.17983862582667995     
   2.2342342342342341       -1.3246353219430271      -0.18293119747238654     
   2.2382382382382384       -1.3894604951664615      -0.18602196004469207     
   2.2422422422422423       -1.2831003404772743      -0.18911088297791614     
   2.2462462462462462       -1.3418447032792729      -0.19219793572457292     
   2.2502502502502502       -1.2454969617187215      -0.19528308775566983     
   2.2542542542542541       -1.2984930939098347      -0.19836630856101248     
   2.2582582582582584       -1.2115779023508508      -0.20144756764950500     
   2.2622622622622623       -1.2591434405141873      -0.20452683454945086     
   2.2662662662662663       -1.1811066161678028      -0.20760407880885542     
   2.2702702702702702       -1.2235455603206695      -0.21067926999572584     
   2.2742742742742741       -1.1538562842397972      -0.21375237769837538     
   2.2782782782782784       -1.1914604541184306      -0.21682337152571909     
   2.2822822822822824       -1.1296090170830837      -0.21989222110757778     
   2.2862862862862863       -1.1626595069892234      -0.22295889609497704     
   2.2902902902902902       -1.1081551168030610      -0.22602336616044871     
   2.2942942942942941       -1.1369238184275776      -0.22908560099832984     
   2.2982982982982985       -1.0892923605348008      -0.23214557032506164     
   2.3023023023023024       -1.1140436951959047      -0.23520324387949024     
   2.3063063063063063       -1.0728252771484132      -0.23825859142316458     
   2.3103103103103102       -1.0938183335056568      -0.24131158274063905     
   2.3143143143143141       -1.0585643991213389      -0.24436218763976694     
   2.3183183183183185       -1.0760557014152186      -0.24741037595200260     
   2.3223223223223224       -1.0463254978830925      -0.25045611753269847     
   2.3263263263263263       -1.0605725896056288      -0.25349938226140445     
   2.3303303303303302       -1.0359288779404172      -0.25654014004216497     
   2.3343343343343341       -1.0471947038259788      -0.25957836080381524     
   2.3383383383383385       -1.0271989223801619      -0.26261401450028221     
   2.3423423423423424       -1.0357565475464765      -0.26564707111087593     
   2.3463463463463463       -1.0199641818069005      -0.26867750064059437     
   2.3503503503503502       -1.0261007958199051      -0.27170527312041259     
   2.3543543543543541       -1.0140582560557150      -0.27473035860758266     
   2.3583583583583585       -1.0180769981546969      -0.27775272718593058     
   2.3623623623623624       -1.0093214829040698      -0.28077234896614911     
   2.3663663663663663       -1.0115397451000188      -0.28378919408609682     
   2.3703703703703702       -1.0056031275200648      -0.28680323271108998     
   2.3743743743743742       -1.0063467250258862      -0.28981443503420068     
   2.3783783783783785       -1.0027635487039550      -0.29282277127655010     
   2.3823823823823824       -1.0023572088879100      -0.29582821168760237     
   2.3863863863863863       -1.0006758220817935      -0.29883072654545989     
   2.3903903903903903      -0.99943138191576775      -0.30183028615715662     
   2.3943943943943946      -0.99922650442897532      -0.30482686085895327     
   2.3983983983983985      -0.99743067413286068      -0.30782042101662760     
   2.4024024024024024      -0.99831549965100508      -0.31081093702577117     
   2.4064064064064064      -0.99621896480564853      -0.31379837931207849     
   2.4104104104104103      -0.99785521320679205      -0.31678271833164234     
   2.4144144144144146      -0.99566435380557350      -0.31976392457124503     
   2.4184184184184185      -0.99776929357163879      -0.32274196854864923     
   2.4224224224224224      -0.99564150870779677      -0.32571682081289072     
   2.4264264264264264      -0.99798823752642207      -0.32868845194456880     
   2.4304304304304303      -0.99604664508063090      -0.33165683255613876     
   2.4344344344344346      -0.99843108532793823      -0.33462193329220136     
   2.4384384384384385      -0.99679408036052419      -0.33758372482979238     
   2.4424424424424425      -0.99903906116663987      -0.34054217787867352     
   2.4464464464464464      -0.99777686443876901      -0.34349726318162288     
   2.4504504504504503      -0.99978035452837022      -0.34644895151472338     
   2.4544544544544546      -0.99889687860535348      -0.34939721368765092     
   2.4584584584584586       -1.0006243611649874      -0.35234202054396457     
   2.4624624624624625       -1.0000804112024522      -0.35528334296139358     
   2.4664664664664664       -1.0015325957344392      -0.35822115185212722     
   2.4704704704704703       -1.0012747207498471      -0.36115541816310109     
   2.4744744744744747       -1.0024664692547869      -0.36408611287628395     
   2.4784784784784786       -1.0024396939219300      -0.36701320700896528     
   2.4824824824824825       -1.0033926301599880      -0.36993667161404292     
   2.4864864864864864       -1.0035437315244358      -0.37285647778030850     
   2.4904904904904903       -1.0042835592304107      -0.37577259663273233     
   2.4944944944944947       -1.0045630870642053      -0.37868499933275035     
   2.4984984984984986       -1.0051169430887827      -0.38159365707854853     
   2.5025025025025025       -1.0054810644538799      -0.38449854110534887     
   2.5065065065065064       -1.0058753002716558      -0.38739962268569306     
   2.5105105105105103       -1.0062868154722089      -0.39029687312972527     
   2.5145145145145147       -1.0065458256649475      -0.39319026378547894     
   2.5185185185185186       -1.0069742248255196      -0.39607976603915657     
   2.5225225225225225       -1.0071200045421449      -0.39896535131541627     
   2.5265265265265264       -1.0075410206381439      -0.40184699107765126     
   2.5305305305305303       -1.0075930678542317      -0.40472465682827302     
   2.5345345345345347       -1.0079880541667692      -0.40759832010899633     
   2.5385385385385386       -1.0079634019864507      -0.41046795250111373     
   2.5425425425425425       -1.0083186619346001      -0.41333352562578402     
   2.5465465465465464       -1.0082319892773974      -0.41619501114430751     
   2.5505505505505504       -1.0085380947968339      -0.41905238075840956     
   2.5545545545545547       -1.0084018914653012      -0.42190560621051959     
   2.5585585585585586       -1.0086530181725260      -0.42475465928404776     
   2.5625625625625625       -1.0084777819902884      -0.42759951180366890     
   2.5665665665665665       -1.0086710846738518      -0.43044013563559802     
   2.5705705705705704       -1.0084655137143468      -0.43327650268786827     
   2.5745745745745747       -1.0086005378095364      -0.43610858491061100     
   2.5785785785785786       -1.0083717475027185      -0.43893635429633066     
   2.5825825825825826       -1.0084499329316072      -0.44175978288018303     
   2.5865865865865865       -1.0082038875328687      -0.44457884274025233     
   2.5905905905905904       -1.0082278267083038      -0.44739350599782673     
   2.5945945945945947       -1.0079695742064303      -0.45020374481767333     
   2.5985985985985987       -1.0079428217510253      -0.45300953140831385     
   2.6026026026026026       -1.0076763836755387      -0.45581083802230121     
   2.6066066066066065       -1.0076033405386429      -0.45860763695649065     
   2.6106106106106104       -1.0073317038074474      -0.46139990055231678     
   2.6146146146146148       -1.0072174790481034      -0.46418760119606622     
   2.6186186186186187       -1.0069427953682362      -0.46697071131914791     
   2.6226226226226226       -1.0067926752285452      -0.46974920339837051     
   2.6266266266266265       -1.0065167352133755      -0.47252304995621180     
   2.6306306306306309       -1.0063359848273437      -0.47529222356109002     
   2.6346346346346348       -1.0060601510869303      -0.47805669682763591     
   2.6386386386386387       -1.0058538645982908      -0.48081644241696481     
   2.6426426426426426       -1.0055792193887494      -0.48357143303694416     
   2.6466466466466465       -1.0053522309668601      -0.48632164144246637     
   2.6506506506506509       -1.0050796533738275      -0.48906704043571703     
   2.6546546546546548       -1.0048364625997117      -0.49180760286644165     
   2.6586586586586587       -1.0045666873276728      -0.49454330163221849     
   2.6626626626626626       -1.0043114129676600      -0.49727410967872404     
   2.6666666666666665       -1.0040450734843283      -0.49999999999999972     
   2.6706706706706709       -1.0037814299219934      -0.50272094563872161     
   2.6746746746746748       -1.0035190889537060      -0.50543691968646454     
   2.6786786786786787       -1.0032503802302748      -0.50814789528396909     
   2.6826826826826826       -1.0029925503314299      -0.51085384562140823     
   2.6866866866866865       -1.0027216774632708      -0.51355474393865141     
   2.6906906906906909       -1.0024688340521395      -0.51625056352552878     
   2.6946946946946948       -1.0021983118193465      -0.51894127772209564     
   2.6986986986986987       -1.0019509007588108      -0.52162685991889768     
   2.7027027027027026       -1.0016828812282024      -0.52430728355723144     
   2.7067067067067065       -1.0014413223187444      -0.52698252212940910     
   2.7107107107107109       -1.0011776224344557      -0.52965254917902060     
   2.7147147147147148       -1.0009423103866790      -0.53231733830119188     
   2.7187187187187187       -1.0006844419234706      -0.53497686314285131     
   2.7227227227227226       -1.0004557456777985      -0.53763109740298709     
   2.7267267267267266       -1.0002049460229192      -0.54028001483290666     
   2.7307307307307309      -0.99998320711388566      -0.54292358923649919     
   2.7347347347347348      -0.99974046973408026      -0.54556179447049191     
   2.7387387387387387      -0.99952600038757755      -0.54819460444470958     
   2.7427427427427427      -0.99929210428292503      -0.55082199312233360     
   2.7467467467467466      -0.99908518554024395      -0.55344393452015828     
   2.7507507507507509      -0.99886072306821372      -0.55606040270884749     
   2.7547547547547548      -0.99866160321415243      -0.55867137181319182     
   2.7587587587587588      -0.99844700594492009      -0.56127681601236501     
   2.7627627627627627      -0.99825589943455817      -0.56387670954017755     
   2.7667667667667666      -0.99805146185094162      -0.56647102668533345     
   2.7707707707707709      -0.99786854870537756      -0.56905974179168384     
   2.7747747747747749      -0.99767444958853568      -0.57164282925847854     
   2.7787787787787788      -0.99749987539525431      -0.57422026354062317     
   2.7827827827827827      -0.99731619697908147      -0.57679201914892952     
   2.7867867867867866      -0.99715007339549055      -0.57935807065036660     
   2.7907907907907910      -0.99697681829664919      -0.58191839266831491     
   2.7947947947947949      -0.99681922408711887      -0.58447295988281489     
   2.7987987987987988      -0.99665633020776589      -0.58702174703081833     
   2.8028028028028027      -0.99650731262036207      -0.58956472890643896     
   2.8068068068068066      -0.99635466594233413      -0.59210188036120082     
   2.8108108108108110      -0.99621424243674239      -0.59463317630428647     
   2.8148148148148149      -0.99607168812499569      -0.59715859170278585     
   2.8188188188188188      -0.99593984848131079      -0.59967810158194468     
   2.8228228228228227      -0.99580720037258652      -0.60219168102540921     
   2.8268268268268266      -0.99568390876925272      -0.60469930517547521     
   2.8308308308308310      -0.99556095720987403      -0.60720094923333168     
   2.8348348348348349      -0.99544615459705632      -0.60969658845930674     
   2.8388388388388388      -0.99533267322215135      -0.61218619817311326     
   2.8428428428428427      -0.99522627970836630      -0.61466975375409216     
   2.8468468468468466      -0.99512203075079708      -0.61714723064145482     
   2.8508508508508510      -0.99502394787342663      -0.61961860433452842     
   2.8548548548548549      -0.99492868679202029      -0.62208385039299596     
   2.8588588588588588      -0.99483879992905055      -0.62454294443713865     
   2.8628628628628627      -0.99475227882236339      -0.62699586214807834     
   2.8668668668668666      -0.99467045927173936      -0.62944257926801550     
   2.8708708708708710      -0.99459242986182139      -0.63188307160047208     
   2.8748748748748749      -0.99451853705244175      -0.63431731501052735     
   2.8788788788788788      -0.99444875268429134      -0.63674528542506048     
   2.8828828828828827      -0.99438263599145049      -0.63916695883298458     
   2.8868868868868871      -0.99432085345029775      -0.64158231128548815     
   2.8908908908908910      -0.99426235405488816      -0.64399131889626826     
   2.8948948948948949      -0.99420833453029211      -0.64639395784176901     
   2.8988988988988988      -0.99415728698445638      -0.64879020436141721     
   2.9029029029029028      -0.99411079705270133      -0.65118003475785557     
   2.9069069069069071      -0.99406703065279634      -0.65356342539717915     
   2.9109109109109110      -0.99402784258074484      -0.65594035270916740     
   2.9149149149149149      -0.99399118274052733      -0.65831079318751873     
   2.9189189189189189      -0.99395907481983303      -0.66067472339008115     
   2.9229229229229228      -0.99392934394226651      -0.66303211993908662     
   2.9269269269269271      -0.99390410049280509      -0.66538295952137938     
   2.9309309309309310      -0.99388111905652710      -0.66772721888864839     
   2.9349349349349350      -0.99386253017829163      -0.67006487485765742     
   2.9389389389389389      -0.99384611738412176      -0.67239590431047236     
   2.9429429429429428      -0.99383397884033320      -0.67472028419469232     
   2.9469469469469471      -0.99382395318953543      -0.67703799152367616     
   2.9509509509509511      -0.99381806591775657      -0.67934900337676973     
   2.9549549549549550      -0.99381424578238331      -0.68165329689953269     
   2.9589589589589589      -0.99381441550033045      -0.68395084930396566     
   2.9629629629629628      -0.99381661938049759      -0.68624163786873338     
   2.9669669669669672      -0.99382265642497059      -0.68852563993939209     
   2.9709709709709711      -0.99383070334042567      -0.69080283292861111     
   2.9749749749749750      -0.99384242153496161      -0.69307319431639702     
   2.9789789789789789      -0.99385613086568136      -0.69533670165031769     
   2.9829829829829828      -0.99387334731289356      -0.69759333254572287     
   2.9869869869869872      -0.99389253895041363      -0.69984306468596547     
   2.9909909909909911      -0.99391507353414965      -0.70208587582262250     
   2.9949949949949950      -0.99393956797137062      -0.70432174377571644     
   2.9989989989989989      -0.99396724276238679      -0.70655064643393228     
   3.0030030030030028      -0.99399686105772311      -0.70877256175483805     
   3.0070070070070072      -0.99402949986368405      -0.71098746776510247     
   3.0110110110110111      -0.99406406338445075      -0.71319534256071015     
   3.0150150150150150      -0.99410149137255766      -0.71539616430718178     
   3.0190190190190189      -0.99414082163642081      -0.71758991123978788     
   3.0230230230230228      -0.99418286484771856      -0.71977656166376336     
   3.0270270270270272      -0.99422678347074422      -0.72195609395452442     
   3.0310310310310311      -0.99427326821680984      -0.72412848655788031     
   3.0350350350350350      -0.99432159675347043      -0.72629371799024711     
   3.0390390390390389      -0.99437234937103081      -0.72845176683886070     
   3.0430430430430429      -0.99442490899054892      -0.73060261176198871     
   3.0470470470470472      -0.99447975547287515      -0.73274623148913987     
   3.0510510510510511      -0.99453636684481916      -0.73488260482127588     
   3.0550550550550550      -0.99459513243943887      -0.73701171063102133     
   3.0590590590590589      -0.99465561552773818      -0.73913352786287101     
   3.0630630630630629      -0.99471812447815755      -0.74124803553339991     
   3.0670670670670672      -0.99478229835209919      -0.74335521273147032     
   3.0710710710710711      -0.99484837373233559      -0.74545503861843621     
   3.0750750750750750      -0.99491605627907098      -0.74754749242835339     
   3.0790790790790790      -0.99498551972867766      -0.74963255346818258     
   3.0830830830830829      -0.99505652758980390      -0.75171020111799314     
   3.0870870870870872      -0.99512919911534548      -0.75378041483116953     
   3.0910910910910911      -0.99520334758531170      -0.75584317413461222     
   3.0950950950950951      -0.99527904537099476      -0.75789845862894101     
   3.0990990990990990      -0.99535614825123320      -0.75994624798869759     
   3.1031031031031029      -0.99543468861693019      -0.76198652196254535     
   3.1071071071071072      -0.99551455809105793      -0.76401926037346968     
   3.1111111111111112      -0.99559575541300427      -0.76604444311897801     
   3.1151151151151151      -0.99567820200134838      -0.76806205017129969     
   3.1191191191191190      -0.99576186866737526      -0.77007206157758090     
   3.1231231231231229      -0.99584670122710472      -0.77207445746008596     
   3.1271271271271273      -0.99593264758052569      -0.77406921801639050     
   3.1311311311311312      -0.99601967328150176      -0.77605632351957909     
   3.1351351351351351      -0.99610770769024071      -0.77803575431843974     
   3.1391391391391390      -0.99619673203549275      -0.78000749083765863     
   3.1431431431431434      -0.99628666096813878      -0.78197151357801342     
   3.1471471471471473      -0.99637748783444113      -0.78392780311656574     
   3.1511511511511512      -0.99646911592739484      -0.78587634010685492     
   3.1551551551551551      -0.99656154763796334      -0.78781710527908644     
   3.1591591591591590      -0.99665467783080641      -0.78975007944032583     
   3.1631631631631634      -0.99674851527553554      -0.79167524347468532     
   3.1671671671671673      -0.99684294897225356      -0.79359257834351493     
   3.1711711711711712      -0.99693799178591691      -0.79550206508559018     
   3.1751751751751751      -0.99703352895836705      -0.79740368481729929     
   3.1791791791791790      -0.99712957565505900      -0.79929741873283011     
   3.1831831831831834      -0.99722601510602549      -0.80118324810435748     
   3.1871871871871873      -0.99732286328733444      -0.80306115428222580     
   3.1911911911911912      -0.99742000286923393      -0.80493111869513456     
   3.1951951951951951      -0.99751744945326515      -0.80679312285032412     
   3.1991991991991990      -0.99761508632652363      -0.80864714833375495     
   3.2032032032032034      -0.99771292775916820      -0.81049317681029209     
   3.2072072072072073      -0.99781085866024810      -0.81233119002388610     
   3.2112112112112112      -0.99790889122687554      -0.81416116979775310     
   3.2152152152152151      -0.99800691276710907      -0.81598309803455449     
   3.2192192192192191      -0.99810493287621094      -0.81779695671657726     
   3.2232232232232234      -0.99820284188012043      -0.81960272790591171     
   3.2272272272272273      -0.99830064637963745      -0.82140039374462503     
   3.2312312312312312      -0.99839824019385748      -0.82318993645494509     
   3.2352352352352352      -0.99849562671583780      -0.82497133833943015     
   3.2392392392392391      -0.99859270359141772      -0.82674458178114651     
   3.2432432432432434      -0.99868947090387505      -0.82850964924384241     
   3.2472472472472473      -0.99878583037744262      -0.83026652327212114     
   3.2512512512512513      -0.99888177875695172      -0.83201518649161355     
   3.2552552552552552      -0.99897722201658046      -0.83375562160915107     
   3.2592592592592591      -0.99907215365541946      -0.83548781141293604     
   3.2632632632632634      -0.99916648397800867      -0.83721173877271049     
   3.2672672672672673      -0.99926020337815136      -0.83892738663992716     
   3.2712712712712713      -0.99935322654145897      -0.84063473804791811     
   3.2752752752752752      -0.99944554094258453      -0.84233377611206173     
   3.2792792792792791      -0.99953706564692135      -0.84402448402995045     
   3.2832832832832834      -0.99962778544688002      -0.84570684508155636     
   3.2872872872872874      -0.99971762376602114      -0.84738084262939606     
   3.2912912912912913      -0.99980656298066872      -0.84904646011869733     
   3.2952952952952952      -0.99989453081288671      -0.85070368107756111     
   3.2992992992992991      -0.99998150752048864      -0.85235248911712369     
   3.3033033033033035       -1.0000674250535999      -0.85399286793172058     
   3.3073073073073074       -1.0001522618503316      -0.85562480129904661     
   3.3113113113113113       -1.0002359540065173      -0.85724827308031681     
   3.3153153153153152       -1.0003184784685570      -0.85886326722042616     
   3.3193193193193191       -1.0003997753946603      -0.86046976774810746     
   3.3233233233233235       -1.0004798205542327      -0.86206775877609132     
   3.3273273273273274       -1.0005585580742014      -0.86365722450126015     
   3.3313313313313313       -1.0006359628805530      -0.86523814920480790     
   3.3353353353353352       -1.0007119829772744      -0.86681051725239255     
   3.3393393393393391       -1.0007865927596498      -0.86837431309429247     
   3.3433433433433435       -1.0008597440271008      -0.86992952126555956     
   3.3473473473473474       -1.0009314109665362      -0.87147612638617244     
   3.3513513513513513       -1.0010015490886910      -0.87301411316118827     
   3.3553553553553552       -1.0010701326782940      -0.87454346638089397     
   3.3593593593593591       -1.0011371208817819      -0.87606417092095756     
   3.3633633633633635       -1.0012024883801407      -0.87757621174257716     
   3.3673673673673674       -1.0012661978913957      -0.87907957389262847     
   3.3713713713713713       -1.0013282247674662      -0.88057424250381433     
   3.3753753753753752       -1.0013885352375114      -0.88206020279481123     
   3.3793793793793796       -1.0014471056061565      -0.88353744007041513     
   3.3833833833833835       -1.0015039055579213      -0.88500593972168740     
   3.3873873873873874       -1.0015589126058320      -0.88646568722609875     
   3.3913913913913913       -1.0016120998445008      -0.88791666814767278     
   3.3953953953953953       -1.0016634462374550      -0.88935886813712972     
   3.3993993993993996       -1.0017129282510930      -0.89079227293202790     
   3.4034034034034035       -1.0017605265296448      -0.89221686835690339     
   3.4074074074074074       -1.0018062208734373      -0.89363264032341194     
   3.4114114114114114       -1.0018499938162277      -0.89503957483046781     
   3.4154154154154153       -1.0018918284707230      -0.89643765796438168     
   3.4194194194194196       -1.0019317094573943      -0.89782687589899912     
   3.4234234234234235       -1.0019696231766289      -0.89920721489583688     
   3.4274274274274275       -1.0020055565144119      -0.90057866130421815     
   3.4314314314314314       -1.0020394991403172      -0.90194120156140900     
   3.4354354354354353       -1.0020714403683086      -0.90329482219275192     
   3.4394394394394396       -1.0021013731216120      -0.90463950981179775     
   3.4434434434434436       -1.0021292892883973      -0.90597525112043964     
   3.4474474474474475       -1.0021551850332227      -0.90730203290904421     
   3.4514514514514514       -1.0021790549471041      -0.90861984205658186     
   3.4554554554554553       -1.0022008984167063      -0.90992866553075646     
   3.4594594594594597       -1.0022207128563319      -0.91122849038813580     
   3.4634634634634636       -1.0022385008611039      -0.91251930377427593     
   3.4674674674674675       -1.0022542627628148      -0.91380109292385281     
   3.4714714714714714       -1.0022680043584531      -0.91507384516078560     
   3.4754754754754753       -1.0022797289706231      -0.91633754789836286     
   3.4794794794794797       -1.0022894455767981      -0.91759218863936631     
   3.4834834834834836       -1.0022971605627931      -0.91883775497619591     
   3.4874874874874875       -1.0023028860620335      -0.92007423459099136     
   3.4914914914914914       -1.0023066315743752      -0.92130161525575383     
   3.4954954954954953       -1.0023084123630626      -0.92251988483246850     
   3.4994994994994997       -1.0023082410744701      -0.92372903127322248     
   3.5035035035035036       -1.0023061360227710      -0.92492904262032472     
   3.5075075075075075       -1.0023021129794878      -0.92611990700642566     
   3.5115115115115114       -1.0022961934193368      -0.92730161265463207     
   3.5155155155155153       -1.0022883962653730      -0.92847414787862559     
   3.5195195195195197       -1.0022787460170866      -0.92963750108277710     
   3.5235235235235236       -1.0022672647597546      -0.93079166076226205     
   3.5275275275275275       -1.0022539799536199      -0.93193661550317375     
   3.5315315315315314       -1.0022389167976540      -0.93307235398263721     
   3.5355355355355353       -1.0022221056661296      -0.93419886496891946     
   3.5395395395395397       -1.0022035748297435      -0.93531613732154262     
   3.5435435435435436       -1.0021833575080576      -0.93642415999139206     
   3.5475475475475475       -1.0021614849801619      -0.93752292202082732     
   3.5515515515515514       -1.0021379932223393      -0.93861241254378924     
   3.5555555555555554       -1.0021129164493836      -0.93969262078590843     
   3.5595595595595597       -1.0020862933331782      -0.94076353606461116     
   3.5635635635635636       -1.0020581609021528      -0.94182514778922477     
   3.5675675675675675       -1.0020285604176569      -0.94287744546108421     
   3.5715715715715715       -1.0019975316271725      -0.94392041867363274     
   3.5755755755755754       -1.0019651182861273      -0.94495405711252811     
   3.5795795795795797       -1.0019313627159838      -0.94597835055574231     
   3.5835835835835836       -1.0018963110401897      -0.94699328887366330     
   3.5875875875875876       -1.0018600080579758      -0.94799886202919548     
   3.5915915915915915       -1.0018225020989193      -0.94899506007785894     
   3.5955955955955954       -1.0017838402748880      -0.94998187316788696     
   3.5995995995995997       -1.0017440729858780      -0.95095929154032532     
   3.6036036036036037       -1.0017032495096589      -0.95192730552912663     
   3.6076076076076076       -1.0016614221517284      -0.95288590556124664     
   3.6116116116116115       -1.0016186421689357      -0.95383508215674029     
   3.6156156156156154       -1.0015749636082969      -0.95477482592885354     
   3.6196196196196198       -1.0015304395235849      -0.95570512758411708     
   3.6236236236236237       -1.0014851254727160      -0.95662597792243798     
   3.6276276276276276       -1.0014390761933842      -0.95753736783719101     
   3.6316316316316315       -1.0013923484770830      -0.95843928831530878     
   3.6356356356356359       -1.0013449985867708      -0.95933173043737030     
   3.6396396396396398       -1.0012970842937294      -0.96021468537768961     
   3.6436436436436437       -1.0012486631959119      -0.96108814440440271     
   3.6476476476476476       -1.0011997938162875      -0.96195209887955480     
   3.6516516516516515       -1.0011505348610981      -0.96280654025918444     
   3.6556556556556559       -1.0011009453469701      -0.96365146009340885     
   3.6596596596596598       -1.0010510848666929      -0.96448685002650714     
   3.6636636636636637       -1.0010010126828572      -0.96531270179700357     
   3.6676676676676676       -1.0009507890261140      -0.96612900723774797     
   3.6716716716716715       -1.0009004731765994      -0.96693575827599820     
   3.6756756756756759       -1.0008501256210742      -0.96773294693349898     
   3.6796796796796798       -1.0007998056165923      -0.96852056532655983     
   3.6836836836836837       -1.0007495733898555      -0.96929860566613557     
   3.6876876876876876       -1.0006994881250630      -0.97006706025790090     
   3.6916916916916915       -1.0006496093111990      -0.97082592150232783     
   3.6956956956956959       -1.0005999959990890      -0.97157518189476044     
   3.6996996996996998       -1.0005507064024763      -0.97231483402548924     
   3.7037037037037037       -1.0005017994386896      -0.97304487057982392     
   3.7077077077077076       -1.0004533314734094      -0.97376528433816678     
   3.7117117117117115       -1.0004053612240811      -0.97447606817608323     
   3.7157157157157159       -1.0003579428573863      -0.97517721506437227     
   3.7197197197197198       -1.0003111344497500      -0.97586871806913611     
   3.7237237237237237       -1.0002649880055179      -0.97655057035184933     
   3.7277277277277276       -1.0002195601445083      -0.97722276516942586     
   3.7317317317317316       -1.0001749011694570      -0.97788529587428519     
   3.7357357357357359       -1.0001310648756558      -0.97853815591441973     
   3.7397397397397398       -1.0000881010319784      -0.97918133883345804     
   3.7437437437437437       -1.0000460584761595      -0.97981483827072935     
   3.7477477477477477       -1.0000049881710797      -0.98043864796132674     
   3.7517517517517516      -0.99996493165535649      -0.98105276173616807     
   3.7557557557557559      -0.99992594284504677      -0.98165717352205806     
   3.7597597597597598      -0.99988805368292810      -0.98225187734174813     
   3.7637637637637638      -0.99985132235210106      -0.98283686731399489     
   3.7677677677677677      -0.99981577020984602      -0.98341213765361879     
   3.7717717717717716      -0.99978145884898606      -0.98397768267156138     
   3.7757757757757759      -0.99974840086144534      -0.98453349677494195     
   3.7797797797797799      -0.99971665693290990      -0.98507957446711136     
   3.7837837837837838      -0.99968623719080685      -0.98561591034770824     
   3.7877877877877877      -0.99965719155690314      -0.98614249911271146     
   3.7917917917917916      -0.99962954015694905      -0.98665933555449192     
   3.7957957957957960      -0.99960330606659165      -0.98716641456186571     
   3.7997997997997999      -0.99957853792584506      -0.98766373112014327     
   3.8038038038038038      -0.99955521061187980      -0.98815128031117960     
   3.8078078078078077      -0.99953342320064686      -0.98862905731342254     
   3.8118118118118116      -0.99951308069591749      -0.98909705740196108     
   3.8158158158158160      -0.99949435074803905      -0.98955527594857173     
   3.8198198198198199      -0.99947705624891126      -0.99000370842176366     
   3.8238238238238238      -0.99946143488223937      -0.99044235038682449     
   3.8278278278278277      -0.99944724040205080      -0.99087119750586350     
   3.8318318318318316      -0.99943474735654869      -0.99129024553785516     
   3.8358358358358360      -0.99942369808254028      -0.99169949033868066     
   3.8398398398398399      -0.99941431642203271      -0.99209892786116838     
   3.8438438438438438      -0.99940645358153946      -0.99248855415513493     
   3.8478478478478477      -0.99940012748816887      -0.99286836536742351     
   3.8518518518518516      -0.99939548614336637      -0.99323835774194280     
   3.8558558558558560      -0.99939212629722329      -0.99359852761970280     
   3.8598598598598599      -0.99939072343552393      -0.99394887143885202     
   3.8638638638638638      -0.99939022485129769      -0.99428938573471282     
   3.8678678678678677      -0.99939203301483659      -0.99462006713981466     
   3.8718718718718717      -0.99939430925502259      -0.99494091238392857     
   3.8758758758758760      -0.99939921360834805      -0.99525191829409909     
   3.8798798798798799      -0.99940424605036215      -0.99555308179467450     
   3.8838838838838838      -0.99941199018720439      -0.99584439990733942     
   3.8878878878878878      -0.99941988172744423      -0.99612586975114281     
   3.8918918918918921      -0.99943002077198173      -0.99639748854252641     
   3.8958958958958960      -0.99944102761162745      -0.99665925359535279     
   3.8998998998998999      -0.99945292249378892      -0.99691116232093191     
   3.9039039039039038      -0.99946742231875041      -0.99715321222804643     
   3.9079079079079078      -0.99948032288616651      -0.99738540092297623     
   3.9119119119119121      -0.99949866956444522      -0.99760772610952264     
   3.9159159159159160      -0.99951193288265805      -0.99782018558903074     
   3.9199199199199199      -0.99953416277883400      -0.99802277726041111     
   3.9239239239239239      -0.99954762022816690      -0.99821549912016083     
   3.9279279279279278      -0.99957302918930191      -0.99839834926238302     
   3.9319319319319321      -0.99958743907999414      -0.99857132587880604     
   3.9359359359359360      -0.99961414678978899      -0.99873442725880057     
   3.9399399399399400      -0.99963155812334936      -0.99888765178939798     
   3.9439439439439439      -0.99965628804658713      -0.99903099795530448     
   3.9479479479479478      -0.99968005087489087      -0.99916446433891781     
   3.9519519519519521      -0.99969839314939435      -0.99928804962034024     
   3.9559559559559561      -0.99973259677079995      -0.99940175257739150     
   3.9599599599599600      -0.99973986142953719      -0.99950557208562174     
   3.9639639639639639      -0.99978826434028312      -0.99959950711832180     
   3.9679679679679678      -0.99978065587059206      -0.99968355674653397     
   3.9719719719719722      -0.99984553304456725      -0.99975772013906072     
   3.9759759759759761      -0.99982129437451583      -0.99982199656247328     
   3.9799799799799800      -0.99990201275530399      -0.99987638538111856     
   3.9839839839839839      -0.99986424104990834      -0.99992088605712559     
   3.9879879879879878      -0.99995078824220396      -0.99995549815041107     
   3.9919919919919922      -0.99992219526882431      -0.99998022131868336     
   3.9959959959959961      -0.99996504435358358      -0.99999505531744570     
   4.0000000000000000       -1.0000000000000000       -1.0000000000000000     
