   0.0000000000000000        1.0000000000000000       0.99999999999999989     
   4.0040040040040040E-003   1.0002177127265137       0.99999505531744592     
   8.0080080080080079E-003   1.0000016730341812       0.99998022131868325     
   1.2012012012012012E-002   1.0002394038098970       0.99995549815041107     
   1.6016016016016016E-002   1.0001108114618737       0.99992088605712559     
   2.0020020020020020E-002   1.0002377438480374       0.99987638538111856     
   2.4024024024024024E-002   1.0001952552311975       0.99982199656247328     
   2.8028028028028028E-002   1.0002371874164138       0.99975772013906072     
   3.2032032032032032E-002   1.0002523565501762       0.99968355674653397     
   3.6036036036036036E-002   1.0002405736881197       0.99959950711832180     
   4.0040040040040040E-002   1.0002820789954108       0.99950557208562174     
   4.4044044044044044E-002   1.0002454751455001       0.99940175257739161     
   4.8048048048048048E-002   1.0002886074787229       0.99928804962034012     
   5.2052052052052052E-002   1.0002468666475399       0.99916446433891792     
   5.6056056056056056E-002   1.0002772875244537       0.99903099795530459     
   6.0060060060060060E-002   1.0002400143790871       0.99888765178939798     
   6.4064064064064064E-002   1.0002524849056826       0.99873442725880068     
   6.8068068068068074E-002   1.0002218163306456       0.99857132587880615     
   7.2072072072072071E-002   1.0002169296870909       0.99839834926238324     
   7.6076076076076082E-002   1.0001909092774177       0.99821549912016094     
   8.0080080080080079E-002   1.0001719450910211       0.99802277726041122     
   8.4084084084084090E-002   1.0001472191778036       0.99782018558903074     
   8.8088088088088087E-002   1.0001179712324593       0.99760772610952264     
   9.2092092092092098E-002   1.0000914166407553       0.99738540092297623     
   9.6096096096096095E-002   1.0000550564677979       0.99715321222804643     
  0.10010010010010011        1.0000244870265442       0.99691116232093191     
  0.10410410410410410       0.99998319456148121       0.99665925359535279     
  0.10810810810810811       0.99994746627462228       0.99639748854252641     
  0.11211211211211211       0.99990250276994963       0.99612586975114281     
  0.11611611611611612       0.99986131753401153       0.99584439990733964     
  0.12012012012012012       0.99981328236575551       0.99555308179467450     
  0.12412412412412413       0.99976690008281988       0.99525191829409887     
  0.12812812812812813       0.99971601066371352       0.99494091238392868     
  0.13213213213213212       0.99966498634481338       0.99462006713981466     
  0.13613613613613615       0.99961130269207710       0.99428938573471282     
  0.14014014014014015       0.99955629562205228       0.99394887143885213     
  0.14414414414414414       0.99949986694764459       0.99359852761970280     
  0.14814814814814814       0.99944152669272968       0.99323835774194291     
  0.15215215215215216       0.99938246748162274       0.99286836536742373     
  0.15615615615615616       0.99932138147676886       0.99248855415513493     
  0.16016016016016016       0.99925989648073210       0.99209892786116838     
  0.16416416416416416       0.99919657847496801       0.99169949033868066     
  0.16816816816816818       0.99913295707410765       0.99129024553785539     
  0.17217217217217218       0.99906785742040449       0.99087119750586361     
  0.17617617617617617       0.99900245366368379       0.99044235038682449     
  0.18018018018018017       0.99893597807075241       0.99000370842176388     
  0.18418418418418420       0.99886918737967489       0.98955527594857196     
  0.18818818818818819       0.99880171551509633       0.98909705740196130     
  0.19219219219219219       0.99873395419424182       0.98862905731342254     
  0.19619619619619619       0.99866585412022779       0.98815128031117949     
  0.20020020020020021       0.99859754407219958       0.98766373112014327     
  0.20420420420420421       0.99852918150909531       0.98716641456186571     
  0.20820820820820821       0.99846074032741916       0.98665933555449203     
  0.21221221221221220       0.99839248293665372       0.98614249911271146     
  0.21621621621621623       0.99832431840719837       0.98561591034770846     
  0.22022022022022023       0.99825653654963509       0.98507957446711159     
  0.22422422422422422       0.99818904440937517       0.98453349677494206     
  0.22822822822822822       0.99812210970721227       0.98397768267156138     
  0.23223223223223224       0.99805567312862675       0.98341213765361868     
  0.23623623623623624       0.99798995570556304       0.98283686731399489     
  0.24024024024024024       0.99792494570957235       0.98225187734174813     
  0.24424424424424424       0.99786081140950900       0.98165717352205828     
  0.24824824824824826       0.99779758750296454       0.98105276173616818     
  0.25225225225225223       0.99773539499829988       0.98043864796132674     
  0.25625625625625625       0.99767430560726122       0.97981483827072957     
  0.26026026026026028       0.99761440420772995       0.97918133883345804     
  0.26426426426426425       0.99755578689695013       0.97853815591441973     
  0.26826826826826827       0.99749851467911654       0.97788529587428519     
  0.27227227227227230       0.99744269584139589       0.97722276516942586     
  0.27627627627627627       0.99738837851810114       0.97655057035184956     
  0.28028028028028029       0.99733567301986736       0.97586871806913633     
  0.28428428428428426       0.99728462283953623       0.97517721506437238     
  0.28828828828828829       0.99723533338348214       0.97447606817608334     
  0.29229229229229231       0.99718784869637844       0.97376528433816700     
  0.29629629629629628       0.99714226506025250       0.97304487057982403     
  0.30030030030030030       0.99709862977478003       0.97231483402548924     
  0.30430430430430433       0.99705702827721843       0.97157518189476044     
  0.30830830830830830       0.99701751153788210       0.97082592150232794     
  0.31231231231231232       0.99698015426502062       0.97006706025790113     
  0.31631631631631629       0.99694501036758110       0.96929860566613568     
  0.32032032032032032       0.99691214467180078       0.96852056532656006     
  0.32432432432432434       0.99688161266577457       0.96773294693349898     
  0.32832832832832831       0.99685347084281939       0.96693575827599854     
  0.33233233233233234       0.99682777443086390       0.96612900723774819     
  0.33633633633633636       0.99680457325495120       0.96531270179700357     
  0.34034034034034033       0.99678392074299826       0.96448685002650714     
  0.34434434434434436       0.99676586125479238       0.96365146009340885     
  0.34834834834834832       0.99675044527507373       0.96280654025918455     
  0.35235235235235235       0.99673771276437484       0.96195209887955491     
  0.35635635635635637       0.99672771020092865       0.96108814440440293     
  0.36036036036036034       0.99672047400320984       0.96021468537768961     
  0.36436436436436437       0.99671604605107234       0.95933173043737041     
  0.36836836836836839       0.99671445953813775       0.95843928831530878     
  0.37237237237237236       0.99671575153370007       0.95753736783719101     
  0.37637637637637639       0.99671995193246776       0.95662597792243798     
  0.38038038038038036       0.99672709324188635       0.95570512758411708     
  0.38438438438438438       0.99673720227773599       0.95477482592885377     
  0.38838838838838841       0.99675030677123033       0.95383508215674051     
  0.39239239239239238       0.99676643046809044       0.95288590556124697     
  0.39639639639639640       0.99678559649144904       0.95192730552912663     
  0.40040040040040042       0.99680782531827494       0.95095929154032544     
  0.40440440440440439       0.99683313577382160       0.94998187316788707     
  0.40840840840840842       0.99686154483833256       0.94899506007785894     
  0.41241241241241239       0.99689306734582828       0.94799886202919548     
  0.41641641641641641       0.99692771667846547       0.94699328887366341     
  0.42042042042042044       0.99696550378881199       0.94597835055574242     
  0.42442442442442441       0.99700643848627779       0.94495405711252856     
  0.42842842842842843       0.99705052794069460       0.94392041867363297     
  0.43243243243243246       0.99709777842352865       0.94287744546108421     
  0.43643643643643643       0.99714819347291250       0.94182514778922499     
  0.44044044044044045       0.99720177575772995       0.94076353606461094     
  0.44444444444444442       0.99725852538021575       0.93969262078590843     
  0.44844844844844844       0.99731844139127102       0.93861241254378935     
  0.45245245245245247       0.99738152060046059       0.93752292202082743     
  0.45645645645645644       0.99744775849609113       0.93642415999139239     
  0.46046046046046046       0.99751714865887908       0.93531613732154295     
  0.46446446446446449       0.99758968314479857       0.93419886496891991     
  0.46846846846846846       0.99766535232499065       0.93307235398263733     
  0.47247247247247248       0.99774414496675234       0.93193661550317397     
  0.47647647647647645       0.99782604826541299       0.93079166076226205     
  0.48048048048048048       0.99791104783818718       0.92963750108277710     
  0.48448448448448450       0.99799912776974320       0.92847414787862570     
  0.48848848848848847       0.99809027060874345       0.92730161265463229     
  0.49249249249249250       0.99818445744023765       0.92611990700642588     
  0.49649649649649652       0.99828166781402516       0.92492904262032505     
  0.50050050050050054       0.99838187991711969       0.92372903127322259     
  0.50450450450450446       0.99848507039300216       0.92251988483246872     
  0.50850850850850848       0.99859121462024292       0.92130161525575405     
  0.51251251251251251       0.99870028641765951       0.92007423459099136     
  0.51651651651651653       0.99881225846789212       0.91883775497619602     
  0.52052052052052056       0.99892710187122302       0.91759218863936653     
  0.52452452452452447       0.99904478665489493       0.91633754789836308     
  0.52852852852852850       0.99916528133874083       0.91507384516078605     
  0.53253253253253252       0.99928855336678790       0.91380109292385314     
  0.53653653653653655       0.99941456877431878       0.91251930377427604     
  0.54054054054054057       0.99954329251840268       0.91122849038813569     
  0.54454454454454460       0.99967468823424432       0.90992866553075669     
  0.54854854854854851       0.99980871848832542       0.90861984205658186     
  0.55255255255255253       0.99994534460533113       0.90730203290904443     
  0.55655655655655656        1.0000845268410572       0.90597525112043986     
  0.56056056056056058        1.0002262243157571       0.90463950981179786     
  0.56456456456456461        1.0003703950664034       0.90329482219275237     
  0.56856856856856852        1.0005169960694216       0.90194120156140967     
  0.57257257257257255        1.0006659832583504       0.90057866130421826     
  0.57657657657657657        1.0008173115348693       0.89920721489583666     
  0.58058058058058060        1.0009709348220943       0.89782687589899912     
  0.58458458458458462        1.0011268060317482       0.89643765796438168     
  0.58858858858858853        1.0012848771564136       0.89503957483046792     
  0.59259259259259256        1.0014450992060231       0.89363264032341216     
  0.59659659659659658        1.0016074223193550       0.89221686835690384     
  0.60060060060060061        1.0017717956897918       0.89079227293202834     
  0.60460460460460463        1.0019381676786390       0.88935886813713039     
  0.60860860860860866        1.0021064857439299       0.88791666814767300     
  0.61261261261261257        1.0022766965455514       0.88646568722609853     
  0.61661661661661660        1.0024487458835323       0.88500593972168740     
  0.62062062062062062        1.0026225787913225       0.88353744007041513     
  0.62462462462462465        1.0027981394849814       0.88206020279481145     
  0.62862862862862867        1.0029753714449081       0.88057424250381455     
  0.63263263263263259        1.0031542173743584       0.87907957389262892     
  0.63663663663663661        1.0033346192718362       0.87757621174257761     
  0.64064064064064064        1.0035165183964490       0.87606417092095823     
  0.64464464464464466        1.0036998553331611       0.87454346638089420     
  0.64864864864864868        1.0038845699634955       0.87301411316118804     
  0.65265265265265260        1.0040706015243441       0.87147612638617244     
  0.65665665665665662        1.0042578885837823       0.86992952126555978     
  0.66066066066066065        1.0044463690933683       0.86837431309429269     
  0.66466466466466467        1.0046359803693088       0.86681051725239278     
  0.66866866866866870        1.0048266591379973       0.86523814920480835     
  0.67267267267267272        1.0050183415223950       0.86365722450126059     
  0.67667667667667664        1.0052109630816366       0.86206775877609154     
  0.68068068068068066        1.0054044588009186       0.86046976774810768     
  0.68468468468468469        1.0055987631277619       0.85886326722042616     
  0.68868868868868871        1.0057938099618393       0.85724827308031681     
  0.69269269269269274        1.0059895326926842       0.85562480129904683     
  0.69669669669669665        1.0061858641831565       0.85399286793172080     
  0.70070070070070067        1.0063827368165599       0.85235248911712413     
  0.70470470470470470        1.0065800824640043       0.85070368107756156     
  0.70870870870870872        1.0067778325524170       0.84904646011869800     
  0.71271271271271275        1.0069759180026807       0.84738084262939628     
  0.71671671671671666        1.0071742693331329       0.84570684508155602     
  0.72072072072072069        1.0073728165529641       0.84402448402995045     
  0.72472472472472471        1.0075714893165328       0.84233377611206173     
  0.72872872872872874        1.0077702167582441       0.84063473804791822     
  0.73273273273273276        1.0079689277082369       0.83892738663992727     
  0.73673673673673679        1.0081675504638805       0.83721173877271082     
  0.74074074074074070        1.0083660130624106       0.83548781141293649     
  0.74474474474474472        1.0085642430075628       0.83375562160915173     
  0.74874874874874875        1.0087621675604659       0.83201518649161366     
  0.75275275275275277        1.0089597134875943       0.83026652327212069     
  0.75675675675675680        1.0091568072648469       0.82850964924384218     
  0.76076076076076071        1.0093533749936336       0.82674458178114663     
  0.76476476476476474        1.0095493423745732       0.82497133833943037     
  0.76876876876876876        1.0097446348547561       0.82318993645494531     
  0.77277277277277279        1.0099391774129858       0.82140039374462548     
  0.77677677677677681        1.0101328948347117       0.81960272790591149     
  0.78078078078078073        1.0103257114243371       0.81779695671657793     
  0.78478478478478475        1.0105175513057134       0.81598309803455460     
  0.78878878878878878        1.0107083381478807       0.81416116979775299     
  0.79279279279279280        1.0108979954062220       0.81233119002388599     
  0.79679679679679682        1.0110864461641365       0.81049317681029232     
  0.80080080080080085        1.0112736131747841       0.80864714833375506     
  0.80480480480480476        1.0114594190048389       0.80679312285032445     
  0.80880880880880879        1.0116437856792129       0.80493111869513490     
  0.81281281281281281        1.0118266352627479       0.80306115428222591     
  0.81681681681681684        1.0120078891032189       0.80118324810435759     
  0.82082082082082086        1.0121874686925283       0.79929741873283022     
  0.82482482482482478        1.0123652947906348       0.79740368481729917     
  0.82882882882882880        1.0125412882462501       0.79550206508558996     
  0.83283283283283283        1.0127153693110589       0.79359257834351515     
  0.83683683683683685        1.0128874581052245       0.79167524347468543     
  0.84084084084084088        1.0130574744543575       0.78975007944032627     
  0.84484484484484490        1.0132253377219014       0.78781710527908688     
  0.84884884884884881        1.0133909672619796       0.78587634010685514     
  0.85285285285285284        1.0135542817763015       0.78392780311656585     
  0.85685685685685686        1.0137152000079004       0.78197151357801298     
  0.86086086086086089        1.0138736401313708       0.78000749083765841     
  0.86486486486486491        1.0140295201281277       0.77803575431843952     
  0.86886886886886883        1.0141827577611231       0.77605632351957921     
  0.87287287287287285        1.0143332701786050       0.77406921801639061     
  0.87687687687687688        1.0144809746909627       0.77207445746008641     
  0.88088088088088090        1.0146257877125688       0.77007206157758135     
  0.88488488488488493        1.0147676259072078       0.76806205017129980     
  0.88888888888888884        1.0149064051327388       0.76604444311897812     
  0.89289289289289286        1.0150420411875829       0.76401926037346957     
  0.89689689689689689        1.0151744495062356       0.76198652196254524     
  0.90090090090090091        1.0153035450024270       0.75994624798869781     
  0.90490490490490494        1.0154292424948725       0.75789845862894112     
  0.90890890890890896        1.0155514562141281       0.75584317413461199     
  0.91291291291291288        1.0156701000942767       0.75378041483116964     
  0.91691691691691690        1.0157850878555907       0.75171020111799358     
  0.92092092092092093        1.0158963324426640       0.74963255346818269     
  0.92492492492492495        1.0160037469497676       0.74754749242835361     
  0.92892892892892898        1.0161072434915879       0.74545503861843632     
  0.93293293293293289        1.0162067342283803       0.74335521273147021     
  0.93693693693693691        1.0163021306496824       0.74124803553340046     
  0.94094094094094094        1.0163933438445292       0.73913352786287123     
  0.94494494494494496        1.0164802845502579       0.73701171063102144     
  0.94894894894894899        1.0165628629559478       0.73488260482127599     
  0.95295295295295290        1.0166409886902910       0.73274623148913998     
  0.95695695695695693        1.0167145712559051       0.73060261176198882     
  0.96096096096096095        1.0167835190772556       0.72845176683886093     
  0.96496496496496498        1.0168477407196193       0.72629371799024722     
  0.96896896896896900        1.0169071436379815       0.72412848655788020     
  0.97297297297297303        1.0169616351178585       0.72195609395452465     
  0.97697697697697694        1.0170111217421769       0.71977656166376347     
  0.98098098098098097        1.0170555095480571       0.71758991123978799     
  0.98498498498498499        1.0170947038397882       0.71539616430718200     
  0.98898898898898902        1.0171286096755425       0.71319534256071038     
  0.99299299299299304        1.0171571308950633       0.71098746776510235     
  0.99699699699699695        1.0171801713505566       0.70877256175483849     
   1.0010010010010011        1.0171976336189954       0.70655064643393239     
   1.0050050050050050        1.0172094200036077       0.70432174377571666     
   1.0090090090090089        1.0172154318277584       0.70208587582262261     
   1.0130130130130131        1.0172155699221552       0.69984306468596524     
   1.0170170170170170        1.0172097346246285       0.69759333254572309     
   1.0210210210210211        1.0171978248410076       0.69533670165031780     
   1.0250250250250250        1.0171797391166701       0.69307319431639725     
   1.0290290290290289        1.0171553747138979       0.69080283292861089     
   1.0330330330330331        1.0171246284429170       0.68852563993939231     
   1.0370370370370370        1.0170873958101918       0.68624163786873360     
   1.0410410410410411        1.0170435717775890       0.68395084930396588     
   1.0450450450450450        1.0169930499758195       0.68165329689953280     
   1.0490490490490489        1.0169357233970713       0.67934900337676996     
   1.0530530530530531        1.0168714836682822       0.67703799152367639     
   1.0570570570570570        1.0168002216821788       0.67472028419469277     
   1.0610610610610611        1.0167218269253406       0.67239590431047247     
   1.0650650650650650        1.0166361880523667       0.67006487485765720     
   1.0690690690690692        1.0165431922639203       0.66772721888864850     
   1.0730730730730731        1.0164427258284487       0.66538295952137927     
   1.0770770770770770        1.0163346735056928       0.66303211993908673     
   1.0810810810810811        1.0162189190201418       0.66067472339008138     
   1.0850850850850851        1.0160953445256919       0.65831079318751895     
   1.0890890890890892        1.0159638310347148       0.65594035270916762     
   1.0930930930930931        1.0158242579200003       0.65356342539717938     
   1.0970970970970970        1.0156765033028152       0.65118003475785569     
   1.1011011011011012        1.0155204435886847       0.64879020436141710     
   1.1051051051051051        1.0153559538174630       0.64639395784176923     
   1.1091091091091092        1.0151829072298775       0.64399131889626848     
   1.1131131131131131        1.0150011755822359       0.64158231128548826     
   1.1171171171171170        1.0148106287409218       0.63916695883298480     
   1.1211211211211212        1.0146111349642484       0.63674528542506059     
   1.1251251251251251        1.0144025605222018       0.63431731501052790     
   1.1291291291291292        1.0141847699477999       0.63188307160047219     
   1.1331331331331331        1.0139576256795402       0.62944257926801572     
   1.1371371371371370        1.0137209882844018       0.62699586214807856     
   1.1411411411411412        1.0134747161207149       0.62454294443713887     
   1.1451451451451451        1.0132186655347419       0.62208385039299618     
   1.1491491491491492        1.0129526905418325       0.61961860433452864     
   1.1531531531531531        1.0126766429983534       0.61714723064145538     
   1.1571571571571571        1.0123903722991345       0.61466975375409227     
   1.1611611611611612        1.0120937255264728       0.61218619817311382     
   1.1651651651651651        1.0117865471619614       0.60969658845930685     
   1.1691691691691692        1.0114686792140399       0.60720094923333146     
   1.1731731731731732        1.0111399609426452       0.60469930517547543     
   1.1771771771771771        1.0108002289664828       0.60219168102540976     
   1.1811811811811812        1.0104493169991953       0.59967810158194490     
   1.1851851851851851        1.0100870559373576       0.59715859170278607     
   1.1891891891891893        1.0097132736068659       0.59463317630428669     
   1.1931931931931932        1.0093277948327950       0.59210188036120104     
   1.1971971971971973        1.0089304411946836       0.58956472890643952     
   1.2012012012012012        1.0085210310792649       0.58702174703081855     
   1.2052052052052051        1.0080993794435391       0.58447295988281511     
   1.2092092092092093        1.0076652978511795       0.58191839266831502     
   1.2132132132132132        1.0072185942425145       0.57935807065036715     
   1.2172172172172173        1.0067590729552938       0.57679201914892964     
   1.2212212212212212        1.0062865345007039       0.57422026354062339     
   1.2252252252252251        1.0058007755692486       0.57164282925847876     
   1.2292292292292293        1.0053015888119283       0.56905974179168362     
   1.2332332332332332        1.0047887628320284       0.56647102668533400     
   1.2372372372372373        1.0042620819705166       0.56387670954017777     
   1.2412412412412412        1.0037213262846725       0.56127681601236523     
   1.2452452452452452        1.0031662713367406       0.55867137181319193     
   1.2492492492492493        1.0025966881602419       0.55606040270884771     
   1.2532532532532532        1.0020123430511760       0.55344393452015839     
   1.2572572572572573        1.0014129975226289       0.55082199312233371     
   1.2612612612612613        1.0007984080980286       0.54819460444470980     
   1.2652652652652652        1.0001683262546384       0.54556179447049202     
   1.2692692692692693       0.99952249821831296       0.54292358923649942     
   1.2732732732732732       0.99886066489667369       0.54028001483290677     
   1.2772772772772774       0.99818256167466513       0.53763109740298687     
   1.2812812812812813       0.99748791833834738       0.53497686314285187     
   1.2852852852852852       0.99677645887057820       0.53231733830119210     
   1.2892892892892893       0.99604790136634125       0.52965254917902038     
   1.2932932932932932       0.99530195782803810       0.52698252212940966     
   1.2972972972972974       0.99453833407314707       0.52430728355723166     
   1.3013013013013013       0.99375672952877636       0.52162685991889790     
   1.3053053053053052       0.99295683713250005       0.51894127772209575     
   1.3093093093093093       0.99213834312579285       0.51625056352552856     
   1.3133133133133132       0.99130092694891525       0.51355474393865164     
   1.3173173173173174       0.99044426103311378       0.51085384562140879     
   1.3213213213213213       0.98956801069013844       0.50814789528396931     
   1.3253253253253254       0.98867183390352675       0.50543691968646431     
   1.3293293293293293       0.98775538121301831       0.50272094563872183     
   1.3333333333333333       0.98681829550571198       0.50000000000000033     
   1.3373373373373374       0.98586021189520068       0.49727410967872421     
   1.3413413413413413       0.98488075751404125       0.49454330163221866     
   1.3453453453453454       0.98387955138684102       0.49180760286644143     
   1.3493493493493494       0.98285620422631825       0.48906704043571680     
   1.3533533533533533       0.98181031829868592       0.48632164144246692     
   1.3573573573573574       0.98074148722683863       0.48357143303694439     
   1.3613613613613613       0.97964929584501470       0.48081644241696458     
   1.3653653653653655       0.97853332001440063       0.47805669682763607     
   1.3693693693693694       0.97739312646221044       0.47529222356109019     
   1.3733733733733733       0.97622827261727019       0.47252304995621203     
   1.3773773773773774       0.97503830642620637       0.46974920339837073     
   1.3813813813813813       0.97382276621953001       0.46697071131914814     
   1.3853853853853855       0.97258118049450348       0.46418760119606600     
   1.3893893893893894       0.97131306782591798       0.46139990055231739     
   1.3933933933933933       0.97001793660119495       0.45860763695649082     
   1.3973973973973974       0.96869528499481394       0.45581083802230099     
   1.4014014014014013       0.96734460063608863       0.45300953140831446     
   1.4054054054054055       0.96596536067201622       0.45020374481767350     
   1.4094094094094094       0.96455703134191506       0.44739350599782696     
   1.4134134134134133       0.96311906816061243       0.44457884274025250     
   1.4174174174174174       0.96165091536644243       0.44175978288018319     
   1.4214214214214214       0.96015200626531760       0.43893635429633082     
   1.4254254254254255       0.95862176250931552       0.43610858491061116     
   1.4294294294294294       0.95705959465255364       0.43327650268786849     
   1.4334334334334333       0.95546490120642702       0.43044013563559824     
   1.4374374374374375       0.95383706947060265       0.42759951180366951     
   1.4414414414414414       0.95217547429765959       0.42475465928404799     
   1.4454454454454455       0.95047947927718024       0.42190560621051937     
   1.4494494494494494       0.94874843512684193       0.41905238075840973     
   1.4534534534534536       0.94698168132474747       0.41619501114430768     
   1.4574574574574575       0.94517854402576329       0.41333352562578418     
   1.4614614614614614       0.94333833825695201       0.41046795250111390     
   1.4654654654654655       0.94146036523705534       0.40759832010899610     
   1.4694694694694694       0.93954391527239400       0.40472465682827363     
   1.4734734734734736       0.93758826433358733       0.40184699107765148     
   1.4774774774774775       0.93559267781475886       0.39896535131541649     
   1.4814814814814814       0.93355640619479319       0.39607976603915679     
   1.4854854854854855       0.93147868985110149       0.39319026378547872     
   1.4894894894894894       0.92935875360297626       0.39029687312972589     
   1.4934934934934936       0.92719581280253671       0.38739962268569328     
   1.4974974974974975       0.92498906652504576       0.38449854110534909     
   1.5015015015015014       0.92273770519391174       0.38159365707854875     
   1.5055055055055055       0.92044090214737517       0.37868499933275013     
   1.5095095095095095       0.91809782309118737       0.37577259663273255     
   1.5135135135135136       0.91570761573339488       0.37285647778030873     
   1.5175175175175175       0.91326942139703815       0.36993667161404314     
   1.5215215215215214       0.91078236237529209       0.36701320700896550     
   1.5255255255255256       0.90824555607669655       0.36408611287628412     
   1.5295295295295295       0.90565809971244737       0.36115541816310132     
   1.5335335335335336       0.90301908738725734       0.35822115185212744     
   1.5375375375375375       0.90032759169023435       0.35528334296139380     
   1.5415415415415414       0.89758268418435172       0.35234202054396474     
   1.5455455455455456       0.89478341343335011       0.34939721368765114     
   1.5495495495495495       0.89192882938047835       0.34644895151472355     
   1.5535535535535536       0.88901795730792255       0.34349726318162310     
   1.5575575575575575       0.88604982662909682       0.34054217787867375     
   1.5615615615615615       0.88302344024624968       0.33758372482979260     
   1.5655655655655656       0.87993780830791157       0.33462193329220158     
   1.5695695695695695       0.87679191240704457       0.33165683255613898     
   1.5735735735735736       0.87358474487356963       0.32868845194456903     
   1.5775775775775776       0.87031526724255304       0.32571682081289088     
   1.5815815815815817       0.86698245565808951       0.32274196854864945     
   1.5855855855855856       0.86358525304175626       0.31976392457124525     
   1.5895895895895895       0.86012262117495186       0.31678271833164295     
   1.5935935935935936       0.85659348601605445       0.31379837931207866     
   1.5975975975975976       0.85299679699957021       0.31081093702577139     
   1.6016016016016017       0.84933146499035095       0.30782042101662782     
   1.6056056056056056       0.84559642928507028       0.30482686085895305     
   1.6096096096096095       0.84179058775824023       0.30183028615715729     
   1.6136136136136137       0.83791287196969755       0.29883072654546011     
   1.6176176176176176       0.83396216915508958       0.29582821168760254     
   1.6216216216216217       0.82993740572686814       0.29282277127655032     
   1.6256256256256256       0.82583746089704047       0.28981443503420135     
   1.6296296296296295       0.82166125870276707       0.28680323271109065     
   1.6336336336336337       0.81740767322748475       0.28378919408609704     
   1.6376376376376376       0.81307562907948305       0.28077234896614933     
   1.6416416416416417       0.80866399840525793       0.27775272718593036     
   1.6456456456456456       0.80417170949398808       0.27473035860758332     
   1.6496496496496496       0.79959763606069167       0.27170527312041282     
   1.6536536536536537       0.79494071333472560       0.26867750064059459     
   1.6576576576576576       0.79019982043670389       0.26564707111087615     
   1.6616616616616617       0.78537390292824061       0.26261401450028199     
   1.6656656656656657       0.78046184952237463       0.25957836080381591     
   1.6696696696696696       0.77546261961810414       0.25654014004216519     
   1.6736736736736737       0.77037511607587050       0.25349938226140467     
   1.6776776776776776       0.76519831572743835       0.25045611753269870     
   1.6816816816816818       0.75993114052221344       0.24741037595200283     
   1.6856856856856857       0.75457258838453534       0.24436218763976714     
   1.6896896896896898       0.74912160569920250       0.24131158274063927     
   1.6936936936936937       0.74357721517854136       0.23825859142316480     
   1.6976976976976976       0.73793839341187739       0.23520324387949043     
   1.7017017017017018       0.73220419159883021       0.23214557032506186     
   1.7057057057057057       0.72637362274219486       0.22908560099833006     
   1.7097097097097098       0.72044577019764955       0.22602336616044894     
   1.7137137137137137       0.71441969004620332       0.22295889609497727     
   1.7177177177177176       0.70829450140086780       0.21989222110757800     
   1.7217217217217218       0.70206931055589916       0.21682337152571932     
   1.7257257257257257       0.69574327587624807       0.21375237769837560     
   1.7297297297297298       0.68931556148723760       0.21067926999572606     
   1.7337337337337337       0.68278536835263270       0.20760407880885565     
   1.7377377377377377       0.67615192653944511       0.20452683454945109     
   1.7417417417417418       0.66941448276685456       0.20144756764950522     
   1.7457457457457457       0.66257234165394407       0.19836630856101312     
   1.7497497497497498       0.65562479859808798       0.19528308775567005     
   1.7537537537537538       0.64857124188387372       0.19219793572457314     
   1.7577577577577577       0.64141101823181834       0.18911088297791637     
   1.7617617617617618       0.63414360920746238       0.18602196004469188     
   1.7657657657657657       0.62676841517771131       0.18293119747238676     
   1.7697697697697699       0.61928502110044670       0.17983862582668017     
   1.7737737737737738       0.61169288294744972       0.17674427569114179     
   1.7777777777777777       0.60399169966441446       0.17364817766693028     
   1.7817817817817818       0.59618098438021183       0.17055036237248988     
   1.7857857857857857       0.58826056108947222       0.16745086044324664     
   1.7897897897897899       0.58023000118492096       0.16434970253130635     
   1.7937937937937938       0.57208926521108383       0.16124691930515228     
   1.7977977977977977       0.56383798344986169       0.15814254144934106     
   1.8018018018018018       0.55547626490241286       0.15503659966419786     
   1.8058058058058057       0.54700379885179229       0.15192912466551589     
   1.8098098098098099       0.53842085502514125       0.14882014718424907     
   1.8138138138138138       0.52972718127844742       0.14570969796621130     
   1.8178178178178179       0.52092322064364516       0.14259780777177095     
   1.8218218218218218       0.51200877856042115       0.13948450737554591     
   1.8258258258258258       0.50298448418973518       0.13636982756610005     
   1.8298298298298299       0.49385019899099947       0.13325379914563965     
   1.8338338338338338       0.48460675124804475       0.13013645292970785     
   1.8378378378378379       0.47525405629573619       0.12701781974687870     
   1.8418418418418419       0.46579315461577037       0.12389793043845529     
   1.8458458458458458       0.45622401269760182       0.12077681585816115     
   1.8498498498498499       0.44654789627496672       0.11765450687183837     
   1.8538538538538538       0.43676481970856756       0.11453103435714140     
   1.8578578578578580       0.42687628690122353       0.11140642920322855     
   1.8618618618618619       0.41688235626472703       0.10828072231046192     
   1.8658658658658658       0.40678478251946631       0.10515394459009815     
   1.8698698698698699       0.39658366380971871       0.10202612696398421     
   1.8738738738738738       0.38628101790610841        9.8897300364250137E-002
   1.8778778778778780       0.37587697792057073        9.5767495733004110E-002
   1.8818818818818819       0.36537383632706633        9.2636744022027262E-002
   1.8858858858858858       0.35477175606137251        8.9505076192466795E-002
   1.8898898898898899       0.34407331519353801        8.6372523214528804E-002
   1.8938938938938938       0.33327870104372553        8.3239116067172991E-002
   1.8978978978978980       0.32239078721222403        8.0104885737807094E-002
   1.9019019019019019       0.31140977976903234        7.6969863221979185E-002
   1.9059059059059058       0.30033885660420984        7.3834079523072429E-002
   1.9099099099099099       0.28917823682671762        7.0697565651994948E-002
   1.9139139139139139       0.27793140996736476        6.7560352626878470E-002
   1.9179179179179180       0.26659860252481027        6.4422471472768014E-002
   1.9219219219219219       0.25518362136126227        6.1283953221316440E-002
   1.9259259259259258       0.24368669493536960        5.8144828910476183E-002
   1.9299299299299300       0.23211195120171602        5.5005129584193228E-002
   1.9339339339339339       0.22045961554745902        5.1864886292100981E-002
   1.9379379379379380       0.20873413856450379        4.8724130089211899E-002
   1.9419419419419419       0.19693573813521018        4.5582892035611673E-002
   1.9459459459459461       0.18506918651521112        4.2441203196148525E-002
   1.9499499499499500       0.17313469046849284        3.9299094640131337E-002
   1.9539539539539539       0.16113734010487196        3.6156597441019275E-002
   1.9579579579579580       0.14907732851932501        3.3013742676113601E-002
   1.9619619619619619       0.13696005669965400        2.9870561426253450E-002
   1.9659659659659661       0.12478570284935406        2.6727084775504926E-002
   1.9699699699699700       0.11255996834610248        2.3583343810856781E-002
   1.9739739739739739       0.10028301690925182        2.0439369621911660E-002
   1.9779779779779780        8.7960835890837877E-002   1.7295193300577764E-002
   1.9819819819819819        7.5593577105257714E-002   1.4150845940762258E-002
   1.9859859859859861        6.3187494395861271E-002   1.1006358638064652E-002
   1.9899899899899900        5.0742735137286984E-002   7.8617624894684063E-003
   1.9939939939939939        3.8265787988498709E-002   4.7170885930325071E-003
   1.9979979979979980        2.5756826748500272E-002   1.5723680475848198E-003
   2.0020020020020022        1.3222483070082973E-002  -1.5723680475845747E-003
   2.0060060060060061        6.6313567412421318E-004  -4.7170885930322625E-003
   2.0100100100100100       -1.1914910247383354E-002  -7.8617624894681600E-003
   2.0140140140140139       -2.4509972975149372E-002  -1.1006358638064406E-002
   2.0180180180180178       -3.7115738478207212E-002  -1.4150845940762012E-002
   2.0220220220220222       -4.9730407497708434E-002  -1.7295193300577522E-002
   2.0260260260260261       -6.2347683347607902E-002  -2.0439369621911417E-002
   2.0300300300300300       -7.4965641172120234E-002  -2.3583343810856538E-002
   2.0340340340340339       -8.7578026502143011E-002  -2.6727084775504683E-002
   2.0380380380380378      -0.10018279467162175       -2.9870561426253207E-002
   2.0420420420420422      -0.11277376555779561       -3.3013742676113789E-002
   2.0460460460460461      -0.12534878638690219       -3.6156597441019026E-002
   2.0500500500500500      -0.13790177788648164       -3.9299094640131087E-002
   2.0540540540540539      -0.15043048937852457       -4.2441203196148275E-002
   2.0580580580580579      -0.16292896490170938       -4.5582892035610979E-002
   2.0620620620620622      -0.17539486908948138       -4.8724130089212093E-002
   2.0660660660660661      -0.18782239176450205       -5.1864886292100738E-002
   2.0700700700700700      -0.20020913010549352       -5.5005129584192979E-002
   2.0740740740740740      -0.21254944209953266       -5.8144828910475933E-002
   2.0780780780780779      -0.22484087753820653       -6.1283953221315746E-002
   2.0820820820820822      -0.23707798427820631       -6.4422471472768209E-002
   2.0860860860860861      -0.24925828677703205       -6.7560352626878220E-002
   2.0900900900900901      -0.26137654357190249       -7.0697565651994698E-002
   2.0940940940940940      -0.27343027723273361       -7.3834079523071736E-002
   2.0980980980980979      -0.28541447677232989       -7.6969863221978935E-002
   2.1021021021021022      -0.29732668723934291       -8.0104885737806844E-002
   2.1061061061061062      -0.30916214685070942       -8.3239116067172741E-002
   2.1101101101101101      -0.32091844796179092       -8.6372523214528554E-002
   2.1141141141141140      -0.33259109536545067       -8.9505076192466101E-002
   2.1181181181181179      -0.34417775316003996       -9.2636744022027012E-002
   2.1221221221221223      -0.35567420809839628       -9.5767495733003860E-002
   2.1261261261261262      -0.36707821947920660       -9.8897300364249888E-002
   2.1301301301301301      -0.37838586994216200      -0.10202612696398396     
   2.1341341341341340      -0.38959503785496780      -0.10515394459009790     
   2.1381381381381384      -0.40070211665046812      -0.10828072231046167     
   2.1421421421421423      -0.41170513010514398      -0.11140642920322831     
   2.1461461461461462      -0.42260079914147652      -0.11453103435714115     
   2.1501501501501501      -0.43338731984510231      -0.11765450687183812     
   2.1541541541541540      -0.44406175460487868      -0.12077681585816090     
   2.1581581581581584      -0.45462249261596505      -0.12389793043845504     
   2.1621621621621623      -0.46506694214117394      -0.12701781974687892     
   2.1661661661661662      -0.47539369471384973      -0.13013645292970763     
   2.1701701701701701      -0.48560049692820323      -0.13325379914563942     
   2.1741741741741740      -0.49568614127774585      -0.13636982756609983     
   2.1781781781781784      -0.50564869728092010      -0.13948450737554569     
   2.1821821821821823      -0.51548715219994723      -0.14259780777177072     
   2.1861861861861862      -0.52519988148815500      -0.14570969796621108     
   2.1901901901901901      -0.53478606151871588      -0.14882014718424885     
   2.1941941941941940      -0.54424435895074463      -0.15192912466551567     
   2.1981981981981984      -0.55357413610582307      -0.15503659966419808     
   2.2022022022022023      -0.56277433883159844      -0.15814254144934084     
   2.2062062062062062      -0.57184451399275493      -0.16124691930515206     
   2.2102102102102101      -0.58078387602727399      -0.16434970253130612     
   2.2142142142142140      -0.58959215516734398      -0.16745086044324597     
   2.2182182182182184      -0.59826882389366531      -0.17055036237248966     
   2.2222222222222223      -0.60681379371657729      -0.17364817766693005     
   2.2262262262262262      -0.61522678386594853      -0.17674427569114157     
   2.2302302302302301      -0.62350788358794662      -0.17983862582667995     
   2.2342342342342341      -0.63165704654215982      -0.18293119747238654     
   2.2382382382382384      -0.63967453458630164      -0.18602196004469207     
   2.2422422422422423      -0.64756052247095830      -0.18911088297791614     
   2.2462462462462462      -0.65531543803018111      -0.19219793572457292     
   2.2502502502502502      -0.66293966287621975      -0.19528308775566983     
   2.2542542542542541      -0.67043378282612498      -0.19836630856101248     
   2.2582582582582584      -0.67779837140669308      -0.20144756764950500     
   2.2622622622622623      -0.68503416325115352      -0.20452683454945086     
   2.2662662662662663      -0.69214190832295674      -0.20760407880885542     
   2.2702702702702702      -0.69912247992861121      -0.21067926999572584     
   2.2742742742742741      -0.70597678864915281      -0.21375237769837538     
   2.2782782782782784      -0.71270583554691624      -0.21682337152571909     
   2.2822822822822824      -0.71931067584652608      -0.21989222110757778     
   2.2862862862862863      -0.72579242687423451      -0.22295889609497704     
   2.2902902902902902      -0.73215227254795245      -0.22602336616044871     
   2.2942942942942941      -0.73839143458561673      -0.22908560099832984     
   2.2982982982982985      -0.74451120983926566      -0.23214557032506164     
   2.3023023023023024      -0.75051291235031692      -0.23520324387949024     
   2.3063063063063063      -0.75639793649027187      -0.23825859142316458     
   2.3103103103103102      -0.76216767653123918      -0.24131158274063905     
   2.3143143143143141      -0.76782360943098849      -0.24436218763976694     
   2.3183183183183185      -0.77336719773088691      -0.24741037595200260     
   2.3223223223223224      -0.77879998664223915      -0.25045611753269847     
   2.3263263263263263      -0.78412349528432246      -0.25349938226140445     
   2.3303303303303302      -0.78933932348976743      -0.25654014004216497     
   2.3343343343343341      -0.79444903565489344      -0.25957836080381524     
   2.3383383383383385      -0.79945427338279529      -0.26261401450028221     
   2.3423423423423424      -0.80435663553804926      -0.26564707111087593     
   2.3463463463463463      -0.80915779348653138      -0.26867750064059437     
   2.3503503503503502      -0.81385937032726730      -0.27170527312041259     
   2.3543543543543541      -0.81846305606798575      -0.27473035860758266     
   2.3583583583583585      -0.82297048844809828      -0.27775272718593058     
   2.3623623623623624      -0.82738336590946848      -0.28077234896614911     
   2.3663663663663663      -0.83170333192515622      -0.28378919408609682     
   2.3703703703703702      -0.83593208408744946      -0.28680323271108998     
   2.3743743743743742      -0.84007126341532179      -0.28981443503420068     
   2.3783783783783785      -0.84412255828855165      -0.29282277127655010     
   2.3823823823823824      -0.84808759982053528      -0.29582821168760237     
   2.3863863863863863      -0.85196805972094813      -0.29883072654545989     
   2.3903903903903903      -0.85576555248676300      -0.30183028615715662     
   2.3943943943943946      -0.85948172657947941      -0.30482686085895327     
   2.3983983983983985      -0.86311817390269907      -0.30782042101662760     
   2.4024024024024024      -0.86667651393682155      -0.31081093702577117     
   2.4064064064064064      -0.87015831073280081      -0.31379837931207849     
   2.4104104104104103      -0.87356514986099998      -0.31678271833164234     
   2.4144144144144146      -0.87689856295402069      -0.31976392457124503     
   2.4184184184184185      -0.88016009750095814      -0.32274196854864923     
   2.4224224224224224      -0.88335124881352545      -0.32571682081289072     
   2.4264264264264264      -0.88647352283610192      -0.32868845194456880     
   2.4304304304304303      -0.88952837528485862      -0.33165683255613876     
   2.4344344344344346      -0.89251726775161322      -0.33462193329220136     
   2.4384384384384385      -0.89544161367135122      -0.33758372482979238     
   2.4424424424424425      -0.89830282807782291      -0.34054217787867352     
   2.4464464464464464      -0.90110227998690051      -0.34349726318162288     
   2.4504504504504503      -0.90384133621777274      -0.34644895151472338     
   2.4544544544544546      -0.90652131973429251      -0.34939721368765092     
   2.4584584584584586      -0.90914354798104957      -0.35234202054396457     
   2.4624624624624625      -0.91170929669877443      -0.35528334296139358     
   2.4664664664664664      -0.91421983324279743      -0.35822115185212722     
   2.4704704704704703      -0.91667638537840879      -0.36115541816310109     
   2.4744744744744747      -0.91908017005332876      -0.36408611287628395     
   2.4784784784784786      -0.92143236668168726      -0.36701320700896528     
   2.4824824824824825      -0.92373414183490321      -0.36993667161404292     
   2.4864864864864864      -0.92598662653594588      -0.37285647778030850     
   2.4904904904904903      -0.92819093731696600      -0.37577259663273233     
   2.4944944944944947      -0.93034815706632368      -0.37868499933275035     
   2.4984984984984986      -0.93245935287862003      -0.38159365707854853     
   2.5025025025025025      -0.93452556002352616      -0.38449854110534887     
   2.5065065065065064      -0.93654779698647816      -0.38739962268569306     
   2.5105105105105103      -0.93852705215876209      -0.39029687312972527     
   2.5145145145145147      -0.94046429643671992      -0.39319026378547894     
   2.5185185185185186      -0.94236047226529673      -0.39607976603915657     
   2.5225225225225225      -0.94421650413152414      -0.39896535131541627     
   2.5265265265265264      -0.94603328962756317      -0.40184699107765126     
   2.5305305305305303      -0.94781170814160387      -0.40472465682827302     
   2.5345345345345347      -0.94955261364029919      -0.40759832010899633     
   2.5385385385385386      -0.95125684182797321      -0.41046795250111373     
   2.5425425425425425      -0.95292520438138173      -0.41333352562578402     
   2.5465465465465464      -0.95455849481698385      -0.41619501114430751     
   2.5505505505505504      -0.95615748394257982      -0.41905238075840956     
   2.5545545545545547      -0.95772292464285780      -0.42190560621051959     
   2.5585585585585586      -0.95925554834221927      -0.42475465928404776     
   2.5625625625625625      -0.96075606889123499      -0.42759951180366890     
   2.5665665665665665      -0.96222517986254219      -0.43044013563559802     
   2.5705705705705704      -0.96366355769550183      -0.43327650268786827     
   2.5745745745745747      -0.96507185967225517      -0.43610858491061100     
   2.5785785785785786      -0.96645072645484620      -0.43893635429633066     
   2.5825825825825826      -0.96780078061131958      -0.44175978288018303     
   2.5865865865865865      -0.96912262865892107      -0.44457884274025233     
   2.5905905905905904      -0.97041686003044980      -0.44739350599782673     
   2.5945945945945947      -0.97168404871884351      -0.45020374481767333     
   2.5985985985985987      -0.97292475259197564      -0.45300953140831385     
   2.6026026026026026      -0.97413951471785409      -0.45581083802230121     
   2.6066066066066065      -0.97532886295178334      -0.45860763695649065     
   2.6106106106106104      -0.97649331100744174      -0.46139990055231678     
   2.6146146146146148      -0.97763335825394737      -0.46418760119606622     
   2.6186186186186187      -0.97874949058608063      -0.46697071131914791     
   2.6226226226226226      -0.97984218038046478      -0.46974920339837051     
   2.6266266266266265      -0.98091188720799705      -0.47252304995621180     
   2.6306306306306309      -0.98195905790826710      -0.47529222356109002     
   2.6346346346346348      -0.98298412717865413      -0.47805669682763591     
   2.6386386386386387      -0.98398751773445592      -0.48081644241696481     
   2.6426426426426426      -0.98496964080192584      -0.48357143303694416     
   2.6466466466466465      -0.98593089633854791      -0.48632164144246637     
   2.6506506506506509      -0.98687167345134208      -0.48906704043571703     
   2.6546546546546548      -0.98779235065747983      -0.49180760286644165     
   2.6586586586586587      -0.98869329624433466      -0.49454330163221849     
   2.6626626626626626      -0.98957486855531462      -0.49727410967872404     
   2.6666666666666665      -0.99043741630423210      -0.49999999999999972     
   2.6706706706706709      -0.99128127887500672      -0.50272094563872161     
   2.6746746746746748      -0.99210678659981122      -0.50543691968646454     
   2.6786786786786787      -0.99291426106433234      -0.50814789528396909     
   2.6826826826826826      -0.99370401535666597      -0.51085384562140823     
   2.6866866866866865      -0.99447635437223525      -0.51355474393865141     
   2.6906906906906909      -0.99523157503848159      -0.51625056352552878     
   2.6946946946946948      -0.99596996661540338      -0.51894127772209564     
   2.6986986986986987      -0.99669181089961667      -0.52162685991889768     
   2.7027027027027026      -0.99739738251792454      -0.52430728355723144     
   2.7067067067067065      -0.99808694911320328      -0.52698252212940910     
   2.7107107107107109      -0.99876077162949639      -0.52965254917902060     
   2.7147147147147148      -0.99941910448136617      -0.53231733830119188     
   2.7187187187187187       -1.0000621958298173      -0.53497686314285131     
   2.7227227227227226       -1.0006902877361457      -0.53763109740298709     
   2.7267267267267266       -1.0013036164286035      -0.54028001483290666     
   2.7307307307307309       -1.0019024124413403      -0.54292358923649919     
   2.7347347347347348       -1.0024869008721495      -0.54556179447049191     
   2.7387387387387387       -1.0030573015068074      -0.54819460444470958     
   2.7427427427427427       -1.0036138290685299      -0.55082199312233360     
   2.7467467467467466       -1.0041566933278203      -0.55344393452015828     
   2.7507507507507509       -1.0046860993444682      -0.55606040270884749     
   2.7547547547547548       -1.0052022475628781      -0.55867137181319182     
   2.7587587587587588       -1.0057053340475779      -0.56127681601236501     
   2.7627627627627627       -1.0061955505639293      -0.56387670954017755     
   2.7667667667667666       -1.0066730848081773      -0.56647102668533345     
   2.7707707707707709       -1.0071381204734045      -0.56905974179168384     
   2.7747747747747749       -1.0075908374751978      -0.57164282925847854     
   2.7787787787787788       -1.0080314120026692      -0.57422026354062317     
   2.7827827827827827       -1.0084600167408562      -0.57679201914892952     
   2.7867867867867866       -1.0088768209066004      -0.57935807065036660     
   2.7907907907907910       -1.0092819904688106      -0.58191839266831491     
   2.7947947947947949       -1.0096756881689757      -0.58447295988281489     
   2.7987987987987988       -1.0100580737404237      -0.58702174703081833     
   2.8028028028028027       -1.0104293039132275      -0.58956472890643896     
   2.8068068068068066       -1.0107895326335923      -0.59210188036120082     
   2.8108108108108110       -1.0111389110528934      -0.59463317630428647     
   2.8148148148148149       -1.0114775877483355      -0.59715859170278585     
   2.8188188188188188       -1.0118057086958103      -0.59967810158194468     
   2.8228228228228227       -1.0121234174930078      -0.60219168102540921     
   2.8268268268268266       -1.0124308553157348      -0.60469930517547521     
   2.8308308308308310       -1.0127281611446650      -0.60720094923333168     
   2.8348348348348349       -1.0130154717047082      -0.60969658845930674     
   2.8388388388388388       -1.0132929216966289      -0.61218619817311326     
   2.8428428428428427       -1.0135606437189897      -0.61466975375409216     
   2.8468468468468466       -1.0138187685058924      -0.61714723064145482     
   2.8508508508508510       -1.0140674248309591      -0.61961860433452842     
   2.8548548548548549       -1.0143067397525010      -0.62208385039299596     
   2.8588588588588588       -1.0145368384988920      -0.62454294443713865     
   2.8628628628628627       -1.0147578447225596      -0.62699586214807834     
   2.8668668668668666       -1.0149698803659841      -0.62944257926801550     
   2.8708708708708710       -1.0151730659259823      -0.63188307160047208     
   2.8748748748748749       -1.0153675202994794      -0.63431731501052735     
   2.8788788788788788       -1.0155533610596172      -0.63674528542506048     
   2.8828828828828827       -1.0157307042803059      -0.63916695883298458     
   2.8868868868868871       -1.0158996648258167      -0.64158231128548815     
   2.8908908908908910       -1.0160603561529802      -0.64399131889626826     
   2.8948948948948949       -1.0162128906160302      -0.64639395784176901     
   2.8988988988988988       -1.0163573792451528      -0.64879020436141721     
   2.9029029029029028       -1.0164939320684923      -0.65118003475785557     
   2.9069069069069071       -1.0166226578655659      -0.65356342539717915     
   2.9109109109109110       -1.0167436645085266      -0.65594035270916740     
   2.9149149149149149       -1.0168570586887320      -0.65831079318751873     
   2.9189189189189189       -1.0169629462795537      -0.66067472339008115     
   2.9229229229229228       -1.0170614320341478      -0.66303211993908662     
   2.9269269269269271       -1.0171526199723462      -0.66538295952137938     
   2.9309309309309310       -1.0172366130473820      -0.66772721888864839     
   2.9349349349349350       -1.0173135135596731      -0.67006487485765742     
   2.9389389389389389       -1.0173834227899099      -0.67239590431047236     
   2.9429429429429428       -1.0174464414429321      -0.67472028419469232     
   2.9469469469469471       -1.0175026692441289      -0.67703799152367616     
   2.9509509509509511       -1.0175522054170394      -0.67934900337676973     
   2.9549549549549550       -1.0175951482395447      -0.68165329689953269     
   2.9589589589589589       -1.0176315955593422      -0.68395084930396566     
   2.9629629629629628       -1.0176616443057585      -0.68624163786873338     
   2.9669669669669672       -1.0176853910479429      -0.68852563993939209     
   2.9709709709709711       -1.0177029314573927      -0.69080283292861111     
   2.9749749749749750       -1.0177143609144736      -0.69307319431639702     
   2.9789789789789789       -1.0177197739158383      -0.69533670165031769     
   2.9829829829829828       -1.0177192647359206      -0.69759333254572287     
   2.9869869869869872       -1.0177129265787093      -0.69984306468596547     
   2.9909909909909911       -1.0177008523772026      -0.70208587582262250     
   2.9949949949949950       -1.0176831347810458      -0.70432174377571644     
   2.9989989989989989       -1.0176598658059819      -0.70655064643393228     
   3.0030030030030028       -1.0176311372410420      -0.70877256175483805     
   3.0070070070070072       -1.0175970400316730      -0.71098746776510247     
   3.0110110110110111       -1.0175576651733826      -0.71319534256071015     
   3.0150150150150150       -1.0175131028071422      -0.71539616430718178     
   3.0190190190190189       -1.0174634428958349      -0.71758991123978788     
   3.0230230230230228       -1.0174087749980161      -0.71977656166376336     
   3.0270270270270272       -1.0173491882105401      -0.72195609395452442     
   3.0310310310310311       -1.0172847711827853      -0.72412848655788031     
   3.0350350350350350       -1.0172156125450855      -0.72629371799024711     
   3.0390390390390389       -1.0171418000518708      -0.72845176683886070     
   3.0430430430430429       -1.0170634216024468      -0.73060261176198871     
   3.0470470470470472       -1.0169805644592469      -0.73274623148913987     
   3.0510510510510511       -1.0168933156358715      -0.73488260482127588     
   3.0550550550550550       -1.0168017619080592      -0.73701171063102133     
   3.0590590590590589       -1.0167059896481967      -0.73913352786287101     
   3.0630630630630629       -1.0166060848497294      -0.74124803553339991     
   3.0670670670670672       -1.0165021335453686      -0.74335521273147032     
   3.0710710710710711       -1.0163942209688748      -0.74545503861843621     
   3.0750750750750750       -1.0162824325722570      -0.74754749242835339     
   3.0790790790790790       -1.0161668531781705      -0.74963255346818258     
   3.0830830830830829       -1.0160475674657525      -0.75171020111799314     
   3.0870870870870872       -1.0159246599255878      -0.75378041483116953     
   3.0910910910910911       -1.0157982146061970      -0.75584317413461222     
   3.0950950950950951       -1.0156683154078019      -0.75789845862894101     
   3.0990990990990990       -1.0155350460517631      -0.75994624798869759     
   3.1031031031031029       -1.0153984897222692      -0.76198652196254535     
   3.1071071071071072       -1.0152587297901488      -0.76401926037346968     
   3.1111111111111112       -1.0151158489032899      -0.76604444311897801     
   3.1151151151151151       -1.0149699298372505      -0.76806205017129969     
   3.1191191191191190       -1.0148210549640753      -0.77007206157758090     
   3.1231231231231229       -1.0146693063557837      -0.77207445746008596     
   3.1271271271271273       -1.0145147660697529      -0.77406921801639050     
   3.1311311311311312       -1.0143575156343896      -0.77605632351957909     
   3.1351351351351351       -1.0141976365746999      -0.77803575431843974     
   3.1391391391391390       -1.0140352101047878      -0.78000749083765863     
   3.1431431431431434       -1.0138703170746974      -0.78197151357801342     
   3.1471471471471473       -1.0137030384175525      -0.78392780311656574     
   3.1511511511511512       -1.0135334543841026      -0.78587634010685492     
   3.1551551551551551       -1.0133616454628751      -0.78781710527908644     
   3.1591591591591590       -1.0131876914947560      -0.78975007944032583     
   3.1631631631631634       -1.0130116723236138      -0.79167524347468532     
   3.1671671671671673       -1.0128336675410066      -0.79359257834351493     
   3.1711711711711712       -1.0126537563021814      -0.79550206508559018     
   3.1751751751751751       -1.0124720178365401      -0.79740368481729929     
   3.1791791791791790       -1.0122885307521583      -0.79929741873283011     
   3.1831831831831834       -1.0121033737593139      -0.80118324810435748     
   3.1871871871871873       -1.0119166250528442      -0.80306115428222580     
   3.1911911911911912       -1.0117283626799078      -0.80493111869513456     
   3.1951951951951951       -1.0115386645037960      -0.80679312285032412     
   3.1991991991991990       -1.0113476078835488      -0.80864714833375495     
   3.2032032032032034       -1.0111552702581637      -0.81049317681029209     
   3.2072072072072073       -1.0109617283821444      -0.81233119002388610     
   3.2112112112112112       -1.0107670591607203      -0.81416116979775310     
   3.2152152152152151       -1.0105713388164306      -0.81598309803455449     
   3.2192192192192191       -1.0103746435924510      -0.81779695671657726     
   3.2232232232232234       -1.0101770492680837      -0.81960272790591171     
   3.2272272272272273       -1.0099786313558348      -0.82140039374462503     
   3.2312312312312312       -1.0097794651308563      -0.82318993645494509     
   3.2352352352352352       -1.0095796254137419      -0.82497133833943015     
   3.2392392392392391       -1.0093791868925697      -0.82674458178114651     
   3.2432432432432434       -1.0091782237157212      -0.82850964924384241     
   3.2472472472472473       -1.0089768099158816      -0.83026652327212114     
   3.2512512512512513       -1.0087750189788471      -0.83201518649161355     
   3.2552552552552552       -1.0085729242011541      -0.83375562160915107     
   3.2592592592592591       -1.0083705984305389      -0.83548781141293604     
   3.2632632632632634       -1.0081681141610586      -0.83721173877271049     
   3.2672672672672673       -1.0079655435629644      -0.83892738663992716     
   3.2712712712712713       -1.0077629583221011      -0.84063473804791811     
   3.2752752752752752       -1.0075604298521397      -0.84233377611206173     
   3.2792792792792791       -1.0073580290299793      -0.84402448402995045     
   3.2832832832832834       -1.0071558264492364      -0.84570684508155636     
   3.2872872872872874       -1.0069538921509338      -0.84738084262939606     
   3.2912912912912913       -1.0067522958602892      -0.84904646011869733     
   3.2952952952952952       -1.0065511067414357      -0.85070368107756111     
   3.2992992992992991       -1.0063503936065394      -0.85235248911712369     
   3.3033033033033035       -1.0061502246986684      -0.85399286793172058     
   3.3073073073073074       -1.0059506678640882      -0.85562480129904661     
   3.3113113113113113       -1.0057517903891513      -0.85724827308031681     
   3.3153153153153152       -1.0055536590880128      -0.85886326722042616     
   3.3193193193193191       -1.0053563402562393      -0.86046976774810746     
   3.3233233233233235       -1.0051598996253055      -0.86206775877609132     
   3.3273273273273274       -1.0049644024230047      -0.86365722450126015     
   3.3313313313313313       -1.0047699132714394      -0.86523814920480790     
   3.3353353353353352       -1.0045764962570751      -0.86681051725239255     
   3.3393393393393391       -1.0043842148469841      -0.86837431309429247     
   3.3433433433433435       -1.0041931319229289      -0.86992952126555956     
   3.3473473473473474       -1.0040033097400780      -0.87147612638617244     
   3.3513513513513513       -1.0038148099156727      -0.87301411316118827     
   3.3553553553553552       -1.0036276934298856      -0.87454346638089397     
   3.3593593593593591       -1.0034420205755308      -0.87606417092095756     
   3.3633633633633635       -1.0032578509911896      -0.87757621174257716     
   3.3673673673673674       -1.0030752435834280      -0.87907957389262847     
   3.3713713713713713       -1.0028942565804060      -0.88057424250381433     
   3.3753753753753752       -1.0027149474379651      -0.88206020279481123     
   3.3793793793793796       -1.0025373729033098      -0.88353744007041513     
   3.3833833833833835       -1.0023615889142532      -0.88500593972168740     
   3.3873873873873874       -1.0021876506649201      -0.88646568722609875     
   3.3913913913913913       -1.0020156125050708      -0.88791666814767278     
   3.3953953953953953       -1.0018455280020089      -0.88935886813712972     
   3.3993993993993996       -1.0016774498449053      -0.89079227293202790     
   3.4034034034034035       -1.0015114298988492      -0.89221686835690339     
   3.4074074074074074       -1.0013475191175196      -0.89363264032341194     
   3.4114114114114114       -1.0011857675868676      -0.89503957483046781     
   3.4154154154154153       -1.0010262244477810      -0.89643765796438168     
   3.4194194194194196       -1.0008689379289839      -0.89782687589899912     
   3.4234234234234235       -1.0007139552786006      -0.89920721489583688     
   3.4274274274274275       -1.0005613227894905      -0.90057866130421815     
   3.4314314314314314       -1.0004110857339079      -0.90194120156140900     
   3.4354354354354353       -1.0002632883904552      -0.90329482219275192     
   3.4394394394394396       -1.0001179739687878      -0.90463950981179775     
   3.4434434434434436      -0.99997518465564872      -0.90597525112043964     
   3.4474474474474475      -0.99983496150802342      -0.90730203290904421     
   3.4514514514514514      -0.99969734454310044      -0.90861984205658186     
   3.4554554554554553      -0.99956237257445069      -0.90992866553075646     
   3.4594594594594597      -0.99943008336676598      -0.91122849038813580     
   3.4634634634634636      -0.99930051340744375      -0.91251930377427593     
   3.4674674674674675      -0.99917369811037293      -0.91380109292385281     
   3.4714714714714714      -0.99904967157082214      -0.91507384516078560     
   3.4754754754754753      -0.99892846675354841      -0.91633754789836286     
   3.4794794794794797      -0.99881011526486874      -0.91759218863936631     
   3.4834834834834836      -0.99869464754793236      -0.91883775497619591     
   3.4874874874874875      -0.99858209262473929      -0.92007423459099136     
   3.4914914914914914      -0.99847247833033648      -0.92130161525575383     
   3.4954954954954953      -0.99836583101913079      -0.92251988483246850     
   3.4994994994994997      -0.99826217582205845      -0.92372903127322248     
   3.5035035035035036      -0.99816153634982308      -0.92492904262032472     
   3.5075075075075075      -0.99806393493015289      -0.92611990700642566     
   3.5115115115115114      -0.99796939235217841      -0.92730161265463207     
   3.5155155155155153      -0.99787792805205455      -0.92847414787862559     
   3.5195195195195197      -0.99778955989643170      -0.92963750108277710     
   3.5235235235235236      -0.99770430438003610      -0.93079166076226205     
   3.5275275275275275      -0.99762217634098038      -0.93193661550317375     
   3.5315315315315314      -0.99754318923063001      -0.93307235398263721     
   3.5355355355355353      -0.99746735480573412      -0.93419886496891946     
   3.5395395395395397      -0.99739468337122184      -0.93531613732154262     
   3.5435435435435436      -0.99732518353608557      -0.93642415999139206     
   3.5475475475475475      -0.99725886236219818      -0.93752292202082732     
   3.5515515515515514      -0.99719572525740197      -0.93861241254378924     
   3.5555555555555554      -0.99713577592020297      -0.93969262078590843     
   3.5595595595595597      -0.99707901654413500      -0.94076353606461116     
   3.5635635635635636      -0.99702544734611043      -0.94182514778922477     
   3.5675675675675675      -0.99697506722770346      -0.94287744546108421     
   3.5715715715715715      -0.99692787287938689      -0.94392041867363274     
   3.5755755755755754      -0.99688385981455963      -0.94495405711252811     
   3.5795795795795797      -0.99684302116908363      -0.94597835055574231     
   3.5835835835835836      -0.99680534893854955      -0.94699328887366330     
   3.5875875875875876      -0.99677083274103029      -0.94799886202919548     
   3.5915915915915915      -0.99673946090613630      -0.94899506007785894     
   3.5955955955955954      -0.99671121951923825      -0.94998187316788696     
   3.5995995995995997      -0.99668609315976398      -0.95095929154032532     
   3.6036036036036037      -0.99666406436327870      -0.95192730552912663     
   3.6076076076076076      -0.99664511388478860      -0.95288590556124664     
   3.6116116116116115      -0.99662922071541815      -0.95383508215674029     
   3.6156156156156154      -0.99661636164053935      -0.95477482592885354     
   3.6196196196196198      -0.99660651221577401      -0.95570512758411708     
   3.6236236236236237      -0.99659964503083698      -0.95662597792243798     
   3.6276276276276276      -0.99659573240105914      -0.95753736783719101     
   3.6316316316316315      -0.99659474248671442      -0.95843928831530878     
   3.6356356356356359      -0.99659664451551500      -0.95933173043737030     
   3.6396396396396398      -0.99660140230835403      -0.96021468537768961     
   3.6436436436436437      -0.99660898177320478      -0.96108814440440271     
   3.6476476476476476      -0.99661934227015292      -0.96195209887955480     
   3.6516516516516515      -0.99663244639120041      -0.96280654025918444     
   3.6556556556556559      -0.99664824925256656      -0.96365146009340885     
   3.6596596596596598      -0.99666670992762141      -0.96448685002650714     
   3.6636636636636637      -0.99668777959175558      -0.96531270179700357     
   3.6676676676676676      -0.99671141341987812      -0.96612900723774797     
   3.6716716716716715      -0.99673755925936702      -0.96693575827599820     
   3.6756756756756759      -0.99676616753542624      -0.96773294693349898     
   3.6796796796796798      -0.99679718393194983      -0.96852056532655983     
   3.6836836836836837      -0.99683055294529854      -0.96929860566613557     
   3.6876876876876876      -0.99686621936054964      -0.97006706025790090     
   3.6916916916916915      -0.99690412057956568      -0.97082592150232783     
   3.6956956956956959      -0.99694420182458432      -0.97157518189476044     
   3.6996996996996998      -0.99698639214160478      -0.97231483402548924     
   3.7037037037037037      -0.99703063857803798      -0.97304487057982392     
   3.7077077077077076      -0.99707686074203061      -0.97376528433816678     
   3.7117117117117115      -0.99712500842871166      -0.97447606817608323     
   3.7157157157157159      -0.99717499163302414      -0.97517721506437227     
   3.7197197197197198      -0.99722676260004683      -0.97586871806913611     
   3.7237237237237237      -0.99728022297020413      -0.97655057035184933     
   3.7277277277277276      -0.99733532555463278      -0.97722276516942586     
   3.7317317317317316      -0.99739196685673592      -0.97788529587428519     
   3.7357357357357359      -0.99745009599055567      -0.97853815591441973     
   3.7397397397397398      -0.99750961039960595      -0.97918133883345804     
   3.7437437437437437      -0.99757044821198027      -0.97981483827072935     
   3.7477477477477477      -0.99763251675729558      -0.98043864796132674     
   3.7517517517517516      -0.99769573338058948      -0.98105276173616807     
   3.7557557557557559      -0.99776002667578800      -0.98165717352205806     
   3.7597597597597598      -0.99782528121708214      -0.98225187734174813     
   3.7637637637637638      -0.99789145952821423      -0.98283686731399489     
   3.7677677677677677      -0.99795840187636708      -0.98341213765361879     
   3.7717717717717716      -0.99802611510367867      -0.98397768267156138     
   3.7757757757757759      -0.99809438780575843      -0.98453349677494195     
   3.7797797797797799      -0.99816327502140645      -0.98507957446711136     
   3.7837837837837838      -0.99823251616004860      -0.98561591034770824     
   3.7877877877877877      -0.99830220474947429      -0.98614249911271146     
   3.7917917917917916      -0.99837205078646551      -0.98665933555449192     
   3.7957957957957960      -0.99844215570373751      -0.98716641456186571     
   3.7997997997997999      -0.99851224457777432      -0.98766373112014327     
   3.8038038038038038      -0.99858236813120105      -0.98815128031117960     
   3.8078078078078077      -0.99865234125933444      -0.98862905731342254     
   3.8118118118118116      -0.99872207431784343      -0.98909705740196108     
   3.8158158158158160      -0.99879157691626508      -0.98955527594857173     
   3.8198198198198199      -0.99886050313821828      -0.99000370842176366     
   3.8238238238238238      -0.99892918094962346      -0.99044235038682449     
   3.8278278278278277      -0.99899688516659269      -0.99087119750586350     
   3.8318318318318316      -0.99906437626597089      -0.99129024553785516     
   3.8358358358358360      -0.99913045886483620      -0.99169949033868066     
   3.8398398398398399      -0.99919637936797767      -0.99209892786116838     
   3.8438438438438438      -0.99926047722227174      -0.99248855415513493     
   3.8478478478478477      -0.99932440086516183      -0.99286836536742351     
   3.8518518518518516      -0.99938621333812316      -0.99323835774194280     
   3.8558558558558560      -0.99944764790616969      -0.99359852761970280     
   3.8598598598598599      -0.99950696353964852      -0.99394887143885202     
   3.8638638638638638      -0.99956533099845934      -0.99428938573471282     
   3.8678678678678677      -0.99962204505371832      -0.99462006713981466     
   3.8718718718718717      -0.99967667825276485      -0.99494091238392857     
   3.8758758758758760      -0.99973078474121579      -0.99525191829409909     
   3.8798798798798799      -0.99978096051023146      -0.99555308179467450     
   3.8838838838838838      -0.99983249610160163      -0.99584439990733942     
   3.8878878878878878      -0.99987752950739039      -0.99612586975114281     
   3.8918918918918921      -0.99992644332355285      -0.99639748854252641     
   3.8958958958958960      -0.99996586795142339      -0.99665925359535279     
   3.8998998998998999       -1.0000117968621807      -0.99691116232093191     
   3.9039039039039038       -1.0000456430234068      -0.99715321222804643     
   3.9079079079079078       -1.0000875945589303      -0.99738540092297623     
   3.9119119119119121       -1.0001167423180353      -0.99760772610952264     
   3.9159159159159160       -1.0001527372430472      -0.99782018558903074     
   3.9199199199199199       -1.0001792541614387      -0.99802277726041111     
   3.9239239239239239       -1.0002060663528909      -0.99821549912016083     
   3.9279279279279278       -1.0002333358722422      -0.99839834926238302     
   3.9319319319319321       -1.0002465868625938      -0.99857132587880604     
   3.9359359359359360       -1.0002789034734574      -0.99873442725880057     
   3.9399399399399400       -1.0002738968848894      -0.99888765178939798     
   3.9439439439439439       -1.0003150975590609      -0.99903099795530448     
   3.9479479479479478       -1.0002888365820373      -0.99916446433891781     
   3.9519519519519521       -1.0003395673236868      -0.99928804962034024     
   3.9559559559559561       -1.0002942303361471      -0.99940175257739150     
   3.9599599599599600       -1.0003478241992316      -0.99950557208562174     
   3.9639639639639639       -1.0002953095474385      -0.99959950711832180     
   3.9679679679679678       -1.0003332897088446      -0.99968355674653397     
   3.9719719719719722       -1.0002989232668609      -0.99975772013906072     
   3.9759759759759761       -1.0002892226178397      -0.99982199656247328     
   3.9799799799799800       -1.0003101474937648      -0.99987638538111856     
   3.9839839839839839       -1.0002140484788633      -0.99992088605712559     
   3.9879879879879878       -1.0003249138254813      -0.99995549815041107     
   3.9919919919919922       -1.0001208030919795      -0.99998022131868336     
   3.9959959959959961       -1.0003230030257466      -0.99999505531744570     
   4.0000000000000000       -1.0000000000000000       -1.0000000000000000     
