   0.0000000000000000        1.0000000000000000       0.99999999999999989     
   4.0040040040040040E-003  0.99986374379043752       0.99999505531744592     
   8.0080080080080079E-003  0.99999897702535745       0.99998022131868325     
   1.2012012012012012E-002  0.99987304578491487       0.99995549815041107     
   1.6016016016016016E-002  0.99993639761387310       0.99992088605712559     
   2.0020020020020020E-002  0.99986977047155767       0.99987638538111856     
   2.4024024024024024E-002  0.99988619079481300       0.99982199656247328     
   2.8028028028028028E-002  0.99986445054635709       0.99975772013906072     
   3.2032032032032032E-002  0.99985269503811536       0.99968355674653397     
   3.6036036036036036E-002  0.99985796179137632       0.99959950711832180     
   4.0040040040040040E-002  0.99983438945475933       0.99950557208562174     
   4.4044044044044044E-002  0.99985255714469423       0.99940175257739161     
   4.8048048048048048E-002  0.99982906147002504       0.99928804962034012     
   5.2052052052052052E-002  0.99985059912319096       0.99916446433891792     
   5.6056056056056056E-002  0.99983436864139630       0.99903099795530459     
   6.0060060060060060E-002  0.99985426135600330       0.99888765178939798     
   6.4064064064064064E-002  0.99984823465575146       0.99873442725880068     
   6.8068068068068074E-002  0.99986513750131800       0.99857132587880615     
   7.2072072072072071E-002  0.99986918025984617       0.99839834926238324     
   7.6076076076076082E-002  0.99988404042027090       0.99821549912016094     
   8.0080080080080079E-002  0.99989638540467174       0.99802277726041122     
   8.4084084084084090E-002  0.99991107236551791       0.99782018558903074     
   8.8088088088088087E-002  0.99992952758684850       0.99760772610952264     
   9.2092092092092098E-002  0.99994585183238127       0.99738540092297623     
   9.6096096096096095E-002  0.99996853906752636       0.99715321222804643     
  0.10010010010010011       0.99998775811914364       0.99691116232093191     
  0.10410410410410410        1.0000133973431780       0.99665925359535279     
  0.10810810810810811        1.0000361111478844       0.99639748854252641     
  0.11211211211211211        1.0000639968781719       0.99612586975114281     
  0.11611611611611612        1.0000902668024907       0.99584439990733964     
  0.12012012012012012        1.0001200993327415       0.99555308179467450     
  0.12412412412412413        1.0001496445566735       0.99525191829409887     
  0.12812812812812813        1.0001813372383794       0.99494091238392868     
  0.13213213213213212        1.0002137161906710       0.99462006713981466     
  0.13613613613613615        1.0002472431893294       0.99428938573471282     
  0.14014014014014015        1.0002819801853380       0.99394887143885213     
  0.14414414414414414        1.0003172843518742       0.99359852761970280     
  0.14814814814814814        1.0003539373263342       0.99323835774194291     
  0.15215215215215216        1.0003908912919304       0.99286836536742373     
  0.15615615615615616        1.0004290743182658       0.99248855415513493     
  0.16016016016016016        1.0004674775458879       0.99209892786116838     
  0.16416416416416416        1.0005068564845980       0.99169949033868066     
  0.16816816816816818        1.0005464508573851       0.99129024553785539     
  0.17217217217217218        1.0005867275140814       0.99087119750586361     
  0.17617617617617617        1.0006272183185407       0.99044235038682449     
  0.18018018018018017        1.0006681135626634       0.99000370842176388     
  0.18418418418418420        1.0007091883598986       0.98955527594857196     
  0.18818818818818819        1.0007504291682274       0.98909705740196130     
  0.19219219219219219        1.0007917714815235       0.98862905731342254     
  0.19619619619619619        1.0008330834234447       0.98815128031117949     
  0.20020020020020021        1.0008743809692604       0.98766373112014327     
  0.20420420420420421        1.0009154856220619       0.98716641456186571     
  0.20820820820820821        1.0009564342956843       0.98665933555449203     
  0.21221221221221220        1.0009970498479426       0.98614249911271146     
  0.21621621621621623        1.0010373549357028       0.98561591034770846     
  0.22022022022022023        1.0010771986338411       0.98507957446711159     
  0.22422422422422422        1.0011165748208051       0.98453349677494206     
  0.22822822822822822        1.0011553661476684       0.98397768267156138     
  0.23223223223223224        1.0011935370948744       0.98341213765361868     
  0.23623623623623624        1.0012310006012721       0.98283686731399489     
  0.24024024024024024        1.0012676986825091       0.98225187734174813     
  0.24424424424424424        1.0013035666106571       0.98165717352205828     
  0.24824824824824826        1.0013385331165874       0.98105276173616818     
  0.25225225225225223        1.0013725471794794       0.98043864796132674     
  0.25625625625625625        1.0014055328061420       0.97981483827072957     
  0.26026026026026028        1.0014374456609880       0.97918133883345804     
  0.26426426426426425        1.0014682113824009       0.97853815591441973     
  0.26826826826826827        1.0014977876156723       0.97788529587428519     
  0.27227227227227230        1.0015261055077747       0.97722276516942586     
  0.27627627627627627        1.0015531224790064       0.97655057035184956     
  0.28028028028028029        1.0015787768169939       0.97586871806913633     
  0.28428428428428426        1.0016030251521575       0.97517721506437238     
  0.28828828828828829        1.0016258132498879       0.97447606817608334     
  0.29229229229229231        1.0016470975149034       0.97376528433816700     
  0.29629629629629628        1.0016668305238792       0.97304487057982403     
  0.30030030030030030        1.0016849696000221       0.97231483402548924     
  0.30430430430430433        1.0017014732707306       0.97157518189476044     
  0.30830830830830830        1.0017163008393026       0.97082592150232794     
  0.31231231231231232        1.0017294159531203       0.97006706025790113     
  0.31631631631631629        1.0017407809779488       0.96929860566613568     
  0.32032032032032032        1.0017503638620200       0.96852056532656006     
  0.32432432432432434        1.0017581308062566       0.96773294693349898     
  0.32832832832832831        1.0017640536885801       0.96693575827599854     
  0.33233233233233234        1.0017681029026138       0.96612900723774819     
  0.33633633633633636        1.0017702540739344       0.96531270179700357     
  0.34034034034034033        1.0017704820642199       0.96448685002650714     
  0.34434434434434436        1.0017687661798600       0.96365146009340885     
  0.34834834834834832        1.0017650858197957       0.96280654025918455     
  0.35235235235235235        1.0017594239265326       0.96195209887955491     
  0.35635635635635637        1.0017517642989491       0.96108814440440293     
  0.36036036036036034        1.0017420937274706       0.96021468537768961     
  0.36436436436436437        1.0017304003346299       0.95933173043737041     
  0.36836836836836839        1.0017166747707864       0.95843928831530878     
  0.37237237237237236        1.0017009094172922       0.95753736783719101     
  0.37637637637637639        1.0016830988293657       0.95662597792243798     
  0.38038038038038036        1.0016632395166223       0.95570512758411708     
  0.38438438438438438        1.0016413300077331       0.95477482592885377     
  0.38838838838838841        1.0016173707598754       0.95383508215674051     
  0.39239239239239238        1.0015913643107102       0.95288590556124697     
  0.39639639639639640        1.0015633149887258       0.95192730552912663     
  0.40040040040040042        1.0015332292385684       0.95095929154032544     
  0.40440440440440439        1.0015011152071409       0.94998187316788707     
  0.40840840840840842        1.0014669831331693       0.94899506007785894     
  0.41241241241241239        1.0014308449156428       0.94799886202919548     
  0.41641641641641641        1.0013927145246440       0.94699328887366341     
  0.42042042042042044        1.0013526074543839       0.94597835055574242     
  0.42442442442442441        1.0013105413243668       0.94495405711252856     
  0.42842842842842843        1.0012665351059860       0.94392041867363297     
  0.43243243243243246        1.0012206099563845       0.94287744546108421     
  0.43643643643643643        1.0011727882430912       0.94182514778922499     
  0.44044044044044045        1.0011230944784855       0.94076353606461094     
  0.44444444444444442        1.0010715543308932       0.93969262078590843     
  0.44844844844844844        1.0010181955208399       0.93861241254378935     
  0.45245245245245247        1.0009630468919604       0.93752292202082743     
  0.45645645645645644        1.0009061392393577       0.93642415999139239     
  0.46046046046046046        1.0008475044260909       0.93531613732154295     
  0.46446446446446449        1.0007871761934390       0.93419886496891991     
  0.46846846846846846        1.0007251892619362       0.93307235398263733     
  0.47247247247247248        1.0006615801693208       0.93193661550317397     
  0.47647647647647645        1.0005963863395628       0.93079166076226205     
  0.48048048048048048        1.0005296469554801       0.92963750108277710     
  0.48448448448448450        1.0004614019971569       0.92847414787862570     
  0.48848848848848847        1.0003916931139178       0.92730161265463229     
  0.49249249249249250        1.0003205626958618       0.92611990700642588     
  0.49649649649649652        1.0002480546885193       0.92492904262032505     
  0.50050050050050054        1.0001742137252805       0.92372903127322259     
  0.50450450450450446        1.0000990858901411       0.92251988483246872     
  0.50850850850850848        1.0000227178891921       0.92130161525575405     
  0.51251251251251251       0.99994515776781612       0.92007423459099136     
  0.51651651651651653       0.99986645415403130       0.91883775497619602     
  0.52052052052052056       0.99978665689423019       0.91759218863936653     
  0.52452452452452447       0.99970581634535816       0.91633754789836308     
  0.52852852852852850       0.99962398399466157       0.91507384516078605     
  0.53253253253253252       0.99954121176830335       0.91380109292385314     
  0.53653653653653655       0.99945755261212155       0.91251930377427604     
  0.54054054054054057       0.99937305986622127       0.91122849038813569     
  0.54454454454454460       0.99928778775988925       0.90992866553075669     
  0.54854854854854851       0.99920179088306371       0.90861984205658186     
  0.55255255255255253       0.99911512457550178       0.90730203290904443     
  0.55655655655655656       0.99902784451067173       0.90597525112043986     
  0.56056056056056058       0.99894000698342655       0.90463950981179786     
  0.56456456456456461       0.99885166859242491       0.90329482219275237     
  0.56856856856856852       0.99876288640622179       0.90194120156140967     
  0.57257257257257255       0.99867371780117065       0.90057866130421826     
  0.57657657657657657       0.99858422045400430       0.89920721489583666     
  0.58058058058058060       0.99849445236235101       0.89782687589899912     
  0.58458458458458462       0.99840447165379664       0.89643765796438168     
  0.58858858858858853       0.99831433679406778       0.89503957483046792     
  0.59259259259259256       0.99822410620482982       0.89363264032341216     
  0.59659659659659658       0.99813383867889727       0.89221686835690384     
  0.60060060060060061       0.99804359276916099       0.89079227293202834     
  0.60460460460460463       0.99795342745242177       0.88935886813713039     
  0.60860860860860866       0.99786340126705420       0.88791666814767300     
  0.61261261261261257       0.99777357323959059       0.88646568722609853     
  0.61661661661661660       0.99768400174253413       0.88500593972168740     
  0.62062062062062062       0.99759474572310824       0.88353744007041513     
  0.62462462462462465       0.99750586324273816       0.88206020279481145     
  0.62862862862862867       0.99741741304524167       0.88057424250381455     
  0.63263263263263259       0.99732945274047813       0.87907957389262892     
  0.63663663663663661       0.99724204075541489       0.87757621174257761     
  0.64064064064064064       0.99715523410473128       0.87606417092095823     
  0.64464464464464466       0.99706909078118500       0.87454346638089420     
  0.64864864864864868       0.99698366708176978       0.87301411316118804     
  0.65265265265265260       0.99689902045846746       0.87147612638617244     
  0.65665665665665662       0.99681520636093290       0.86992952126555978     
  0.66066066066066065       0.99673228160068339       0.86837431309429269     
  0.66466466466466467       0.99665030065677018       0.86681051725239278     
  0.66866866866866870       0.99656931960725703       0.86523814920480835     
  0.67267267267267272       0.99648939184846408       0.86365722450126059     
  0.67667667667667664       0.99641057262488231       0.86206775877609154     
  0.68068068068068066       0.99633291413515990       0.86046976774810768     
  0.68468468468468469       0.99625647072199630       0.85886326722042616     
  0.68868868868868871       0.99618129327360105       0.85724827308031681     
  0.69269269269269274       0.99610743515356370       0.85562480129904683     
  0.69669669669669665       0.99603494583743490       0.85399286793172080     
  0.70070070070070067       0.99596387764014793       0.85235248911712413     
  0.70470470470470470       0.99589427853282286       0.85070368107756156     
  0.70870870870870872       0.99582619970372988       0.84904646011869800     
  0.71271271271271275       0.99575968752606625       0.84738084262939628     
  0.71671671671671666       0.99569479201716427       0.84570684508155602     
  0.72072072072072069       0.99563155785825397       0.84402448402995045     
  0.72472472472472471       0.99557003384205711       0.84233377611206173     
  0.72872872872872874       0.99551026287440292       0.84063473804791822     
  0.73273273273273276       0.99545229248211864       0.83892738663992727     
  0.73673673673673679       0.99539616370873596       0.83721173877271082     
  0.74074074074074070       0.99534192276756162       0.83548781141293649     
  0.74474474474474472       0.99528960877413541       0.83375562160915173     
  0.74874874874874875       0.99523926659345985       0.83201518649161366     
  0.75275275275275277       0.99519093334096420       0.83026652327212069     
  0.75675675675675680       0.99514465249235984       0.82850964924384218     
  0.76076076076076071       0.99510045911712741       0.82674458178114663     
  0.76476476476476474       0.99505839526601136       0.82497133833943037     
  0.76876876876876876       0.99501849388235308       0.82318993645494531     
  0.77277277277277279       0.99498079558658592       0.82140039374462548     
  0.77677677677677681       0.99494533113866368       0.81960272790591149     
  0.78078078078078073       0.99491213970326109       0.81779695671657793     
  0.78478478478478475       0.99488124981015091       0.81598309803455460     
  0.78878878878878878       0.99485269914855179       0.81416116979775299     
  0.79279279279279280       0.99482651397053490       0.81233119002388599     
  0.79679679679679682       0.99480273046338707       0.81049317681029232     
  0.80080080080080085       0.99478137256107224       0.80864714833375506     
  0.80480480480480476       0.99476247495432668       0.80679312285032445     
  0.80880880880880879       0.99474605920433334       0.80493111869513490     
  0.81281281281281281       0.99473215849852781       0.80306115428222591     
  0.81681681681681684       0.99472079200539054       0.80118324810435759     
  0.82082082082082086       0.99471199136870281       0.79929741873283022     
  0.82482482482482478       0.99470577334234378       0.79740368481729917     
  0.82882882882882880       0.99470216802431011       0.79550206508558996     
  0.83283283283283283       0.99470118972898114       0.79359257834351515     
  0.83683683683683685       0.99470286689770637       0.79167524347468543     
  0.84084084084084088       0.99470721136011908       0.78975007944032627     
  0.84484484484484490       0.99471425009130687       0.78781710527908688     
  0.84884884884884881       0.99472399246370258       0.78587634010685514     
  0.85285285285285284       0.99473646385933379       0.78392780311656585     
  0.85685685685685686       0.99475167116135399       0.78197151357801298     
  0.86086086086086089       0.99476963815564068       0.78000749083765841     
  0.86486486486486491       0.99479036921771868       0.77803575431843952     
  0.86886886886886883       0.99481388653700797       0.77605632351957921     
  0.87287287287287285       0.99484019197379070       0.77406921801639061     
  0.87687687687687688       0.99486930608736590       0.77207445746008641     
  0.88088088088088090       0.99490122825544214       0.77007206157758135     
  0.88488488488488493       0.99493597733755512       0.76806205017129980     
  0.88888888888888884       0.99497355027265966       0.76604444311897812     
  0.89289289289289286       0.99501396415130905       0.76401926037346957     
  0.89689689689689689       0.99505721353841248       0.76198652196254524     
  0.90090090090090091       0.99510331371330807       0.75994624798869781     
  0.90490490490490494       0.99515225683181163       0.75789845862894112     
  0.90890890890890896       0.99520405637708220       0.75584317413461199     
  0.91291291291291288       0.99525870207216660       0.75378041483116964     
  0.91691691691691690       0.99531620560164635       0.75171020111799358     
  0.92092092092092093       0.99537655427772653       0.74963255346818269     
  0.92492492492492495       0.99543975789343442       0.74754749242835361     
  0.92892892892892898       0.99550580144445699       0.74545503861843632     
  0.93293293293293289       0.99557469269123855       0.74335521273147021     
  0.93693693693693691       0.99564641443324220       0.74124803553340046     
  0.94094094094094094       0.99572097230191869       0.73913352786287123     
  0.94494494494494496       0.99579834691334057       0.73701171063102144     
  0.94894894894894899       0.99587854175735679       0.73488260482127599     
  0.95295295295295290       0.99596153522093656       0.73274623148913998     
  0.95695695695695693       0.99604732867469470       0.73060261176198882     
  0.96096096096096095       0.99613589830058158       0.72845176683886093     
  0.96496496496496498       0.99622724319639755       0.72629371799024722     
  0.96896896896896900       0.99632133748542484       0.72412848655788020     
  0.97297297297297303       0.99641817782338937       0.72195609395452465     
  0.97697697697697694       0.99651773638352348       0.71977656166376347     
  0.98098098098098097       0.99662000732048761       0.71758991123978799     
  0.98498498498498499       0.99672496076462880       0.71539616430718200     
  0.98898898898898902       0.99683258845125366       0.71319534256071038     
  0.99299299299299304       0.99694285843206143       0.71098746776510235     
  0.99699699699699695       0.99705575991073858       0.70877256175483849     
   1.0010010010010011       0.99717125897674419       0.70655064643393239     
   1.0050050050050050       0.99728934216032206       0.70432174377571666     
   1.0090090090090089       0.99740997362647421       0.70208587582262261     
   1.0130130130130131       0.99753313726058435       0.69984306468596524     
   1.0170170170170170       0.99765879511087252       0.69759333254572309     
   1.0210210210210211       0.99778692860121854       0.69533670165031780     
   1.0250250250250250       0.99791749755026282       0.69307319431639725     
   1.0290290290290289       0.99805048083189785       0.69080283292861089     
   1.0330330330330331       0.99818583610458311       0.68852563993939231     
   1.0370370370370370       0.99832353976073906       0.68624163786873360     
   1.0410410410410411       0.99846354695495476       0.68395084930396588     
   1.0450450450450450       0.99860583200594355       0.68165329689953280     
   1.0490490490490489       0.99875034721539924       0.67934900337676996     
   1.0530530530530531       0.99889706498909447       0.67703799152367639     
   1.0570570570570570       0.99904593461784108       0.67472028419469277     
   1.0610610610610611       0.99919692690476669       0.67239590431047247     
   1.0650650650650650       0.99934998752685000       0.67006487485765720     
   1.0690690690690692       0.99950508642479585       0.66772721888864850     
   1.0730730730730731       0.99966216498369143       0.66538295952137927     
   1.0770770770770770       0.99982119280257575       0.66303211993908673     
   1.0810810810810811       0.99998210643213636       0.66067472339008138     
   1.0850850850850851        1.0001448759592775       0.65831079318751895     
   1.0890890890890892        1.0003094319789518       0.65594035270916762     
   1.0930930930930931        1.0004757463107421       0.65356342539717938     
   1.0970970970970970        1.0006437424627392       0.65118003475785569     
   1.1011011011011012        1.0008133951814722       0.64879020436141710     
   1.1051051051051051        1.0009846194986851       0.64639395784176923     
   1.1091091091091092        1.0011573948686214       0.64399131889626848     
   1.1131131131131131        1.0013316260246616       0.64158231128548826     
   1.1171171171171170        1.0015072990340765       0.63916695883298480     
   1.1211211211211212        1.0016843064065799       0.63674528542506059     
   1.1251251251251251        1.0018626432623781       0.63431731501052790     
   1.1291291291291292        1.0020421872512764       0.63188307160047219     
   1.1331331331331331        1.0022229454467484       0.62944257926801572     
   1.1371371371371370        1.0024047778487937       0.62699586214807856     
   1.1411411411411412        1.0025877068797244       0.62454294443713887     
   1.1451451451451451        1.0027715712487273       0.62208385039299618     
   1.1491491491491492        1.0029564128366533       0.61961860433452864     
   1.1531531531531531        1.0031420451129838       0.61714723064145538     
   1.1571571571571571        1.0033285341317195       0.61466975375409227     
   1.1611611611611612        1.0035156632017996       0.61218619817311382     
   1.1651651651651651        1.0037035281637241       0.60969658845930685     
   1.1691691691691692        1.0038918766822880       0.60720094923333146     
   1.1731731731731732        1.0040808408709749       0.60469930517547543     
   1.1771771771771771        1.0042701261915732       0.60219168102540976     
   1.1811811811811812        1.0044599085333545       0.59967810158194490     
   1.1851851851851851        1.0046498436784346       0.59715859170278607     
   1.1891891891891893        1.0048401600623922       0.59463317630428669     
   1.1931931931931932        1.0050304551498515       0.59210188036120104     
   1.1971971971971973        1.0052210198181506       0.58956472890643952     
   1.2012012012012012        1.0054113833323215       0.58702174703081855     
   1.2052052052052051        1.0056019104596972       0.58447295988281511     
   1.2092092092092093        1.0057920509260005       0.58191839266831502     
   1.2132132132132132        1.0059822565279763       0.57935807065036715     
   1.2172172172172173        1.0061718845056451       0.57679201914892964     
   1.2212212212212212        1.0063614884710050       0.57422026354062339     
   1.2252252252252251        1.0065503185531537       0.57164282925847876     
   1.2292292292292293        1.0067390470118438       0.56905974179168362     
   1.2332332332332332        1.0069268002623448       0.56647102668533400     
   1.2372372372372373        1.0071143882018820       0.56387670954017777     
   1.2412412412412412        1.0073007948272013       0.56127681601236523     
   1.2452452452452452        1.0074869890792379       0.55867137181319193     
   1.2492492492492493        1.0076717914841697       0.55606040270884771     
   1.2532532532532532        1.0078563539470691       0.55344393452015839     
   1.2572572572572573        1.0080393099964338       0.55082199312233371     
   1.2612612612612613        1.0082220212597595       0.54819460444470980     
   1.2652652652652652        1.0084029079845720       0.54556179447049202     
   1.2692692692692693        1.0085835712995328       0.54292358923649942     
   1.2732732732732732        1.0087621889504121       0.54028001483290677     
   1.2772772772772774        1.0089406345828498       0.53763109740298687     
   1.2812812812812813        1.0091168110741406       0.53497686314285187     
   1.2852852852852852        1.0092929010525755       0.53231733830119210     
   1.2892892892892893        1.0094664968140701       0.52965254917902038     
   1.2932932932932932        1.0096401300855571       0.52698252212940966     
   1.2972972972972974        1.0098110433362983       0.52430728355723166     
   1.3013013013013013        1.0099821613393394       0.52162685991889790     
   1.3053053053053052        1.0101503337947406       0.51894127772209575     
   1.3093093093093093        1.0103189264526189       0.51625056352552856     
   1.3133133133133132        1.0104843494593740       0.51355474393865164     
   1.3173173173173174        1.0106504615605612       0.51085384562140879     
   1.3213213213213213        1.0108131827181588       0.50814789528396931     
   1.3253253253253254        1.0109769208579760       0.50543691968646431     
   1.3293293293293293        1.0111370510376156       0.50272094563872183     
   1.3333333333333333        1.0112985907497936       0.50000000000000033     
   1.3373373373373374        1.0114563115543485       0.49727410967872421     
   1.3413413413413413        1.0116159049241584       0.49454330163221866     
   1.3453453453453454        1.0117714765317212       0.49180760286644143     
   1.3493493493493494        1.0119294602595934       0.48906704043571680     
   1.3533533533533533        1.0120832298188069       0.48632164144246692     
   1.3573573573573574        1.0122400333768562       0.48357143303694439     
   1.3613613613613613        1.0123924433996456       0.48081644241696458     
   1.3653653653653655        1.0125485975860335       0.47805669682763607     
   1.3693693693693694        1.0127001951256795       0.47529222356109019     
   1.3733733733733733        1.0128563407331594       0.47252304995621203     
   1.3773773773773774        1.0130077861707765       0.46974920339837073     
   1.3813813813813813        1.0131646827477265       0.46697071131914814     
   1.3853853853853855        1.0133167594283727       0.46418760119606600     
   1.3893893893893894        1.0134752938072960       0.46139990055231739     
   1.3933933933933933        1.0136289170226001       0.45860763695649082     
   1.3973973973973974        1.0137901121261557       0.45581083802230099     
   1.4014014014014013        1.0139463383125527       0.45300953140831446     
   1.4054054054054055        1.0141113609904362       0.45020374481767350     
   1.4094094094094094        1.0142713968840640       0.44739350599782696     
   1.4134134134134133        1.0144415654414005       0.44457884274025250     
   1.4174174174174174        1.0146067762594044       0.44175978288018319     
   1.4214214214214214        1.0147835675181489       0.43893635429633082     
   1.4254254254254255        1.0149554846602695       0.43610858491061116     
   1.4294294294294294        1.0151405393630690       0.43327650268786849     
   1.4334334334334333        1.0153208673671552       0.43044013563559824     
   1.4374374374374375        1.0155159943678274       0.42759951180366951     
   1.4414414414414414        1.0157066164802737       0.42475465928404799     
   1.4454454454454455        1.0159137951753652       0.42190560621051937     
   1.4494494494494494        1.0161167771111248       0.41905238075840973     
   1.4534534534534536        1.0163381577943522       0.41619501114430768     
   1.4574574574574575        1.0165557495822695       0.41333352562578418     
   1.4614614614614614        1.0167936510098721       0.41046795250111390     
   1.4654654654654655        1.0170282863876681       0.40759832010899610     
   1.4694694694694694        1.0172851899411535       0.40472465682827363     
   1.4734734734734736        1.0175394829699527       0.40184699107765148     
   1.4774774774774775        1.0178180230725407       0.39896535131541649     
   1.4814814814814814        1.0180947610775755       0.39607976603915679     
   1.4854854854854855        1.0183977111382982       0.39319026378547872     
   1.4894894894894894        1.0186998432948173       0.39029687312972589     
   1.4934934934934936        1.0190300970397235       0.38739962268569328     
   1.4974974974974975        1.0193607181099198       0.38449854110534909     
   1.5015015015015014        1.0197212641723505       0.38159365707854875     
   1.5055055055055055        1.0200835935962094       0.37868499933275013     
   1.5095095095095095        1.0204774833437797       0.37577259663273255     
   1.5135135135135136        1.0208748374185808       0.37285647778030873     
   1.5175175175175175        1.0213051463915115       0.36993667161404314     
   1.5215215215215214        1.0217409029541211       0.36701320700896550     
   1.5255255255255256        1.0222106828340620       0.36408611287628412     
   1.5295295295295295        1.0226882404278590       0.36115541816310132     
   1.5335335335335336        1.0232004619552437       0.35822115185212744     
   1.5375375375375375        1.0237231878632325       0.35528334296139380     
   1.5415415415415414        1.0242806745935304       0.35234202054396474     
   1.5455455455455456        1.0248518469347989       0.34939721368765114     
   1.5495495495495495        1.0254571976564621       0.34644895151472355     
   1.5535535535535536        1.0260799356134080       0.34349726318162310     
   1.5575575575575575        1.0267354357539937       0.34054217787867375     
   1.5615615615615615        1.0274126215136714       0.33758372482979260     
   1.5655655655655656        1.0281201430268183       0.33462193329220158     
   1.5695695695695695        1.0288543338224752       0.33165683255613898     
   1.5735735735735736        1.0296152237881662       0.32868845194456903     
   1.5775775775775776        1.0304085538577148       0.32571682081289088     
   1.5815815815815817        1.0312235102822511       0.32274196854864945     
   1.5855855855855856        1.0320775833889937       0.31976392457124525     
   1.5895895895895895        1.0329465204771286       0.31678271833164295     
   1.5935935935935936        1.0338622949119216       0.31379837931207866     
   1.5975975975975976        1.0347841981658013       0.31081093702577139     
   1.6016016016016017        1.0357618631151793       0.30782042101662782     
   1.6056056056056056        1.0367346333779517       0.30482686085895305     
   1.6096096096096095        1.0377734788383812       0.30183028615715729     
   1.6136136136136137        1.0387937686519029       0.29883072654546011     
   1.6176176176176176        1.0398920548423345       0.29582821168760254     
   1.6216216216216217        1.0409551008618698       0.29282277127655032     
   1.6256256256256256        1.0421099174322064       0.28981443503420135     
   1.6296296296296295        1.0432093666510456       0.28680323271109065     
   1.6336336336336337        1.0444165036603454       0.28378919408609704     
   1.6376376376376376        1.0455442356601521       0.28077234896614933     
   1.6416416416416417        1.0467980484455008       0.27775272718593036     
   1.6456456456456456        1.0479440047838355       0.27473035860758332     
   1.6496496496496496        1.0492372851542344       0.27170527312041282     
   1.6536536536536537        1.0503893007107721       0.26867750064059459     
   1.6576576576576576        1.0517131646943561       0.26564707111087615     
   1.6616616616616617        1.0528567998669012       0.26261401450028199     
   1.6656656656656657        1.0542005720037639       0.25957836080381591     
   1.6696696696696696        1.0553189730422556       0.25654014004216519     
   1.6736736736736737        1.0566700945073682       0.25349938226140467     
   1.6776776776776776        1.0577438497996212       0.25045611753269870     
   1.6816816816816818        1.0590877922590187       0.24741037595200283     
   1.6856856856856857        1.0600948167641024       0.24436218763976714     
   1.6896896896896898        1.0614150060268404       0.24131158274063927     
   1.6936936936936937        1.0623304515558423       0.23825859142316480     
   1.6976976976976976        1.0636082219650838       0.23520324387949043     
   1.7017017017017018        1.0644043900938938       0.23214557032506186     
   1.7057057057057057        1.0656189191590151       0.22908560099833006     
   1.7097097097097098        1.0662652463854085       0.22602336616044894     
   1.7137137137137137        1.0673934946488608       0.22295889609497727     
   1.7177177177177176        1.0678565507214797       0.21989222110757800     
   1.7217217217217218        1.0688731856892872       0.21682337152571932     
   1.7257257257257257        1.0691167816101550       0.21375237769837560     
   1.7297297297297298        1.0699939711112580       0.21067926999572606     
   1.7337337337337337        1.0699793045103836       0.20760407880885565     
   1.7377377377377377        1.0706868421512803       0.20452683454945109     
   1.7417417417417418        1.0703718730925913       0.20144756764950522     
   1.7457457457457457        1.0708780223829075       0.19836630856101312     
   1.7497497497497498        1.0702180770913408       0.19528308775567005     
   1.7537537537537538        1.0704906095036031       0.19219793572457314     
   1.7577577577577577        1.0694395289278795       0.18911088297791637     
   1.7617617617617618        1.0694431877591775       0.18602196004469188     
   1.7657657657657657        1.0679519482026765       0.18293119747238676     
   1.7697697697697699        1.0676499064707166       0.17983862582668017     
   1.7737737737737738        1.0656671627059222       0.17674427569114179     
   1.7777777777777777        1.0650212409643054       0.17364817766693028     
   1.7817817817817818        1.0624934266828576       0.17055036237248988     
   1.7857857857857857        1.0614643414294229       0.16745086044324664     
   1.7897897897897899        1.0583357727569742       0.16434970253130635     
   1.7937937937937938        1.0568834150525555       0.16124691930515228     
   1.7977977977977977        1.0530963960590198       0.15814254144934106     
   1.8018018018018018        1.0511801389995470       0.15503659966419786     
   1.8058058058058057        1.0466750694019218       0.15192912466551589     
   1.8098098098098099        1.0442541019698734       0.14882014718424907     
   1.8138138138138138        1.0389695886595194       0.14570969796621130     
   1.8178178178178179        1.0360032722629302       0.14259780777177095     
   1.8218218218218218        1.0298762477575067       0.13948450737554591     
   1.8258258258258258        1.0263244905819933       0.13636982756610005     
   1.8298298298298299        1.0192903428383195       0.13325379914563965     
   1.8338338338338338        1.0151139861508984       0.13013645292970785     
   1.8378378378378379        1.0071067052055327       0.12701781974687870     
   1.8418418418418419        1.0022679151161047       0.12389793043845529     
   1.8458458458458458       0.99322026259537755       0.12077681585816115     
   1.8498498498498499       0.98768292062479734       0.11765450687183837     
   1.8538538538538538       0.97752662818951719       0.11453103435714140     
   1.8578578578578580       0.97125671436985772       0.11140642920322855     
   1.8618618618618619       0.95992271661364037       0.10828072231046192     
   1.8658658658658658       0.95288867973252978       0.10515394459009815     
   1.8698698698698699       0.94030738600445662       0.10202612696398421     
   1.8738738738738738       0.93248049689545576        9.8897300364250137E-002
   1.8778778778778780       0.91858210511116944        9.5767495733004110E-002
   1.8818818818818819       0.90993679041743780        9.2636744022027262E-002
   1.8858858858858858       0.89465164434994648        8.9505076192466795E-002
   1.8898898898898899       0.88516579975060494        8.6372523214528804E-002
   1.8938938938938938       0.86842478975614401        8.3239116067172991E-002
   1.8978978978978980       0.85808007305452993        8.0104885737807094E-002
   1.9019019019019019       0.83981507886595086        7.6969863221979185E-002
   1.9059059059059058       0.82859718445006170        7.3834079523072429E-002
   1.9099099099099099       0.80874155768151634        7.0697565651994948E-002
   1.9139139139139139       0.79664047459693066        6.7560352626878470E-002
   1.9179179179179180       0.77512955800208982        6.4422471472768014E-002
   1.9219219219219219       0.76213981421251276        6.1283953221316440E-002
   1.9259259259259258       0.73891149451252469        5.8144828910476183E-002
   1.9299299299299300       0.72503238990700192        5.5005129584193228E-002
   1.9339339339339339       0.70002768109332159        5.1864886292100981E-002
   1.9379379379379380       0.68526351151498588        4.8724130089211899E-002
   1.9419419419419419       0.65842716584835537        4.5582892035611673E-002
   1.9459459459459461       0.64278743996667098        4.2441203196148525E-002
   1.9499499499499500       0.61406858434377221        3.9299094640131337E-002
   1.9539539539539539       0.59756823466705311        3.6156597441019275E-002
   1.9579579579579580       0.56692103052883291        3.3013742676113601E-002
   1.9619619619619619       0.54958061933664237        2.9870561426253450E-002
   1.9659659659659661       0.51696494478673294        2.6727084775504926E-002
   1.9699699699699700       0.49881086531056829        2.3583343810856781E-002
   1.9739739739739739       0.46419301856323708        2.0439369621911660E-002
   1.9779779779779780       0.44525769139403115        1.7295193300577764E-002
   1.9819819819819819       0.40861111506699888        1.4150845940762258E-002
   1.9859859859859861       0.38893317953607842        1.1006358638064652E-002
   1.9899899899899900       0.35023920565231764        7.8617624894684063E-003
   1.9939939939939939       0.32986370582304159        4.7170885930325071E-003
   1.9979979979979980       0.28911232170350976        1.5723680475848198E-003
   2.0020020020020022       0.26809088664165626       -1.5723680475845747E-003
   2.0060060060060061       0.22528152215554159       -4.7170885930322625E-003
   2.0100100100100100       0.20367254032146179       -7.8617624894681600E-003
   2.0140140140140139       0.15881487740997993       -1.1006358638064406E-002
   2.0180180180180178       0.13668366473077034       -1.4150845940762012E-002
   2.0220220220220222        8.9798471648525419E-002  -1.7295193300577522E-002
   2.0260260260260261        6.7217435803272829E-002  -2.0439369621911417E-002
   2.0300300300300300        1.8337400809001175E-002  -2.3583343810856538E-002
   2.0340340340340339       -4.6136446257869944E-003  -2.6727084775504683E-002
   2.0380380380380378       -5.5443920504197775E-002  -2.9870561426253207E-002
   2.0420420420420422       -7.8672973258019738E-002  -3.3013742676113789E-002
   2.0460460460460461      -0.13139486783880977       -3.6156597441019026E-002
   2.0500500500500500      -0.15479199785269457       -3.9299094640131087E-002
   2.0540540540540539      -0.20934216040269324       -4.2441203196148275E-002
   2.0580580580580579      -0.23277884171887125       -4.5582892035610979E-002
   2.0620620620620622      -0.28908985232121315       -4.8724130089212093E-002
   2.0660660660660661      -0.31241747931167357       -5.1864886292100738E-002
   2.0700700700700700      -0.37041828530974102       -5.5005129584192979E-002
   2.0740740740740740      -0.39346627903701070       -5.8144828910475933E-002
   2.0780780780780779      -0.45308275181744073       -6.1283953221315746E-002
   2.0820820820820822      -0.47565648879548311       -6.4422471472768209E-002
   2.0860860860860861      -0.53681216846466373       -6.7560352626878220E-002
   2.0900900900900901      -0.55869053821883297       -7.0697565651994698E-002
   2.0940940940940940      -0.62130752917980903       -7.3834079523071736E-002
   2.0980980980980979      -0.64224010343129612       -7.6969863221978935E-002
   2.1021021021021022      -0.70624036941325863       -8.0104885737806844E-002
   2.1061061061061062      -0.72594414039003285       -8.3239116067172741E-002
   2.1101101101101101      -0.79125108591531279       -8.6372523214528554E-002
   2.1141141141141140      -0.80940625475856498       -8.9505076192466101E-002
   2.1181181181181179      -0.87594647377193835       -9.2636744022027012E-002
   2.1221221221221223      -0.89219118358291216       -9.5767495733003860E-002
   2.1261261261261262      -0.95989682718906277       -9.8897300364249888E-002
   2.1301301301301301      -0.97382076627114877      -0.10202612696398396     
   2.1341341341341340       -1.0426325371413556      -0.10515394459009790     
   2.1381381381381384       -1.0537685631287721      -0.10828072231046167     
   2.1421421421421423       -1.1236390838893029      -0.11140642920322831     
   2.1461461461461462       -1.1314521561152950      -0.11453103435714115     
   2.1501501501501501       -1.2023499498177352      -0.11765450687183812     
   2.1541541541541540       -1.2062225573847474      -0.12077681585816090     
   2.1581581581581584       -1.2781362505284921      -0.12389793043845504     
   2.1621621621621623       -1.2773484623424098      -0.12701781974687892     
   2.1661661661661662       -1.3502898292071075      -0.13013645292970763     
   2.1701701701701701       -1.3439915281786974      -0.13325379914563942     
   2.1741741741741740       -1.4179944555476278      -0.13636982756609983     
   2.1781781781781784       -1.4051647864521539      -0.13948450737554569     
   2.1821821821821823       -1.4802773525723874      -0.14259780777177072     
   2.1861861861861862       -1.4596491811310195      -0.14570969796621108     
   2.1901901901901901       -1.5358655942371731      -0.14882014718424885     
   2.1941941941941940       -1.5064709079029373      -0.15192912466551567     
   2.1981981981981984       -1.5779323674640937      -0.15503659966419808     
   2.2022022022022023       -1.5700693309902340      -0.15814254144934084     
   2.2062062062062062       -1.4839239083853195      -0.16124691930515206     
   2.2102102102102101       -1.5192000941927755      -0.16434970253130612     
   2.2142142142142140       -1.4397955733724692      -0.16745086044324597     
   2.2182182182182184       -1.4661827553198183      -0.17055036237248966     
   2.2222222222222223       -1.3970315781039460      -0.17364817766693005     
   2.2262262262262262       -1.4196205065172354      -0.17674427569114157     
   2.2302302302302301       -1.3566944662733551      -0.17983862582667995     
   2.2342342342342341       -1.3770837027071081      -0.18293119747238654     
   2.2382382382382384       -1.3196715066297275      -0.18602196004469207     
   2.2422422422422423       -1.3380648047948467      -0.18911088297791614     
   2.2462462462462462       -1.2857771404827825      -0.19219793572457292     
   2.2502502502502502       -1.3023659498581297      -0.19528308775566983     
   2.2542542542542541       -1.2548118184381745      -0.19836630856101248     
   2.2582582582582584       -1.2697791597406567      -0.20144756764950500     
   2.2622622622622623       -1.2265893595597990      -0.20452683454945086     
   2.2662662662662663       -1.2401023247230720      -0.20760407880885542     
   2.2702702702702702       -1.2009307265873614      -0.21067926999572584     
   2.2742742742742741       -1.2131410743641586      -0.21375237769837538     
   2.2782782782782784       -1.1776642205891257      -0.21682337152571909     
   2.2822822822822824       -1.1887090038984838      -0.21989222110757778     
   2.2862862862862863       -1.1566255607641358      -0.22295889609497704     
   2.2902902902902902       -1.1666277801593545      -0.22602336616044871     
   2.2942942942942941       -1.1376578249086022      -0.22908560099832984     
   2.2982982982982985       -1.1467271675323567      -0.23214557032506164     
   2.3023023023023024       -1.1206113125773263      -0.23520324387949024     
   2.3063063063063063       -1.1288449975304993      -0.23825859142316458     
   2.3103103103103102       -1.1053433701762989      -0.24131158274063905     
   2.3143143143143141       -1.1128270961209701      -0.24436218763976694     
   2.3183183183183185       -1.0917181980078363      -0.24741037595200260     
   2.3223223223223224       -1.0985271728889183      -0.25045611753269847     
   2.3263263263263263       -1.0796066606489221      -0.25349938226140445     
   2.3303303303303302       -1.0858066846569845      -0.25654014004216497     
   2.3343343343343341       -1.0688861112378416      -0.25957836080381524     
   2.3383383383383385       -1.0745346747769060      -0.26261401450028221     
   2.3423423423423424       -1.0594402328405499      -0.26564707111087593     
   2.3463463463463463       -1.0645875938856890      -0.26867750064059437     
   2.3503503503503502       -1.0511588972156607      -0.27170527312041259     
   2.3543543543543541       -1.0558491040472915      -0.27473035860758266     
   2.3583583583583585       -1.0439380350990684      -0.27775272718593058     
   2.3623623623623624       -1.0482098685029442      -0.28077234896614911     
   2.3663663663663663       -1.0376795165950685      -0.28378919408609682     
   2.3703703703703702       -1.0415673374228624      -0.28680323271108998     
   2.3743743743743742       -1.0322910399261602      -0.28981443503420068     
   2.3783783783783785       -1.0358255264390877      -0.29282277127655010     
   2.3823823823823824       -1.0276860155058229      -0.29582821168760237     
   2.3863863863863863       -1.0308947934750952      -0.29883072654545989     
   2.3903903903903903       -1.0237834503109868      -0.30183028615715662     
   2.3943943943943946       -1.0266916139945068      -0.30482686085895327     
   2.3983983983983985       -1.0205078211176202      -0.30782042101662760     
   2.4024024024024024       -1.0231383566747709      -0.31081093702577117     
   2.4064064064064064       -1.0177889387429069      -0.31379837931207849     
   2.4104104104104103       -1.0201630587162813      -0.31678271833164234     
   2.4144144144144146       -1.0155617998753657      -0.31976392457124503     
   2.4184184184184185       -1.0176992011176960      -0.32274196854864923     
   2.4224224224224224       -1.0137664255253520      -0.32571682081289072     
   2.4264264264264264       -1.0156854840434622      -0.32868845194456880     
   2.4304304304304303       -1.0123476864887093      -0.33165683255613876     
   2.4344344344344346       -1.0140656003644128      -0.33462193329220136     
   2.4384384384384385       -1.0112551164142674      -0.33758372482979238     
   2.4424424424424425       -1.0127880088532588      -0.34054217787867352     
   2.4464464464464464       -1.0104427115836208      -0.34349726318162288     
   2.4504504504504503       -1.0118057052244442      -0.34644895151472338     
   2.4544544544544546       -1.0098687230692454      -0.34939721368765092     
   2.4584584584584586       -1.0110759918727728      -0.35234202054396457     
   2.4624624624624625       -1.0094954379024825      -0.35528334296139358     
   2.4664664664664664       -1.0105602459134886      -0.35822115185212722     
   2.4704704704704703       -1.0092889554278290      -0.36115541816310109     
   2.4744744744744747       -1.0102236869512711      -0.36408611287628395     
   2.4784784784784786       -1.0092189586977571      -0.36701320700896528     
   2.4824824824824825       -1.0100351444411546      -0.36993667161404292     
   2.4864864864864864       -1.0092584836075129      -0.37285647778030850     
   2.4904904904904903       -1.0099668347044028      -0.37577259663273233     
   2.4944944944944947       -1.0093836287030529      -0.37868499933275035     
   2.4984984984984986       -1.0099943418269437      -0.38159365707854853     
   2.5025025025025025       -1.0095732064874765      -0.38449854110534887     
   2.5065065065065064       -1.0100960150994365      -0.38739962268569306     
   2.5105105105105103       -1.0098089704621158      -0.39029687312972527     
   2.5145145145145147       -1.0102526796045970      -0.39319026378547894     
   2.5185185185185186       -1.0100752352226787      -0.39607976603915657     
   2.5225225225225225       -1.0104476645059288      -0.39896535131541627     
   2.5265265265265264       -1.0103584890612829      -0.40184699107765126     
   2.5305305305305303       -1.0106666517574077      -0.40472465682827302     
   2.5345345345345347       -1.0106471953128295      -0.40759832010899633     
   2.5385385385385386       -1.0108974294611757      -0.41046795250111373     
   2.5425425425425425       -1.0109316336325267      -0.41333352562578402     
   2.5465465465465464       -1.0111296706276824      -0.41619501114430751     
   2.5505505505505504       -1.0112037274024577      -0.41905238075840956     
   2.5545545545545547       -1.0113547415475446      -0.42190560621051959     
   2.5585585585585586       -1.0114568700441922      -0.42475465928404776     
   2.5625625625625625       -1.0115655265511878      -0.42759951180366890     
   2.5665665665665665       -1.0116857616868198      -0.43044013563559802     
   2.5705705705705704       -1.0117562641618243      -0.43327650268786827     
   2.5745745745745747       -1.0118862570383049      -0.43610858491061100     
   2.5785785785785786       -1.0119223931318200      -0.43893635429633066     
   2.5825825825825826       -1.0120552254992110      -0.44175978288018303     
   2.5865865865865865       -1.0120604095019767      -0.44457884274025233     
   2.5905905905905904       -1.0121904225447917      -0.44739350599782673     
   2.5945945945945947       -1.0121677344796367      -0.45020374481767333     
   2.5985985985985987       -1.0122903719311136      -0.45300953140831385     
   2.6026026026026026       -1.0122425931049779      -0.45581083802230121     
   2.6066066066066065       -1.0123542582275116      -0.45860763695649065     
   2.6106106106106104       -1.0122839028234514      -0.46139990055231678     
   2.6146146146146148       -1.0123818303159238      -0.46418760119606622     
   2.6186186186186187       -1.0122911657528924      -0.46697071131914791     
   2.6226226226226226       -1.0123732983426792      -0.46974920339837051     
   2.6266266266266265       -1.0122644160896592      -0.47252304995621180     
   2.6306306306306309       -1.0123292862828437      -0.47529222356109002     
   2.6346346346346348       -1.0122041013642806      -0.47805669682763591     
   2.6386386386386387       -1.0122507555341127      -0.48081644241696481     
   2.6426426426426426       -1.0121110010366376      -0.48357143303694416     
   2.6466466466466465       -1.0121389323547996      -0.48632164144246637     
   2.6506506506506509       -1.0119861795875658      -0.48906704043571703     
   2.6546546546546548       -1.0119952531714613      -0.49180760286644165     
   2.6586586586586587       -1.0118309296589911      -0.49454330163221849     
   2.6626626626626626       -1.0118213165676444      -0.49727410967872404     
   2.6666666666666665       -1.0116467221543570      -0.49999999999999972     
   2.6706706706706709       -1.0116188415733713      -0.50272094563872161     
   2.6746746746746748       -1.0114351626966072      -0.50543691968646454     
   2.6786786786786787       -1.0113896316384801      -0.50814789528396909     
   2.6826826826826826       -1.0111979539002101      -0.51085384562140823     
   2.6866866866866865       -1.0111355437258027      -0.51355474393865141     
   2.6906906906906909       -1.0109368630138316      -0.51625056352552878     
   2.6946946946946948       -1.0108584619049625      -0.51894127772209564     
   2.6986986986986987       -1.0106536941977640      -0.52162685991889768     
   2.7027027027027026       -1.0105602753420477      -0.52430728355723144     
   2.7067067067067065       -1.0103502651894765      -0.52698252212940910     
   2.7107107107107109       -1.0102428596441486      -0.52965254917902060     
   2.7147147147147148       -1.0100283876763696      -0.53231733830119188     
   2.7187187187187187       -1.0099080616649836      -0.53497686314285131     
   2.7227227227227226       -1.0096898511480008      -0.53763109740298709     
   2.7267267267267266       -1.0095576871981082      -0.54028001483290666     
   2.7307307307307309       -1.0093364097012938      -0.54292358923649919     
   2.7347347347347348       -1.0091934910329676      -0.54556179447049191     
   2.7387387387387387       -1.0089697714217880      -0.54819460444470958     
   2.7427427427427427       -1.0088171693284331      -0.55082199312233360     
   2.7467467467467466       -1.0085915901074769      -0.55344393452015828     
   2.7507507507507509       -1.0084303538454786      -0.55606040270884749     
   2.7547547547547548       -1.0082034589483511      -0.55867137181319182     
   2.7587587587587588       -1.0080346077974160      -0.56127681601236501     
   2.7627627627627627       -1.0078069059370538      -0.56387670954017755     
   2.7667667667667666       -1.0076314231854504      -0.56647102668533345     
   2.7707707707707709       -1.0074033907435473      -0.56905974179168384     
   2.7747747747747749       -1.0072222191772449      -0.57164282925847854     
   2.7787787787787788       -1.0069943027803252      -0.57422026354062317     
   2.7827827827827827       -1.0068083415747586      -0.57679201914892952     
   2.7867867867867866       -1.0065809603497109      -0.57935807065036660     
   2.7907907907907910       -1.0063910630479418      -0.58191839266831491     
   2.7947947947947949       -1.0061646106511197      -0.58447295988281489     
   2.7987987987987988       -1.0059715841900307      -0.58702174703081833     
   2.8028028028028027       -1.0057464305951795      -0.58956472890643896     
   2.8068068068068066       -1.0055510349112475      -0.59210188036120082     
   2.8108108108108110       -1.0053275279596257      -0.59463317630428647     
   2.8148148148148149       -1.0051304763174458      -0.59715859170278585     
   2.8188188188188188       -1.0049089432414637      -0.59967810158194468     
   2.8228228228228227       -1.0047109031812747      -0.60219168102540921     
   2.8268268268268266       -1.0044916518075406      -0.60469930517547521     
   2.8308308308308310       -1.0042932461907748      -0.60720094923333168     
   2.8348348348348349       -1.0040765661240156      -0.60969658845930674     
   2.8388388388388388       -1.0038783748015778      -0.61218619817311326     
   2.8428428428428427       -1.0036645385908927      -0.61466975375409216     
   2.8468468468468466       -1.0034670999750726      -0.61714723064145482     
   2.8508508508508510       -1.0032563639177592      -0.61961860433452842     
   2.8548548548548549       -1.0030601770069987      -0.62208385039299596     
   2.8588588588588588       -1.0028527822364079      -0.62454294443713865     
   2.8628628628628627       -1.0026583084579752      -0.62699586214807834     
   2.8668668668668666       -1.0024544815507395      -0.62944257926801550     
   2.8708708708708710       -1.0022621469158532      -0.63188307160047208     
   2.8748748748748749       -1.0020621008604294      -0.63431731501052735     
   2.8788788788788788       -1.0018722978548853      -0.63674528542506048     
   2.8828828828828827       -1.0016762325388398      -0.63916695883298458     
   2.8868868868868871       -1.0014893223155017      -0.64158231128548815     
   2.8908908908908910       -1.0012974253452345      -0.64399131889626826     
   2.8948948948948949       -1.0011137394883676      -0.64639395784176901     
   2.8988988988988988       -1.0009261866692594      -0.64879020436141721     
   2.9029029029029028       -1.0007460293349189      -0.65118003475785557     
   2.9069069069069071       -1.0005629852308364      -0.65356342539717915     
   2.9109109109109110       -1.0003866347540149      -0.65594035270916740     
   2.9149149149149149       -1.0002082532879280      -0.65831079318751873     
   2.9189189189189189       -1.0000359641235297      -0.66067472339008115     
   2.9229229229229228      -0.99986238883630463      -0.66303211993908662     
   2.9269269269269271      -0.99969439312965858      -0.66538295952137938     
   2.9309309309309310      -0.99952575783835318      -0.66772721888864839     
   2.9349349349349350      -0.99936226690274155      -0.67006487485765742     
   2.9389389389389389      -0.99919869593352251      -0.67239590431047236     
   2.9429429429429428      -0.99903990186578984      -0.67472028419469232     
   2.9469469469469471      -0.99888151043002849      -0.67703799152367616     
   2.9509509509509511      -0.99872758728941557      -0.67934900337676973     
   2.9549549549549550      -0.99857448190445730      -0.68165329689953269     
   2.9589589589589589      -0.99842558703507189      -0.68395084930396566     
   2.9629629629629628      -0.99827786565303001      -0.68624163786873338     
   2.9669669669669672      -0.99813414087655650      -0.68852563993939209     
   2.9709709709709711      -0.99799189325865578      -0.69080283292861111     
   2.9749749749749750      -0.99785346576330891      -0.69307319431639702     
   2.9789789789789789      -0.99771677374032253      -0.69533670165031769     
   2.9829829829829828      -0.99758375714688285      -0.69759333254572287     
   2.9869869869869872      -0.99745269468817455      -0.69984306468596547     
   2.9909909909909911      -0.99732518992749886      -0.70208587582262250     
   2.9949949949949950      -0.99719982342238478      -0.70432174377571644     
   2.9989989989989989      -0.99707791939093193      -0.70655064643393228     
   3.0030030030030028      -0.99695830783731354      -0.70877256175483805     
   3.0070070070070072      -0.99684208214569459      -0.71098746776510247     
   3.0110110110110111      -0.99672827719826818      -0.71319534256071015     
   3.0150150150150150      -0.99661779684287499      -0.71539616430718178     
   3.0190190190190189      -0.99650984292171063      -0.71758991123978788     
   3.0230230230230228      -0.99640516477780761      -0.71977656166376336     
   3.0270270270270272      -0.99630309925878802      -0.72195609395452442     
   3.0310310310310311      -0.99620427047263116      -0.72412848655788031     
   3.0350350350350350      -0.99610812374444491      -0.72629371799024711     
   3.0390390390390389      -0.99601518230584585      -0.72845176683886070     
   3.0430430430430429      -0.99592497770494803      -0.73060261176198871     
   3.0470470470470472      -0.99583795276526865      -0.73274623148913987     
   3.0510510510510511      -0.99575370674025998      -0.73488260482127588     
   3.0550550550550550      -0.99567261887217007      -0.73701171063102133     
   3.0590590590590589      -0.99559434101597244      -0.73913352786287101     
   3.0630630630630629      -0.99551920246736147      -0.74124803553339991     
   3.0670670670670672      -0.99544689553391286      -0.74335521273147032     
   3.0710710710710711      -0.99537771055535851      -0.74545503861843621     
   3.0750750750750750      -0.99531137037336004      -0.74754749242835339     
   3.0790790790790790      -0.99524813536946988      -0.74963255346818258     
   3.0830830830830829      -0.99518775092792733      -0.75171020111799314     
   3.0870870870870872      -0.99513045459264893      -0.75378041483116953     
   3.0910910910910911      -0.99507600804816332      -0.75584317413461222     
   3.0950950950950951      -0.99502463146078501      -0.75789845862894101     
   3.0990990990990990      -0.99497609811566867      -0.75994624798869759     
   3.1031031031031029      -0.99493061491772661      -0.76198652196254535     
   3.1071071071071072      -0.99488796315854222      -0.76401926037346968     
   3.1111111111111112      -0.99484833962854269      -0.76604444311897801     
   3.1151151151151151      -0.99481153090239527      -0.76806205017129969     
   3.1191191191191190      -0.99477772602837200      -0.77007206157758090     
   3.1231231231231229      -0.99474671487296462      -0.77207445746008596     
   3.1271271271271273      -0.99471868036375943      -0.77406921801639050     
   3.1311311311311312      -0.99469341437054737      -0.77605632351957909     
   3.1351351351351351      -0.99467109470339132      -0.77803575431843974     
   3.1391391391391390      -0.99465151449804179      -0.78000749083765863     
   3.1431431431431434      -0.99463484698307114      -0.78197151357801342     
   3.1471471471471473      -0.99462088618631184      -0.78392780311656574     
   3.1511511511511512      -0.99460980099652374      -0.78587634010685492     
   3.1551551551551551      -0.99460138620009386      -0.78781710527908644     
   3.1591591591591590      -0.99459580638036904      -0.78975007944032583     
   3.1631631631631634      -0.99459285714245826      -0.79167524347468532     
   3.1671671671671673      -0.99459269865410860      -0.79359257834351493     
   3.1711711711711712      -0.99459512757662460      -0.79550206508559018     
   3.1751751751751751      -0.99460029947717521      -0.79740368481729929     
   3.1791791791791790      -0.99460801225067308      -0.79929741873283011     
   3.1831831831831834      -0.99461841633638881      -0.80118324810435748     
   3.1871871871871873      -0.99463131146279404      -0.80306115428222580     
   3.1911911911911912      -0.99464684249980162      -0.80493111869513456     
   3.1951951951951951      -0.99466481149478980      -0.80679312285032412     
   3.1991991991991990      -0.99468535727560681      -0.80864714833375495     
   3.2032032032032034      -0.99470828465711791      -0.81049317681029209     
   3.2072072072072073      -0.99473372603501775      -0.81233119002388610     
   3.2112112112112112      -0.99476148940970077      -0.81416116979775310     
   3.2152152152152151      -0.99479170035091036      -0.81598309803455449     
   3.2192192192192191      -0.99482417045546301      -0.81779695671657726     
   3.2232232232232234      -0.99485901812570365      -0.81960272790591171     
   3.2272272272272273      -0.99489605889468113      -0.82140039374462503     
   3.2312312312312312      -0.99493540370133204      -0.82318993645494509     
   3.2352352352352352      -0.99497687235676713      -0.82497133833943015     
   3.2392392392392391      -0.99502056806713701      -0.82674458178114651     
   3.2432432432432434      -0.99506631520728084      -0.82850964924384241     
   3.2472472472472473      -0.99511420906086157      -0.83026652327212114     
   3.2512512512512513      -0.99516407877168567      -0.83201518649161355     
   3.2552552552552552      -0.99521601157120831      -0.83375562160915107     
   3.2592592592592591      -0.99526984157365450      -0.83548781141293604     
   3.2632632632632634      -0.99532564785822930      -0.83721173877271049     
   3.2672672672672673      -0.99538326963956358      -0.83892738663992716     
   3.2712712712712713      -0.99544277783260027      -0.84063473804791811     
   3.2752752752752752      -0.99550401682301282      -0.84233377611206173     
   3.2792792792792791      -0.99556704939363505      -0.84402448402995045     
   3.2832832832832834      -0.99563172513858944      -0.84570684508155636     
   3.2872872872872874      -0.99569809880389215      -0.84738084262939606     
   3.2912912912912913      -0.99576602518781920      -0.84904646011869733     
   3.2952952952952952      -0.99583555112483535      -0.85070368107756111     
   3.2992992992992991      -0.99590653658862871      -0.85235248911712369     
   3.3033033033033035      -0.99597902067608002      -0.85399286793172058     
   3.3073073073073074      -0.99605286845992480      -0.85562480129904661     
   3.3113113113113113      -0.99612811151039282      -0.85724827308031681     
   3.3153153153153152      -0.99620461991934328      -0.85886326722042616     
   3.3193193193193191      -0.99628241797942585      -0.86046976774810746     
   3.3233233233233235      -0.99636138068074975      -0.86206775877609132     
   3.3273273273273274      -0.99644152530806118      -0.86365722450126015     
   3.3313313313313313      -0.99652273163334337      -0.86523814920480790     
   3.3353353353353352      -0.99660501022899384      -0.86681051725239255     
   3.3393393393393391      -0.99668824549875235      -0.86837431309429247     
   3.3433433433433435      -0.99677244162865875      -0.86992952126555956     
   3.3473473473473474      -0.99685748751237035      -0.87147612638617244     
   3.3513513513513513      -0.99694338128446458      -0.87301411316118827     
   3.3553553553553552      -0.99703001617254106      -0.87454346638089397     
   3.3593593593593591      -0.99711738461333210      -0.87606417092095756     
   3.3633633633633635      -0.99720538401186520      -0.87757621174257716     
   3.3673673673673674      -0.99729400147747027      -0.87907957389262847     
   3.3713713713713713      -0.99738313842378401      -0.88057424250381433     
   3.3753753753753752      -0.99747277700639669      -0.88206020279481123     
   3.3793793793793796      -0.99756282250637007      -0.88353744007041513     
   3.3833833833833835      -0.99765325250046932      -0.88500593972168740     
   3.3873873873873874      -0.99774397598833930      -0.88646568722609875     
   3.3913913913913913      -0.99783496635128965      -0.88791666814767278     
   3.3953953953953953      -0.99792613616718151      -0.88935886813712972     
   3.3993993993993996      -0.99801745500666506      -0.89079227293202790     
   3.4034034034034035      -0.99810883889851953      -0.89221686835690339     
   3.4074074074074074      -0.99820025398110257      -0.89363264032341194     
   3.4114114114114114      -0.99829161961043211      -0.89503957483046781     
   3.4154154154154153      -0.99838289888155096      -0.89643765796438168     
   3.4194194194194196      -0.99847401437025751      -0.89782687589899912     
   3.4234234234234235      -0.99856492650487494      -0.89920721489583688     
   3.4274274274274275      -0.99865556098431352      -0.90057866130421815     
   3.4314314314314314      -0.99874587594484621      -0.90194120156140900     
   3.4354354354354353      -0.99883580012483686      -0.90329482219275192     
   3.4394394394394396      -0.99892528973743278      -0.90463950981179775     
   3.4434434434434436      -0.99901427649079655      -0.90597525112043964     
   3.4474474474474475      -0.99910271503841053      -0.90730203290904421     
   3.4514514514514514      -0.99919054000151641      -0.90861984205658186     
   3.4554554554554553      -0.99927770482134037      -0.90992866553075646     
   3.4594594594594597      -0.99936414699729414      -0.91122849038813580     
   3.4634634634634636      -0.99944981910581321      -0.91251930377427593     
   3.4674674674674675      -0.99953466149029357      -0.91380109292385281     
   3.4714714714714714      -0.99961862621165531      -0.91507384516078560     
   3.4754754754754753      -0.99970165643214581      -0.91633754789836286     
   3.4794794794794797      -0.99978370402186700      -0.91759218863936631     
   3.4834834834834836      -0.99986471496727813      -0.91883775497619591     
   3.4874874874874875      -0.99994464126309368      -0.92007423459099136     
   3.4914914914914914       -1.0000234317300121      -0.92130161525575383     
   3.4954954954954953       -1.0001010387981959      -0.92251988483246850     
   3.4994994994994997       -1.0001774141393822      -0.92372903127322248     
   3.5035035035035036       -1.0002525109248579      -0.92492904262032472     
   3.5075075075075075       -1.0003262836990721      -0.92611990700642566     
   3.5115115115115114       -1.0003986866745567      -0.92730161265463207     
   3.5155155155155153       -1.0004696773000661      -0.92847414787862559     
   3.5195195195195197       -1.0005392111055378      -0.92963750108277710     
   3.5235235235235236       -1.0006072485101187      -0.93079166076226205     
   3.5275275275275275       -1.0006737466174895      -0.93193661550317375     
   3.5315315315315314       -1.0007386688636315      -0.93307235398263721     
   3.5355355355355353       -1.0008019741962710      -0.93419886496891946     
   3.5395395395395397       -1.0008636291283521      -0.93531613732154262     
   3.5435435435435436       -1.0009235946916195      -0.93642415999139206     
   3.5475475475475475       -1.0009818405528315      -0.93752292202082732     
   3.5515515515515514       -1.0010383300545229      -0.93861241254378924     
   3.5555555555555554       -1.0010930360854575      -0.93969262078590843     
   3.5595595595595597       -1.0011459245444325      -0.94076353606461116     
   3.5635635635635636       -1.0011969715969022      -0.94182514778922477     
   3.5675675675675675       -1.0012461459014235      -0.94287744546108421     
   3.5715715715715715       -1.0012934269875122      -0.94392041867363274     
   3.5755755755755754       -1.0013387864704892      -0.94495405711252811     
   3.5795795795795797       -1.0013822073209395      -0.94597835055574231     
   3.5835835835835836       -1.0014236642813539      -0.94699328887366330     
   3.5875875875875876       -1.0014631438793751      -0.94799886202919548     
   3.5915915915915915       -1.0015006241176121      -0.94899506007785894     
   3.5955955955955954       -1.0015360951613954      -0.94998187316788696     
   3.5995995995995997       -1.0015695384315240      -0.95095929154032532     
   3.6036036036036037       -1.0016009477999599      -0.95192730552912663     
   3.6076076076076076       -1.0016303082736575      -0.95288590556124664     
   3.6116116116116115       -1.0016576174654495      -0.95383508215674029     
   3.6156156156156154       -1.0016828641194306      -0.95477482592885354     
   3.6196196196196198       -1.0017060496252670      -0.95570512758411708     
   3.6236236236236237       -1.0017271665885794      -0.95662597792243798     
   3.6276276276276276       -1.0017462202375564      -0.95753736783719101     
   3.6316316316316315       -1.0017632071415299      -0.95843928831530878     
   3.6356356356356359       -1.0017781363781091      -0.95933173043737030     
   3.6396396396396398       -1.0017910086214825      -0.96021468537768961     
   3.6436436436436437       -1.0018018367253836      -0.96108814440440271     
   3.6476476476476476       -1.0018106256976138      -0.96195209887955480     
   3.6516516516516515       -1.0018173920219855      -0.96280654025918444     
   3.6556556556556559       -1.0018221452232399      -0.96365146009340885     
   3.6596596596596598       -1.0018249053140051      -0.96448685002650714     
   3.6636636636636637       -1.0018256864560511      -0.96531270179700357     
   3.6676676676676676       -1.0018245121320648      -0.96612900723774797     
   3.6716716716716715       -1.0018214010885655      -0.96693575827599820     
   3.6756756756756759       -1.0018163802711830      -0.96773294693349898     
   3.6796796796796798       -1.0018094732441918      -0.96852056532655983     
   3.6836836836836837       -1.0018007102936062      -0.96929860566613557     
   3.6876876876876876       -1.0017901195693149      -0.97006706025790090     
   3.6916916916916915       -1.0017777350001196      -0.97082592150232783     
   3.6956956956956959       -1.0017635887927427      -0.97157518189476044     
   3.6996996996996998       -1.0017477190445994      -0.97231483402548924     
   3.7037037037037037       -1.0017301612511100      -0.97304487057982392     
   3.7077077077077076       -1.0017109584227732      -0.97376528433816678     
   3.7117117117117115       -1.0016901482636689      -0.97447606817608323     
   3.7157157157157159       -1.0016677798033649      -0.97517721506437227     
   3.7197197197197198       -1.0016438914722476      -0.97586871806913611     
   3.7237237237237237       -1.0016185396027857      -0.97655057035184933     
   3.7277277277277276       -1.0015917619015646      -0.97722276516942586     
   3.7317317317317316       -1.0015636230155833      -0.97788529587428519     
   3.7357357357357359       -1.0015341588616660      -0.97853815591441973     
   3.7397397397397398       -1.0015034428261498      -0.97918133883345804     
   3.7437437437437437       -1.0014715088205757      -0.97981483827072935     
   3.7477477477477477       -1.0014384379295749      -0.98043864796132674     
   3.7517517517517516       -1.0014042638848872      -0.98105276173616807     
   3.7557557557557559       -1.0013690720413819      -0.98165717352205806     
   3.7597597597597598       -1.0013329001986677      -0.98225187734174813     
   3.7637637637637638       -1.0012958317944143      -0.98283686731399489     
   3.7677677677677677       -1.0012579161425250      -0.98341213765361879     
   3.7717717717717716       -1.0012192252154579      -0.98397768267156138     
   3.7757757757757759       -1.0011798300819490      -0.98453349677494195     
   3.7797797797797799       -1.0011397796951431      -0.98507957446711136     
   3.7837837837837838       -1.0010991782128393      -0.98561591034770824     
   3.7877877877877877       -1.0010580401349309      -0.98614249911271146     
   3.7917917917917916       -1.0010165117329273      -0.98665933555449192     
   3.7957957957957960       -1.0009745667694852      -0.98716641456186571     
   3.7997997997997999       -1.0009323942827044      -0.98766373112014327     
   3.8038038038038038       -1.0008899329104124      -0.98815128031117960     
   3.8078078078078077       -1.0008473990032183      -0.98862905731342254     
   3.8118118118118116       -1.0008047220444061      -0.98909705740196108     
   3.8158158158158160       -1.0007621060218284      -0.98955527594857173     
   3.8198198198198199       -1.0007195246223504      -0.99000370842176366     
   3.8238238238238238       -1.0006771002975079      -0.99044235038682449     
   3.8278278278278277       -1.0006349335983677      -0.99087119750586350     
   3.8318318318318316       -1.0005929700784237      -0.99129024553785516     
   3.8358358358358360       -1.0005515391058999      -0.99169949033868066     
   3.8398398398398399       -1.0005103063345275      -0.99209892786116838     
   3.8438438438438438       -1.0004699221623352      -0.99248855415513493     
   3.8478478478478477       -1.0004297025868472      -0.99286836536742351     
   3.8518518518518516       -1.0003906477001174      -0.99323835774194280     
   3.8558558558558560       -1.0003517543641334      -0.99359852761970280     
   3.8598598598598599       -1.0003142587104017      -0.99394887143885202     
   3.8638638638638638       -1.0002770564920558      -0.99428938573471282     
   3.8678678678678677       -1.0002412736764590      -0.99462006713981466     
   3.8718718718718717       -1.0002061953011236      -0.99494091238392857     
   3.8758758758758760       -1.0001721904228653      -0.99525191829409909     
   3.8798798798798799       -1.0001397324499046      -0.99555308179467450     
   3.8838838838838838       -1.0001074999236763      -0.99584439990733942     
   3.8878878878878878       -1.0000781774951015      -0.99612586975114281     
   3.8918918918918921       -1.0000477114922768      -0.99639748854252641     
   3.8958958958958960       -1.0000219496383398      -0.99665925359535279     
   3.8998998998998999      -0.99999338624824707      -0.99691116232093191     
   3.9039039039039038      -0.99997133598310362      -0.99715321222804643     
   3.9079079079079078      -0.99994516666064237      -0.99738540092297623     
   3.9119119119119121      -0.99992646424329124      -0.99760772610952264     
   3.9159159159159160      -0.99990377763622229      -0.99782018558903074     
   3.9199199199199199      -0.99988732077591447      -0.99802277726041111     
   3.9239239239239239      -0.99986996302234454      -0.99821549912016083     
   3.9279279279279278      -0.99985385272557847      -0.99839834926238302     
   3.9319319319319321      -0.99984432055069128      -0.99857132587880604     
   3.9359359359359360      -0.99982618238909571      -0.99873442725880057     
   3.9399399399399400      -0.99982702541815915      -0.99888765178939798     
   3.9439439439439439      -0.99980491502466662      -0.99903099795530448     
   3.9479479479479478      -0.99981750425470128      -0.99916446433891781     
   3.9519519519519521      -0.99979142386825726      -0.99928804962034024     
   3.9559559559559561      -0.99981423705738404      -0.99940175257739150     
   3.9599599599599600      -0.99978787678074144      -0.99950557208562174     
   3.9639639639639639      -0.99981495352221472      -0.99959950711832180     
   3.9679679679679678      -0.99979675663041001      -0.99968355674653397     
   3.9719719719719722      -0.99981735867940646      -0.99975772013906072     
   3.9759759759759761      -0.99982004528560398      -0.99982199656247328     
   3.9799799799799800      -0.99981970885626281      -0.99987638538111856     
   3.9839839839839839      -0.99985965601446358      -0.99992088605712559     
   3.9879879879879878      -0.99981840049954884      -0.99995549815041107     
   3.9919919919919922      -0.99992356401973648      -0.99998022131868336     
   3.9959959959959961      -0.99979657360753627      -0.99999505531744570     
   4.0000000000000000       -1.0000000000000000       -1.0000000000000000     
