   0.0000000000000000        1.0000000000000000       0.99999999999999989     
   4.0040040040040040E-003  0.99951105841880494       0.99999505531744592     
   8.0080080080080079E-003  0.99999241339366751       0.99998022131868325     
   1.2012012012012012E-002  0.99959858520719669       0.99995549815041107     
   1.6016016016016016E-002   1.0001090105423376       0.99992088605712559     
   2.0020020020020020E-002  0.99977281039066501       0.99987638538111856     
   2.4024024024024024E-002   1.0002018732056248       0.99982199656247328     
   2.8028028028028028E-002  0.99998670394414679       0.99975772013906072     
   3.2032032032032032E-002   1.0003069485262206       0.99968355674653397     
   3.6036036036036036E-002   1.0002138431456589       0.99959950711832180     
   4.0040040040040040E-002   1.0004382860576064       0.99950557208562174     
   4.4044044044044044E-002   1.0004436291523913       0.99940175257739161     
   4.8048048048048048E-002   1.0005985681138856       0.99928804962034012     
   5.2052052052052052E-002   1.0006732919815322       0.99916446433891792     
   5.6056056056056056E-002   1.0007852295756310       0.99903099795530459     
   6.0060060060060060E-002   1.0009034137638020       0.99888765178939798     
   6.4064064064064064E-002   1.0009937655332046       0.99873442725880068     
   6.8068068068068074E-002   1.0011355724597981       0.99857132587880615     
   7.2072072072072071E-002   1.0012193937018652       0.99839834926238324     
   7.6076076076076082E-002   1.0013712173965579       0.99821549912016094     
   8.0080080080080079E-002   1.0014577883941194       0.99802277726041122     
   8.4084084084084090E-002   1.0016112274596480       0.99782018558903074     
   8.8088088088088087E-002   1.0017053173244241       0.99760772610952264     
   9.2092092092092098E-002   1.0018558223195007       0.99738540092297623     
   9.6096096096096095E-002   1.0019590339474318       0.99715321222804643     
  0.10010010010010011        1.0021046365335531       0.99691116232093191     
  0.10410410410410410        1.0022165671421495       0.99665925359535279     
  0.10810810810810811        1.0023568519183892       0.99639748854252641     
  0.11211211211211211        1.0024759836797135       0.99612586975114281     
  0.11611611611611612        1.0026113350921235       0.99584439990733964     
  0.12012012012012012        1.0027356596585077       0.99555308179467450     
  0.12412412412412413        1.0028667561221154       0.99525191829409887     
  0.12812812812812813        1.0029941756967069       0.99494091238392868     
  0.13213213213213212        1.0031216808395065       0.99462006713981466     
  0.13613613613613615        1.0032502386607038       0.99428938573471282     
  0.14014014014014015        1.0033746371508085       0.99394887143885213     
  0.14414414414414414        1.0035026274915486       0.99359852761970280     
  0.14814814814814814        1.0036241592074173       0.99323835774194291     
  0.15215215215215216        1.0037501585591544       0.99286836536742373     
  0.15615615615615616        1.0038688143109846       0.99248855415513493     
  0.16016016016016016        1.0039916656251067       0.99209892786116838     
  0.16416416416416416        1.0041072173220791       0.99169949033868066     
  0.16816816816816818        1.0042259902131982       0.99129024553785539     
  0.17217217217217218        1.0043380364221894       0.99087119750586361     
  0.17617617617617617        1.0044519785594999       0.99044235038682449     
  0.18018018018018017        1.0045599934818410       0.99000370842176388     
  0.18418418418418420        1.0046684826792247       0.98955527594857196     
  0.18818818818818819        1.0047718613131720       0.98909705740196130     
  0.19219219219219219        1.0048743635186304       0.98862905731342254     
  0.19619619619619619        1.0049724593603135       0.98815128031117949     
  0.20020020020020021        1.0050684949226778       0.98766373112014327     
  0.20420420420420421        1.0051606491394605       0.98716641456186571     
  0.20820820820820821        1.0052497676697933       0.98665933555449203     
  0.21221221221221220        1.0053353296239054       0.98614249911271146     
  0.21621621621621623        1.0054170927712465       0.98561591034770846     
  0.22022022022022023        1.0054954332859622       0.98507957446711159     
  0.22422422422422422        1.0055694042858061       0.98453349677494206     
  0.22822822822822822        1.0056399230629571       0.98397768267156138     
  0.23223223223223224        1.0057056612888760       0.98341213765361868     
  0.23623623623623624        1.0057677895907411       0.98283686731399489     
  0.24024024024024024        1.0058248489303450       0.98225187734174813     
  0.24424424424424424        1.0058780495166966       0.98165717352205828     
  0.24824824824824826        1.0059259792691126       0.98105276173616818     
  0.25225225225225223        1.0059697440037882       0.98043864796132674     
  0.25625625625625625        1.0060080910410496       0.97981483827072957     
  0.26026026026026028        1.0060419378866245       0.97918133883345804     
  0.26426426426426425        1.0060702496669032       0.97853815591441973     
  0.26826826826826827        1.0060937189246513       0.97788529587428519     
  0.27227227227227230        1.0061115463405421       0.97722276516942586     
  0.27627627627627627        1.0061241974975790       0.97655057035184956     
  0.28028028028028029        1.0061310976043194       0.97586871806913633     
  0.28428428428428426        1.0061325060226058       0.97517721506437238     
  0.28828828828828829        1.0061280448038010       0.97447606817608334     
  0.29229229229229231        1.0061178004325040       0.97376528433816700     
  0.29629629629629628        1.0061015537820155       0.97304487057982403     
  0.30030030030030030        1.0060792572114436       0.97231483402548924     
  0.30430430430430433        1.0060508117218343       0.97157518189476044     
  0.30830830830830830        1.0060160737317567       0.97082592150232794     
  0.31231231231231232        1.0059750276199804       0.97006706025790113     
  0.31631631631631629        1.0059274682571249       0.96929860566613568     
  0.32032032032032032        1.0058734315245608       0.96852056532656006     
  0.32432432432432434        1.0058126795201794       0.96773294693349898     
  0.32832832832832831        1.0057452738251398       0.96693575827599854     
  0.33233233233233234        1.0056709662572916       0.96612900723774819     
  0.33633633633633636        1.0055898245907564       0.96531270179700357     
  0.34034034034034033        1.0055016067088118       0.96448685002650714     
  0.34434434434434436        1.0054063729492801       0.96365146009340885     
  0.34834834834834832        1.0053038980941107       0.96280654025918455     
  0.35235235235235235        1.0051942265011087       0.96195209887955491     
  0.35635635635635637        1.0050771560705902       0.96108814440440293     
  0.36036036036036034        1.0049527107604810       0.96021468537768961     
  0.36436436436436437        1.0048207141846539       0.95933173043737041     
  0.36836836836836839        1.0046811686185200       0.95843928831530878     
  0.37237237237237236        1.0045339233214867       0.95753736783719101     
  0.37637637637637639        1.0043789598236244       0.95662597792243798     
  0.38038038038038036        1.0042161511588898       0.95570512758411708     
  0.38438438438438438        1.0040454604756568       0.95477482592885377     
  0.38838838838838841        1.0038667816295217       0.95383508215674051     
  0.39239239239239238        1.0036800625316391       0.95288590556124697     
  0.39639639639639640        1.0034852143940809       0.95192730552912663     
  0.40040040040040042        1.0032821733213935       0.95095929154032544     
  0.40440440440440439        1.0030708643276776       0.94998187316788707     
  0.40840840840840842        1.0028512150726308       0.94899506007785894     
  0.41241241241241239        1.0026231610203193       0.94799886202919548     
  0.41641641641641641        1.0023866244450415       0.94699328887366341     
  0.42042042042042044        1.0021415482923504       0.94597835055574242     
  0.42442442442442441        1.0018878520736836       0.94495405711252856     
  0.42842842842842843        1.0016254837248277       0.94392041867363297     
  0.43243243243243246        1.0013543621220338       0.94287744546108421     
  0.43643643643643643        1.0010744382049803       0.94182514778922499     
  0.44044044044044045        1.0007856318451369       0.94076353606461094     
  0.44444444444444442        1.0004878954863066       0.93969262078590843     
  0.44844844844844844        1.0001811511633762       0.93861241254378935     
  0.45245245245245247       0.99986535176313995       0.93752292202082743     
  0.45645645645645644       0.99954042224743356       0.93642415999139239     
  0.46046046046046046       0.99920631525920944       0.93531613732154295     
  0.46446446446446449       0.99886295911468026       0.93419886496891991     
  0.46846846846846846       0.99851030582997347       0.93307235398263733     
  0.47247247247247248       0.99814828723762272       0.93193661550317397     
  0.47647647647647645       0.99777685457826093       0.93079166076226205     
  0.48048048048048048       0.99739594316443170       0.92963750108277710     
  0.48448448448448450       0.99700550348296335       0.92847414787862570     
  0.48848848848848847       0.99660547415185052       0.92730161265463229     
  0.49249249249249250       0.99619580504052574       0.92611990700642588     
  0.49649649649649652       0.99577643781050107       0.92492904262032505     
  0.50050050050050054       0.99534732191894348       0.92372903127322259     
  0.50450450450450446       0.99490840176264883       0.92251988483246872     
  0.50850850850850848       0.99445962662411658       0.92130161525575405     
  0.51251251251251251       0.99400094331240252       0.92007423459099136     
  0.51651651651651653       0.99353230117829328       0.91883775497619602     
  0.52052052052052056       0.99305364912821481       0.91759218863936653     
  0.52452452452452447       0.99256493681046598       0.91633754789836308     
  0.52852852852852850       0.99206611493756891       0.91507384516078605     
  0.53253253253253252       0.99155713365857800       0.91380109292385314     
  0.53653653653653655       0.99103794523372446       0.91251930377427604     
  0.54054054054054057       0.99050850048333161       0.91122849038813569     
  0.54454454454454460       0.98996875299424758       0.90992866553075669     
  0.54854854854854851       0.98941865439336418       0.90861984205658186     
  0.55255255255255253       0.98885815941117772       0.90730203290904443     
  0.55655655655655656       0.98828722058171892       0.90597525112043986     
  0.56056056056056058       0.98770579363257505       0.90463950981179786     
  0.56456456456456461       0.98711383207341696       0.90329482219275237     
  0.56856856856856852       0.98651129251529723       0.90194120156140967     
  0.57257257257257255       0.98589812948389766       0.90057866130421826     
  0.57657657657657657       0.98527430038873143       0.89920721489583666     
  0.58058058058058060       0.98463976078818893       0.89782687589899912     
  0.58458458458458462       0.98399446882923514       0.89643765796438168     
  0.58858858858858853       0.98333838110061567       0.89503957483046792     
  0.59259259259259256       0.98267145644502218       0.89363264032341216     
  0.59659659659659658       0.98199365246475656       0.89221686835690384     
  0.60060060060060061       0.98130492867140962       0.89079227293202834     
  0.60460460460460463       0.98060524365356594       0.88935886813713039     
  0.60860860860860866       0.97989455757598298       0.88791666814767300     
  0.61261261261261257       0.97917282997934030       0.88646568722609853     
  0.61661661661661660       0.97844002167361255       0.88500593972168740     
  0.62062062062062062       0.97769609311342598       0.88353744007041513     
  0.62462462462462465       0.97694100575101328       0.88206020279481145     
  0.62862862862862867       0.97617472091530211       0.88057424250381455     
  0.63263263263263259       0.97539720070067426       0.87907957389262892     
  0.63663663663663661       0.97460840727099218       0.87757621174257761     
  0.64064064064064064       0.97380830336394031       0.87606417092095823     
  0.64464464464464466       0.97299685194048391       0.87454346638089420     
  0.64864864864864868       0.97217401638291379       0.87301411316118804     
  0.65265265265265260       0.97133976041395254       0.87147612638617244     
  0.65665665665665662       0.97049404806111794       0.86992952126555978     
  0.66066066066066065       0.96963684377659110       0.86837431309429269     
  0.66466466466466467       0.96876811223259784       0.86681051725239278     
  0.66866866866866870       0.96788781858183481       0.86523814920480835     
  0.67267267267267272       0.96699592813931956       0.86365722450126059     
  0.67667667667667664       0.96609240673273999       0.86206775877609154     
  0.68068068068068066       0.96517722031661168       0.86046976774810768     
  0.68468468468468469       0.96425033537134852       0.85886326722042616     
  0.68868868868868871       0.96331171848642372       0.85724827308031681     
  0.69269269269269274       0.96236133677579416       0.85562480129904683     
  0.69669669669669665       0.96139915745827698       0.85399286793172080     
  0.70070070070070067       0.96042514826499958       0.85235248911712413     
  0.70470470470470470       0.95943927703766974       0.85070368107756156     
  0.70870870870870872       0.95844151211073469       0.84904646011869800     
  0.71271271271271275       0.95743182194171206       0.84738084262939628     
  0.71671671671671666       0.95641017545677742       0.84570684508155602     
  0.72072072072072069       0.95537654172184194       0.84402448402995045     
  0.72472472472472471       0.95433089024514361       0.84233377611206173     
  0.72872872872872874       0.95327319069343019       0.84063473804791822     
  0.73273273273273276       0.95220341314904011       0.83892738663992727     
  0.73673673673673679       0.95112152787208271       0.83721173877271082     
  0.74074074074074070       0.95002750551244719       0.83548781141293649     
  0.74474474474474472       0.94892131691643877       0.83375562160915173     
  0.74874874874874875       0.94780293329615350       0.83201518649161366     
  0.75275275275275277       0.94667232607733631       0.83026652327212069     
  0.75675675675675680       0.94552946702999352       0.82850964924384218     
  0.76076076076076071       0.94437432815311806       0.82674458178114663     
  0.76476476476476474       0.94320688177118617       0.82497133833943037     
  0.76876876876876876       0.94202710045091953       0.82318993645494531     
  0.77277277277277279       0.94083495706860432       0.82140039374462548     
  0.77677677677677681       0.93963042475386427       0.81960272790591149     
  0.78078078078078073       0.93841347693279231       0.81779695671657793     
  0.78478478478478475       0.93718408729385094       0.81598309803455460     
  0.78878878878878878       0.93594222981154784       0.81416116979775299     
  0.79279279279279280       0.93468787872987691       0.81233119002388599     
  0.79679679679679682       0.93342100857092924       0.81049317681029232     
  0.80080080080080085       0.93214159413172581       0.80864714833375506     
  0.80480480480480476       0.93084961048158710       0.80679312285032445     
  0.80880880880880879       0.92954503296883850       0.80493111869513490     
  0.81281281281281281       0.92822783721019964       0.80306115428222591     
  0.81681681681681684       0.92689799910430948       0.80118324810435759     
  0.82082082082082086       0.92555549481592392       0.79929741873283022     
  0.82482482482482478       0.92420030079372162       0.79740368481729917     
  0.82882882882882880       0.92283239375161541       0.79550206508558996     
  0.83283283283283283       0.92145175068877261       0.79359257834351515     
  0.83683683683683685       0.92005834886983884       0.79167524347468543     
  0.84084084084084088       0.91865216584557452       0.78975007944032627     
  0.84484484484484490       0.91723317943339366       0.78781710527908688     
  0.84884884884884881       0.91580136773741216       0.78587634010685514     
  0.85285285285285284       0.91435670913029299       0.78392780311656585     
  0.85685685685685686       0.91289918227188149       0.78197151357801298     
  0.86086086086086089       0.91142876609303813       0.78000749083765841     
  0.86486486486486491       0.90994543981228959       0.77803575431843952     
  0.86886886886886883       0.90844918292207988       0.77605632351957921     
  0.87287287287287285       0.90693997520312930       0.77406921801639061     
  0.87687687687687688       0.90541779671330846       0.77207445746008641     
  0.88088088088088090       0.90388262779956707       0.77007206157758135     
  0.88488488488488493       0.90233444908948246       0.76806205017129980     
  0.88888888888888884       0.90077324150079252       0.76604444311897812     
  0.89289289289289286       0.89919898623548122       0.76401926037346957     
  0.89689689689689689       0.89761166478710919       0.76198652196254524     
  0.90090090090090091       0.89601125893721911       0.75994624798869781     
  0.90490490490490494       0.89439775076067640       0.75789845862894112     
  0.90890890890890896       0.89277112262416158       0.75584317413461199     
  0.91291291291291288       0.89113135718974545       0.75378041483116964     
  0.91691691691691690       0.88947843741526211       0.75171020111799358     
  0.92092092092092093       0.88781234655631902       0.74963255346818269     
  0.92492492492492495       0.88613306816828541       0.74754749242835361     
  0.92892892892892898       0.88444058610706722       0.74545503861843632     
  0.93293293293293289       0.88273488453235882       0.74335521273147021     
  0.93693693693693691       0.88101594790746574       0.74124803553340046     
  0.94094094094094094       0.87928376100361805       0.73913352786287123     
  0.94494494494494496       0.87753830889899942       0.73701171063102144     
  0.94894894894894899       0.87577957698392395       0.73488260482127599     
  0.95295295295295290       0.87400755095929794       0.73274623148913998     
  0.95695695695695693       0.87222221684244605       0.73060261176198882     
  0.96096096096096095       0.87042356096517270       0.72845176683886093     
  0.96496496496496498       0.86861156998007749       0.72629371799024722     
  0.96896896896896900       0.86678623085838702       0.72412848655788020     
  0.97297297297297303       0.86494753089657028       0.72195609395452465     
  0.97697697697697694       0.86309545771410812       0.71977656166376347     
  0.98098098098098097       0.86122999926025057       0.71758991123978799     
  0.98498498498498499       0.85935114381187194       0.71539616430718200     
  0.98898898898898902       0.85745887998023385       0.71319534256071038     
  0.99299299299299304       0.85555319670903041       0.71098746776510235     
  0.99699699699699695       0.85363408328105639       0.70877256175483849     
   1.0010010010010011       0.85170152931652876       0.70655064643393239     
   1.0050050050050050       0.84975552477959027       0.70432174377571666     
   1.0090090090090089       0.84779605997694241       0.70208587582262261     
   1.0130130130130131       0.84582312556415540       0.69984306468596524     
   1.0170170170170170       0.84383671254463899       0.69759333254572309     
   1.0210210210210211       0.84183681227573659       0.69533670165031780     
   1.0250250250250250       0.83982341646802561       0.69307319431639725     
   1.0290290290290289       0.83779651719120496       0.69080283292861089     
   1.0330330330330331       0.83575610687371771       0.68852563993939231     
   1.0370370370370370       0.83370217830842797       0.68624163786873360     
   1.0410410410410411       0.83163472465256283       0.68395084930396588     
   1.0450450450450450       0.82955373943318722       0.68165329689953280     
   1.0490490490490489       0.82745921654742616       0.67934900337676996     
   1.0530530530530531       0.82535115026778549       0.67703799152367639     
   1.0570570570570570       0.82322953524261233       0.67472028419469277     
   1.0610610610610611       0.82109436650127132       0.67239590431047247     
   1.0650650650650650       0.81894563945484389       0.67006487485765720     
   1.0690690690690692       0.81678334990114621       0.66772721888864850     
   1.0730730730730731       0.81460749402568455       0.66538295952137927     
   1.0770770770770770       0.81241806840648167       0.66303211993908673     
   1.0810810810810811       0.81021507001532367       0.66067472339008138     
   1.0850850850850851       0.80799849622235087       0.65831079318751895     
   1.0890890890890892       0.80576834479761583       0.65594035270916762     
   1.0930930930930931       0.80352461391544139       0.65356342539717938     
   1.0970970970970970       0.80126730215626174       0.65118003475785569     
   1.1011011011011012       0.79899640851077713       0.64879020436141710     
   1.1051051051051051       0.79671193238203031       0.64639395784176923     
   1.1091091091091092       0.79441387358942428       0.64399131889626848     
   1.1131131131131131       0.79210223237094857       0.64158231128548826     
   1.1171171171171170       0.78977700938712092       0.63916695883298480     
   1.1211211211211212       0.78743820572331680       0.63674528542506059     
   1.1251251251251251       0.78508582289366502       0.63431731501052790     
   1.1291291291291292       0.78271986284345352       0.63188307160047219     
   1.1331331331331331       0.78034032795299724       0.62944257926801572     
   1.1371371371371370       0.77794722104009084       0.62699586214807856     
   1.1411411411411412       0.77554054536386752       0.62454294443713887     
   1.1451451451451451       0.77312030462728643       0.62208385039299618     
   1.1491491491491492       0.77068650298098296       0.61961860433452864     
   1.1531531531531531       0.76823914502577995       0.61714723064145538     
   1.1571571571571571       0.76577823581652571       0.61466975375409227     
   1.1611611611611612       0.76330378086463568       0.61218619817311382     
   1.1651651651651651       0.76081578614191414       0.60969658845930685     
   1.1691691691691692       0.75831425808310260       0.60720094923333146     
   1.1731731731731732       0.75579920358972497       0.60469930517547543     
   1.1771771771771771       0.75327063003257078       0.60219168102540976     
   1.1811811811811812       0.75072854525564925       0.59967810158194490     
   1.1851851851851851       0.74817295757851743       0.59715859170278607     
   1.1891891891891893       0.74560387580039833       0.59463317630428669     
   1.1931931931931932       0.74302130920231391       0.59210188036120104     
   1.1971971971971973       0.74042526755140325       0.58956472890643952     
   1.2012012012012012       0.73781576110279934       0.58702174703081855     
   1.2052052052052051       0.73519280060422476       0.58447295988281511     
   1.2092092092092093       0.73255639729750022       0.58191839266831502     
   1.2132132132132132       0.72990656292354650       0.57935807065036715     
   1.2172172172172173       0.72724330972338047       0.57679201914892964     
   1.2212212212212212       0.72456665044365876       0.57422026354062339     
   1.2252252252252251       0.72187659833701234       0.57164282925847876     
   1.2292292292292293       0.71917316716828272       0.56905974179168362     
   1.2332332332332332       0.71645637121403416       0.56647102668533400     
   1.2372372372372373       0.71372622526963925       0.56387670954017777     
   1.2412412412412412       0.71098274464778632       0.56127681601236523     
   1.2452452452452452       0.70822594518663040       0.55867137181319193     
   1.2492492492492493       0.70545584324701038       0.55606040270884771     
   1.2532532532532532       0.70267245572201686       0.55344393452015839     
   1.2572572572572573       0.69987580003248295       0.55082199312233371     
   1.2612612612612613       0.69706589413846920       0.54819460444470980     
   1.2652652652652652       0.69424275653245926       0.54556179447049202     
   1.2692692692692693       0.69140640625337468       0.54292358923649942     
   1.2732732732732732       0.68855686287680529       0.54028001483290677     
   1.2772772772772774       0.68569414653227900       0.53763109740298687     
   1.2812812812812813       0.68281827788970684       0.53497686314285187     
   1.2852852852852852       0.67992927818082893       0.53231733830119210     
   1.2892892892892893       0.67702716918081129       0.52965254917902038     
   1.2932932932932932       0.67411197323507943       0.52698252212940966     
   1.2972972972972974       0.67118371323468318       0.52430728355723166     
   1.3013013013013013       0.66824241265005679       0.52162685991889790     
   1.3053053053053052       0.66528809549844004       0.51894127772209575     
   1.3093093093093093       0.66232078638645209       0.51625056352552856     
   1.3133133133133132       0.65934051046744735       0.51355474393865164     
   1.3173173173173174       0.65634729349529353       0.51085384562140879     
   1.3213213213213213       0.65334116176895385       0.50814789528396931     
   1.3253253253253254       0.65032214220049300       0.50543691968646431     
   1.3293293293293293       0.64729026224350628       0.50272094563872183     
   1.3333333333333333       0.64424554997911676       0.50000000000000033     
   1.3373373373373374       0.64118803402404179       0.49727410967872421     
   1.3413413413413413       0.63811774363925744       0.49454330163221866     
   1.3453453453453454       0.63503470861250255       0.49180760286644143     
   1.3493493493493494       0.63193895939537603       0.48906704043571680     
   1.3533533533533533       0.62883052695385666       0.48632164144246692     
   1.3573573573573574       0.62570944294097375       0.48357143303694439     
   1.3613613613613613       0.62257573950738532       0.48081644241696458     
   1.3653653653653655       0.61942944951846579       0.47805669682763607     
   1.3693693693693694       0.61627060631510111       0.47529222356109019     
   1.3733733733733733       0.61309924398612448       0.47252304995621203     
   1.3773773773773774       0.60991539706717290       0.46974920339837073     
   1.3813813813813813       0.60671910088195113       0.46697071131914814     
   1.3853853853853855       0.60351039116420480       0.46418760119606600     
   1.3893893893893894       0.60028930448435425       0.46139990055231739     
   1.3933933933933933       0.59705587777624680       0.45860763695649082     
   1.3973973973973974       0.59381014886946937       0.45581083802230099     
   1.4014014014014013       0.59055215589839516       0.45300953140831446     
   1.4054054054054055       0.58728193796502082       0.45020374481767350     
   1.4094094094094094       0.58399953440285168       0.44739350599782696     
   1.4134134134134133       0.58070498560057005       0.44457884274025250     
   1.4174174174174174       0.57739833208730684       0.44175978288018319     
   1.4214214214214214       0.57407961555402187       0.43893635429633082     
   1.4254254254254255       0.57074887771950400       0.43610858491061116     
   1.4294294294294294       0.56740616159424795       0.43327650268786849     
   1.4334334334334333       0.56405151007785337       0.43044013563559824     
   1.4374374374374375       0.56068496751969321       0.42759951180366951     
   1.4414414414414414       0.55730657798796113       0.42475465928404799     
   1.4454454454454455       0.55391638719283487       0.42190560621051937     
   1.4494494494494494       0.55051444035493535       0.41905238075840973     
   1.4534534534534536       0.54710078457034461       0.41619501114430768     
   1.4574574574574575       0.54367546619133289       0.41333352562578418     
   1.4614614614614614       0.54023853372884201       0.41046795250111390     
   1.4654654654654655       0.53679003464061725       0.40759832010899610     
   1.4694694694694694       0.53333001888609344       0.40472465682827363     
   1.4734734734734736       0.52985853499599112       0.40184699107765148     
   1.4774774774774775       0.52637563441751345       0.39896535131541649     
   1.4814814814814814       0.52288136671446217       0.39607976603915679     
   1.4854854854854855       0.51937578486785341       0.39319026378547872     
   1.4894894894894894       0.51585893942602246       0.39029687312972589     
   1.4934934934934936       0.51233088495793633       0.38739962268569328     
   1.4974974974974975       0.50879167293779837       0.38449854110534909     
   1.5015015015015014       0.50524135958630800       0.38159365707854875     
   1.5055055055055055       0.50167999723305434       0.37868499933275013     
   1.5095095095095095       0.49810764382567446       0.37577259663273255     
   1.5135135135135136       0.49452435246488968       0.37285647778030873     
   1.5175175175175175       0.49093018291399287       0.36993667161404314     
   1.5215215215215214       0.48732518894453131       0.36701320700896550     
   1.5255255255255256       0.48370943224009172       0.36408611287628412     
   1.5295295295295295       0.48008296712407855       0.36115541816310132     
   1.5335335335335336       0.47644585732370315       0.35822115185212744     
   1.5375375375375375       0.47279815757357646       0.35528334296139380     
   1.5415415415415414       0.46913993378976571       0.35234202054396474     
   1.5455455455455456       0.46547124095229619       0.34939721368765114     
   1.5495495495495495       0.46179214733689017       0.34644895151472355     
   1.5535535535535536       0.45810270797408836       0.34349726318162310     
   1.5575575575575575       0.45440299369984916       0.34054217787867375     
   1.5615615615615615       0.45069305936669779       0.33758372482979260     
   1.5655655655655656       0.44697297860598140       0.33462193329220158     
   1.5695695695695695       0.44324280582490372       0.33165683255613898     
   1.5735735735735736       0.43950261772539262       0.32868845194456903     
   1.5775775775775776       0.43575246795738171       0.32571682081289088     
   1.5815815815815817       0.43199243661482917       0.32274196854864945     
   1.5855855855855856       0.42822257622716520       0.31976392457124525     
   1.5895895895895895       0.42444297065511516       0.31678271833164295     
   1.5935935935935936       0.42065367088558947       0.31379837931207866     
   1.5975975975975976       0.41685476498203944       0.31081093702577139     
   1.6016016016016017       0.41304630189960734       0.30782042101662782     
   1.6056056056056056       0.40922837441057808       0.30482686085895305     
   1.6096096096096095       0.40540102887235596       0.30183028615715729     
   1.6136136136136137       0.40156436335234819       0.29883072654546011     
   1.6176176176176176       0.39771842095688348       0.29582821168760254     
   1.6216216216216217       0.39386330572618056       0.29282277127655032     
   1.6256256256256256       0.38999905676291891       0.28981443503420135     
   1.6296296296296295       0.38612578486171883       0.28680323271109065     
   1.6336336336336337       0.38224352425658087       0.28378919408609704     
   1.6376376376376376       0.37835239339592702       0.28077234896614933     
   1.6416416416416417       0.37445242065292689       0.27775272718593036     
   1.6456456456456456       0.37054373316242012       0.27473035860758332     
   1.6496496496496496       0.36662635230125235       0.27170527312041282     
   1.6536536536536537       0.36270041507351414       0.26867750064059459     
   1.6576576576576576       0.35876593456303474       0.26564707111087615     
   1.6616616616616617       0.35482305899490629       0.26261401450028199     
   1.6656656656656657       0.35087179168244276       0.25957836080381591     
   1.6696696696696696       0.34691229361289172       0.25654014004216519     
   1.6736736736736737       0.34294455664931456       0.25349938226140467     
   1.6776776776776776       0.33896875629402662       0.25045611753269870     
   1.6816816816816818       0.33498487105452757       0.24741037595200283     
   1.6856856856856857       0.33099309293715923       0.24436218763976714     
   1.6896896896896898       0.32699338493768043       0.24131158274063927     
   1.6936936936936937       0.32298595781774236       0.23825859142316480     
   1.6976976976976976       0.31897075662701369       0.23520324387949043     
   1.7017017017017018       0.31494801342435019       0.23214557032506186     
   1.7057057057057057       0.31091765257149678       0.22908560099833006     
   1.7097097097097098       0.30687993028732730       0.22602336616044894     
   1.7137137137137137       0.30283474716502268       0.22295889609497727     
   1.7177177177177176       0.29878238679949592       0.21989222110757800     
   1.7217217217217218       0.29472272256264742       0.21682337152571932     
   1.7257257257257257       0.29065606902885788       0.21375237769837560     
   1.7297297297297298       0.28658226848882390       0.21067926999572606     
   1.7337337337337337       0.28250167052322611       0.20760407880885565     
   1.7377377377377377       0.27841408203758322       0.20452683454945109     
   1.7417417417417418       0.27431989210673136       0.20144756764950522     
   1.7457457457457457       0.27021886746462603       0.19836630856101312     
   1.7497497497497498       0.26611144166815004       0.19528308775567005     
   1.7537537537537538       0.26199733597128899       0.19219793572457314     
   1.7577577577577577       0.25787703394100486       0.18911088297791637     
   1.7617617617617618       0.25375020548036509       0.18602196004469188     
   1.7657657657657657       0.24961739027540097       0.18293119747238676     
   1.7697697697697699       0.24547820040376145       0.17983862582668017     
   1.7737737737737738       0.24133323840155940       0.17674427569114179     
   1.7777777777777777       0.23718205140198628       0.17364817766693028     
   1.7817817817817818       0.23302531218502287       0.17055036237248988     
   1.7857857857857857       0.22886249513547105       0.16745086044324664     
   1.7897897897897899       0.22469435137351471       0.16434970253130635     
   1.7937937937937938       0.22052027400773891       0.16124691930515228     
   1.7977977977977977       0.21634110133543957       0.15814254144934106     
   1.8018018018018018       0.21215613590044341       0.15503659966419786     
   1.8058058058058057       0.20796631279002534       0.15192912466551589     
   1.8098098098098099       0.20377083390031592       0.14882014718424907     
   1.8138138138138138       0.19957074152911761       0.14570969796621130     
   1.8178178178178179       0.19536512601806744       0.14259780777177095     
   1.8218218218218218       0.19115514813064829       0.13948450737554591     
   1.8258258258258258       0.18693977489930869       0.13636982756610005     
   1.8298298298298299       0.18272029766381448       0.13325379914563965     
   1.8338338338338338       0.17849554752756303       0.13013645292970785     
   1.8378378378378379       0.17426695938601838       0.12701781974687870     
   1.8418418418418419       0.17003321491946446       0.12389793043845529     
   1.8458458458458458       0.16579590643163733       0.12077681585816115     
   1.8498498498498499       0.16155355181224762       0.11765450687183837     
   1.8538538538538538       0.15730791549270892       0.11453103435714140     
   1.8578578578578580       0.15305733634365318       0.11140642920322855     
   1.8618618618618619       0.14880376649164020       0.10828072231046192     
   1.8658658658658658       0.14454534972439240       0.10515394459009815     
   1.8698698698698699       0.14028424224607169       0.10202612696398421     
   1.8738738738738738       0.13601837590333266        9.8897300364250137E-002
   1.8778778778778780       0.13175012812605214        9.5767495733004110E-002
   1.8818818818818819       0.12747720122558470        9.2636744022027262E-002
   1.8858858858858858       0.12320221170371019        8.9505076192466795E-002
   1.8898898898898899       0.11892261408369850        8.6372523214528804E-002
   1.8938938938938938       0.11464128239564039        8.3239116067172991E-002
   1.8978978978978980       0.11035540456219463        8.0104885737807094E-002
   1.9019019019019019       0.10606813109825527        7.6969863221979185E-002
   1.9059059059059058       0.10177636407568458        7.3834079523072429E-002
   1.9099099099099099        9.7483549816394677E-002   7.0697565651994948E-002
   1.9139139139139139        9.3186285000859473E-002   6.7560352626878470E-002
   1.9179179179179180        8.8888331285524966E-002   6.4422471472768014E-002
   1.9219219219219219        8.4585960302658678E-002   6.1283953221316440E-002
   1.9259259259259258        8.0283268587909115E-002   5.8144828910476183E-002
   1.9299299299299300        7.5976183154956287E-002   5.5005129584193228E-002
   1.9339339339339339        7.1669154763175674E-002   5.1864886292100981E-002
   1.9379379379379380        6.7357746556140935E-002   4.8724130089211899E-002
   1.9419419419419419        6.3046782413773567E-002   4.5582892035611673E-002
   1.9459459459459461        5.8731442940001363E-002   4.2441203196148525E-002
   1.9499499499499500        5.4416943305857113E-002   3.9299094640131337E-002
   1.9539539539539539        5.0098063782366802E-002   3.6156597441019275E-002
   1.9579579579579580        4.5780427966206634E-002   3.3013742676113601E-002
   1.9619619619619619        4.1458399204020745E-002   2.9870561426253450E-002
   1.9659659659659661        3.7138025275727557E-002   2.6727084775504926E-002
   1.9699699699699700        3.2813237571220961E-002   2.3583343810856781E-002
   1.9739739739739739        2.8490522056161434E-002   2.0439369621911660E-002
   1.9779779779779780        2.4163365113569219E-002   1.7295193300577764E-002
   1.9819819819819819        1.9838702571998417E-002   1.4150845940762258E-002
   1.9859859859859861        1.5509565845392677E-002   1.1006358638064652E-002
   1.9899899899899900        1.1183347038056558E-002   7.8617624894684063E-003
   1.9939939939939939        6.8526244105856478E-003   4.7170885930325071E-003
   1.9979979979979980        2.5252218679668536E-003   1.5723680475848198E-003
   2.0020020020020022       -1.8066468565719742E-003  -1.5723680475845747E-003
   2.0060060060060061       -6.1350056928203547E-003  -4.7170885930322625E-003
   2.0100100100100100       -1.0467142363887481E-002  -7.8617624894681600E-003
   2.0140140140140139       -1.4795541751860489E-002  -1.1006358638064406E-002
   2.0180180180180178       -1.9127051215438482E-002  -1.4150845940762012E-002
   2.0220220220220222       -2.3454603561093273E-002  -1.7295193300577522E-002
   2.0260260260260261       -2.7784620645698709E-002  -2.0439369621911417E-002
   2.0300300300300300       -3.2110501006549233E-002  -2.3583343810856538E-002
   2.0340340340340339       -3.6438281627743638E-002  -2.6727084775504683E-002
   2.0380380380380378       -4.0761834136174888E-002  -2.9870561426253207E-002
   2.0420420420420422       -4.5086820596086409E-002  -3.3013742676113789E-002
   2.0460460460460461       -4.9407555463997388E-002  -3.6156597441019026E-002
   2.0500500500500500       -5.3729316616957477E-002  -3.9299094640131087E-002
   2.0540540540540539       -5.8046826187987316E-002  -4.2441203196148275E-002
   2.0580580580580579       -6.2364978350170137E-002  -4.5582892035610979E-002
   2.0620620620620622       -6.6678878129409785E-002  -4.8724130089212093E-002
   2.0660660660660661       -7.0993047683897914E-002  -5.1864886292100738E-002
   2.0700700700700700       -7.5302955872736319E-002  -5.5005129584192979E-002
   2.0740740740740740       -7.9612769206988246E-002  -5.8144828910475933E-002
   2.0780780780780779       -8.3918302482569471E-002  -6.1283953221315746E-002
   2.0820820820820822       -8.8223384359017928E-002  -6.4422471472768209E-002
   2.0860860860860861       -9.2524157539426249E-002  -6.7560352626878220E-002
   2.0900900900900901       -9.6824131097653532E-002  -7.0697565651994698E-002
   2.0940940940940940      -0.10111975741660618       -7.3834079523071736E-002
   2.0980980980980979      -0.10541424439456258       -7.6969863221978935E-002
   2.1021021021021022      -0.10970433583322205       -8.0104885737806844E-002
   2.1061061061061062      -0.11399295680894203       -8.3239116067172741E-002
   2.1101101101101101      -0.11827712441945720       -8.6372523214528554E-002
   2.1141141141141140      -0.12255949905270604       -8.9505076192466101E-002
   2.1181181181181179      -0.12683735326805459       -9.2636744022027012E-002
   2.1221221221221223      -0.13111310053998321       -9.5767495733003860E-002
   2.1261261261261262      -0.13538425147016925       -9.8897300364249888E-002
   2.1301301301301301      -0.13965298992051289      -0.10202612696398396     
   2.1341341341341340      -0.14391704763559052      -0.10515394459009790     
   2.1381381381381384      -0.14817839559703505      -0.10828072231046167     
   2.1421421421421423      -0.15243497039747883      -0.11140642920322831     
   2.1461461461461462      -0.15668854622682243      -0.11453103435714115     
   2.1501501501501501      -0.16093724890178263      -0.11765450687183812     
   2.1541541541541540      -0.16518267120753580      -0.12077681585816090     
   2.1581581581581584      -0.16942311328152107      -0.12389793043845504     
   2.1621621621621623      -0.17366000114759989      -0.12701781974687892     
   2.1661661661661662      -0.17789179511613001      -0.13013645292970763     
   2.1701701701701701      -0.18211976832132082      -0.13325379914563942     
   2.1741741741741740      -0.18634252787608169      -0.13636982756609983     
   2.1781781781781784      -0.19056120710897997      -0.13948450737554569     
   2.1821821821821823      -0.19477454735299773      -0.14259780777177072     
   2.1861861861861862      -0.19898355442214866      -0.14570969796621108     
   2.1901901901901901      -0.20318709207548202      -0.14882014718424885     
   2.1941941941941940      -0.20738605011448025      -0.15192912466551567     
   2.1981981981981984      -0.21157940371090669      -0.15503659966419808     
   2.2022022022022023      -0.21576793737824296      -0.15814254144934084     
   2.2062062062062062      -0.21995072745338895      -0.16124691930515206     
   2.2102102102102101      -0.22412846312685819      -0.16434970253130612     
   2.2142142142142140      -0.22830031239819765      -0.16745086044324597     
   2.2182182182182184      -0.23246687836371596      -0.17055036237248966     
   2.2222222222222223      -0.23662741190283473      -0.17364817766693005     
   2.2262262262262262      -0.24078243853753706      -0.17674427569114157     
   2.2302302302302301      -0.24493128393503108      -0.17983862582667995     
   2.2342342342342341      -0.24907440388455332      -0.18293119747238654     
   2.2382382382382384      -0.25321119140790488      -0.18602196004469207     
   2.2422422422422423      -0.25734203975777642      -0.18911088297791614     
   2.2462462462462462      -0.26146640250252068      -0.19219793572457292     
   2.2502502502502502      -0.26558461694361929      -0.19528308775566983     
   2.2542542542542541      -0.26969619097809389      -0.19836630856101248     
   2.2582582582582584      -0.27380141196613650      -0.20144756764950500     
   2.2622622622622623      -0.27789983647007849      -0.20452683454945086     
   2.2662662662662663      -0.28199170737914386      -0.20760407880885542     
   2.2702702702702702      -0.28607662477637569      -0.21067926999572584     
   2.2742742742742741      -0.29015479204647071      -0.21375237769837538     
   2.2782782782782784      -0.29422584813189773      -0.21682337152571909     
   2.2822822822822824      -0.29828996141059894      -0.21989222110757778     
   2.2862862862862863      -0.30234680547171833      -0.22295889609497704     
   2.2902902902902902      -0.30639651774993232      -0.22602336616044871     
   2.2942942942942941      -0.31043880268303725      -0.22908560099832984     
   2.2982982982982985      -0.31447377042493890      -0.23214557032506164     
   2.3023023023023024      -0.31850115284618519      -0.23520324387949024     
   2.3063063063063063      -0.32252103611340155      -0.23825859142316458     
   2.3103103103103102      -0.32653317646488655      -0.24131158274063905     
   2.3143143143143141      -0.33053763903500694      -0.24436218763976694     
   2.3183183183183185      -0.33453420168600068      -0.24741037595200260     
   2.3223223223223224      -0.33852291116549843      -0.25045611753269847     
   2.3263263263263263      -0.34250356450895286      -0.25349938226140445     
   2.3303303303303302      -0.34647619244061378      -0.25654014004216497     
   2.3343343343343341      -0.35044060898506613      -0.25957836080381524     
   2.3383383383383385      -0.35439683095002117      -0.26261401450028221     
   2.3423423423423424      -0.35834468740699849      -0.26564707111087593     
   2.3463463463463463      -0.36228418312146310      -0.26867750064059437     
   2.3503503503503502      -0.36621516048848546      -0.27170527312041259     
   2.3543543543543541      -0.37013761389531713      -0.27473035860758266     
   2.3583583583583585      -0.37405139753459438      -0.27775272718593058     
   2.3623623623623624      -0.37795649688977068      -0.28077234896614911     
   2.3663663663663663      -0.38185277660267503      -0.28378919408609682     
   2.3703703703703702      -0.38574021455680524      -0.28680323271108998     
   2.3743743743743742      -0.38961868465420540      -0.28981443503420068     
   2.3783783783783785      -0.39348815832918888      -0.29282277127655010     
   2.3823823823823824      -0.39734851769771884      -0.29582821168760237     
   2.3863863863863863      -0.40119972875865767      -0.29883072654545989     
   2.3903903903903903      -0.40504168092299764      -0.30183028615715662     
   2.3943943943943946      -0.40887433564547648      -0.30482686085895327     
   2.3983983983983985      -0.41269758882671481      -0.30782042101662760     
   2.4024024024024024      -0.41651139815955973      -0.31081093702577117     
   2.4064064064064064      -0.42031566532970482      -0.31379837931207849     
   2.4104104104104103      -0.42411034495332656      -0.31678271833164234     
   2.4144144144144146      -0.42789534388603911      -0.31976392457124503     
   2.4184184184184185      -0.43167061426647274      -0.32274196854864923     
   2.4224224224224224      -0.43543606758408077      -0.32571682081289072     
   2.4264264264264264      -0.43919165402282756      -0.32868845194456880     
   2.4304304304304303      -0.44293728923969294      -0.33165683255613876     
   2.4344344344344346      -0.44667292191946589      -0.33462193329220136     
   2.4384384384384385      -0.45039847148176415      -0.33758372482979238     
   2.4424424424424425      -0.45411388550824694      -0.34054217787867352     
   2.4464464464464464      -0.45781908683022765      -0.34349726318162288     
   2.4504504504504503      -0.46151402226994176      -0.34644895151472338     
   2.4544544544544546      -0.46519861776673233      -0.34939721368765092     
   2.4584584584584586      -0.46887281968111894      -0.35234202054396457     
   2.4624624624624625      -0.47253655679813744      -0.35528334296139358     
   2.4664664664664664      -0.47618977527394502      -0.35822115185212722     
   2.4704704704704703      -0.47983240651298714      -0.36115541816310109     
   2.4744744744744747      -0.48346439668906765      -0.36408611287628395     
   2.4784784784784786      -0.48708567963113109      -0.36701320700896528     
   2.4824824824824825      -0.49069620172173445      -0.36993667161404292     
   2.4864864864864864      -0.49429589904664845      -0.37285647778030850     
   2.4904904904904903      -0.49788471836131049      -0.37577259663273233     
   2.4944944944944947      -0.50146259786423419      -0.37868499933275035     
   2.4984984984984986      -0.50502948482434995      -0.38159365707854853     
   2.5025025025025025      -0.50858531942921104      -0.38449854110534887     
   2.5065065065065064      -0.51213004958138197      -0.38739962268569306     
   2.5105105105105103      -0.51566361735131638      -0.39029687312972527     
   2.5145145145145147      -0.51918597137756006      -0.39319026378547894     
   2.5185185185185186      -0.52269705552242407      -0.39607976603915657     
   2.5225225225225225      -0.52619681924733430      -0.39896535131541627     
   2.5265265265265264      -0.52968520812835873      -0.40184699107765126     
   2.5305305305305303      -0.53316217252330211      -0.40472465682827302     
   2.5345345345345347      -0.53662765965495207      -0.40759832010899633     
   2.5385385385385386      -0.54008162083938671      -0.41046795250111373     
   2.5425425425425425      -0.54352400488850094      -0.41333352562578402     
   2.5465465465465464      -0.54695476412849664      -0.41619501114430751     
   2.5505505505505504      -0.55037384891077457      -0.41905238075840956     
   2.5545545545545547      -0.55378121261482172      -0.42190560621051959     
   2.5585585585585586      -0.55717680708872819      -0.42475465928404776     
   2.5625625625625625      -0.56056058680091747      -0.42759951180366890     
   2.5665665665665665      -0.56393250505907377      -0.43044013563559802     
   2.5705705705705704      -0.56729251744972453      -0.43327650268786827     
   2.5745745745745747      -0.57064057870786111      -0.43610858491061100     
   2.5785785785785786      -0.57397664556167816      -0.43893635429633066     
   2.5825825825825826      -0.57730067414521402      -0.44175978288018303     
   2.5865865865865865      -0.58061262234705713      -0.44457884274025233     
   2.5905905905905904      -0.58391244767538375      -0.44739350599782673     
   2.5945945945945947      -0.58720010919372534      -0.45020374481767333     
   2.5985985985985987      -0.59047556576226057      -0.45300953140831385     
   2.6026026026026026      -0.59373877763040628      -0.45581083802230121     
   2.6066066066066065      -0.59698970499049531      -0.45860763695649065     
   2.6106106106106104      -0.60022830928565074      -0.46139990055231678     
   2.6146146146146148      -0.60345455202238107      -0.46418760119606622     
   2.6186186186186187      -0.60666839584263954      -0.46697071131914791     
   2.6226226226226226      -0.60986980355064546      -0.46974920339837051     
   2.6266266266266265      -0.61305873898997210      -0.47252304995621180     
   2.6306306306306309      -0.61623516624729990      -0.47529222356109002     
   2.6346346346346348      -0.61939905036858500      -0.47805669682763591     
   2.6386386386386387      -0.62255035670868808      -0.48081644241696481     
   2.6426426426426426      -0.62568905151495202      -0.48357143303694416     
   2.6466466466466465      -0.62881510139689079      -0.48632164144246637     
   2.6506506506506509      -0.63192847380071060      -0.48906704043571703     
   2.6546546546546548      -0.63502913657762794      -0.49180760286644165     
   2.6586586586586587      -0.63811705836885602      -0.49454330163221849     
   2.6626626626626626      -0.64119220825479917      -0.49727410967872404     
   2.6666666666666665      -0.64425455606665716      -0.49999999999999972     
   2.6706706706706709      -0.64730407210181784      -0.50272094563872161     
   2.6746746746746748      -0.65034072737542903      -0.50543691968646454     
   2.6786786786786787      -0.65336449338987301      -0.50814789528396909     
   2.6826826826826826      -0.65637534233731265      -0.51085384562140823     
   2.6866866866866865      -0.65937324691326715      -0.51355474393865141     
   2.6906906906906909      -0.66235818047919792      -0.51625056352552878     
   2.6946946946946948      -0.66533011691197197      -0.51894127772209564     
   2.6986986986986987      -0.66828903073393853      -0.52162685991889768     
   2.7027027027027026      -0.67123489699154215      -0.52430728355723144     
   2.7067067067067065      -0.67416769135899757      -0.52698252212940910     
   2.7107107107107109      -0.67708739004053120      -0.52965254917902060     
   2.7147147147147148      -0.67999396985265959      -0.53231733830119188     
   2.7187187187187187      -0.68288740814554183      -0.53497686314285131     
   2.7227227227227226      -0.68576768286795209      -0.53763109740298709     
   2.7267267267267266      -0.68863477250405791      -0.54028001483290666     
   2.7307307307307309      -0.69148865612441723      -0.54292358923649919     
   2.7347347347347348      -0.69432931333518821      -0.54556179447049191     
   2.7387387387387387      -0.69715672431786202      -0.54819460444470958     
   2.7427427427427427      -0.69997086978846390      -0.55082199312233360     
   2.7467467467467466      -0.70277173102823032      -0.55344393452015828     
   2.7507507507507509      -0.70555928985082139      -0.55606040270884749     
   2.7547547547547548      -0.70833352862572974      -0.55867137181319182     
   2.7587587587587588      -0.71109443025190500      -0.56127681601236501     
   2.7627627627627627      -0.71384197817534278      -0.56387670954017755     
   2.7667667667667666      -0.71657615636782546      -0.56647102668533345     
   2.7707707707707709      -0.71929694933986088      -0.56905974179168384     
   2.7747747747747749      -0.72200434212349918      -0.57164282925847854     
   2.7787787787787788      -0.72469832028156400      -0.57422026354062317     
   2.7827827827827827      -0.72737886989370593      -0.57679201914892952     
   2.7867867867867866      -0.73004597756268519      -0.57935807065036660     
   2.7907907907907910      -0.73269963040299013      -0.58191839266831491     
   2.7947947947947949      -0.73533981604478160      -0.58447295988281489     
   2.7987987987987988      -0.73796652262453510      -0.58702174703081833     
   2.8028028028028027      -0.74057973878713967      -0.58956472890643896     
   2.8068068068068066      -0.74317945367813176      -0.59210188036120082     
   2.8108108108108110      -0.74576565694434116      -0.59463317630428647     
   2.8148148148148149      -0.74833833872737276      -0.59715859170278585     
   2.8188188188188188      -0.75089748966311598      -0.59967810158194468     
   2.8228228228228227      -0.75344310087619648      -0.60219168102540921     
   2.8268268268268266      -0.75597516397860354      -0.60469930517547521     
   2.8308308308308310      -0.75849367106489485      -0.60720094923333168     
   2.8348348348348349      -0.76099861471014252      -0.60969658845930674     
   2.8388388388388388      -0.76348998796571688      -0.61218619817311326     
   2.8428428428428427      -0.76596778435671409      -0.61466975375409216     
   2.8468468468468466      -0.76843199787817895      -0.61714723064145482     
   2.8508508508508510      -0.77088262299214894      -0.61961860433452842     
   2.8548548548548549      -0.77331965462420449      -0.62208385039299596     
   2.8588588588588588      -0.77574308816023063      -0.62454294443713865     
   2.8628628628628627      -0.77815291944320952      -0.62699586214807834     
   2.8668668668668666      -0.78054914476979198      -0.62944257926801550     
   2.8708708708708710      -0.78293176088725092      -0.63188307160047208     
   2.8748748748748749      -0.78530076498993895      -0.63431731501052735     
   2.8788788788788788      -0.78765615471634665      -0.63674528542506048     
   2.8828828828828827      -0.78999792814550196      -0.63916695883298458     
   2.8868868868868871      -0.79232608379408864      -0.64158231128548815     
   2.8908908908908910      -0.79464062061283491      -0.64399131889626826     
   2.8948948948948949      -0.79694153798365475      -0.64639395784176901     
   2.8988988988988988      -0.79922883571607140      -0.64879020436141721     
   2.9029029029029028      -0.80150251404433626      -0.65118003475785557     
   2.9069069069069071      -0.80376257362394288      -0.65356342539717915     
   2.9109109109109110      -0.80600901552868220      -0.65594035270916740     
   2.9149149149149149      -0.80824184124728282      -0.65831079318751873     
   2.9189189189189189      -0.81046105268037738      -0.66067472339008115     
   2.9229229229229228      -0.81266665213730660      -0.66303211993908662     
   2.9269269269269271      -0.81485864233296212      -0.66538295952137938     
   2.9309309309309310      -0.81703702638479148      -0.66772721888864839     
   2.9349349349349350      -0.81920180780949048      -0.67006487485765742     
   2.9389389389389389      -0.82135299052024369      -0.67239590431047236     
   2.9429429429429428      -0.82349057882324139      -0.67472028419469232     
   2.9469469469469471      -0.82561457741518363      -0.67703799152367616     
   2.9509509509509511      -0.82772499137959421      -0.67934900337676973     
   2.9549549549549550      -0.82982182618462652      -0.68165329689953269     
   2.9589589589589589      -0.83190508767915050      -0.68395084930396566     
   2.9629629629629628      -0.83397478209088338      -0.68624163786873338     
   2.9669669669669672      -0.83603091602223401      -0.68852563993939209     
   2.9709709709709711      -0.83807349644877638      -0.69080283292861111     
   2.9749749749749750      -0.84010253071484531      -0.69307319431639702     
   2.9789789789789789      -0.84211802653236723      -0.69533670165031769     
   2.9829829829829828      -0.84411999197619714      -0.69759333254572287     
   2.9869869869869872      -0.84610843548331738      -0.69984306468596547     
   2.9909909909909911      -0.84808336584791633      -0.70208587582262250     
   2.9949949949949950      -0.85004479222096085      -0.70432174377571644     
   2.9989989989989989      -0.85199272410501947      -0.70655064643393228     
   3.0030030030030028      -0.85392717135420626      -0.70877256175483805     
   3.0070070070070072      -0.85584814416876442      -0.71098746776510247     
   3.0110110110110111      -0.85775565309536406      -0.71319534256071015     
   3.0150150150150150      -0.85964970902148075      -0.71539616430718178     
   3.0190190190190189      -0.86153032317600531      -0.71758991123978788     
   3.0230230230230228      -0.86339750712347407      -0.71977656166376336     
   3.0270270270270272      -0.86525127276493718      -0.72195609395452442     
   3.0310310310310311      -0.86709163233211051      -0.72412848655788031     
   3.0350350350350350      -0.86891859838842278      -0.72629371799024711     
   3.0390390390390389      -0.87073218382318951      -0.72845176683886070     
   3.0430430430430429      -0.87253240185272884      -0.73060261176198871     
   3.0470470470470472      -0.87431926601469001      -0.73274623148913987     
   3.0510510510510511      -0.87609279016910335      -0.73488260482127588     
   3.0550550550550550      -0.87785298849300986      -0.73701171063102133     
   3.0590590590590589      -0.87959987548129415      -0.73913352786287101     
   3.0630630630630629      -0.88133346594178930      -0.74124803553339991     
   3.0670670670670672      -0.88305377499570947      -0.74335521273147032     
   3.0710710710710711      -0.88476081807343299      -0.74545503861843621     
   3.0750750750750750      -0.88645461091432065      -0.74754749242835339     
   3.0790790790790790      -0.88813516956341798      -0.74963255346818258     
   3.0830830830830829      -0.88980251037041347      -0.75171020111799314     
   3.0870870870870872      -0.89145664998751639      -0.75378041483116953     
   3.0910910910910911      -0.89309760536729865      -0.75584317413461222     
   3.0950950950950951      -0.89472539376201943      -0.75789845862894101     
   3.0990990990990990      -0.89634003272008089      -0.75994624798869759     
   3.1031031031031029      -0.89794154008707938      -0.76198652196254535     
   3.1071071071071072      -0.89952993400060266      -0.76401926037346968     
   3.1111111111111112      -0.90110523289327926      -0.76604444311897801     
   3.1151151151151151      -0.90266745548566252      -0.76806205017129969     
   3.1191191191191190      -0.90421662079153031      -0.77007206157758090     
   3.1231231231231229      -0.90575274810863016      -0.77207445746008596     
   3.1271271271271273      -0.90727585702642899      -0.77406921801639050     
   3.1311311311311312      -0.90878596741456219      -0.77605632351957909     
   3.1351351351351351      -0.91028309943316543      -0.77803575431843974     
   3.1391391391391390      -0.91176727351894293      -0.78000749083765863     
   3.1431431431431434      -0.91323851039811477      -0.78197151357801342     
   3.1471471471471473      -0.91469683107015298      -0.78392780311656574     
   3.1511511511511512      -0.91614225682321948      -0.78587634010685492     
   3.1551551551551551      -0.91757480921579804      -0.78781710527908644     
   3.1591591591591590      -0.91899451009428990      -0.78975007944032583     
   3.1631631631631634      -0.92040138157300655      -0.79167524347468532     
   3.1671671671671673      -0.92179544605333830      -0.79359257834351493     
   3.1711711711711712      -0.92317672620283531      -0.79550206508559018     
   3.1751751751751751      -0.92454524497507506      -0.79740368481729929     
   3.1791791791791790      -0.92590102558889065      -0.79929741873283011     
   3.1831831831831834      -0.92724409154769349      -0.80118324810435748     
   3.1871871871871873      -0.92857446662030563      -0.80306115428222580     
   3.1911911911911912      -0.92989217485806863      -0.80493111869513456     
   3.1951951951951951      -0.93119724057919540      -0.80679312285032412     
   3.1991991991991990      -0.93248968838151203      -0.80864714833375495     
   3.2032032032032034      -0.93376954313274141      -0.81049317681029209     
   3.2072072072072073      -0.93503682997621118      -0.81233119002388610     
   3.2112112112112112      -0.93629157433001919      -0.81416116979775310     
   3.2152152152152151      -0.93753380188248692      -0.81598309803455449     
   3.2192192192192191      -0.93876353860371997      -0.81779695671657726     
   3.2232232232232234      -0.93998081072702211      -0.81960272790591171     
   3.2272272272272273      -0.94118564477691602      -0.82140039374462503     
   3.2312312312312312      -0.94237806753220466      -0.82318993645494509     
   3.2352352352352352      -0.94355810607501034      -0.82497133833943015     
   3.2392392392392391      -0.94472578773072169      -0.82674458178114651     
   3.2432432432432434      -0.94588114014301095      -0.82850964924384241     
   3.2472472472472473      -0.94702419118556658      -0.83026652327212114     
   3.2512512512512513      -0.94815496906829966      -0.83201518649161355     
   3.2552552552552552      -0.94927350221561790      -0.83375562160915107     
   3.2592592592592591      -0.95037981940904293      -0.83548781141293604     
   3.2632632632632634      -0.95147394962693377      -0.83721173877271049     
   3.2672672672672673      -0.95255592222840790      -0.83892738663992716     
   3.2712712712712713      -0.95362576674994570      -0.84063473804791811     
   3.2752752752752752      -0.95468351313475208      -0.84233377611206173     
   3.2792792792792791      -0.95572919148269708      -0.84402448402995045     
   3.2832832832832834      -0.95676283232794401      -0.84570684508155636     
   3.2872872872872874      -0.95778446634030756      -0.84738084262939606     
   3.2912912912912913      -0.95879412465199865      -0.84904646011869733     
   3.2952952952952952      -0.95979183851083905      -0.85070368107756111     
   3.2992992992992991      -0.96077763965419949      -0.85235248911712369     
   3.3033033033033035      -0.96175155991773087      -0.85399286793172058     
   3.3073073073073074      -0.96271363165088586      -0.85562480129904661     
   3.3113113113113113      -0.96366388728899954      -0.85724827308031681     
   3.3153153153153152      -0.96460235980009179      -0.85886326722042616     
   3.3193193193193191      -0.96552908223336997      -0.86046976774810746     
   3.3233233233233235      -0.96644408818122474      -0.86206775877609132     
   3.3273273273273274      -0.96734741132354818      -0.86365722450126015     
   3.3313313313313313      -0.96823908588197294      -0.86523814920480790     
   3.3353353353353352      -0.96911914618680228      -0.86681051725239255     
   3.3393393393393391      -0.96998762709263875      -0.86837431309429247     
   3.3433433433433435      -0.97084456360307714      -0.86992952126555956     
   3.3473473473473474      -0.97168999120810207      -0.87147612638617244     
   3.3513513513513513      -0.97252394561080802      -0.87301411316118827     
   3.3553553553553552      -0.97334646293759541      -0.87454346638089397     
   3.3593593593593591      -0.97415757962066118      -0.87606417092095756     
   3.3633633633633635      -0.97495733242253768      -0.87757621174257716     
   3.3673673673673674      -0.97574575853740408      -0.87907957389262847     
   3.3713713713713713      -0.97652289536258841      -0.88057424250381433     
   3.3753753753753752      -0.97728878089009452      -0.88206020279481123     
   3.3793793793793796      -0.97804345315016272      -0.88353744007041513     
   3.3833833833833835      -0.97878695097081958      -0.88500593972168740     
   3.3873873873873874      -0.97951931301361250      -0.88646568722609875     
   3.3913913913913913      -0.98024057898218653      -0.88791666814767278     
   3.3953953953953953      -0.98095078816928427      -0.88935886813712972     
   3.3993993993993996      -0.98164998119378277      -0.89079227293202790     
   3.4034034034034035      -0.98233819798267752      -0.89221686835690339     
   3.4074074074074074      -0.98301548010783335      -0.89363264032341194     
   3.4114114114114114      -0.98368186813891012      -0.89503957483046781     
   3.4154154154154153      -0.98433740463426045      -0.89643765796438168     
   3.4194194194194196      -0.98498213082270858      -0.89782687589899912     
   3.4234234234234235      -0.98561609027537378      -0.89920721489583688     
   3.4274274274274275      -0.98623932490814292      -0.90057866130421815     
   3.4314314314314314      -0.98685187932041996      -0.90194120156140900     
   3.4354354354354353      -0.98745379615829965      -0.90329482219275192     
   3.4394394394394396      -0.98804512105020537      -0.90463950981179775     
   3.4434434434434436      -0.98862589743512730      -0.90597525112043964     
   3.4474474474474475      -0.98919617195202991      -0.90730203290904421     
   3.4514514514514514      -0.98975598891961525      -0.90861984205658186     
   3.4554554554554553      -0.99030539594513944      -0.90992866553075646     
   3.4594594594594597      -0.99084443834254643      -0.91122849038813580     
   3.4634634634634636      -0.99137316461694014      -0.91251930377427593     
   3.4674674674674675      -0.99189162122597918      -0.91380109292385281     
   3.4714714714714714      -0.99239985747018533      -0.91507384516078560     
   3.4754754754754753      -0.99289792113565700      -0.91633754789836286     
   3.4794794794794797      -0.99338586218134750      -0.91759218863936631     
   3.4834834834834836      -0.99386372994451455      -0.91883775497619591     
   3.4874874874874875      -0.99433157487040125      -0.92007423459099136     
   3.4914914914914914      -0.99478944810743675      -0.92130161525575383     
   3.4954954954954953      -0.99523740038219954      -0.92251988483246850     
   3.4994994994994997      -0.99567548494744906      -0.92372903127322248     
   3.5035035035035036      -0.99610375257964412      -0.92492904262032472     
   3.5075075075075075      -0.99652225895346624      -0.92611990700642566     
   3.5115115115115114      -0.99693105464881671      -0.92730161265463207     
   3.5155155155155153      -0.99733019808976708      -0.92847414787862559     
   3.5195195195195197      -0.99771973941619929      -0.92963750108277710     
   3.5235235235235236      -0.99809974011732594      -0.93079166076226205     
   3.5275275275275275      -0.99847024967810771      -0.93193661550317375     
   3.5315315315315314      -0.99883133292715265      -0.93307235398263721     
   3.5355355355355353      -0.99918303854240587      -0.93419886496891946     
   3.5395395395395397      -0.99952543488580203      -0.93531613732154262     
   3.5435435435435436      -0.99985856978250631      -0.93642415999139206     
   3.5475475475475475       -1.0001825151932058      -0.93752292202082732     
   3.5515515515515514       -1.0004973182036216      -0.93861241254378924     
   3.5555555555555554       -1.0008030542530255      -0.93969262078590843     
   3.5595595595595597       -1.0010997700211475      -0.94076353606461116     
   3.5635635635635636       -1.0013875440556961      -0.94182514778922477     
   3.5675675675675675       -1.0016664232509729      -0.94287744546108421     
   3.5715715715715715       -1.0019364885744297      -0.94392041867363274     
   3.5755755755755754       -1.0021977881114428      -0.94495405711252811     
   3.5795795795795797       -1.0024504041743665      -0.94597835055574231     
   3.5835835835835836       -1.0026943874365817      -0.94699328887366330     
   3.5875875875875876       -1.0029298200351728      -0.94799886202919548     
   3.5915915915915915       -1.0031567571001281      -0.94899506007785894     
   3.5955955955955954       -1.0033752785872956      -0.94998187316788696     
   3.5995995995995997       -1.0035854464498204      -0.95095929154032532     
   3.6036036036036037       -1.0037873359620990      -0.95192730552912663     
   3.6076076076076076       -1.0039810187513811      -0.95288590556124664     
   3.6116116116116115       -1.0041665624560079      -0.95383508215674029     
   3.6156156156156154       -1.0043440516415822      -0.95477482592885354     
   3.6196196196196198       -1.0045135430086247      -0.95570512758411708     
   3.6236236236236237       -1.0046751375898952      -0.95662597792243798     
   3.6276276276276276       -1.0048288776945775      -0.95753736783719101     
   3.6316316316316315       -1.0049748843683421      -0.95843928831530878     
   3.6356356356356359       -1.0051131822284873      -0.95933173043737030     
   3.6396396396396398       -1.0052439155294550      -0.96021468537768961     
   3.6436436436436437       -1.0053670884819443      -0.96108814440440271     
   3.6476476476476476       -1.0054828708926413      -0.96195209887955480     
   3.6516516516516515       -1.0055912450107256      -0.96280654025918444     
   3.6556556556556559       -1.0056924070398578      -0.96365146009340885     
   3.6596596596596598       -1.0057863175896777      -0.96448685002650714     
   3.6636636636636637       -1.0058731978221778      -0.96531270179700357     
   3.6676676676676676       -1.0059529897515864      -0.96612900723774797     
   3.6716716716716715       -1.0060259348798009      -0.96693575827599820     
   3.6756756756756759       -1.0060919633252272      -0.96773294693349898     
   3.6796796796796798       -1.0061513281790320      -0.96852056532655983     
   3.6836836836836837       -1.0062039589664618      -0.96929860566613557     
   3.6876876876876876       -1.0062501065708358      -0.97006706025790090     
   3.6916916916916915       -1.0062897166749722      -0.97082592150232783     
   3.6956956956956959       -1.0063230183764613      -0.97157518189476044     
   3.6996996996996998       -1.0063499962881479      -0.97231483402548924     
   3.7037037037037037       -1.0063708320062581      -0.97304487057982392     
   3.7077077077077076       -1.0063855779430542      -0.97376528433816678     
   3.7117117117117115       -1.0063943366176313      -0.97447606817608323     
   3.7157157157157159       -1.0063972624977255      -0.97517721506437227     
   3.7197197197197198       -1.0063943428168192      -0.97586871806913611     
   3.7237237237237237       -1.0063858712459042      -0.97655057035184933     
   3.7277277277277276       -1.0063716819181689      -0.97722276516942586     
   3.7317317317317316       -1.0063522465067496      -0.97788529587428519     
   3.7357357357357359       -1.0063272095864724      -0.97853815591441973     
   3.7397397397397398       -1.0062972534538850      -0.97918133883345804     
   3.7437437437437437       -1.0062618057200803      -0.97981483827072935     
   3.7477477477477477       -1.0062217792132764      -0.98043864796132674     
   3.7517517517517516       -1.0061763746109895      -0.98105276173616807     
   3.7557557557557559       -1.0061267332821648      -0.98165717352205806     
   3.7597597597597598       -1.0060718459829250      -0.98225187734174813     
   3.7637637637637638       -1.0060130475613891      -0.98283686731399489     
   3.7677677677677677       -1.0059491754104026      -0.98341213765361879     
   3.7717717717717716       -1.0058816772072643      -0.98397768267156138     
   3.7757757757757759       -1.0058093447162391      -0.98453349677494195     
   3.7797797797797799       -1.0057336009730773      -0.98507957446711136     
   3.7837837837837838       -1.0056533621349246      -0.98561591034770824     
   3.7877877877877877       -1.0055698225564558      -0.98614249911271146     
   3.7917917917917916       -1.0054822618394721      -0.98665933555449192     
   3.7957957957957960       -1.0053913717103151      -0.98716641456186571     
   3.7997997997997999       -1.0052971031602969      -0.98766373112014327     
   3.8038038038038038       -1.0051993065152491      -0.98815128031117960     
   3.8078078078078077       -1.0050989690234338      -0.98862905731342254     
   3.8118118118118116       -1.0049947156750243      -0.98909705740196108     
   3.8158158158158160       -1.0048889635751295      -0.98955527594857173     
   3.8198198198198199       -1.0047787220080211      -0.99000370842176366     
   3.8238238238238238       -1.0046682093875932      -0.99044235038682449     
   3.8278278278278277       -1.0045524861515618      -0.99087119750586350     
   3.8318318318318316       -1.0044378435960171      -0.99129024553785516     
   3.8358358358358360       -1.0043172108268716      -0.99169949033868066     
   3.8398398398398399       -1.0041990139222763      -0.99209892786116838     
   3.8438438438438438       -1.0040741452464739      -0.99248855415513493     
   3.8478478478478477       -1.0039528749882851      -0.99286836536742351     
   3.8518518518518516       -1.0038245884936430      -0.99323835774194280     
   3.8558558558558560       -1.0037005854819721      -0.99359852761970280     
   3.8598598598598599       -1.0035698911045077      -0.99394887143885202     
   3.8638638638638638       -1.0034433081748135      -0.99428938573471282     
   3.8678678678678677       -1.0033114528139297      -0.99462006713981466     
   3.8718718718718717       -1.0031822146563212      -0.99494091238392857     
   3.8758758758758760       -1.0030507139189666      -0.99525191829409909     
   3.8798798798798799       -1.0029184978421100      -0.99555308179467450     
   3.8838838838838838       -1.0027891369291728      -0.99584439990733942     
   3.8878878878878878       -1.0026533961015465      -0.99612586975114281     
   3.8918918918918921       -1.0025281739227221      -0.99639748854252641     
   3.8958958958958960       -1.0023882338366348      -0.99665925359535279     
   3.8998998998998999       -1.0022692146501277      -0.99691116232093191     
   3.9039039039039038       -1.0021244837574175      -0.99715321222804643     
   3.9079079079079078       -1.0020135101637264      -0.99738540092297623     
   3.9119119119119121       -1.0018638555872048      -0.99760772610952264     
   3.9159159159159160       -1.0017620680429067      -0.99782018558903074     
   3.9199199199199199       -1.0016084134303740      -0.99802277726041111     
   3.9239239239239239       -1.0015155194848762      -0.99821549912016083     
   3.9279279279279278       -1.0013607175931196      -0.99839834926238302     
   3.9319319319319321       -1.0012739678835467      -0.99857132587880604     
   3.9359359359359360       -1.0011239734044841      -0.99873442725880057     
   3.9399399399399400       -1.0010368471245930      -0.99888765178939798     
   3.9439439439439439       -1.0009021443868145      -0.99903099795530448     
   3.9479479479479478       -1.0008028516283058      -0.99916446433891781     
   3.9519519519519521       -1.0006999424607268      -0.99928804962034024     
   3.9559559559559561       -1.0005700586975048      -0.99940175257739150     
   3.9599599599599600       -1.0005225315084310      -0.99950557208562174     
   3.9639639639639639       -1.0003364614380792      -0.99959950711832180     
   3.9679679679679678       -1.0003746535438665      -0.99968355674653397     
   3.9719719719719722       -1.0001012888384511      -0.99975772013906072     
   3.9759759759759761       -1.0002586798850093      -0.99982199656247328     
   3.9799799799799800      -0.99986773984838873      -0.99987638538111856     
   3.9839839839839839       -1.0001707583522221      -0.99992088605712559     
   3.9879879879879878      -0.99964815897375348      -0.99995549815041107     
   3.9919919919919922       -1.0000940084670149      -0.99998022131868336     
   3.9959959959959961      -0.99947769847475254      -0.99999505531744570     
   4.0000000000000000       -1.0000000000000000       -1.0000000000000000     
