   0.0000000000000000        1.0000000000000000       0.99999999999999989     
   4.0040040040040040E-003   1.0001801380677493       0.99999505531744592     
   8.0080080080080079E-003   1.0000031780348049       0.99998022131868325     
   1.2012012012012012E-002   1.0001587968113343       0.99995549815041107     
   1.6016016016016016E-002  0.99991851632788964       0.99992088605712559     
   2.0020020020020020E-002   1.0000703235582931       0.99987638538111856     
   2.4024024024024024E-002  0.99984971751308649       0.99982199656247328     
   2.8028028028028028E-002  0.99995151365606594       0.99975772013906072     
   3.2032032032032032E-002  0.99978301662859859       0.99968355674653397     
   3.6036036036036036E-002  0.99982035589781515       0.99959950711832180     
   4.0040040040040040E-002  0.99970634083391974       0.99950557208562174     
   4.4044044044044044E-002  0.99968796852076203       0.99940175257739161     
   4.8048048048048048E-002  0.99961480155259330       0.99928804962034012     
   5.2052052052052052E-002  0.99955871429915977       0.99916446433891792     
   5.6056056056056056E-002  0.99950894862529782       0.99903099795530459     
   6.0060060060060060E-002  0.99943292615573809       0.99888765178939798     
   6.4064064064064064E-002  0.99939203077598859       0.99873442725880068     
   6.8068068068068074E-002  0.99930934981516195       0.99857132587880615     
   7.2072072072072071E-002  0.99926797599825268       0.99839834926238324     
   7.6076076076076082E-002  0.99918664295072446       0.99821549912016094     
   8.0080080080080079E-002  0.99914031817239879       0.99802277726041122     
   8.4084084084084090E-002  0.99906404499644541       0.99782018558903074     
   8.8088088088088087E-002  0.99901182121797039       0.99760772610952264     
   9.2092092092092098E-002  0.99894151672010145       0.99738540092297623     
   9.6096096096096095E-002  0.99888449416010805       0.99715321222804643     
  0.10010010010010011       0.99881961686576670       0.99691116232093191     
  0.10410410410410410       0.99875976832781355       0.99665925359535279     
  0.10810810810810811       0.99869929431507087       0.99639748854252641     
  0.11211211211211211       0.99863870189203119       0.99612586975114281     
  0.11611611611611612       0.99858169200869240       0.99584439990733964     
  0.12012012012012012       0.99852214817588092       0.99555308179467450     
  0.12412412412412413       0.99846800071221276       0.99525191829409887     
  0.12812812812812813       0.99841086949520097       0.99494091238392868     
  0.13213213213213212       0.99835936804953540       0.99462006713981466     
  0.13613613613613615       0.99830560038414873       0.99428938573471282     
  0.14014014014014015       0.99825685275454124       0.99394887143885213     
  0.14414414414414414       0.99820707341158177       0.99359852761970280     
  0.14814814814814814       0.99816140980541801       0.99323835774194291     
  0.15215215215215216       0.99811602160080981       0.99286836536742373     
  0.15615615615615616       0.99807389326915064       0.99248855415513493     
  0.16016016016016016       0.99803316898396000       0.99209892786116838     
  0.16416416416416416       0.99799506726647635       0.99169949033868066     
  0.16816816816816818       0.99795921731751591       0.99129024553785539     
  0.17217217217217218       0.99792561855708761       0.99087119750586361     
  0.17617617617617617       0.99789483326071426       0.99044235038682449     
  0.18018018018018017       0.99786616774265269       0.99000370842176388     
  0.18418418418418420       0.99784063848946303       0.98955527594857196     
  0.18818818818818819       0.99781727750801208       0.98909705740196130     
  0.19219219219219219       0.99779720317188780       0.98862905731342254     
  0.19619619619619619       0.99777945800153800       0.98815128031117949     
  0.20020020020020021       0.99776504245761100       0.98766373112014327     
  0.20420420420420421       0.99775317000566566       0.98716641456186571     
  0.20820820820820821       0.99774461539096482       0.98665933555449203     
  0.21221221221221220       0.99773882623978660       0.98614249911271146     
  0.21621621621621623       0.99773632520557487       0.98561591034770846     
  0.22022022022022023       0.99773679175830987       0.98507957446711159     
  0.22422422422422422       0.99774052041889250       0.98453349677494206     
  0.22822822822822822       0.99774738351231873       0.98397768267156138     
  0.23223223223223224       0.99775749682089077       0.98341213765361868     
  0.23623623623623624       0.99777087144901211       0.98283686731399489     
  0.24024024024024024       0.99778749989492743       0.98225187734174813     
  0.24424424424424424       0.99780747832111294       0.98165717352205828     
  0.24824824824824826       0.99783072641060078       0.98105276173616818     
  0.25225225225225223       0.99785737994558854       0.98043864796132674     
  0.25625625625625625       0.99788732591814255       0.97981483827072957     
  0.26026026026026028       0.99792070605887995       0.97918133883345804     
  0.26426426426426425       0.99795740256443433       0.97853815591441973     
  0.26826826826826827       0.99799754120508166       0.97788529587428519     
  0.27227227227227230       0.99804101633274489       0.97722276516942586     
  0.27627627627627627       0.99808792606995866       0.97655057035184956     
  0.28028028028028029       0.99813818465693360       0.97586871806913633     
  0.28428428428428426       0.99819185861509607       0.97517721506437238     
  0.28828828828828829       0.99824888363150266       0.97447606817608334     
  0.29229229229229231       0.99830929572990823       0.97376528433816700     
  0.29629629629629628       0.99837304939199634       0.97304487057982403     
  0.30030030030030030       0.99844015445311862       0.97231483402548924     
  0.30430430430430433       0.99851057958679623       0.97157518189476044     
  0.30830830830830830       0.99858431365302247       0.97082592150232794     
  0.31231231231231232       0.99866133450658046       0.97006706025790113     
  0.31631631631631629       0.99874161550062179       0.96929860566613568     
  0.32032032032032032       0.99882513867484235       0.96852056532656006     
  0.32432432432432434       0.99891186681282129       0.96773294693349898     
  0.32832832832832831       0.99900178219380120       0.96693575827599854     
  0.33233233233233234       0.99909484068831445       0.96612900723774819     
  0.33633633633633636       0.99919102202437060       0.96531270179700357     
  0.34034034034034033       0.99929027793416125       0.96448685002650714     
  0.34434434434434436       0.99939258352667748       0.96365146009340885     
  0.34834834834834832       0.99949788834789699       0.96280654025918455     
  0.35235235235235235       0.99960616186958595       0.96195209887955491     
  0.35635635635635637       0.99971735227422387       0.96108814440440293     
  0.36036036036036034       0.99983142325017971       0.96021468537768961     
  0.36436436436436437       0.99994832197204009       0.95933173043737041     
  0.36836836836836839        1.0000680064013039       0.95843928831530878     
  0.37237237237237236        1.0001904228588807       0.95753736783719101     
  0.37637637637637639        1.0003155239164589       0.95662597792243798     
  0.38038038038038036        1.0004432548709468       0.95570512758411708     
  0.38438438438438438        1.0005735635532982       0.95477482592885377     
  0.38838838838838841        1.0007063937868272       0.95383508215674051     
  0.39239239239239238        1.0008416894337746       0.95288590556124697     
  0.39639639639639640        1.0009793925006727       0.95192730552912663     
  0.40040040040040042        1.0011194433965613       0.95095929154032544     
  0.40440440440440439        1.0012617821723642       0.94998187316788707     
  0.40840840840840842        1.0014063461634544       0.94899506007785894     
  0.41241241241241239        1.0015530734019407       0.94799886202919548     
  0.41641641641641641        1.0017018985718891       0.94699328887366341     
  0.42042042042042044        1.0018527574759211       0.94597835055574242     
  0.42442442442442441        1.0020055826104537       0.94495405711252856     
  0.42842842842842843        1.0021603074133136       0.94392041867363297     
  0.43243243243243246        1.0023168625361023       0.94287744546108421     
  0.43643643643643643        1.0024751791005695       0.94182514778922499     
  0.44044044044044045        1.0026351859987050       0.94076353606461094     
  0.44444444444444442        1.0027968122462163       0.93969262078590843     
  0.44844844844844844        1.0029599850072957       0.93861241254378935     
  0.45245245245245247        1.0031246314014386       0.93752292202082743     
  0.45645645645645644        1.0032906769287862       0.93642415999139239     
  0.46046046046046046        1.0034580469379695       0.93531613732154295     
  0.46446446446446449        1.0036266654056301       0.93419886496891991     
  0.46846846846846846        1.0037964559701158       0.93307235398263733     
  0.47247247247247248        1.0039673412373111       0.93193661550317397     
  0.47647647647647645        1.0041392432033194       0.93079166076226205     
  0.48048048048048048        1.0043120832334691       0.92963750108277710     
  0.48448448448448450        1.0044857817978499       0.92847414787862570     
  0.48848848848848847        1.0046602590556002       0.92730161265463229     
  0.49249249249249250        1.0048354341336032       0.92611990700642588     
  0.49649649649649652        1.0050112259856985       0.92492904262032505     
  0.50050050050050054        1.0051875525654226       0.92372903127322259     
  0.50450450450450446        1.0053643316460188       0.92251988483246872     
  0.50850850850850848        1.0055414801501399       0.92130161525575405     
  0.51251251251251251        1.0057189146904584       0.92007423459099136     
  0.51651651651651653        1.0058965512950666       0.91883775497619602     
  0.52052052052052056        1.0060743054988421       0.91759218863936653     
  0.52452452452452447        1.0062520924474185       0.91633754789836308     
  0.52852852852852850        1.0064298267377230       0.91507384516078605     
  0.53253253253253252        1.0066074226614297       0.91380109292385314     
  0.53653653653653655        1.0067847939740515       0.91251930377427604     
  0.54054054054054057        1.0069618541617371       0.91122849038813569     
  0.54454454454454460        1.0071385162185802       0.90992866553075669     
  0.54854854854854851        1.0073146928711798       0.90861984205658186     
  0.55255255255255253        1.0074902964342991       0.90730203290904443     
  0.55655655655655656        1.0076652389006471       0.90597525112043986     
  0.56056056056056058        1.0078394319936670       0.90463950981179786     
  0.56456456456456461        1.0080127870277522       0.90329482219275237     
  0.56856856856856852        1.0081852151497779       0.90194120156140967     
  0.57257257257257255        1.0083566270874280       0.90057866130421826     
  0.57657657657657657        1.0085269334278038       0.89920721489583666     
  0.58058058058058060        1.0086960443766109       0.89782687589899912     
  0.58458458458458462        1.0088638699966030       0.89643765796438168     
  0.58858858858858853        1.0090303200145647       0.89503957483046792     
  0.59259259259259256        1.0091953040119519       0.89363264032341216     
  0.59659659659659658        1.0093587312691354       0.89221686835690384     
  0.60060060060060061        1.0095205109289942       0.89079227293202834     
  0.60460460460460463        1.0096805518529453       0.88935886813713039     
  0.60860860860860866        1.0098387627841021       0.88791666814767300     
  0.61261261261261257        1.0099950521901278       0.88646568722609853     
  0.61661661661661660        1.0101493284476131       0.88500593972168740     
  0.62062062062062062        1.0103014996545063       0.88353744007041513     
  0.62462462462462465        1.0104514738479589       0.88206020279481145     
  0.62862862862862867        1.0105991587796697       0.88057424250381455     
  0.63263263263263259        1.0107444621682886       0.87907957389262892     
  0.63663663663663661        1.0108872914420775       0.87757621174257761     
  0.64064064064064064        1.0110275540163327       0.87606417092095823     
  0.64464464464464466        1.0111651570176512       0.87454346638089420     
  0.64864864864864868        1.0113000075679741       0.87301411316118804     
  0.65265265265265260        1.0114320125127896       0.87147612638617244     
  0.65665665665665662        1.0115610786857541       0.86992952126555978     
  0.66066066066066065        1.0116871126703775       0.86837431309429269     
  0.66466466466466467        1.0118100210127119       0.86681051725239278     
  0.66866866866866870        1.0119297100516418       0.86523814920480835     
  0.67267267267267272        1.0120460860424199       0.86365722450126059     
  0.67667667667667664        1.0121590550943746       0.86206775877609154     
  0.68068068068068066        1.0122685231658257       0.86046976774810768     
  0.68468468468468469        1.0123743961483296       0.85886326722042616     
  0.68868868868868871        1.0124765796954485       0.85724827308031681     
  0.69269269269269274        1.0125749794883623       0.85562480129904683     
  0.69669669669669665        1.0126695008677540       0.85399286793172080     
  0.70070070070070067        1.0127600493059790       0.85235248911712413     
  0.70470470470470470        1.0128465298242095       0.85070368107756156     
  0.70870870870870872        1.0129288476798228       0.84904646011869800     
  0.71271271271271275        1.0130069075714601       0.84738084262939628     
  0.71671671671671666        1.0130806145255731       0.84570684508155602     
  0.72072072072072069        1.0131498729213939       0.84402448402995045     
  0.72472472472472471        1.0132145875260754       0.84233377611206173     
  0.72872872872872874        1.0132746624113882       0.84063473804791822     
  0.73273273273273276        1.0133300020418632       0.83892738663992727     
  0.73673673673673679        1.0133805102053919       0.83721173877271082     
  0.74074074074074070        1.0134260910027806       0.83548781141293649     
  0.74474474474474472        1.0134666479761472       0.83375562160915173     
  0.74874874874874875        1.0135020847811846       0.83201518649161366     
  0.75275275275275277        1.0135323047690348       0.83026652327212069     
  0.75675675675675680        1.0135572110468567       0.82850964924384218     
  0.76076076076076071        1.0135767068274233       0.82674458178114663     
  0.76476476476476474        1.0135906946248654       0.82497133833943037     
  0.76876876876876876        1.0135990774529795       0.82318993645494531     
  0.77277277277277279        1.0136017572838867       0.82140039374462548     
  0.77677677677677681        1.0135986371174746       0.81960272790591149     
  0.78078078078078073        1.0135896187165014       0.81779695671657793     
  0.78478478478478475        1.0135746040952536       0.81598309803455460     
  0.78878878878878878        1.0135534946306215       0.81416116979775299     
  0.79279279279279280        1.0135261918093630       0.81233119002388599     
  0.79679679679679682        1.0134925965800732       0.81049317681029232     
  0.80080080080080085        1.0134526098819612       0.80864714833375506     
  0.80480480480480476        1.0134061321925996       0.80679312285032445     
  0.80880880880880879        1.0133530638800103       0.80493111869513490     
  0.81281281281281281        1.0132933049077519       0.80306115428222591     
  0.81681681681681684        1.0132267550454319       0.80118324810435759     
  0.82082082082082086        1.0131533136990964       0.79929741873283022     
  0.82482482482482478        1.0130728800094506       0.79740368481729917     
  0.82882882882882880        1.0129853527808914       0.79550206508558996     
  0.83283283283283283        1.0128906304917054       0.79359257834351515     
  0.83683683683683685        1.0127886112996520       0.79167524347468543     
  0.84084084084084088        1.0126791929841716       0.78975007944032627     
  0.84484484484484490        1.0125622730104606       0.78781710527908688     
  0.84884884884884881        1.0124377484200167       0.78587634010685514     
  0.85285285285285284        1.0123055159384204       0.78392780311656585     
  0.85685685685685686        1.0121654718275910       0.78197151357801298     
  0.86086086086086089        1.0120175120252808       0.78000749083765841     
  0.86486486486486491        1.0118615319697426       0.77803575431843952     
  0.86886886886886883        1.0116974267613748       0.77605632351957921     
  0.87287287287287285        1.0115250909683995       0.77406921801639061     
  0.87687687687687688        1.0113444188029894       0.77207445746008641     
  0.88088088088088090        1.0111553039147494       0.77007206157758135     
  0.88488488488488493        1.0109576395753164       0.76806205017129980     
  0.88888888888888884        1.0107513184650048       0.76604444311897812     
  0.89289289289289286        1.0105362328610692       0.76401926037346957     
  0.89689689689689689        1.0103122744218338       0.76198652196254524     
  0.90090090090090091        1.0100793343748358       0.75994624798869781     
  0.90490490490490494        1.0098373033016943       0.75789845862894112     
  0.90890890890890896        1.0095860713233378       0.75584317413461199     
  0.91291291291291288        1.0093255278880024       0.75378041483116964     
  0.91691691691691690        1.0090555619515928       0.75171020111799358     
  0.92092092092092093        1.0087760617704045       0.74963255346818269     
  0.92492492492492495        1.0084869150752067       0.74754749242835361     
  0.92892892892892898        1.0081880088700681       0.74545503861843632     
  0.93293293293293289        1.0078792295988896       0.74335521273147021     
  0.93693693693693691        1.0075604629513240       0.74124803553340046     
  0.94094094094094094        1.0072315940211645       0.73913352786287123     
  0.94494494494494496        1.0068925071196912       0.73701171063102144     
  0.94894894894894899        1.0065430859256463       0.73488260482127599     
  0.95295295295295290        1.0061832133063038       0.73274623148913998     
  0.95695695695695693        1.0058127714588374       0.73060261176198882     
  0.96096096096096095        1.0054316417391629       0.72845176683886093     
  0.96496496496496498        1.0050397047947504       0.72629371799024722     
  0.96896896896896900        1.0046368404012007       0.72412848655788020     
  0.97297297297297303        1.0042229275865338       0.72195609395452465     
  0.97697697697697694        1.0037978444754492       0.71977656166376347     
  0.98098098098098097        1.0033614684052212       0.71758991123978799     
  0.98498498498498499        1.0029136757774944       0.71539616430718200     
  0.98898898898898902        1.0024543421659955       0.71319534256071038     
  0.99299299299299304        1.0019833421756144       0.71098746776510235     
  0.99699699699699695        1.0015005495422158       0.70877256175483849     
   1.0010010010010011        1.0010058369987538       0.70655064643393239     
   1.0050050050050050        1.0004990763675017       0.70432174377571666     
   1.0090090090090089       0.99998013843283462       0.70208587582262261     
   1.0130130130130131       0.99944889302629447       0.69984306468596524     
   1.0170170170170170       0.99890520890568379       0.69759333254572309     
   1.0210210210210211       0.99834895383334554       0.69533670165031780     
   1.0250250250250250       0.99777999446118715       0.69307319431639725     
   1.0290290290290289       0.99719819640259377       0.69080283292861089     
   1.0330330330330331       0.99660342412303360       0.68852563993939231     
   1.0370370370370370       0.99599554100597243       0.68624163786873360     
   1.0410410410410411       0.99537440924873155       0.68395084930396588     
   1.0450450450450450       0.99473988992278972       0.68165329689953280     
   1.0490490490490489       0.99409184287453256       0.67934900337676996     
   1.0530530530530531       0.99343012678035680       0.67703799152367639     
   1.0570570570570570       0.99275459905196639       0.67472028419469277     
   1.0610610610610611       0.99206511588663460       0.67239590431047247     
   1.0650650650650650       0.99136153217679590       0.67006487485765720     
   1.0690690690690692       0.99064370155574621       0.66772721888864850     
   1.0730730730730731       0.98991147631132870       0.66538295952137927     
   1.0770770770770770       0.98916470742731200       0.66303211993908673     
   1.0810810810810811       0.98840324450104367       0.66067472339008138     
   1.0850850850850851       0.98762693578067551       0.65831079318751895     
   1.0890890890890892       0.98683562808666780       0.65594035270916762     
   1.0930930930930931       0.98602916684511022       0.65356342539717938     
   1.0970970970970970       0.98520739601286811       0.65118003475785569     
   1.1011011011011012       0.98437015810731354       0.64879020436141710     
   1.1051051051051051       0.98351729413487687       0.64639395784176923     
   1.1091091091091092       0.98264864361754745       0.64399131889626848     
   1.1131131131131131       0.98176404452455424       0.64158231128548826     
   1.1171171171171170       0.98086333329598008       0.63916695883298480     
   1.1211211211211212       0.97994634477737419       0.63674528542506059     
   1.1251251251251251       0.97901291224076636       0.63431731501052790     
   1.1291291291291292       0.97806286732207437       0.63188307160047219     
   1.1331331331331331       0.97709604003974948       0.62944257926801572     
   1.1371371371371370       0.97611225873486818       0.62699586214807856     
   1.1411411411411412       0.97511135008765182       0.62454294443713887     
   1.1451451451451451       0.97409313906015560       0.62208385039299618     
   1.1491491491491492       0.97305744891087509       0.61961860433452864     
   1.1531531531531531       0.97200410113996571       0.61714723064145538     
   1.1571571571571571       0.97093291550212502       0.61466975375409227     
   1.1611611611611612       0.96984370995435887       0.61218619817311382     
   1.1651651651651651       0.96873630066727978       0.60969658845930685     
   1.1691691691691692       0.96761050197540432       0.60720094923333146     
   1.1731731731731732       0.96646612638709972       0.60469930517547543     
   1.1771771771771771       0.96530298453732521       0.60219168102540976     
   1.1811811811811812       0.96412088519653694       0.59967810158194490     
   1.1851851851851851       0.96291963522575408       0.59715859170278607     
   1.1891891891891893       0.96169903958465786       0.59463317630428669     
   1.1931931931931932       0.96045890128904288       0.59210188036120104     
   1.1971971971971973       0.95919902141824154       0.58956472890643952     
   1.2012012012012012       0.95791919907501177       0.58702174703081855     
   1.2052052052052051       0.95661923139248883       0.58447295988281511     
   1.2092092092092093       0.95529891349651308       0.58191839266831502     
   1.2132132132132132       0.95395803851235750       0.57935807065036715     
   1.2172172172172173       0.95259639752950509       0.57679201914892964     
   1.2212212212212212       0.95121377960835218       0.57422026354062339     
   1.2252252252252251       0.94980997174752602       0.57164282925847876     
   1.2292292292292293       0.94838475889069440       0.56905974179168362     
   1.2332332332332332       0.94693792389662157       0.56647102668533400     
   1.2372372372372373       0.94546924754610551       0.56387670954017777     
   1.2412412412412412       0.94397850851507481       0.56127681601236523     
   1.2452452452452452       0.94246548338162894       0.55867137181319193     
   1.2492492492492493       0.94092994660247475       0.55606040270884771     
   1.2532532532532532       0.93937167052011838       0.55344393452015839     
   1.2572572572572573       0.93779042534286960       0.55082199312233371     
   1.2612612612612613       0.93618597915226931       0.54819460444470980     
   1.2652652652652652       0.93455809788695887       0.54556179447049202     
   1.2692692692692693       0.93290654535029038       0.54292358923649942     
   1.2732732732732732       0.93123108319855319       0.54028001483290677     
   1.2772772772772774       0.92953147094851607       0.53763109740298687     
   1.2812812812812813       0.92780746597070729       0.53497686314285187     
   1.2852852852852852       0.92605882349647528       0.53231733830119210     
   1.2892892892892893       0.92428529661715109       0.52965254917902038     
   1.2932932932932932       0.92248663629012295       0.52698252212940966     
   1.2972972972972974       0.92066259134484585       0.52430728355723166     
   1.3013013013013013       0.91881290848721009       0.52162685991889790     
   1.3053053053053052       0.91693733231369978       0.51894127772209575     
   1.3093093093093093       0.91503560531293648       0.51625056352552856     
   1.3133133133133132       0.91310746788969310       0.51355474393865164     
   1.3173173173173174       0.91115265836214498       0.51085384562140879     
   1.3213213213213213       0.90917091299781005       0.50814789528396931     
   1.3253253253253254       0.90716196600460397       0.50543691968646431     
   1.3293293293293293       0.90512554958132985       0.50272094563872183     
   1.3333333333333333       0.90306139390001239       0.50000000000000033     
   1.3373373373373374       0.90096922717424976       0.49727410967872421     
   1.3413413413413413       0.89884877562953058       0.49454330163221866     
   1.3453453453453454       0.89669976359366421       0.49180760286644143     
   1.3493493493493494       0.89452191345077148       0.48906704043571680     
   1.3533533533533533       0.89231494575911607       0.48632164144246692     
   1.3573573573573574       0.89007857918327871       0.48357143303694439     
   1.3613613613613613       0.88781253064599408       0.48081644241696458     
   1.3653653653653655       0.88551651523161123       0.47805669682763607     
   1.3693693693693694       0.88319024638011367       0.47529222356109019     
   1.3733733733733733       0.88083343575323081       0.47252304995621203     
   1.3773773773773774       0.87844579348071283       0.46974920339837073     
   1.3813813813813813       0.87602702797837317       0.46697071131914814     
   1.3853853853853855       0.87357684625902765       0.46418760119606600     
   1.3893893893893894       0.87109495368914802       0.46139990055231739     
   1.3933933933933933       0.86858105437969457       0.45860763695649082     
   1.3973973973973974       0.86603485086500342       0.45581083802230099     
   1.4014014014014013       0.86345604459209546       0.45300953140831446     
   1.4054054054054055       0.86084433550170758       0.45020374481767350     
   1.4094094094094094       0.85819942263872950       0.44739350599782696     
   1.4134134134134133       0.85552100361082783       0.44457884274025250     
   1.4174174174174174       0.85280877534753718       0.44175978288018319     
   1.4214214214214214       0.85006243340657506       0.43893635429633082     
   1.4254254254254255       0.84728167291494183       0.43610858491061116     
   1.4294294294294294       0.84446618768666315       0.43327650268786849     
   1.4334334334334333       0.84161567138615456       0.43044013563559824     
   1.4374374374374375       0.83872981641361588       0.42759951180366951     
   1.4414414414414414       0.83580831533903943       0.42475465928404799     
   1.4454454454454455       0.83285085950265969       0.42190560621051937     
   1.4494494494494494       0.82985714077750861       0.41905238075840973     
   1.4534534534534536       0.82682684982198296       0.41619501114430768     
   1.4574574574574575       0.82375967824004470       0.41333352562578418     
   1.4614614614614614       0.82065531641078993       0.41046795250111390     
   1.4654654654654655       0.81751345612854631       0.40759832010899610     
   1.4694694694694694       0.81433378792008670       0.40472465682827363     
   1.4734734734734736       0.81111600426219521       0.40184699107765148     
   1.4774774774774775       0.80785979628062476       0.39896535131541649     
   1.4814814814814814       0.80456485766050023       0.39607976603915679     
   1.4854854854854855       0.80123088060189251       0.39319026378547872     
   1.4894894894894894       0.79785756055908585       0.39029687312972589     
   1.4934934934934936       0.79444459130538869       0.38739962268569328     
   1.4974974974974975       0.79099167066112364       0.38449854110534909     
   1.5015015015015014       0.78749849449470044       0.38159365707854875     
   1.5055055055055055       0.78396476362657730       0.37868499933275013     
   1.5095095095095095       0.78039017656417808       0.37577259663273255     
   1.5135135135135136       0.77677443780059785       0.37285647778030873     
   1.5175175175175175       0.77311724904714196       0.36993667161404314     
   1.5215215215215214       0.76941831918161485       0.36701320700896550     
   1.5255255255255256       0.76567735370367662       0.36408611287628412     
   1.5295295295295295       0.76189406662869552       0.36115541816310132     
   1.5335335335335336       0.75806816784711939       0.35822115185212744     
   1.5375375375375375       0.75419937730673847       0.35528334296139380     
   1.5415415415415414       0.75028740990727194       0.35234202054396474     
   1.5455455455455456       0.74633199236703973       0.34939721368765114     
   1.5495495495495495       0.74233284522732990       0.34644895151472355     
   1.5535535535535536       0.73828970285962292       0.34349726318162310     
   1.5575575575575575       0.73420229209031740       0.34054217787867375     
   1.5615615615615615       0.73007035587252656       0.33758372482979260     
   1.5655655655655656       0.72589362796961299       0.33462193329220158     
   1.5695695695695695       0.72167186089200375       0.33165683255613898     
   1.5735735735735736       0.71740479599688467       0.32868845194456903     
   1.5775775775775776       0.71309219637627808       0.32571682081289088     
   1.5815815815815817       0.70873381163937310       0.32274196854864945     
   1.5855855855855856       0.70432941653412018       0.31976392457124525     
   1.5895895895895895       0.69987876957709794       0.31678271833164295     
   1.5935935935935936       0.69538165829809495       0.31379837931207866     
   1.5975975975975976       0.69083785076910942       0.31081093702577139     
   1.6016016016016017       0.68624714848084856       0.30782042101662782     
   1.6056056056056056       0.68160932969639443       0.30482686085895305     
   1.6096096096096095       0.67692421110130052       0.30183028615715729     
   1.6136136136136137       0.67219158176754901       0.29883072654546011     
   1.6176176176176176       0.66741127486606855       0.29582821168760254     
   1.6216216216216217       0.66258309087173251       0.29282277127655032     
   1.6256256256256256       0.65770688078984507       0.28981443503420135     
   1.6296296296296295       0.65278245706184057       0.28680323271109065     
   1.6336336336336337       0.64780968993684840       0.28378919408609704     
   1.6376376376376376       0.64278840434920448       0.28077234896614933     
   1.6416416416416417       0.63771849126386126       0.27775272718593036     
   1.6456456456456456       0.63259978858951538       0.27473035860758332     
   1.6496496496496496       0.62743220954372547       0.27170527312041282     
   1.6536536536536537       0.62221560543802379       0.26867750064059459     
   1.6576576576576576       0.61694991334653571       0.26564707111087615     
   1.6616616616616617       0.61163499835044988       0.26261401450028199     
   1.6656656656656657       0.60627082305415769       0.25957836080381591     
   1.6696696696696696       0.60085726660442573       0.25654014004216519     
   1.6736736736736737       0.59539431888209615       0.25349938226140467     
   1.6776776776776776       0.58988187331471187       0.25045611753269870     
   1.6816816816816818       0.58431994888118122       0.24741037595200283     
   1.6856856856856857       0.57870845341388633       0.24436218763976714     
   1.6896896896896898       0.57304743689001636       0.24131158274063927     
   1.6936936936936937       0.56733682156871423       0.23825859142316480     
   1.6976976976976976       0.56157669040767000       0.23520324387949043     
   1.7017017017017018       0.55576698000097446       0.23214557032506186     
   1.7057057057057057       0.54990780835470587       0.22908560099833006     
   1.7097097097097098       0.54399912618016688       0.22602336616044894     
   1.7137137137137137       0.53804108868932798       0.22295889609497727     
   1.7177177177177176       0.53203366035426980       0.21989222110757800     
   1.7217217217217218       0.52597703584421940       0.21682337152571932     
   1.7257257257257257       0.51987119288354822       0.21375237769837560     
   1.7297297297297298       0.51371636794853903       0.21067926999572606     
   1.7337337337337337       0.50751255134138740       0.20760407880885565     
   1.7377377377377377       0.50126002379858337       0.20452683454945109     
   1.7417417417417418       0.49495878734521598       0.20144756764950522     
   1.7457457457457457       0.48860916953977329       0.19836630856101312     
   1.7497497497497498       0.48221118307982419       0.19528308775567005     
   1.7537537537537538       0.47576520502196390       0.19219793572457314     
   1.7577577577577577       0.46927125747480419       0.18911088297791637     
   1.7617617617617618       0.46272976978956182       0.18602196004469188     
   1.7657657657657657       0.45614077199740716       0.18293119747238676     
   1.7697697697697699       0.44950474866761991       0.17983862582668017     
   1.7737737737737738       0.44282173602191111       0.17674427569114179     
   1.7777777777777777       0.43609227690495811       0.17364817766693028     
   1.7817817817817818       0.42931641173656515       0.17055036237248988     
   1.7857857857857857       0.42249474483545824       0.16745086044324664     
   1.7897897897897899       0.41562731854939411       0.16434970253130635     
   1.7937937937937938       0.40871480201900418       0.16124691930515228     
   1.7977977977977977       0.40175723695458776       0.15814254144934106     
   1.8018018018018018       0.39475536082409940       0.15503659966419786     
   1.8058058058058057       0.38770921182188750       0.15192912466551589     
   1.8098098098098099       0.38061959941502066       0.14882014718424907     
   1.8138138138138138       0.37348655507233963       0.14570969796621130     
   1.8178178178178179       0.36631096410744207       0.14259780777177095     
   1.8218218218218218       0.35909284770499433       0.13948450737554591     
   1.8258258258258258       0.35183317105781975       0.13636982756610005     
   1.8298298298298299       0.34453194114062913       0.13325379914563965     
   1.8338338338338338       0.33719020725346660       0.13013645292970785     
   1.8378378378378379       0.32980795785035932       0.12701781974687870     
   1.8418418418418419       0.32238633077217543       0.12389793043845529     
   1.8458458458458458       0.31492529123906859       0.12077681585816115     
   1.8498498498498499       0.30742607028245650       0.11765450687183837     
   1.8538538538538538       0.29988860475595441       0.11453103435714140     
   1.8578578578578580       0.29231422375798072       0.11140642920322855     
   1.8618618618618619       0.28470283020715698       0.10828072231046192     
   1.8658658658658658       0.27705585638262176       0.10515394459009815     
   1.8698698698698699       0.26937316524838245       0.10202612696398421     
   1.8738738738738738       0.26165629762559267        9.8897300364250137E-002
   1.8778778778778780       0.25390507003869262        9.5767495733004110E-002
   1.8818818818818819       0.24612113746956379        9.2636744022027262E-002
   1.8858858858858858       0.23830426304015465        8.9505076192466795E-002
   1.8898898898898899       0.23045622177831621        8.6372523214528804E-002
   1.8938938938938938       0.22257671595185605        8.3239116067172991E-002
   1.8978978978978980       0.21466764679442157        8.0104885737807094E-002
   1.9019019019019019       0.20672864777085609        7.6969863221979185E-002
   1.9059059059059058       0.19876175276163219        7.3834079523072429E-002
   1.9099099099099099       0.19076651797695562        7.0697565651994948E-002
   1.9139139139139139       0.18274511667108850        6.7560352626878470E-002
   1.9179179179179180       0.17469701884270838        6.4422471472768014E-002
   1.9219219219219219       0.16662454413509181        6.1283953221316440E-002
   1.9259259259259258       0.15852706687483176        5.8144828910476183E-002
   1.9299299299299300       0.15040706039701868        5.5005129584193228E-002
   1.9339339339339339       0.14226379339809075        5.1864886292100981E-002
   1.9379379379379380       0.13409990049094120        4.8724130089211899E-002
   1.9419419419419419       0.12591453429778313        4.5582892035611673E-002
   1.9459459459459461       0.11771049856963503        4.2441203196148525E-002
   1.9499499499499500       0.10948681894210588        3.9299094640131337E-002
   1.9539539539539539       0.10124647642490213        3.6156597441019275E-002
   1.9579579579579580        9.2988358310800892E-002   3.3013742676113601E-002
   1.9619619619619619        8.4715631229740129E-002   2.9870561426253450E-002
   1.9659659659659661        7.6427032360709857E-002   2.6727084775504926E-002
   1.9699699699699700        6.8125922540164169E-002   2.3583343810856781E-002
   1.9739739739739739        5.9810876655395466E-002   2.0439369621911660E-002
   1.9779779779779780        5.1485458624703655E-002   1.7295193300577764E-002
   1.9819819819819819        4.3148068220489479E-002   1.4150845940762258E-002
   1.9859859859859861        3.4802482391392588E-002   1.1006358638064652E-002
   1.9899899899899900        2.6446910055494006E-002   7.8617624894684063E-003
   1.9939939939939939        1.8085358607946401E-002   4.7170885930325071E-003
   1.9979979979979980        9.7158101176992393E-003   1.5723680475848198E-003
   2.0020020020020022        1.3425727876085528E-003  -1.5723680475845747E-003
   2.0060060060060061       -7.0367680289928469E-003  -4.7170885930322625E-003
   2.0100100100100100       -1.5417216776424585E-002  -7.8617624894681600E-003
   2.0140140140140139       -2.3800954438502081E-002  -1.1006358638064406E-002
   2.0180180180180178       -3.2183236099434513E-002  -1.4150845940762012E-002
   2.0220220220220222       -4.0566020758197596E-002  -1.7295193300577522E-002
   2.0260260260260261       -4.8944805335521070E-002  -2.0439369621911417E-002
   2.0300300300300300       -5.7321339227108560E-002  -2.3583343810856538E-002
   2.0340340340340339       -6.5691352731804056E-002  -2.6727084775504683E-002
   2.0380380380380378       -7.4056398539066676E-002  -2.9870561426253207E-002
   2.0420420420420422       -8.2412432226340565E-002  -3.3013742676113789E-002
   2.0460460460460461       -9.0760823004925884E-002  -3.6156597441019026E-002
   2.0500500500500500       -9.9097743922266376E-002  -3.9299094640131087E-002
   2.0540540540540539      -0.10742439407696376       -4.2441203196148275E-002
   2.0580580580580579      -0.11573715656164450       -4.5582892035610979E-002
   2.0620620620620622      -0.12403707395994142       -4.8724130089212093E-002
   2.0660660660660661      -0.13232073243705350       -5.1864886292100738E-002
   2.0700700700700700      -0.14058903135027953       -5.5005129584192979E-002
   2.0740740740740740      -0.14883875251414233       -5.8144828910475933E-002
   2.0780780780780779      -0.15707066430718103       -6.1283953221315746E-002
   2.0820820820820822      -0.16528173705064719       -6.4422471472768209E-002
   2.0860860860860861      -0.17347262202197261       -6.7560352626878220E-002
   2.0900900900900901      -0.18164047531741179       -7.0697565651994698E-002
   2.0940940940940940      -0.18978585016507957       -7.3834079523071736E-002
   2.0980980980980979      -0.19790609092515296       -7.6969863221978935E-002
   2.1021021021021022      -0.20600167366338976       -8.0104885737806844E-002
   2.1061061061061062      -0.21407013181734943       -8.3239116067172741E-002
   2.1101101101101101      -0.22211187862565460       -8.6372523214528554E-002
   2.1141141141141140      -0.23012462871728889       -8.9505076192466101E-002
   2.1181181181181179      -0.23810873673528046       -9.2636744022027012E-002
   2.1221221221221223      -0.24606208263733423       -9.5767495733003860E-002
   2.1261261261261262      -0.25398496082492467       -9.8897300364249888E-002
   2.1301301301301301      -0.26187539885728012      -0.10202612696398396     
   2.1341341341341340      -0.26973362953524377      -0.10515394459009790     
   2.1381381381381384      -0.27755781332095153      -0.10828072231046167     
   2.1421421421421423      -0.28534812332781540      -0.11140642920322831     
   2.1461461461461462      -0.29310284237670642      -0.11453103435714115     
   2.1501501501501501      -0.30082208879140609      -0.11765450687183812     
   2.1541541541541540      -0.30850426024342581      -0.12077681585816090     
   2.1581581581581584      -0.31614942672588892      -0.12389793043845504     
   2.1621621621621623      -0.32375609490574464      -0.12701781974687892     
   2.1661661661661662      -0.33132429332606084      -0.13013645292970763     
   2.1701701701701701      -0.33885263258603476      -0.13325379914563942     
   2.1741741741741740      -0.34634110650061289      -0.13636982756609983     
   2.1781781781781784      -0.35378842494513818      -0.13948450737554569     
   2.1821821821821823      -0.36119455335025763      -0.14259780777177072     
   2.1861861861861862      -0.36855829647765115      -0.14570969796621108     
   2.1901901901901901      -0.37587959727679793      -0.14882014718424885     
   2.1941941941941940      -0.38315735122261785      -0.15192912466551567     
   2.1981981981981984      -0.39039148423633663      -0.15503659966419808     
   2.2022022022022023      -0.39758097852716168      -0.15814254144934084     
   2.2062062062062062      -0.40472574799664268      -0.16124691930515206     
   2.2102102102102101      -0.41182485778768840      -0.16434970253130612     
   2.2142142142142140      -0.41887821435691802      -0.16745086044324597     
   2.2182182182182184      -0.42588496214470922      -0.17055036237248966     
   2.2222222222222223      -0.43284500431616751      -0.17364817766693005     
   2.2262262262262262      -0.43975756112406716      -0.17674427569114157     
   2.2302302302302301      -0.44662253618793235      -0.17983862582667995     
   2.2342342342342341      -0.45343922222659144      -0.18293119747238654     
   2.2382382382382384      -0.46020752666738146      -0.18602196004469207     
   2.2422422422422423      -0.46692681147596304      -0.18911088297791614     
   2.2462462462462462      -0.47359699086422763      -0.19219793572457292     
   2.2502502502502502      -0.48021749294185639      -0.19528308775566983     
   2.2542542542542541      -0.48678824132205700      -0.19836630856101248     
   2.2582582582582584      -0.49330872726236119      -0.20144756764950500     
   2.2622622622622623      -0.49977888605139720      -0.20452683454945086     
   2.2662662662662663      -0.50619826919622213      -0.20760407880885542     
   2.2702702702702702      -0.51256682561016076      -0.21067926999572584     
   2.2742742742742741      -0.51888416424149819      -0.21375237769837538     
   2.2782782782782784      -0.52515024927091380      -0.21682337152571909     
   2.2822822822822824      -0.53136474436280157      -0.21989222110757778     
   2.2862862862862863      -0.53752763031969941      -0.22295889609497704     
   2.2902902902902902      -0.54363862287425935      -0.22602336616044871     
   2.2942942942942941      -0.54969772053582810      -0.22908560099832984     
   2.2982982982982985      -0.55570468852972588      -0.23214557032506164     
   2.3023023023023024      -0.56165954390612616      -0.23520324387949024     
   2.3063063063063063      -0.56756209887553188      -0.23825859142316458     
   2.3103103103103102      -0.57341238963056074      -0.24131158274063905     
   2.3143143143143141      -0.57921027292415717      -0.24436218763976694     
   2.3183183183183185      -0.58495580447894546      -0.24741037595200260     
   2.3223223223223224      -0.59064888320967845      -0.25045611753269847     
   2.3263263263263263      -0.59628958456055381      -0.25349938226140445     
   2.3303303303303302      -0.60187784728763316      -0.25654014004216497     
   2.3343343343343341      -0.60741376656994672      -0.25957836080381524     
   2.3383383383383385      -0.61289731874310716      -0.26261401450028221     
   2.3423423423423424      -0.61832861857316512      -0.26564707111087593     
   2.3463463463463463      -0.62370767777138891      -0.26867750064059437     
   2.3503503503503502      -0.62903463039867535      -0.27170527312041259     
   2.3543543543543541      -0.63430952139547181      -0.27473035860758266     
   2.3583583583583585      -0.63953250369710501      -0.27775272718593058     
   2.3623623623623624      -0.64470365338406654      -0.28077234896614911     
   2.3663663663663663      -0.64982314173292688      -0.28378919408609682     
   2.3703703703703702      -0.65489107393264145      -0.28680323271108998     
   2.3743743743743742      -0.65990763896984539      -0.28981443503420068     
   2.3783783783783785      -0.66487296916837757      -0.29282277127655010     
   2.3823823823823824      -0.66978727050980724      -0.29582821168760237     
   2.3863863863863863      -0.67465070053788034      -0.29883072654545989     
   2.3903903903903903      -0.67946348144329238      -0.30183028615715662     
   2.3943943943943946      -0.68422579413403739      -0.30482686085895327     
   2.3983983983983985      -0.68893787616593061      -0.30782042101662760     
   2.4024024024024024      -0.69359993001564524      -0.31081093702577117     
   2.4064064064064064      -0.69821220771358516      -0.31379837931207849     
   2.4104104104104103      -0.70277493157039161      -0.31678271833164234     
   2.4144144144144146      -0.70728836716485799      -0.31976392457124503     
   2.4184184184184185      -0.71175275496848212      -0.32274196854864923     
   2.4224224224224224      -0.71616837315661297      -0.32571682081289072     
   2.4264264264264264      -0.72053547875076507      -0.32868845194456880     
   2.4304304304304303      -0.72485436155459393      -0.33165683255613876     
   2.4344344344344346      -0.72912529359162714      -0.33462193329220136     
   2.4384384384384385      -0.73334857531757880      -0.33758372482979238     
   2.4424424424424425      -0.73752449227326700      -0.34054217787867352     
   2.4464464464464464      -0.74165335458984294      -0.34349726318162288     
   2.4504504504504503      -0.74573545990426904      -0.34644895151472338     
   2.4544544544544546      -0.74977112705299975      -0.34939721368765092     
   2.4584584584584586      -0.75376066441170686      -0.35234202054396457     
   2.4624624624624625      -0.75770439856461314      -0.35528334296139358     
   2.4664664664664664      -0.76160264733234795      -0.35822115185212722     
   2.4704704704704703      -0.76545574410736450      -0.36115541816310109     
   2.4744744744744747      -0.76926401492496743      -0.36408611287628395     
   2.4784784784784786      -0.77302779906902508      -0.36701320700896528     
   2.4824824824824825      -0.77674742962231202      -0.36993667161404292     
   2.4864864864864864      -0.78042325087008368      -0.37285647778030850     
   2.4904904904904903      -0.78405560183789091      -0.37577259663273233     
   2.4944944944944947      -0.78764483095259430      -0.37868499933275035     
   2.4984984984984986      -0.79119128213960244      -0.38159365707854853     
   2.5025025025025025      -0.79469530714072489      -0.38449854110534887     
   2.5065065065065064      -0.79815725379916835      -0.38739962268569306     
   2.5105105105105103      -0.80157747638051735      -0.39029687312972527     
   2.5145145145145147      -0.80495632572350717      -0.39319026378547894     
   2.5185185185185186      -0.80829415786364889      -0.39607976603915657     
   2.5225225225225225      -0.81159132577151605      -0.39896535131541627     
   2.5265265265265264      -0.81484818653741742      -0.40184699107765126     
   2.5305305305305303      -0.81806509445729436      -0.40472465682827302     
   2.5345345345345347      -0.82124240700082229      -0.40759832010899633     
   2.5385385385385386      -0.82438047903857770      -0.41046795250111373     
   2.5425425425425425      -0.82747966778446425      -0.41333352562578402     
   2.5465465465465464      -0.83054032798710742      -0.41619501114430751     
   2.5505505505505504      -0.83356281601004156      -0.41905238075840956     
   2.5545545545545547      -0.83654748583581107      -0.42190560621051959     
   2.5585585585585586      -0.83949469242347163      -0.42475465928404776     
   2.5625625625625625      -0.84240478839603616      -0.42759951180366890     
   2.5665665665665665      -0.84527812679412750      -0.43044013563559802     
   2.5705705705705704      -0.84811505833661383      -0.43327650268786827     
   2.5745745745745747      -0.85091593367131790      -0.43610858491061100     
   2.5785785785785786      -0.85368110111527729      -0.43893635429633066     
   2.5825825825825826      -0.85641090848796109      -0.44175978288018303     
   2.5865865865865865      -0.85910570125187480      -0.44457884274025233     
   2.5905905905905904      -0.86176582400042778      -0.44739350599782673     
   2.5945945945945947      -0.86439161893190020      -0.45020374481767333     
   2.5985985985985987      -0.86698342705267517      -0.45300953140831385     
   2.6026026026026026      -0.86954158692812122      -0.45581083802230121     
   2.6066066066066065      -0.87206643565213604      -0.45860763695649065     
   2.6106106106106104      -0.87455830782748989      -0.46139990055231678     
   2.6146146146146148      -0.87701753634430046      -0.46418760119606622     
   2.6186186186186187      -0.87944445155005135      -0.46697071131914791     
   2.6226226226226226      -0.88183938187252653      -0.46974920339837051     
   2.6266266266266265      -0.88420265314624402      -0.47252304995621180     
   2.6306306306306309      -0.88653458910936156      -0.47529222356109002     
   2.6346346346346348      -0.88883551085878743      -0.47805669682763591     
   2.6386386386386387      -0.89110573724549358      -0.48081644241696481     
   2.6426426426426426      -0.89334558443523338      -0.48357143303694416     
   2.6466466466466465      -0.89555536622241205      -0.48632164144246637     
   2.6506506506506509      -0.89773539367727151      -0.48906704043571703     
   2.6546546546546548      -0.89988597539488280      -0.49180760286644165     
   2.6586586586586587      -0.90200741721295030      -0.49454330163221849     
   2.6626626626626626      -0.90410002240948539      -0.49727410967872404     
   2.6666666666666665      -0.90616409147815002      -0.49999999999999972     
   2.6706706706706709      -0.90819992228565027      -0.50272094563872161     
   2.6746746746746748      -0.91020780989386152      -0.50543691968646454     
   2.6786786786786787      -0.91218804668588815      -0.50814789528396909     
   2.6826826826826826      -0.91414092222612819      -0.51085384562140823     
   2.6866866866866865      -0.91606672336222494      -0.51355474393865141     
   2.6906906906906909      -0.91796573411582394      -0.51625056352552878     
   2.6946946946946948      -0.91983823576621615      -0.51894127772209564     
   2.6986986986986987      -0.92168450676585301      -0.52162685991889768     
   2.7027027027027026      -0.92350482281031698      -0.52430728355723144     
   2.7067067067067065      -0.92529945677374492      -0.52698252212940910     
   2.7107107107107109      -0.92706867876880761      -0.52965254917902060     
   2.7147147147147148      -0.92881275609808256      -0.53231733830119188     
   2.7187187187187187      -0.93053195330694360      -0.53497686314285131     
   2.7227227227227226      -0.93222653214765594      -0.53763109740298709     
   2.7267267267267266      -0.93389675162745434      -0.54028001483290666     
   2.7307307307307309      -0.93554286798272257      -0.54292358923649919     
   2.7347347347347348      -0.93716513472403162      -0.54556179447049191     
   2.7387387387387387      -0.93876380261825298      -0.54819460444470958     
   2.7427427427427427      -0.94033911973192064      -0.55082199312233360     
   2.7467467467467466      -0.94189133141952819      -0.55344393452015828     
   2.7507507507507509      -0.94342068036625026      -0.55606040270884749     
   2.7547547547547548      -0.94492740658098273      -0.55867137181319182     
   2.7587587587587588      -0.94641174743922041      -0.56127681601236501     
   2.7627627627627627      -0.94787393767965178      -0.56387670954017755     
   2.7667667667667666      -0.94931420944778511      -0.56647102668533345     
   2.7707707707707709      -0.95073279229511753      -0.56905974179168384     
   2.7747747747747749      -0.95212991322395069      -0.57164282925847854     
   2.7787787787787788      -0.95350579668831426      -0.57422026354062317     
   2.7827827827827827      -0.95486066464029806      -0.57679201914892952     
   2.7867867867867866      -0.95619473653203857      -0.57935807065036660     
   2.7907907907907910      -0.95750822936380986      -0.58191839266831491     
   2.7947947947947949      -0.95880135768648478      -0.58447295988281489     
   2.7987987987987988      -0.96007433365155659      -0.58702174703081833     
   2.8028028028028027      -0.96132736701357413      -0.58956472890643896     
   2.8068068068068066      -0.96256066518222216      -0.59210188036120082     
   2.8108108108108110      -0.96377443322428591      -0.59463317630428647     
   2.8148148148148149      -0.96496887391789687      -0.59715859170278585     
   2.8188188188188188      -0.96614418775362609      -0.59967810158194468     
   2.8228228228228227      -0.96730057299098260      -0.60219168102540921     
   2.8268268268268266      -0.96843822565827853      -0.60469930517547521     
   2.8308308308308310      -0.96955733961144752      -0.60720094923333168     
   2.8348348348348349      -0.97065810653236317      -0.60969658845930674     
   2.8388388388388388      -0.97174071599004408      -0.61218619817311326     
   2.8428428428428427      -0.97280535543711577      -0.61466975375409216     
   2.8468468468468466      -0.97385221027347779      -0.61714723064145482     
   2.8508508508508510      -0.97488146384062546      -0.61961860433452842     
   2.8548548548548549      -0.97589329748784903      -0.62208385039299596     
   2.8588588588588588      -0.97688789056414382      -0.62454294443713865     
   2.8628628628628627      -0.97786542048702585      -0.62699586214807834     
   2.8668668668668666      -0.97882606273175954      -0.62944257926801550     
   2.8708708708708710      -0.97976999090289174      -0.63188307160047208     
   2.8748748748748749      -0.98069737672053925      -0.63431731501052735     
   2.8788788788788788      -0.98160839009473833      -0.63674528542506048     
   2.8828828828828827      -0.98250319910854100      -0.63916695883298458     
   2.8868868868868871      -0.98338197009529937      -0.64158231128548815     
   2.8908908908908910      -0.98424486761832386      -0.64399131889626826     
   2.8948948948948949      -0.98509205455122018      -0.64639395784176901     
   2.8988988988988988      -0.98592369205387143      -0.64879020436141721     
   2.9029029029029028      -0.98673993965596130      -0.65118003475785557     
   2.9069069069069071      -0.98754095522903951      -0.65356342539717915     
   2.9109109109109110      -0.98832689507337501      -0.65594035270916740     
   2.9149149149149149      -0.98909791388586776      -0.65831079318751873     
   2.9189189189189189      -0.98985416485038491      -0.66067472339008115     
   2.9229229229229228      -0.99059579960128696      -0.66303211993908662     
   2.9269269269269271      -0.99132296831740474      -0.66538295952137938     
   2.9309309309309310      -0.99203581968095067      -0.66772721888864839     
   2.9349349349349350      -0.99273450097529570      -0.67006487485765742     
   2.9389389389389389      -0.99341915803905401      -0.67239590431047236     
   2.9429429429429428      -0.99408993536781709      -0.67472028419469232     
   2.9469469469469471      -0.99474697606319751      -0.67703799152367616     
   2.9509509509509511      -0.99539042193868721      -0.67934900337676973     
   2.9549549549549550      -0.99602041346346060      -0.68165329689953269     
   2.9589589589589589      -0.99663708987250965      -0.68395084930396566     
   2.9629629629629628      -0.99724058910501356      -0.68624163786873338     
   2.9669669669669672      -0.99783104791891364      -0.68852563993939209     
   2.9709709709709711      -0.99840860182366697      -0.69080283292861111     
   2.9749749749749750      -0.99897338519940448      -0.69307319431639702     
   2.9789789789789789      -0.99952553122390653      -0.69533670165031769     
   2.9829829829829828       -1.0000651719964884      -0.69759333254572287     
   2.9869869869869872       -1.0005924384590357      -0.69984306468596547     
   2.9909909909909911       -1.0011074605247581      -0.70208587582262250     
   2.9949949949949950       -1.0016103669931409      -0.70432174377571644     
   2.9989989989989989       -1.0021012856836828      -0.70655064643393228     
   3.0030030030030028       -1.0025803433446547      -0.70877256175483805     
   3.0070070070070072       -1.0030476657919194      -0.71098746776510247     
   3.0110110110110111       -1.0035033778113904      -0.71319534256071015     
   3.0150150150150150       -1.0039476033030357      -0.71539616430718178     
   3.0190190190190189       -1.0043804651769437      -0.71758991123978788     
   3.0230230230230228       -1.0048020855025910      -0.71977656166376336     
   3.0270270270270272       -1.0052125853984362      -0.72195609395452442     
   3.0310310310310311       -1.0056120851865455      -0.72412848655788031     
   3.0350350350350350       -1.0060007042756125      -0.72629371799024711     
   3.0390390390390389       -1.0063785613210479      -0.72845176683886070     
   3.0430430430430429       -1.0067457741013253      -0.73060261176198871     
   3.0470470470470472       -1.0071024596836515      -0.73274623148913987     
   3.0510510510510511       -1.0074487342935057      -0.73488260482127588     
   3.0550550550550550       -1.0077847134860543      -0.73701171063102133     
   3.0590590590590589       -1.0081105120087026      -0.73913352786287101     
   3.0630630630630629       -1.0084262439784775      -0.74124803553339991     
   3.0670670670670672       -1.0087320227373298      -0.74335521273147032     
   3.0710710710710711       -1.0090279610358150      -0.74545503861843621     
   3.0750750750750750       -1.0093141708807560      -0.74754749242835339     
   3.0790790790790790       -1.0095907637257009      -0.74963255346818258     
   3.0830830830830829       -1.0098578503103863      -0.75171020111799314     
   3.0870870870870872       -1.0101155408586413      -0.75378041483116953     
   3.0910910910910911       -1.0103639449088846      -0.75584317413461222     
   3.0950950950950951       -1.0106031715203876      -0.75789845862894101     
   3.0990990990990990       -1.0108333290937253      -0.75994624798869759     
   3.1031031031031029       -1.0110545255866885      -0.76198652196254535     
   3.1071071071071072       -1.0112668683231949      -0.76401926037346968     
   3.1111111111111112       -1.0114704642205932      -0.76604444311897801     
   3.1151151151151151       -1.0116654195850272      -0.76806205017129969     
   3.1191191191191190       -1.0118518403524512      -0.77007206157758090     
   3.1231231231231229       -1.0120298318677963      -0.77207445746008596     
   3.1271271271271273       -1.0121994991427550      -0.77406921801639050     
   3.1311311311311312       -1.0123609466152343      -0.77605632351957909     
   3.1351351351351351       -1.0125142784279504      -0.77803575431843974     
   3.1391391391391390       -1.0126595981635749      -0.78000749083765863     
   3.1431431431431434       -1.0127970091493408      -0.78197151357801342     
   3.1471471471471473       -1.0129266141620354      -0.78392780311656574     
   3.1511511511511512       -1.0130485157651903      -0.78587634010685492     
   3.1551551551551551       -1.0131628159765411      -0.78781710527908644     
   3.1591591591591590       -1.0132696166460922      -0.78975007944032583     
   3.1631631631631634       -1.0133690190767626      -0.79167524347468532     
   3.1671671671671673       -1.0134611244536897      -0.79359257834351493     
   3.1711711711711712       -1.0135460334065203      -0.79550206508559018     
   3.1751751751751751       -1.0136238465027769      -0.79740368481729929     
   3.1791791791791790       -1.0136946637375899      -0.79929741873283011     
   3.1831831831831834       -1.0137585851068125      -0.80118324810435748     
   3.1871871871871873       -1.0138157100069145      -0.80306115428222580     
   3.1911911911911912       -1.0138661379068337      -0.80493111869513456     
   3.1951951951951951       -1.0139099676372052      -0.80679312285032412     
   3.1991991991991990       -1.0139472981837434      -0.80864714833375495     
   3.2032032032032034       -1.0139782278409093      -0.81049317681029209     
   3.2072072072072073       -1.0140028551539193      -0.81233119002388610     
   3.2112112112112112       -1.0140212779074484      -0.81416116979775310     
   3.2152152152152151       -1.0140335942480669      -0.81598309803455449     
   3.2192192192192191       -1.0140399014736561      -0.81779695671657726     
   3.2232232232232234       -1.0140402973731903      -0.81960272790591171     
   3.2272272272272273       -1.0140348786435345      -0.82140039374462503     
   3.2312312312312312       -1.0140237423017007      -0.82318993645494509     
   3.2352352352352352       -1.0140069851296363      -0.82497133833943015     
   3.2392392392392391       -1.0139847039654877      -0.82674458178114651     
   3.2432432432432434       -1.0139569951771312      -0.82850964924384241     
   3.2472472472472473       -1.0139239552549875      -0.83026652327212114     
   3.2512512512512513       -1.0138856803253362      -0.83201518649161355     
   3.2552552552552552       -1.0138422664060318      -0.83375562160915107     
   3.2592592592592591       -1.0137938095294994      -0.83548781141293604     
   3.2632632632632634       -1.0137404051972432      -0.83721173877271049     
   3.2672672672672673       -1.0136821493585264      -0.83892738663992716     
   3.2712712712712713       -1.0136191370751597      -0.84063473804791811     
   3.2752752752752752       -1.0135514641443550      -0.84233377611206173     
   3.2792792792792791       -1.0134792252905245      -0.84402448402995045     
   3.2832832832832834       -1.0134025160975741      -0.84570684508155636     
   3.2872872872872874       -1.0133214310315279      -0.84738084262939606     
   3.2912912912912913       -1.0132360654173014      -0.84904646011869733     
   3.2952952952952952       -1.0131465135243871      -0.85070368107756111     
   3.2992992992992991       -1.0130528703816304      -0.85235248911712369     
   3.3033033033033035       -1.0129552301143003      -0.85399286793172058     
   3.3073073073073074       -1.0128536874181286      -0.85562480129904661     
   3.3113113113113113       -1.0127483363221896      -0.85724827308031681     
   3.3153153153153152       -1.0126392711585950      -0.85886326722042616     
   3.3193193193193191       -1.0125265858791961      -0.86046976774810746     
   3.3233233233233235       -1.0124103744762256      -0.86206775877609132     
   3.3273273273273274       -1.0122907307688338      -0.86365722450126015     
   3.3313313313313313       -1.0121677484680200      -0.86523814920480790     
   3.3353353353353352       -1.0120415212093878      -0.86681051725239255     
   3.3393393393393391       -1.0119121424576381      -0.86837431309429247     
   3.3433433433433435       -1.0117797056293669      -0.86992952126555956     
   3.3473473473473474       -1.0116443039594476      -0.87147612638617244     
   3.3513513513513513       -1.0115060306203991      -0.87301411316118827     
   3.3553553553553552       -1.0113649786196182      -0.87454346638089397     
   3.3593593593593591       -1.0112212408668024      -0.87606417092095756     
   3.3633633633633635       -1.0110749101336087      -0.87757621174257716     
   3.3673673673673674       -1.0109260790512438      -0.87907957389262847     
   3.3713713713713713       -1.0107748401394498      -0.88057424250381433     
   3.3753753753753752       -1.0106212857358123      -0.88206020279481123     
   3.3793793793793796       -1.0104655080861442      -0.88353744007041513     
   3.3833833833833835       -1.0103075992178525      -0.88500593972168740     
   3.3873873873873874       -1.0101476510765188      -0.88646568722609875     
   3.3913913913913913       -1.0099857553598806      -0.88791666814767278     
   3.3953953953953953       -1.0098220036838372      -0.88935886813712972     
   3.3993993993993996       -1.0096564873928939      -0.89079227293202790     
   3.4034034034034035       -1.0094892977414653      -0.89221686835690339     
   3.4074074074074074       -1.0093205256923481      -0.89363264032341194     
   3.4114114114114114       -1.0091502621048658      -0.89503957483046781     
   3.4154154154154153       -1.0089785975261132      -0.89643765796438168     
   3.4194194194194196       -1.0088056223851942      -0.89782687589899912     
   3.4234234234234235       -1.0086314267737062      -0.89920721489583688     
   3.4274274274274275       -1.0084561006537534      -0.90057866130421815     
   3.4314314314314314       -1.0082797336160556      -0.90194120156140900     
   3.4354354354354353       -1.0081024151165399      -0.90329482219275192     
   3.4394394394394396       -1.0079242341951591      -0.90463950981179775     
   3.4434434434434436       -1.0077452797581028      -0.90597525112043964     
   3.4474474474474475       -1.0075656402429536      -0.90730203290904421     
   3.4514514514514514       -1.0073854039539412      -0.90861984205658186     
   3.4554554554554553       -1.0072046586787549      -0.90992866553075646     
   3.4594594594594597       -1.0070234920502878      -0.91122849038813580     
   3.4634634634634636       -1.0068419911724829      -0.91251930377427593     
   3.4674674674674675       -1.0066602429129685      -0.91380109292385281     
   3.4714714714714714       -1.0064783336676490      -0.91507384516078560     
   3.4754754754754753       -1.0062963494592958      -0.91633754789836286     
   3.4794794794794797       -1.0061143758974098      -0.91759218863936631     
   3.4834834834834836       -1.0059324981091748      -0.91883775497619591     
   3.4874874874874875       -1.0057508008381595      -0.92007423459099136     
   3.4914914914914914       -1.0055693682463327      -0.92130161525575383     
   3.4954954954954953       -1.0053882841376187      -0.92251988483246850     
   3.4994994994994997       -1.0052076316296459      -0.92372903127322248     
   3.5035035035035036       -1.0050274935077042      -0.92492904262032472     
   3.5075075075075075       -1.0048479517692792      -0.92611990700642566     
   3.5115115115115114       -1.0046690880805875      -0.92730161265463207     
   3.5155155155155153       -1.0044909832656594      -0.92847414787862559     
   3.5195195195195197       -1.0043137177264723      -0.92963750108277710     
   3.5235235235235236       -1.0041373710954555      -0.93079166076226205     
   3.5275275275275275       -1.0039620223768277      -0.93193661550317375     
   3.5315315315315314       -1.0037877499070853      -0.93307235398263721     
   3.5355355355355353       -1.0036146312146581      -0.93419886496891946     
   3.5395395395395397       -1.0034427432331949      -0.93531613732154262     
   3.5435435435435436       -1.0032721619136271      -0.93642415999139206     
   3.5475475475475475       -1.0031029626789412      -0.93752292202082732     
   3.5515515515515514       -1.0029352198087176      -0.93861241254378924     
   3.5555555555555554       -1.0027690070768267      -0.93969262078590843     
   3.5595595595595597       -1.0026043970169298      -0.94076353606461116     
   3.5635635635635636       -1.0024414616450370      -0.94182514778922477     
   3.5675675675675675       -1.0022802715652479      -0.94287744546108421     
   3.5715715715715715       -1.0021208970031048      -0.94392041867363274     
   3.5755755755755754       -1.0019634064335876      -0.94495405711252811     
   3.5795795795795797       -1.0018078682460787      -0.94597835055574231     
   3.5835835835835836       -1.0016543485785869      -0.94699328887366330     
   3.5875875875875876       -1.0015029139337650      -0.94799886202919548     
   3.5915915915915915       -1.0013536279759743      -0.94899506007785894     
   3.5955955955955954       -1.0012065550935778      -0.94998187316788696     
   3.5995995995995997       -1.0010617564976341      -0.95095929154032532     
   3.6036036036036037       -1.0009192941305580      -0.95192730552912663     
   3.6076076076076076       -1.0007792268535525      -0.95288590556124664     
   3.6116116116116115       -1.0006416137812826      -0.95383508215674029     
   3.6156156156156154       -1.0005065114958254      -0.95477482592885354     
   3.6196196196196198       -1.0003739759435069      -0.95570512758411708     
   3.6236236236236237       -1.0002440614629846      -0.95662597792243798     
   3.6276276276276276       -1.0001168204990669      -0.95753736783719101     
   3.6316316316316315      -0.99999230524341309      -0.95843928831530878     
   3.6356356356356359      -0.99987056415706010      -0.95933173043737030     
   3.6396396396396398      -0.99975164753947066      -0.96021468537768961     
   3.6436436436436437      -0.99963559923249745      -0.96108814440440271     
   3.6476476476476476      -0.99952246799279265      -0.96195209887955480     
   3.6516516516516515      -0.99941229247719121      -0.96280654025918444     
   3.6556556556556559      -0.99930511997530047      -0.96365146009340885     
   3.6596596596596598      -0.99920098373214872      -0.96448685002650714     
   3.6636636636636637      -0.99909992931106106      -0.96531270179700357     
   3.6676676676676676      -0.99900198465147860      -0.96612900723774797     
   3.6716716716716715      -0.99890719303722153      -0.96693575827599820     
   3.6756756756756759      -0.99881557743452209      -0.96773294693349898     
   3.6796796796796798      -0.99872717796444688      -0.96852056532655983     
   3.6836836836836837      -0.99864201359046645      -0.96929860566613557     
   3.6876876876876876      -0.99856011943835621      -0.97006706025790090     
   3.6916916916916915      -0.99848151248310979      -0.97082592150232783     
   3.6956956956956959      -0.99840622008091007      -0.97157518189476044     
   3.6996996996996998      -0.99833426002157311      -0.97231483402548924     
   3.7037037037037037      -0.99826564842217480      -0.97304487057982392     
   3.7077077077077076      -0.99820040738235838      -0.97376528433816678     
   3.7117117117117115      -0.99813853756718918      -0.97447606817608323     
   3.7157157157157159      -0.99808006961807694      -0.97517721506437227     
   3.7197197197197198      -0.99802498403184603      -0.97586871806913611     
   3.7237237237237237      -0.99797332421662355      -0.97655057035184933     
   3.7277277277277276      -0.99792504645771507      -0.97722276516942586     
   3.7317317317317316      -0.99788020988947246      -0.97788529587428519     
   3.7357357357357359      -0.99783874430959862      -0.97853815591441973     
   3.7397397397397398      -0.99780072515189167      -0.97918133883345804     
   3.7437437437437437      -0.99776605686271269      -0.97981483827072935     
   3.7477477477477477      -0.99773482698183347      -0.98043864796132674     
   3.7517517517517516      -0.99770692183330567      -0.98105276173616807     
   3.7557557557557559      -0.99768242981360200      -0.98165717352205806     
   3.7597597597597598      -0.99766123428549125      -0.98225187734174813     
   3.7637637637637638      -0.99764340415674657      -0.98283686731399489     
   3.7677677677677677      -0.99762884541420893      -0.98341213765361879     
   3.7717717717717716      -0.99761757593429246      -0.98397768267156138     
   3.7757757757757759      -0.99760956110153332      -0.98453349677494195     
   3.7797797797797799      -0.99760472557640678      -0.98507957446711136     
   3.7837837837837838      -0.99760314066332223      -0.98561591034770824     
   3.7877877877877877      -0.99760458779299932      -0.98614249911271146     
   3.7917917917917916      -0.99760929535747367      -0.98665933555449192     
   3.7957957957957960      -0.99761685193854643      -0.98716641456186571     
   3.7997997997997999      -0.99762768668754964      -0.98766373112014327     
   3.8038038038038038      -0.99764116114401069      -0.98815128031117960     
   3.8078078078078077      -0.99765792390921837      -0.98862905731342254     
   3.8118118118118116      -0.99767711282848781      -0.98909705740196108     
   3.8158158158158160      -0.99769956308698482      -0.98955527594857173     
   3.8198198198198199      -0.99772425915829999      -0.99000370842176366     
   3.8238238238238238      -0.99775210631930356      -0.99044235038682449     
   3.8278278278278277      -0.99778210630375219      -0.99087119750586350     
   3.8318318318318316      -0.99781500201069684      -0.99129024553785516     
   3.8358358358358360      -0.99785011258433887      -0.99169949033868066     
   3.8398398398398399      -0.99788764739191149      -0.99209892786116838     
   3.8438438438438438      -0.99792768455058645      -0.99248855415513493     
   3.8478478478478477      -0.99796939391609929      -0.99286836536742351     
   3.8518518518518516      -0.99801416974881496      -0.99323835774194280     
   3.8558558558558560      -0.99805955626229348      -0.99359852761970280     
   3.8598598598598599      -0.99810884621652829      -0.99394887143885202     
   3.8638638638638638      -0.99815742524552054      -0.99428938573471282     
   3.8678678678678677      -0.99821090886605146      -0.99462006713981466     
   3.8718718718718717      -0.99826228346412593      -0.99494091238392857     
   3.8758758758758760      -0.99831945472428962      -0.99525191829409909     
   3.8798798798798799      -0.99837342043606214      -0.99555308179467450     
   3.8838838838838838      -0.99843347224541956      -0.99584439990733942     
   3.8878878878878878      -0.99849014036516970      -0.99612586975114281     
   3.8918918918918921      -0.99855184320784263      -0.99639748854252641     
   3.8958958958958960      -0.99861175156939741      -0.99665925359535279     
   3.8998998998998999      -0.99867337083529251      -0.99691116232093191     
   3.9039039039039038      -0.99873752198697108      -0.99715321222804643     
   3.9079079079079078      -0.99879685167153187      -0.99738540092297623     
   3.9119119119119121      -0.99886658211387414      -0.99760772610952264     
   3.9159159159159160      -0.99892120950099794      -0.99782018558903074     
   3.9199199199199199      -0.99899775947814451      -0.99802277726041111     
   3.9239239239239239      -0.99904570198533404      -0.99821549912016083     
   3.9279279279279278      -0.99912934342873794      -0.99839834926238302     
   3.9319319319319321      -0.99917018658615775      -0.99857132587880604     
   3.9359359359359360      -0.99925881430498431      -0.99873442725880057     
   3.9399399399399400      -0.99929538141889473      -0.99888765178939798     
   3.9439439439439439      -0.99938264007071931      -0.99903099795530448     
   3.9479479479479478      -0.99942296745209747      -0.99916446433891781     
   3.9519519519519521      -0.99949635365584100      -0.99928804962034024     
   3.9559559559559561      -0.99955524880414881      -0.99940175257739150     
   3.9599599599599600      -0.99959527714622243      -0.99950557208562174     
   3.9639639639639639      -0.99969393544911778      -0.99959950711832180     
   3.9679679679679678      -0.99967640256010915      -0.99968355674653397     
   3.9719719719719722      -0.99983752119707414      -0.99975772013906072     
   3.9759759759759761      -0.99974193635733410      -0.99982199656247328     
   3.9799799799799800      -0.99997689474292206      -0.99987638538111856     
   3.9839839839839839      -0.99980450039046231      -0.99992088605712559     
   3.9879879879879878       -1.0000897321005633      -0.99995549815041107     
   3.9919919919919922      -0.99989225210564070      -0.99998022131868336     
   3.9959959959959961       -1.0001411886103131      -0.99999505531744570     
   4.0000000000000000       -1.0000000000000000       -1.0000000000000000     
