   0.0000000000000000        1.0000000000000000       0.99999999999999989     
   4.0040040040040040E-003  0.99962398888744752       0.99999505531744592     
   8.0080080080080079E-003  0.99999802686441130       0.99998022131868325     
   1.2012012012012012E-002  0.99961352248772795       0.99995549815041107     
   1.6016016016016016E-002  0.99975286527370433       0.99992088605712559     
   2.0020020020020020E-002  0.99958529744355795       0.99987638538111856     
   2.4024024024024024E-002  0.99955861863510709       0.99982199656247328     
   2.8028028028028028E-002  0.99953231918077801       0.99975772013906072     
   3.2032032032032032E-002  0.99941981395364710       0.99968355674653397     
   3.6036036036036036E-002  0.99946155470462172       0.99959950711832180     
   4.0040040040040040E-002  0.99932610594011850       0.99950557208562174     
   4.4044044044044044E-002  0.99938621523720683       0.99940175257739161     
   4.8048048048048048E-002  0.99926535739897970       0.99928804962034012     
   5.2052052052052052E-002  0.99931794432750243       0.99916446433891792     
   5.6056056056056056E-002  0.99922831223847564       0.99903099795530459     
   6.0060060060060060E-002  0.99926463637071661       0.99888765178939798     
   6.4064064064064064E-002  0.99920936667890992       0.99873442725880068     
   6.8068068068068074E-002  0.99923062192403389       0.99857132587880615     
   7.2072072072072071E-002  0.99920586017654878       0.99839834926238324     
   7.6076076076076082E-002  0.99921762883349452       0.99821549912016094     
   8.0080080080080079E-002  0.99921703499403802       0.99802277726041122     
   8.4084084084084090E-002  0.99922578674955109       0.99782018558903074     
   8.8088088088088087E-002  0.99924313417744903       0.99760772610952264     
   9.2092092092092098E-002  0.99925442081243687       0.99738540092297623     
   9.6096096096096095E-002  0.99928475896571123       0.99715321222804643     
  0.10010010010010011       0.99930256768873671       0.99691116232093191     
  0.10410410410410410       0.99934249388200513       0.99665925359535279     
  0.10810810810810811       0.99936924737999988       0.99639748854252641     
  0.11211211211211211       0.99941673149478116       0.99612586975114281     
  0.11611611611611612       0.99945357977893778       0.99584439990733964     
  0.12012012012012012       0.99950761736087224       0.99555308179467450     
  0.12412412412412413       0.99955481010746949       0.99525191829409887     
  0.12812812812812813       0.99961506054002502       0.99494091238392868     
  0.13213213213213212       0.99967228906140926       0.99462006713981466     
  0.13613613613613615       0.99973877282438817       0.99428938573471282     
  0.14014014014014015       0.99980543633789964       0.99394887143885213     
  0.14414414414414414       0.99987831496053037       0.99359852761970280     
  0.14814814814814814       0.99995370349449186       0.99323835774194291     
  0.15215215215215216        1.0000331386689258       0.99286836536742373     
  0.15615615615615616        1.0001165435201875       0.99248855415513493     
  0.16016016016016016        1.0002026199682768       0.99209892786116838     
  0.16416416416416416        1.0002933894434167       0.99169949033868066     
  0.16816816816816818        1.0003860832973202       0.99129024553785539     
  0.17217217217217218        1.0004836413527141       0.99087119750586361     
  0.17617617617617617        1.0005828174201223       0.99044235038682449     
  0.18018018018018017        1.0006866602811009       0.99000370842176388     
  0.18418418418418420        1.0007920852075656       0.98955527594857196     
  0.18818818818818819        1.0009017669753180       0.98909705740196130     
  0.19219219219219219        1.0010131290965503       0.98862905731342254     
  0.19619619619619619        1.0011282437366762       0.98815128031117949     
  0.20020020020020021        1.0012451738854375       0.98766373112014327     
  0.20420420420420421        1.0013653381659713       0.98716641456186571     
  0.20820820820820821        1.0014874280972692       0.98665933555449203     
  0.21221221221221220        1.0016122673901171       0.98614249911271146     
  0.21621621621621623        1.0017390844669918       0.98561591034770846     
  0.22022022022022023        1.0018682224722903       0.98507957446711159     
  0.22422422422422422        1.0019993204995206       0.98453349677494206     
  0.22822822822822822        1.0021323727265263       0.98397768267156138     
  0.23223223223223224        1.0022672990508137       0.98341213765361868     
  0.23623623623623624        1.0024038691667425       0.98283686731399489     
  0.24024024024024024        1.0025421690165541       0.98225187734174813     
  0.24424424424424424        1.0026818478560089       0.98165717352205828     
  0.24824824824824826        1.0028230666002986       0.98105276173616818     
  0.25225225225225223        1.0029654324283563       0.98043864796132674     
  0.25625625625625625        1.0031091163223564       0.97981483827072957     
  0.26026026026026028        1.0032537364384835       0.97918133883345804     
  0.26426426426426425        1.0033994327017723       0.97853815591441973     
  0.26826826826826827        1.0035458651453188       0.97788529587428519     
  0.27227227227227230        1.0036931214653075       0.97722276516942586     
  0.27627627627627627        1.0038409172810587       0.97655057035184956     
  0.28028028028028029        1.0039892813184605       0.97586871806913633     
  0.28428428428428426        1.0041379862424813       0.97517721506437238     
  0.28828828828828829        1.0042870052268320       0.97447606817608334     
  0.29229229229229231        1.0044361616147857       0.97376528433816700     
  0.29629629629629628        1.0045853818914514       0.97304487057982403     
  0.30030030030030030        1.0047345299924166       0.97231483402548924     
  0.30430430430430433        1.0048834971971732       0.97157518189476044     
  0.30830830830830830        1.0050321762689631       0.97082592150232794     
  0.31231231231231232        1.0051804351475815       0.97006706025790113     
  0.31631631631631629        1.0053281845553561       0.96929860566613568     
  0.32032032032032032        1.0054752792543760       0.96852056532656006     
  0.32432432432432434        1.0056216389019288       0.96773294693349898     
  0.32832832832832831        1.0057671134754531       0.96693575827599854     
  0.33233233233233234        1.0059116243605608       0.96612900723774819     
  0.33633633633633636        1.0060550229714063       0.96531270179700357     
  0.34034034034034033        1.0061972277271258       0.96448685002650714     
  0.34434434434434436        1.0063380951181100       0.96365146009340885     
  0.34834834834834832        1.0064775380843300       0.96280654025918455     
  0.35235235235235235        1.0066154202353277       0.96195209887955491     
  0.35635635635635637        1.0067516476953751       0.96108814440440293     
  0.36036036036036034        1.0068860920311780       0.96021468537768961     
  0.36436436436436437        1.0070186526007057       0.95933173043737041     
  0.36836836836836839        1.0071492083752613       0.95843928831530878     
  0.37237237237237236        1.0072776530491898       0.95753736783719101     
  0.37637637637637639        1.0074038718060998       0.95662597792243798     
  0.38038038038038036        1.0075277540540735       0.95570512758411708     
  0.38438438438438438        1.0076491899693847       0.95477482592885377     
  0.38838838838838841        1.0077680659187735       0.95383508215674051     
  0.39239239239239238        1.0078842759159885       0.95288590556124697     
  0.39639639639639640        1.0079977046476463       0.95192730552912663     
  0.40040040040040042        1.0081082486043198       0.95095929154032544     
  0.40440440440440439        1.0082157922099022       0.94998187316788707     
  0.40840840840840842        1.0083202331793957       0.94899506007785894     
  0.41241241241241239        1.0084214568160692       0.94799886202919548     
  0.41641641641641641        1.0085193612981136       0.94699328887366341     
  0.42042042042042044        1.0086138333203836       0.94597835055574242     
  0.42442442442442441        1.0087047712432267       0.94495405711252856     
  0.42842842842842843        1.0087920633718765       0.94392041867363297     
  0.43243243243243246        1.0088756081341075       0.94287744546108421     
  0.43643643643643643        1.0089552956550951       0.94182514778922499     
  0.44044044044044045        1.0090310241945764       0.94076353606461094     
  0.44444444444444442        1.0091026859380288       0.93969262078590843     
  0.44844844844844844        1.0091701788316587       0.93861241254378935     
  0.45245245245245247        1.0092333972102043       0.93752292202082743     
  0.45645645645645644        1.0092922387620855       0.93642415999139239     
  0.46046046046046046        1.0093465998026920       0.93531613732154295     
  0.46446446446446449        1.0093963780559463       0.93419886496891991     
  0.46846846846846846        1.0094414714627482       0.93307235398263733     
  0.47247247247247248        1.0094817781659760       0.93193661550317397     
  0.47647647647647645        1.0095171973603267       0.93079166076226205     
  0.48048048048048048        1.0095476279446827       0.92963750108277710     
  0.48448448448448450        1.0095729701253222       0.92847414787862570     
  0.48848848848848847        1.0095931236852587       0.92730161265463229     
  0.49249249249249250        1.0096079897923602       0.92611990700642588     
  0.49649649649649652        1.0096174690990332       0.92492904262032505     
  0.50050050050050054        1.0096214637657863       0.92372903127322259     
  0.50450450450450446        1.0096198754084891       0.92251988483246872     
  0.50850850850850848        1.0096126076692626       0.92130161525575405     
  0.51251251251251251        1.0095995625342153       0.92007423459099136     
  0.51651651651651653        1.0095806444017035       0.91883775497619602     
  0.52052052052052056        1.0095557562788531       0.91759218863936653     
  0.52452452452452447        1.0095248033139543       0.91633754789836308     
  0.52852852852852850        1.0094876895418541       0.91507384516078605     
  0.53253253253253252        1.0094443208372659       0.91380109292385314     
  0.53653653653653655        1.0093946022497842       0.91251930377427604     
  0.54054054054054057        1.0093384403706285       0.91122849038813569     
  0.54454454454454460        1.0092757412373496       0.90992866553075669     
  0.54854854854854851        1.0092064121561650       0.90861984205658186     
  0.55255255255255253        1.0091303601170809       0.90730203290904443     
  0.55655655655655656        1.0090474931438189       0.90597525112043986     
  0.56056056056056058        1.0089577191387877       0.90463950981179786     
  0.56456456456456461        1.0088609468464422       0.90329482219275237     
  0.56856856856856852        1.0087570850399290       0.90194120156140967     
  0.57257257257257255        1.0086460431861513       0.90057866130421826     
  0.57657657657657657        1.0085277308878691       0.89920721489583666     
  0.58058058058058060        1.0084020583330364       0.89782687589899912     
  0.58458458458458462        1.0082689359149126       0.89643765796438168     
  0.58858858858858853        1.0081282745371347       0.89503957483046792     
  0.59259259259259256        1.0079799853469651       0.89363264032341216     
  0.59659659659659658        1.0078239799543709       0.89221686835690384     
  0.60060060060060061        1.0076601702268926       0.89079227293202834     
  0.60460460460460463        1.0074884684674832       0.88935886813713039     
  0.60860860860860866        1.0073087872330073       0.88791666814767300     
  0.61261261261261257        1.0071210395025221       0.88646568722609853     
  0.61661661661661660        1.0069251384937021       0.88500593972168740     
  0.62062062062062062        1.0067209978418259       0.88353744007041513     
  0.62462462462462465        1.0065085313987727       0.88206020279481145     
  0.62862862862862867        1.0062876534339122       0.88057424250381455     
  0.63263263263263259        1.0060582784081726       0.87907957389262892     
  0.63663663663663661        1.0058203212011887       0.87757621174257761     
  0.64064064064064064        1.0055736968588422       0.87606417092095823     
  0.64464464464464466        1.0053183208459260       0.87454346638089420     
  0.64864864864864868        1.0050541087699800       0.87301411316118804     
  0.65265265265265260        1.0047809766551066       0.87147612638617244     
  0.65665665665665662        1.0044988406475930       0.86992952126555978     
  0.66066066066066065        1.0042076173046794       0.86837431309429269     
  0.66466466466466467        1.0039072232886539       0.86681051725239278     
  0.66866866866866870        1.0035975756637510       0.86523814920480835     
  0.67267267267267272        1.0032785915854645       0.86365722450126059     
  0.67667667667667664        1.0029501885991374       0.86206775877609154     
  0.68068068068068066        1.0026122843306229       0.86046976774810768     
  0.68468468468468469        1.0022647967808003       0.85886326722042616     
  0.68868868868868871        1.0019076440230030       0.85724827308031681     
  0.69269269269269274        1.0015407444885285       0.85562480129904683     
  0.69669669669669665        1.0011640166752742       0.85399286793172080     
  0.70070070070070067        1.0007773794203427       0.85235248911712413     
  0.70470470470470470        1.0003807516232972       0.85070368107756156     
  0.70870870870870872       0.99997405250297178       0.84904646011869800     
  0.71271271271271275       0.99955720133772297       0.84738084262939628     
  0.71671671671671666       0.99913011770467053       0.84570684508155602     
  0.72072072072072069       0.99869272123823549       0.84402448402995045     
  0.72472472472472471       0.99824493185094443       0.84233377611206173     
  0.72872872872872874       0.99778666951073036       0.84063473804791822     
  0.73273273273273276       0.99731785444328946       0.83892738663992727     
  0.73673673673673679       0.99683840692778136       0.83721173877271082     
  0.74074074074074070       0.99634824748139805       0.83548781141293649     
  0.74474474474474472       0.99584729667265948       0.83375562160915173     
  0.74874874874874875       0.99533547528913624       0.83201518649161366     
  0.75275275275275277       0.99481270416725098       0.83026652327212069     
  0.75675675675675680       0.99427890434445032       0.82850964924384218     
  0.76076076076076071       0.99373399690412434       0.82674458178114663     
  0.76476476476476474       0.99317790311363019       0.82497133833943037     
  0.76876876876876876       0.99261054428299611       0.82318993645494531     
  0.77277277277277279       0.99203184189014304       0.82140039374462548     
  0.77677677677677681       0.99144171745200094       0.81960272790591149     
  0.78078078078078073       0.99084009263830053       0.81779695671657793     
  0.78478478478478475       0.99022688915382062       0.81598309803455460     
  0.78878878878878878       0.98960202884198556       0.81416116979775299     
  0.79279279279279280       0.98896543357704314       0.81233119002388599     
  0.79679679679679682       0.98831702535867938       0.81049317681029232     
  0.80080080080080085       0.98765672621298750       0.80864714833375506     
  0.80480480480480476       0.98698445827911008       0.80679312285032445     
  0.80880880880880879       0.98630014371816144       0.80493111869513490     
  0.81281281281281281       0.98560370479268888       0.80306115428222591     
  0.81681681681681684       0.98489506378274794       0.80118324810435759     
  0.82082082082082086       0.98417414305898354       0.79929741873283022     
  0.82482482482482478       0.98344086500511818       0.79740368481729917     
  0.82882882882882880       0.98269515208538172       0.79550206508558996     
  0.83283283283283283       0.98193692677275157       0.79359257834351515     
  0.83683683683683685       0.98116611161132916       0.79167524347468543     
  0.84084084084084088       0.98038262914977348       0.78975007944032627     
  0.84484484484484490       0.97958640199919222       0.78781710527908688     
  0.84884884884884881       0.97877735277126343       0.78587634010685514     
  0.85285285285285284       0.97795540413208515       0.78392780311656585     
  0.85685685685685686       0.97712047874460273       0.78197151357801298     
  0.86086086086086089       0.97627249931880988       0.78000749083765841     
  0.86486486486486491       0.97541138855809606       0.77803575431843952     
  0.86886886886886883       0.97453706920616201       0.77605632351957921     
  0.87287287287287285       0.97364946399699526       0.77406921801639061     
  0.87687687687687688       0.97274849569878641       0.77207445746008641     
  0.88088088088088090       0.97183408706725261       0.77007206157758135     
  0.88488488488488493       0.97090616088683235       0.76806205017129980     
  0.88888888888888884       0.96996463992714810       0.76604444311897812     
  0.89289289289289286       0.96900944698163383       0.76401926037346957     
  0.89689689689689689       0.96804050482702908       0.76198652196254524     
  0.90090090090090091       0.96705773625958025       0.75994624798869781     
  0.90490490490490494       0.96606106405741243       0.75789845862894112     
  0.90890890890890896       0.96505041101447442       0.75584317413461199     
  0.91291291291291288       0.96402569990561582       0.75378041483116964     
  0.91691691691691690       0.96298685351850988       0.75171020111799358     
  0.92092092092092093       0.96193379462120188       0.74963255346818269     
  0.92492492492492495       0.96086644599218685       0.74754749242835361     
  0.92892892892892898       0.95978473039037615       0.74545503861843632     
  0.93293293293293289       0.95868857058335177       0.74335521273147021     
  0.93693693693693691       0.95757788931967480       0.74124803553340046     
  0.94094094094094094       0.95645260935552756       0.73913352786287123     
  0.94494494494494496       0.95531265342911542       0.73701171063102144     
  0.94894894894894899       0.95415794428589928       0.73488260482127599     
  0.95295295295295290       0.95298840465498424       0.73274623148913998     
  0.95695695695695693       0.95180395727305755       0.73060261176198882     
  0.96096096096096095       0.95060452486262748       0.72845176683886093     
  0.96496496496496498       0.94939003015481782       0.72629371799024722     
  0.96896896896896900       0.94816039586936973       0.72412848655788020     
  0.97297297297297303       0.94691554473635164       0.72195609395452465     
  0.97697697697697694       0.94565539947788002       0.71977656166376347     
  0.98098098098098097       0.94437988282881280       0.71758991123978799     
  0.98498498498498499       0.94308891752014834       0.71539616430718200     
  0.98898898898898902       0.94178242629875952       0.71319534256071038     
  0.99299299299299304       0.94046033191241007       0.71098746776510235     
  0.99699699699699695       0.93912255712860493       0.70877256175483849     
   1.0010010010010011       0.93776902472117818       0.70655064643393239     
   1.0050050050050050       0.93639965748832554       0.70432174377571666     
   1.0090090090090089       0.93501437824069067       0.70208587582262261     
   1.0130130130130131       0.93361310981868528       0.69984306468596524     
   1.0170170170170170       0.93219577508198581       0.69759333254572309     
   1.0210210210210211       0.93076229692624368       0.69533670165031780     
   1.0250250250250250       0.92931259827390011       0.69307319431639725     
   1.0290290290290289       0.92784660209038849       0.69080283292861089     
   1.0330330330330331       0.92636423137619905       0.68852563993939231     
   1.0370370370370370       0.92486540918264160       0.68624163786873360     
   1.0410410410410411       0.92335005860511321       0.68395084930396588     
   1.0450450450450450       0.92181810279849519       0.68165329689953280     
   1.0490490490490489       0.92026946497154238       0.67934900337676996     
   1.0530530530530531       0.91870406840202679       0.67703799152367639     
   1.0570570570570570       0.91712183643216283       0.67472028419469277     
   1.0610610610610611       0.91552269248356100       0.67239590431047247     
   1.0650650650650650       0.91390656005367965       0.67006487485765720     
   1.0690690690690692       0.91227336273060111       0.66772721888864850     
   1.0730730730730731       0.91062302419051111       0.66538295952137927     
   1.0770770770770770       0.90895546821230189       0.66303211993908673     
   1.0810810810810811       0.90727061867611614       0.66067472339008138     
   1.0850850850850851       0.90556839957774149       0.65831079318751895     
   1.0890890890890892       0.90384873502825169       0.65594035270916762     
   1.0930930930930931       0.90211154926820281       0.65356342539717938     
   1.0970970970970970       0.90035676666835396       0.65118003475785569     
   1.1011011011011012       0.89858431174371955       0.64879020436141710     
   1.1051051051051051       0.89679410915530156       0.64639395784176923     
   1.1091091091091092       0.89498608372411237       0.64399131889626848     
   1.1131131131131131       0.89316016043381130       0.64158231128548826     
   1.1171171171171170       0.89131626444478507       0.63916695883298480     
   1.1211211211211212       0.88945432109764733       0.63674528542506059     
   1.1251251251251251       0.88757425592742234       0.63431731501052790     
   1.1291291291291292       0.88567599466788127       0.63188307160047219     
   1.1331331331331331       0.88375946326586596       0.62944257926801572     
   1.1371371371371370       0.88182458788643325       0.62699586214807856     
   1.1411411411411412       0.87987129492734950       0.62454294443713887     
   1.1451451451451451       0.87789951102504471       0.62208385039299618     
   1.1491491491491492       0.87590916306928590       0.61961860433452864     
   1.1531531531531531       0.87390017820993626       0.61714723064145538     
   1.1571571571571571       0.87187248387180571       0.61466975375409227     
   1.1611611611611612       0.86982600776225361       0.61218619817311382     
   1.1651651651651651       0.86776067788618882       0.60969658845930685     
   1.1691691691691692       0.86567642255452215       0.60720094923333146     
   1.1731731731731732       0.86357317039935300       0.60469930517547543     
   1.1771771771771771       0.86145085038322244       0.60219168102540976     
   1.1811811811811812       0.85930939181455313       0.59967810158194490     
   1.1851851851851851       0.85714872435764866       0.59715859170278607     
   1.1891891891891893       0.85496877804841509       0.59463317630428669     
   1.1931931931931932       0.85276948330512459       0.59210188036120104     
   1.1971971971971973       0.85055077094439058       0.58956472890643952     
   1.2012012012012012       0.84831257219271416       0.58702174703081855     
   1.2052052052052051       0.84605481870272625       0.58447295988281511     
   1.2092092092092093       0.84377744256548015       0.58191839266831502     
   1.2132132132132132       0.84148037632701711       0.57935807065036715     
   1.2172172172172173       0.83916355300135559       0.57679201914892964     
   1.2212212212212212       0.83682690608740840       0.57422026354062339     
   1.2252252252252251       0.83447036958265808       0.57164282925847876     
   1.2292292292292293       0.83209387800042134       0.56905974179168362     
   1.2332332332332332       0.82969736638423663       0.56647102668533400     
   1.2372372372372373       0.82728077032542946       0.56387670954017777     
   1.2412412412412412       0.82484402597825501       0.56127681601236523     
   1.2452452452452452       0.82238707007773681       0.55867137181319193     
   1.2492492492492493       0.81990983995555378       0.55606040270884771     
   1.2532532532532532       0.81741227355820267       0.55344393452015839     
   1.2572572572572573       0.81489430946351782       0.55082199312233371     
   1.2612612612612613       0.81235588689930405       0.54819460444470980     
   1.2652652652652652       0.80979694576031880       0.54556179447049202     
   1.2692692692692693       0.80721742662753149       0.54292358923649942     
   1.2732732732732732       0.80461727078541201       0.54028001483290677     
   1.2772772772772774       0.80199642024196049       0.53763109740298687     
   1.2812812812812813       0.79935481774611394       0.53497686314285187     
   1.2852852852852852       0.79669240680877629       0.53231733830119210     
   1.2892892892892893       0.79400913172003096       0.52965254917902038     
   1.2932932932932932       0.79130493757154241       0.52698252212940966     
   1.2972972972972974       0.78857977027310255       0.52430728355723166     
   1.3013013013013013       0.78583357657692687       0.52162685991889790     
   1.3053053053053052       0.78306630409293754       0.51894127772209575     
   1.3093093093093093       0.78027790131559593       0.51625056352552856     
   1.3133133133133132       0.77746831763715085       0.51355474393865164     
   1.3173173173173174       0.77463750337789794       0.51085384562140879     
   1.3213213213213213       0.77178540979630716       0.50814789528396931     
   1.3253253253253254       0.76891198912394543       0.50543691968646431     
   1.3293293293293293       0.76601719457103634       0.50272094563872183     
   1.3333333333333333       0.76310098036766172       0.50000000000000033     
   1.3373373373373374       0.76016330176287816       0.49727410967872421     
   1.3413413413413413       0.75720411507429097       0.49454330163221866     
   1.3453453453453454       0.75422337767831893       0.49180760286644143     
   1.3493493493493494       0.75122104807083379       0.48906704043571680     
   1.3533533533533533       0.74819708584546940       0.48632164144246692     
   1.3573573573573574       0.74515145176882125       0.48357143303694439     
   1.3613613613613613       0.74208410774277000       0.48081644241696458     
   1.3653653653653655       0.73899501689878011       0.47805669682763607     
   1.3693693693693694       0.73588414353904341       0.47529222356109019     
   1.3733733733733733       0.73275145325571256       0.47252304995621203     
   1.3773773773773774       0.72959691284420136       0.46974920339837073     
   1.3813813813813813       0.72642049045482959       0.46697071131914814     
   1.3853853853853855       0.72322215546979729       0.46418760119606600     
   1.3893893893893894       0.72000187869674293       0.46139990055231739     
   1.3933933933933933       0.71675963219862193       0.45860763695649082     
   1.3973973973973974       0.71349538954124847       0.45581083802230099     
   1.4014014014014013       0.71020912556244975       0.45300953140831446     
   1.4054054054054055       0.70690081668881066       0.45020374481767350     
   1.4094094094094094       0.70357044062699048       0.44739350599782696     
   1.4134134134134133       0.70021797676875863       0.44457884274025250     
   1.4174174174174174       0.69684340578305615       0.44175978288018319     
   1.4214214214214214       0.69344671013317716       0.43893635429633082     
   1.4254254254254255       0.69002787354287909       0.43610858491061116     
   1.4294294294294294       0.68658688165540327       0.43327650268786849     
   1.4334334334334333       0.68312372134047095       0.43044013563559824     
   1.4374374374374375       0.67963838153198841       0.42759951180366951     
   1.4414414414414414       0.67613085233485137       0.42475465928404799     
   1.4454454454454455       0.67260112608692368       0.42190560621051937     
   1.4494494494494494       0.66904919621491443       0.41905238075840973     
   1.4534534534534536       0.66547505857686440       0.41619501114430768     
   1.4574574574574575       0.66187871000464715       0.41333352562578418     
   1.4614614614614614       0.65826014999605498       0.41046795250111390     
   1.4654654654654655       0.65461937886735577       0.40759832010899610     
   1.4694694694694694       0.65095639987957232       0.40472465682827363     
   1.4734734734734736       0.64727121690749634       0.40184699107765148     
   1.4774774774774775       0.64356383710344345       0.39896535131541649     
   1.4814814814814814       0.63983426796865062       0.39607976603915679     
   1.4854854854854855       0.63608252068018534       0.39319026378547872     
   1.4894894894894894       0.63230860642614817       0.39029687312972589     
   1.4934934934934936       0.62851254054821637       0.38739962268569328     
   1.4974974974974975       0.62469433797276397       0.38449854110534909     
   1.5015015015015014       0.62085401835354170       0.38159365707854875     
   1.5055055055055055       0.61699160039588263       0.37868499933275013     
   1.5095095095095095       0.61310710822209247       0.37577259663273255     
   1.5135135135135136       0.60920056434444836       0.37285647778030873     
   1.5175175175175175       0.60527199752101679       0.36993667161404314     
   1.5215215215215214       0.60132143408401661       0.36701320700896550     
   1.5255255255255256       0.59734890760720449       0.36408611287628412     
   1.5295295295295295       0.59335444823814221       0.36115541816310132     
   1.5335335335335336       0.58933809456127495       0.35822115185212744     
   1.5375375375375375       0.58529988051430570       0.35528334296139380     
   1.5415415415415414       0.58123984990519817       0.35234202054396474     
   1.5455455455455456       0.57715804041255592       0.34939721368765114     
   1.5495495495495495       0.57305450130171964       0.34644895151472355     
   1.5535535535535536       0.56892927391499060       0.34349726318162310     
   1.5575575575575575       0.56478241323369260       0.34054217787867375     
   1.5615615615615615       0.56061396415418707       0.33758372482979260     
   1.5655655655655656       0.55642398766141432       0.33462193329220158     
   1.5695695695695695       0.55221253205864984       0.33165683255613898     
   1.5735735735735736       0.54797966465603565       0.32868845194456903     
   1.5775775775775776       0.54372543697333298       0.32571682081289088     
   1.5815815815815817       0.53944992300707906       0.32274196854864945     
   1.5855855855855856       0.53515317725327594       0.31976392457124525     
   1.5895895895895895       0.53083528080210118       0.31678271833164295     
   1.5935935935935936       0.52649629082837124       0.31379837931207866     
   1.5975975975975976       0.52213629597652012       0.31081093702577139     
   1.6016016016016017       0.51775535573728237       0.30782042101662782     
   1.6056056056056056       0.51335356683162170       0.30482686085895305     
   1.6096096096096095       0.50893099062852010       0.30183028615715729     
   1.6136136136136137       0.50448773251876233       0.29883072654546011     
   1.6176176176176176       0.50002385522671211       0.29582821168760254     
   1.6216216216216217       0.49553947348779664       0.29282277127655032     
   1.6256256256256256       0.49103465076208486       0.28981443503420135     
   1.6296296296296295       0.48650951189776453       0.28680323271109065     
   1.6336336336336337       0.48196412036120212       0.28378919408609704     
   1.6376376376376376       0.47739861198789413       0.28077234896614933     
   1.6416416416416417       0.47281304939704116       0.27775272718593036     
   1.6456456456456456       0.46820758040701316       0.27473035860758332     
   1.6496496496496496       0.46358226579650652       0.27170527312041282     
   1.6536536536536537       0.45893726649948557       0.26867750064059459     
   1.6576576576576576       0.45427264030352155       0.26564707111087615     
   1.6616616616616617       0.44958856254583657       0.26261401450028199     
   1.6656656656656657       0.44488508669588916       0.25957836080381591     
   1.6696696696696696       0.44016240395627770       0.25654014004216519     
   1.6736736736736737       0.43542056195416001       0.25349938226140467     
   1.6776776776776776       0.43065976941540257       0.25045611753269870     
   1.6816816816816818       0.42588006638081777       0.24741037595200283     
   1.6856856856856857       0.42108168097638682       0.24436218763976714     
   1.6896896896896898       0.41626464366815491       0.24131158274063927     
   1.6936936936936937       0.41142920410310230       0.23825859142316480     
   1.6976976976976976       0.40657538091329115       0.23520324387949043     
   1.7017017017017018       0.40170344765863236       0.23214557032506186     
   1.7057057057057057       0.39681340857887865       0.22908560099833006     
   1.7097097097097098       0.39190556383877084       0.22602336616044894     
   1.7137137137137137       0.38697990039813035       0.22295889609497727     
   1.7177177177177176       0.38203674804918486       0.21989222110757800     
   1.7217217217217218       0.37707607322291470       0.21682337152571932     
   1.7257257257257257       0.37209823872502656       0.21375237769837560     
   1.7297297297297298       0.36710318681377185       0.21067926999572606     
   1.7337337337337337       0.36209131709189568       0.20760407880885565     
   1.7377377377377377       0.35706254357082923       0.20452683454945109     
   1.7417417417417418       0.35201730686718613       0.20144756764950522     
   1.7457457457457457       0.34695548820472688       0.19836630856101312     
   1.7497497497497498       0.34187757390096973       0.19528308775567005     
   1.7537537537537538       0.33678340734679990       0.19219793572457314     
   1.7577577577577577       0.33167352575572728       0.18911088297791637     
   1.7617617617617618       0.32654772909791635       0.18602196004469188     
   1.7657657657657657       0.32140661122437569       0.18293119747238676     
   1.7697697697697699       0.31624992251552314       0.17983862582668017     
   1.7737737737737738       0.31107831978620842       0.17674427569114179     
   1.7777777777777777       0.30589149703862056       0.17364817766693028     
   1.7817817817817818       0.30069018100052430       0.17055036237248988     
   1.7857857857857857       0.29547400185055750       0.16745086044324664     
   1.7897897897897899       0.29024376383790540       0.16434970253130635     
   1.7937937937937938       0.28499902517971837       0.16124691930515228     
   1.7977977977977977       0.27974067594927610       0.15814254144934106     
   1.8018018018018018       0.27446819353836455       0.15503659966419786     
   1.8058058058058057       0.26918256287307663       0.15192912466551589     
   1.8098098098098099       0.26388317090008817       0.14882014718424907     
   1.8138138138138138       0.25857110718107668       0.14570969796621130     
   1.8178178178178179       0.25324565781653363       0.14259780777177095     
   1.8218218218218218       0.24790802756355987       0.13948450737554591     
   1.8258258258258258       0.24255739047425953       0.13636982756610005     
   1.8298298298298299       0.23719507785482227       0.13325379914563965     
   1.8338338338338338       0.23182013969281690       0.13013645292970785     
   1.8378378378378379       0.22643404600014583       0.12701781974687870     
   1.8418418418418419       0.22103570986534751       0.12389793043845529     
   1.8458458458458458       0.21562675296562930       0.12077681585816115     
   1.8498498498498499       0.21020593784322597       0.11765450687183837     
   1.8538538538538538       0.20477505159249032       0.11453103435714140     
   1.8578578578578580       0.19933269176649787       0.11140642920322855     
   1.8618618618618619       0.19388082539768045       0.10828072231046192     
   1.8658658658658658       0.18841786984209546       0.10515394459009815     
   1.8698698698698699       0.18294598732289763       0.10202612696398421     
   1.8738738738738738       0.17746339907205022        9.8897300364250137E-002
   1.8778778778778780       0.17197247843431820        9.5767495733004110E-002
   1.8818818818818819       0.16647123393415089        9.2636744022027262E-002
   1.8858858858858858       0.16096226657561100        8.9505076192466795E-002
   1.8898898898898899       0.15544335501773443        8.6372523214528804E-002
   1.8938938938938938       0.14991734497704695        8.3239116067172991E-002
   1.8978978978978980       0.14438176761753518        8.0104885737807094E-002
   1.9019019019019019       0.13883973082375936        7.6969863221979185E-002
   1.9059059059059058       0.13328850028874695        7.3834079523072429E-002
   1.9099099099099099       0.12773146378645750        7.0697565651994948E-002
   1.9139139139139139       0.12216560336669104        6.7560352626878470E-002
   1.9179179179179180       0.11659460451814442        6.4422471472768014E-002
   1.9219219219219219       0.11101514745471118        6.1283953221316440E-002
   1.9259259259259258       0.10543123312063148        5.8144828910476183E-002
   1.9299299299299300        9.9839221884142820E-002   5.5005129584193228E-002
   1.9339339339339339        9.4243447584886786E-002   5.1864886292100981E-002
   1.9379379379379380        8.8639933150426425E-002   4.8724130089211899E-002
   1.9419419419419419        8.3033362209489897E-002   4.5582892035611673E-002
   1.9459459459459461        7.7419403329653219E-002   4.2441203196148525E-002
   1.9499499499499500        7.1803106001693623E-002   3.9299094640131337E-002
   1.9539539539539539        6.6179768480070900E-002   3.6156597441019275E-002
   1.9579579579579580        6.0554821065710501E-002   3.3013742676113601E-002
   1.9619619619619619        5.4923177033628985E-002   2.9870561426253450E-002
   1.9659659659659661        4.9290660981998038E-002   2.6727084775504926E-002
   1.9699699699699700        4.3651788185981866E-002   2.3583343810856781E-002
   1.9739739739739739        3.8012789172299694E-002   2.0439369621911660E-002
   1.9779779779779780        3.2367770321114264E-002   1.7295193300577764E-002
   1.9819819819819819        2.6723377161094158E-002   1.4150845940762258E-002
   1.9859859859859861        2.1073299766992390E-002   1.1006358638064652E-002
   1.9899899899899900        1.5424601849374605E-002   7.8617624894684063E-003
   1.9939939939939939        9.7705625733369179E-003   4.7170885930325071E-003
   1.9979979979979980        4.1186337642015181E-003   1.5723680475848198E-003
   2.0020020020020022       -1.5382166559476933E-003  -1.5723680475845747E-003
   2.0060060060060061       -7.1924553662823382E-003  -4.7170885930322625E-003
   2.0100100100100100       -1.2850506295747050E-002  -7.8617624894681600E-003
   2.0140140140140139       -1.8505250500454182E-002  -1.1006358638064406E-002
   2.0180180180180178       -2.4162725583751304E-002  -1.4150845940762012E-002
   2.0220220220220222       -2.9816223152887927E-002  -1.7295193300577522E-002
   2.0260260260260261       -3.5471399083263321E-002  -2.0439369621911417E-002
   2.0300300300300300       -4.1121950099336085E-002  -2.3583343810856538E-002
   2.0340340340340339       -4.6773157521680007E-002  -2.6727084775504683E-002
   2.0380380380380378       -5.2419113057405514E-002  -2.9870561426253207E-002
   2.0420420420420422       -5.8064730442480054E-002  -3.3013742676113789E-002
   2.0460460460460461       -6.3704486029164703E-002  -3.6156597441019026E-002
   2.0500500500500500       -6.9342943445795488E-002  -3.9299094640131087E-002
   2.0540540540540539       -7.4974964462542149E-002  -4.2441203196148275E-002
   2.0580580580580579       -8.0604791847811330E-002  -4.5582892035610979E-002
   2.0620620620620622       -8.6227673652555015E-002  -4.8724130089212093E-002
   2.0660660660660661       -9.1847553324106296E-002  -5.1864886292100738E-002
   2.0700700700700700       -9.7460049216087322E-002  -5.5005129584192979E-002
   2.0740740740740740      -0.10306881142361250       -5.8144828910475933E-002
   2.0780780780780779      -0.10866979972984703       -6.1283953221315746E-002
   2.0820820820820822      -0.11426637212795332       -6.4422471472768209E-002
   2.0860860860860861      -0.11985480106417583       -6.7560352626878220E-002
   2.0900900900900901      -0.12543815864200913       -7.0697565651994698E-002
   2.0940940940940940      -0.13101300680911426       -7.3834079523071736E-002
   2.0980980980980979      -0.13658214384999456       -7.6969863221978935E-002
   2.1021021021021022      -0.14214240234706416       -8.0104885737806844E-002
   2.1061061061061062      -0.14769632196415580       -8.3239116067172741E-002
   2.1101101101101101      -0.15324098901336614       -8.6372523214528554E-002
   2.1141141141141140      -0.15877870073191661       -8.9505076192466101E-002
   2.1181181181181179      -0.16430678102947346       -9.2636744022027012E-002
   2.1221221221221223      -0.16982730095193788       -9.5767495733003860E-002
   2.1261261261261262      -0.17533780632081958       -9.8897300364249888E-002
   2.1301301301301301      -0.18084015791589661      -0.10202612696398396     
   2.1341341341341340      -0.18633210822497734      -0.10515394459009790     
   2.1381381381381384      -0.19181532322866926      -0.10828072231046167     
   2.1421421421421423      -0.19728774734079416      -0.11140642920322831     
   2.1461461461461462      -0.20275086666389142      -0.11453103435714115     
   2.1501501501501501      -0.20820280336835104      -0.11765450687183812     
   2.1541541541541540      -0.21364487799071444      -0.12077681585816090     
   2.1581581581581584      -0.21907537691178514      -0.12389793043845504     
   2.1621621621621623      -0.22449546875832313      -0.12701781974687892     
   2.1661661661661662      -0.22990359123713822      -0.13013645292970763     
   2.1701701701701701      -0.23530077403252975      -0.13325379914563942     
   2.1741741741741740      -0.24068559398039452      -0.13636982756609983     
   2.1781781781781784      -0.24605895408003040      -0.13948450737554569     
   2.1821821821821823      -0.25141955880153172      -0.14259780777177072     
   2.1861861861861862      -0.25676819599637435      -0.14570969796621108     
   2.1901901901901901      -0.26210368698080561      -0.14882014718424885     
   2.1941941941941940      -0.26742671527407269      -0.15192912466551567     
   2.1981981981981984      -0.27273620895385231      -0.15503659966419808     
   2.2022022022022023      -0.27803275730763244      -0.15814254144934084     
   2.2062062062062062      -0.28331538578254789      -0.16124691930515206     
   2.2102102102102101      -0.28858459883265603      -0.16434970253130612     
   2.2142142142142140      -0.29383951055890789      -0.16745086044324597     
   2.2182182182182184      -0.29908054929648664      -0.17055036237248966     
   2.2222222222222223      -0.30430690973965480      -0.17364817766693005     
   2.2262262262262262      -0.30951895215821751      -0.17674427569114157     
   2.2302302302302301      -0.31471594440940576      -0.17983862582667995     
   2.2342342342342341      -0.31989818611620569      -0.18293119747238654     
   2.2382382382382384      -0.32506501147075822      -0.18602196004469207     
   2.2422422422422423      -0.33021666626154844      -0.18911088297791614     
   2.2462462462462462      -0.33535254475985760      -0.19219793572457292     
   2.2502502502502502      -0.34047284515628357      -0.19528308775566983     
   2.2542542542542541      -0.34557701608633917      -0.19836630856101248     
   2.2582582582582584      -0.35066521383537302      -0.20144756764950500     
   2.2622622622622623      -0.35573693619681945      -0.20452683454945086     
   2.2662662662662663      -0.36079230273180596      -0.20760407880885542     
   2.2702702702702702      -0.36583085566139611      -0.21067926999572584     
   2.2742742742742741      -0.37085268252443804      -0.21375237769837538     
   2.2782782782782784      -0.37585736568288514      -0.21682337152571909     
   2.2822822822822824      -0.38084496490843955      -0.21989222110757778     
   2.2862862862862863      -0.38581509882877402      -0.22295889609497704     
   2.2902902902902902      -0.39076780328847222      -0.22602336616044871     
   2.2942942942942941      -0.39570272968612219      -0.22908560099832984     
   2.2982982982982985      -0.40061989339495985      -0.23214557032506164     
   2.3023023023023024      -0.40551897543986809      -0.23520324387949024     
   2.3063063063063063      -0.41039997382403187      -0.23825859142316458     
   2.3103103103103102      -0.41526259637522117      -0.24131158274063905     
   2.3143143143143141      -0.42010682650194020      -0.24436218763976694     
   2.3183183183183185      -0.42493239630502827      -0.24741037595200260     
   2.3223223223223224      -0.42973927707494480      -0.25045611753269847     
   2.3263263263263263      -0.43452722292320090      -0.25349938226140445     
   2.3303303303303302      -0.43929619522585572      -0.25654014004216497     
   2.3343343343343341      -0.44404596808546420      -0.25957836080381524     
   2.3383383383383385      -0.44877649491858562      -0.26261401450028221     
   2.3423423423423424      -0.45348756801886447      -0.26564707111087593     
   2.3463463463463463      -0.45817913457224074      -0.26867750064059437     
   2.3503503503503502      -0.46285100346163338      -0.27170527312041259     
   2.3543543543543541      -0.46750311716642134      -0.27473035860758266     
   2.3583583583583585      -0.47213529973513990      -0.27775272718593058     
   2.3623623623623624      -0.47674749027953789      -0.28077234896614911     
   2.3663663663663663      -0.48133952674980401      -0.28378919408609682     
   2.3703703703703702      -0.48591134606208231      -0.28680323271108998     
   2.3743743743743742      -0.49046279894696387      -0.28981443503420068     
   2.3783783783783785      -0.49499382114690060      -0.29282277127655010     
   2.3823823823823824      -0.49950427517878976      -0.29582821168760237     
   2.3863863863863863      -0.50399409649861648      -0.29883072654545989     
   2.3903903903903903      -0.50846315852844282      -0.30183028615715662     
   2.3943943943943946      -0.51291139720444545      -0.30482686085895327     
   2.3983983983983985      -0.51733869607275496      -0.30782042101662760     
   2.4024024024024024      -0.52174499220871651      -0.31081093702577117     
   2.4064064064064064      -0.52613017858978284      -0.31379837931207849     
   2.4104104104104103      -0.53049419399348319      -0.31678271833164234     
   2.4144144144144146      -0.53483694021364458      -0.31976392457124503     
   2.4184184184184185      -0.53915835820766600      -0.32274196854864923     
   2.4224224224224224      -0.54345835803910725      -0.32571682081289072     
   2.4264264264264264      -0.54773688324720826      -0.32868845194456880     
   2.4304304304304303      -0.55199385167842352      -0.33165683255613876     
   2.4344344344344346      -0.55622920978876844      -0.33462193329220136     
   2.4384384384384385      -0.56044288277295817      -0.33758372482979238     
   2.4424424424424425      -0.56463482027948919      -0.34054217787867352     
   2.4464464464464464      -0.56880495446215329      -0.34349726318162288     
   2.4504504504504503      -0.57295323838541135      -0.34644895151472338     
   2.4544544544544546      -0.57707961081240156      -0.34939721368765092     
   2.4584584584584586      -0.58118402840109218      -0.35234202054396457     
   2.4624624624624625      -0.58526643620839325      -0.35528334296139358     
   2.4664664664664664      -0.58932679462299642      -0.35822115185212722     
   2.4704704704704703      -0.59336505470950396      -0.36115541816310109     
   2.4744744744744747      -0.59738118068922175      -0.36408611287628395     
   2.4784784784784786      -0.60137512937376636      -0.36701320700896528     
   2.4824824824824825      -0.60534686888808631      -0.36993667161404292     
   2.4864864864864864      -0.60929636155195921      -0.37285647778030850     
   2.4904904904904903      -0.61322357943810080      -0.37577259663273233     
   2.4944944944944947      -0.61712849015430959      -0.37868499933275035     
   2.4984984984984986      -0.62101106974180242      -0.38159365707854853     
   2.5025025025025025      -0.62487129089227189      -0.38449854110534887     
   2.5065065065065064      -0.62870913361589309      -0.38739962268569306     
   2.5105105105105103      -0.63252457549780738      -0.39029687312972527     
   2.5145145145145147      -0.63631760050008490      -0.39319026378547894     
   2.5185185185185186      -0.64008819092254654      -0.39607976603915657     
   2.5225225225225225      -0.64383633464700196      -0.39896535131541627     
   2.5265265265265264      -0.64756201851914785      -0.40184699107765126     
   2.5305305305305303      -0.65126523429543559      -0.40472465682827302     
   2.5345345345345347      -0.65494597320713521      -0.40759832010899633     
   2.5385385385385386      -0.65860423082919095      -0.41046795250111373     
   2.5425425425425425      -0.66224000262541061      -0.41333352562578402     
   2.5465465465465464      -0.66585328792369969      -0.41619501114430751     
   2.5505505505505504      -0.66944408627359475      -0.41905238075840956     
   2.5545545545545547      -0.67301240068251322      -0.42190560621051959     
   2.5585585585585586      -0.67655823464426790      -0.42475465928404776     
   2.5625625625625625      -0.68008159476570929      -0.42759951180366890     
   2.5665665665665665      -0.68358248834811108      -0.43044013563559802     
   2.5705705705705704      -0.68706092551218834      -0.43327650268786827     
   2.5745745745745747      -0.69051691723389719      -0.43610858491061100     
   2.5785785785785786      -0.69395047705775070      -0.43893635429633066     
   2.5825825825825826      -0.69736161950516817      -0.44175978288018303     
   2.5865865865865865      -0.70075036145077529      -0.44457884274025233     
   2.5905905905905904      -0.70411672083539811      -0.44739350599782673     
   2.5945945945945947      -0.70746071776723851      -0.45020374481767333     
   2.5985985985985987      -0.71078237348333251      -0.45300953140831385     
   2.6026026026026026      -0.71408171122674324      -0.45581083802230121     
   2.6066066066066065      -0.71735875541013461      -0.45860763695649065     
   2.6106106106106104      -0.72061353231113490      -0.46139990055231678     
   2.6146146146146148      -0.72384606939987928      -0.46418760119606622     
   2.6186186186186187      -0.72705639588720983      -0.46697071131914791     
   2.6226226226226226      -0.73024454218486479      -0.46974920339837051     
   2.6266266266266265      -0.73341054033494524      -0.47252304995621180     
   2.6306306306306309      -0.73655442357711975      -0.47529222356109002     
   2.6346346346346348      -0.73967622668259381      -0.47805669682763591     
   2.6386386386386387      -0.74277598560741664      -0.48081644241696481     
   2.6426426426426426      -0.74585373774990182      -0.48357143303694416     
   2.6466466466466465      -0.74890952167301184      -0.48632164144246637     
   2.6506506506506509      -0.75194337730064431      -0.48906704043571703     
   2.6546546546546548      -0.75495534569527267      -0.49180760286644165     
   2.6586586586586587      -0.75794546920559214      -0.49454330163221849     
   2.6626626626626626      -0.76091379128824466      -0.49727410967872404     
   2.6666666666666665      -0.76386035661692508      -0.49999999999999972     
   2.6706706706706709      -0.76678521093917129      -0.50272094563872161     
   2.6746746746746748      -0.76968840115507120      -0.50543691968646454     
   2.6786786786786787      -0.77256997520187731      -0.50814789528396909     
   2.6826826826826826      -0.77542998210884240      -0.51085384562140823     
   2.6866866866866865      -0.77826847190386539      -0.51355474393865141     
   2.6906906906906909      -0.78108549564968099      -0.51625056352552878     
   2.6946946946946948      -0.78388110536790645      -0.51894127772209564     
   2.6986986986986987      -0.78665535406076137      -0.52162685991889768     
   2.7027027027027026      -0.78940829564883164      -0.52430728355723144     
   2.7067067067067065      -0.79213998498162941      -0.52698252212940910     
   2.7107107107107109      -0.79485047778616247      -0.52965254917902060     
   2.7147147147147148      -0.79753983066896506      -0.53231733830119188     
   2.7187187187187187      -0.80020810107316087      -0.53497686314285131     
   2.7227227227227226      -0.80285534727403962      -0.53763109740298709     
   2.7267267267267266      -0.80548162834281078      -0.54028001483290666     
   2.7307307307307309      -0.80808700413733925      -0.54292358923649919     
   2.7347347347347348      -0.81067153527118796      -0.54556179447049191     
   2.7387387387387387      -0.81323528310077375      -0.54819460444470958     
   2.7427427427427427      -0.81577830969860765      -0.55082199312233360     
   2.7467467467467466      -0.81830067783784932      -0.55344393452015828     
   2.7507507507507509      -0.82080245096889803      -0.55606040270884749     
   2.7547547547547548      -0.82328369320210959      -0.55867137181319182     
   2.7587587587587588      -0.82574446928708112      -0.56127681601236501     
   2.7627627627627627      -0.82818484459411523      -0.56387670954017755     
   2.7667667667667666      -0.83060488509570241      -0.56647102668533345     
   2.7707707707707709      -0.83300465734717055      -0.56905974179168384     
   2.7747747747747749      -0.83538422846999305      -0.57164282925847854     
   2.7787787787787788      -0.83774366613195872      -0.57422026354062317     
   2.7827827827827827      -0.84008303853201627      -0.57679201914892952     
   2.7867867867867866      -0.84240241438021546      -0.57935807065036660     
   2.7907907907907910      -0.84470186288388616      -0.58191839266831491     
   2.7947947947947949      -0.84698145372752076      -0.58447295988281489     
   2.7987987987987988      -0.84924125706013820      -0.58702174703081833     
   2.8028028028028027      -0.85148134347524074      -0.58956472890643896     
   2.8068068068068066      -0.85370178399924956      -0.59210188036120082     
   2.8108108108108110      -0.85590265007162958      -0.59463317630428647     
   2.8148148148148149      -0.85808401353431440      -0.59715859170278585     
   2.8188188188188188      -0.86024594661206144      -0.59967810158194468     
   2.8228228228228227      -0.86238852190281723      -0.60219168102540921     
   2.8268268268268266      -0.86451181235833097      -0.60469930517547521     
   2.8308308308308310      -0.86661589127543215      -0.60720094923333168     
   2.8348348348348349      -0.86870083227692108      -0.60969658845930674     
   2.8388388388388388      -0.87076670930373568      -0.61218619817311326     
   2.8428428428428427      -0.87281359659612590      -0.61466975375409216     
   2.8468468468468466      -0.87484156868670282      -0.61714723064145482     
   2.8508508508508510      -0.87685070038188495      -0.61961860433452842     
   2.8548548548548549      -0.87884106675583251      -0.62208385039299596     
   2.8588588588588588      -0.88081274313214963      -0.62454294443713865     
   2.8628628628628627      -0.88276580507871028      -0.62699586214807834     
   2.8668668668668666      -0.88470032838959844      -0.62944257926801550     
   2.8708708708708710      -0.88661638908082718      -0.63188307160047208     
   2.8748748748748749      -0.88851406337249472      -0.63431731501052735     
   2.8788788788788788      -0.89039342768541374      -0.63674528542506048     
   2.8828828828828827      -0.89225455862344705      -0.63916695883298458     
   2.8868868868868871      -0.89409753297106798      -0.64158231128548815     
   2.8908908908908910      -0.89592242767584296      -0.64399131889626826     
   2.8948948948948949      -0.89772931984693294      -0.64639395784176901     
   2.8988988988988988      -0.89951828673769463      -0.64879020436141721     
   2.9029029029029028      -0.90128940574514105      -0.65118003475785557     
   2.9069069069069071      -0.90304275439262238      -0.65356342539717915     
   2.9109109109109110      -0.90477841033026629      -0.65594035270916740     
   2.9149149149149149      -0.90649645131769985      -0.65831079318751873     
   2.9189189189189189      -0.90819695522549426      -0.66067472339008115     
   2.9229229229229228      -0.90988000001787916      -0.66303211993908662     
   2.9269269269269271      -0.91154566375522084      -0.66538295952137938     
   2.9309309309309310      -0.91319402457668530      -0.66772721888864839     
   2.9349349349349350      -0.91482516070377495      -0.67006487485765742     
   2.9389389389389389      -0.91643915042289026      -0.67239590431047236     
   2.9429429429429428      -0.91803607208995741      -0.67472028419469232     
   2.9469469469469471      -0.91961600411284317      -0.67703799152367616     
   2.9509509509509511      -0.92117902495709447      -0.67934900337676973     
   2.9549549549549550      -0.92272521312816302      -0.68165329689953269     
   2.9589589589589589      -0.92425464717828509      -0.68395084930396566     
   2.9629629629629628      -0.92576740568846505      -0.68624163786873338     
   2.9669669669669672      -0.92726356727652670      -0.68852563993939209     
   2.9709709709709711      -0.92874321057880571      -0.69080283292861111     
   2.9749749749749750      -0.93020641425940165      -0.69307319431639702     
   2.9789789789789789      -0.93165325699152812      -0.69533670165031769     
   2.9829829829829828      -0.93308381746800395      -0.69759333254572287     
   2.9869869869869872      -0.93449817438219684      -0.69984306468596547     
   2.9909909909909911      -0.93589640643979599      -0.70208587582262250     
   2.9949949949949950      -0.93727859233929101      -0.70432174377571644     
   2.9989989989989989      -0.93864481078506645      -0.70655064643393228     
   3.0030030030030028      -0.93999514046735266      -0.70877256175483805     
   3.0070070070070072      -0.94132966007668317      -0.71098746776510247     
   3.0110110110110111      -0.94264844828326133      -0.71319534256071015     
   3.0150150150150150      -0.94395158375282140      -0.71539616430718178     
   3.0190190190190189      -0.94523914512534057      -0.71758991123978788     
   3.0230230230230228      -0.94651121103236091      -0.71977656166376336     
   3.0270270270270272      -0.94776786007497182      -0.72195609395452442     
   3.0310310310310311      -0.94900917084264202      -0.72412848655788031     
   3.0350350350350350      -0.95023522189041298      -0.72629371799024711     
   3.0390390390390389      -0.95144609175928052      -0.72845176683886070     
   3.0430430430430429      -0.95264185895253195      -0.73060261176198871     
   3.0470470470470472      -0.95382260195773749      -0.73274623148913987     
   3.0510510510510511      -0.95498839922214473      -0.73488260482127588     
   3.0550550550550550      -0.95613932917635103      -0.73701171063102133     
   3.0590590590590589      -0.95727547020866699      -0.73913352786287101     
   3.0630630630630629      -0.95839690069053873      -0.74124803553339991     
   3.0670670670670672      -0.95950369894979393      -0.74335521273147032     
   3.0710710710710711      -0.96059594329788822      -0.74545503861843621     
   3.0750750750750750      -0.96167371200193108      -0.74754749242835339     
   3.0790790790790790      -0.96273708331384500      -0.74963255346818258     
   3.0830830830830829      -0.96378613544107405      -0.75171020111799314     
   3.0870870870870872      -0.96482094657773143      -0.75378041483116953     
   3.0910910910910911      -0.96584159487389143      -0.75584317413461222     
   3.0950950950950951      -0.96684815846882066      -0.75789845862894101     
   3.0990990990990990      -0.96784071545872852      -0.75994624798869759     
   3.1031031031031029      -0.96881934393219615      -0.76198652196254535     
   3.1071071071071072      -0.96978412193626007      -0.76401926037346968     
   3.1111111111111112      -0.97073512751414348      -0.76604444311897801     
   3.1151151151151151      -0.97167243866954545      -0.76806205017129969     
   3.1191191191191190      -0.97259613340679718      -0.77007206157758090     
   3.1231231231231229      -0.97350628969321873      -0.77207445746008596     
   3.1271271271271273      -0.97440298550181759      -0.77406921801639050     
   3.1311311311311312      -0.97528629877157458      -0.77605632351957909     
   3.1351351351351351      -0.97615630745281812      -0.77803575431843974     
   3.1391391391391390      -0.97701308946529009      -0.78000749083765863     
   3.1431431431431434      -0.97785672274632129      -0.78197151357801342     
   3.1471471471471473      -0.97868728520654458      -0.78392780311656574     
   3.1511511511511512      -0.97950485478098370      -0.78587634010685492     
   3.1551551551551551      -0.98030950938229522      -0.78781710527908644     
   3.1591591591591590      -0.98110132695486296      -0.78975007944032583     
   3.1631631631631634      -0.98188038542546829      -0.79167524347468532     
   3.1671671671671673      -0.98264676276047336      -0.79359257834351493     
   3.1711711711711712      -0.98340053691383378      -0.79550206508559018     
   3.1751751751751751      -0.98414178588741885      -0.79740368481729929     
   3.1791791791791790      -0.98487058767632529      -0.79929741873283011     
   3.1831831831831834      -0.98558702033234402      -0.80118324810435748     
   3.1871871871871873      -0.98629116190657218      -0.80306115428222580     
   3.1911911911911912      -0.98698309051598587      -0.80493111869513456     
   3.1951951951951951      -0.98766288428340787      -0.80679312285032412     
   3.1991991991991990      -0.98833062140708527      -0.80864714833375495     
   3.2032032032032034      -0.98898638009812867      -0.81049317681029209     
   3.2072072072072073      -0.98963023865293176      -0.81233119002388610     
   3.2112112112112112      -0.99026227538826839      -0.81416116979775310     
   3.2152152152152151      -0.99088256871630742      -0.81598309803455449     
   3.2192192192192191      -0.99149119707763911      -0.81779695671657726     
   3.2232232232232234      -0.99208823901857346      -0.81960272790591171     
   3.2272272272272273      -0.99267377312241978      -0.82140039374462503     
   3.2312312312312312      -0.99324787808869308      -0.82318993645494509     
   3.2352352352352352      -0.99381063266303937      -0.82497133833943015     
   3.2392392392392391      -0.99436211571791988      -0.82674458178114651     
   3.2432432432432434      -0.99490240618161163      -0.82850964924384241     
   3.2472472472472473      -0.99543158311991664      -0.83026652327212114     
   3.2512512512512513      -0.99594972566466622      -0.83201518649161355     
   3.2552552552552552      -0.99645691309603923      -0.83375562160915107     
   3.2592592592592591      -0.99695322477093162      -0.83548781141293604     
   3.2632632632632634      -0.99743874020555046      -0.83721173877271049     
   3.2672672672672673      -0.99791353900388891      -0.83892738663992716     
   3.2712712712712713      -0.99837770094046041      -0.84063473804791811     
   3.2752752752752752      -0.99883130588884539      -0.84233377611206173     
   3.2792792792792791      -0.99927443390474746      -0.84402448402995045     
   3.2832832832832834      -0.99970716515421987      -0.84570684508155636     
   3.2872872872872874       -1.0001295799976528      -0.84738084262939606     
   3.2912912912912913       -1.0005417589167671      -0.84904646011869733     
   3.2952952952952952       -1.0009437826007583      -0.85070368107756111     
   3.2992992992992991       -1.0013357318704323      -0.85235248911712369     
   3.3033033033033035       -1.0017176877685332      -0.85399286793172058     
   3.3073073073073074       -1.0020897314785113      -0.85562480129904661     
   3.3113113113113113       -1.0024519444220312      -0.85724827308031681     
   3.3153153153153152       -1.0028044081687868      -0.85886326722042616     
   3.3193193193193191       -1.0031472045453798      -0.86046976774810746     
   3.3233233233233235       -1.0034804155313015      -0.86206775877609132     
   3.3273273273273274       -1.0038041233847268      -0.86365722450126015     
   3.3313313313313313       -1.0041184105183847      -0.86523814920480790     
   3.3353353353353352       -1.0044233596492491      -0.86681051725239255     
   3.3393393393393391       -1.0047190536465505      -0.86837431309429247     
   3.3433433433433435       -1.0050055757138316      -0.86992952126555956     
   3.3473473473473474       -1.0052830091998786      -0.87147612638617244     
   3.3513513513513513       -1.0055514378230019      -0.87301411316118827     
   3.3553553553553552       -1.0058109454344075      -0.87454346638089397     
   3.3593593593593591       -1.0060616162956655      -0.87606417092095756     
   3.3633633633633635       -1.0063035347831348      -0.87757621174257716     
   3.3673673673673674       -1.0065367857301997      -0.87907957389262847     
   3.3713713713713713       -1.0067614540611050      -0.88057424250381433     
   3.3753753753753752       -1.0069776252093814      -0.88206020279481123     
   3.3793793793793796       -1.0071853846700853      -0.88353744007041513     
   3.3833833833833835       -1.0073848185046363      -0.88500593972168740     
   3.3873873873873874       -1.0075760128022919      -0.88646568722609875     
   3.3913913913913913       -1.0077590542790542      -0.88791666814767278     
   3.3953953953953953       -1.0079340296425845      -0.88935886813712972     
   3.3993993993993996       -1.0081010262885794      -0.89079227293202790     
   3.4034034034034035       -1.0082601315685300      -0.89221686835690339     
   3.4074074074074074       -1.0084114335807604      -0.89363264032341194     
   3.4114114114114114       -1.0085550203476747      -0.89503957483046781     
   3.4154154154154153       -1.0086909806903717      -0.89643765796438168     
   3.4194194194194196       -1.0088194033313433      -0.89782687589899912     
   3.4234234234234235       -1.0089403778312338      -0.89920721489583688     
   3.4274274274274275       -1.0090539936442395      -0.90057866130421815     
   3.4314314314314314       -1.0091603410834631      -0.90194120156140900     
   3.4354354354354353       -1.0092595103690578      -0.90329482219275192     
   3.4394394394394396       -1.0093515925753715      -0.90463950981179775     
   3.4434434434434436       -1.0094366787253048      -0.90597525112043964     
   3.4474474474474475       -1.0095148606591717      -0.90730203290904421     
   3.4514514514514514       -1.0095862302414420      -0.90861984205658186     
   3.4554554554554553       -1.0096508800795809      -0.90992866553075646     
   3.4594594594594597       -1.0097089029194377      -0.91122849038813580     
   3.4634634634634636       -1.0097603921344140      -0.91251930377427593     
   3.4674674674674675       -1.0098054413907511      -0.91380109292385281     
   3.4714714714714714       -1.0098441448261093      -0.91507384516078560     
   3.4754754754754753       -1.0098765970627130      -0.91633754789836286     
   3.4794794794794797       -1.0099028930031422      -0.91759218863936631     
   3.4834834834834836       -1.0099231282542283      -0.91883775497619591     
   3.4874874874874875       -1.0099373984901998      -0.92007423459099136     
   3.4914914914914914       -1.0099458003196358      -0.92130161525575383     
   3.4954954954954953       -1.0099484302058668      -0.92251988483246850     
   3.4994994994994997       -1.0099453857595382      -0.92372903127322248     
   3.5035035035035036       -1.0099367636752963      -0.92492904262032472     
   3.5075075075075075       -1.0099226629912126      -0.92611990700642566     
   3.5115115115115114       -1.0099031813660315      -0.92730161265463207     
   3.5155155155155153       -1.0098784189936607      -0.92847414787862559     
   3.5195195195195197       -1.0098484742042473      -0.92963750108277710     
   3.5235235235235236       -1.0098134483539383      -0.93079166076226205     
   3.5275275275275275       -1.0097734405565153      -0.93193661550317375     
   3.5315315315315314       -1.0097285531190745      -0.93307235398263721     
   3.5355355355355353       -1.0096788862038655      -0.93419886496891946     
   3.5395395395395397       -1.0096245427900978      -0.93531613732154262     
   3.5435435435435436       -1.0095656243859468      -0.93642415999139206     
   3.5475475475475475       -1.0095022343245807      -0.93752292202082732     
   3.5515515515515514       -1.0094344757855482      -0.93861241254378924     
   3.5555555555555554       -1.0093624521216416      -0.93969262078590843     
   3.5595595595595597       -1.0092862684672941      -0.94076353606461116     
   3.5635635635635636       -1.0092060280056105      -0.94182514778922477     
   3.5675675675675675       -1.0091218378807658      -0.94287744546108421     
   3.5715715715715715       -1.0090338010836446      -0.94392041867363274     
   3.5755755755755754       -1.0089420267335962      -0.94495405711252811     
   3.5795795795795797       -1.0088466176734778      -0.94597835055574231     
   3.5835835835835836       -1.0087476848761199      -0.94699328887366330     
   3.5875875875875876       -1.0086453311351289      -0.94799886202919548     
   3.5915915915915915       -1.0085396691873236      -0.94899506007785894     
   3.5955955955955954       -1.0084308017756909      -0.94998187316788696     
   3.5995995995995997       -1.0083188433031198      -0.95095929154032532     
   3.6036036036036037       -1.0082038965973703      -0.95192730552912663     
   3.6076076076076076       -1.0080860773990616      -0.95288590556124664     
   3.6116116116116115       -1.0079654890951035      -0.95383508215674029     
   3.6156156156156154       -1.0078422479751112      -0.95477482592885354     
   3.6196196196196198       -1.0077164589119592      -0.95570512758411708     
   3.6236236236236237       -1.0075882375467882      -0.95662597792243798     
   3.6276276276276276       -1.0074576914655158      -0.95753736783719101     
   3.6316316316316315       -1.0073249343230573      -0.95843928831530878     
   3.6356356356356359       -1.0071900776200835      -0.95933173043737030     
   3.6396396396396398       -1.0070532317685208      -0.96021468537768961     
   3.6436436436436437       -1.0069145132583019      -0.96108814440440271     
   3.6476476476476476       -1.0067740280866555      -0.96195209887955480     
   3.6516516516516515       -1.0066318988372960      -0.96280654025918444     
   3.6556556556556559       -1.0064882258221042      -0.96365146009340885     
   3.6596596596596598       -1.0063431387339132      -0.96448685002650714     
   3.6636636636636637       -1.0061967312947879      -0.96531270179700357     
   3.6676676676676676       -1.0060491406319758      -0.96612900723774797     
   3.6716716716716715       -1.0059004540156258      -0.96693575827599820     
   3.6756756756756759       -1.0057508149521834      -0.96773294693349898     
   3.6796796796796798       -1.0056003058214273      -0.96852056532655983     
   3.6836836836836837       -1.0054490741680377      -0.96929860566613557     
   3.6876876876876876       -1.0052972002553788      -0.97006706025790090     
   3.6916916916916915       -1.0051448318579987      -0.97082592150232783     
   3.6956956956956959       -1.0049920517545052      -0.97157518189476044     
   3.6996996996996998       -1.0048390019312532      -0.97231483402548924     
   3.7037037037037037       -1.0046857746108433      -0.97304487057982392     
   3.7077077077077076       -1.0045324978123571      -0.97376528433816678     
   3.7117117117117115       -1.0043792819145552      -0.97447606817608323     
   3.7157157157157159       -1.0042262313917740      -0.97517721506437227     
   3.7197197197197198       -1.0040734845590242      -0.97586871806913611     
   3.7237237237237237       -1.0039211119324210      -0.97655057035184933     
   3.7277277277277276       -1.0037692898964670      -0.97722276516942586     
   3.7317317317317316       -1.0036180451481271      -0.97788529587428519     
   3.7357357357357359       -1.0034676003377765      -0.97853815591441973     
   3.7397397397397398       -1.0033179318622627      -0.97918133883345804     
   3.7437437437437437       -1.0031693121093315      -0.97981483827072935     
   3.7477477477477477       -1.0030216667415592      -0.98043864796132674     
   3.7517517517517516       -1.0028753134545891      -0.98105276173616807     
   3.7557557557557559       -1.0027301370743724      -0.98165717352205806     
   3.7597597597597598       -1.0025864832496743      -0.98225187734174813     
   3.7637637637637638       -1.0024442208842996      -0.98283686731399489     
   3.7677677677677677       -1.0023036893259376      -0.98341213765361879     
   3.7717717717717716       -1.0021647854633431      -0.98397768267156138     
   3.7757757757757759       -1.0020277868175484      -0.98453349677494195     
   3.7797797797797799       -1.0018926850157701      -0.98507957446711136     
   3.7837837837837838       -1.0017596168244221      -0.98561591034770824     
   3.7877877877877877       -1.0016287584805543      -0.98614249911271146     
   3.7917917917917916       -1.0015000048984657      -0.98665933555449192     
   3.7957957957957960       -1.0013738264259289      -0.98716641456186571     
   3.7997997997997999       -1.0012497601012968      -0.98766373112014327     
   3.8038038038038038       -1.0011286879409287      -0.98815128031117960     
   3.8078078078078077       -1.0010096740611130      -0.98862905731342254     
   3.8118118118118116       -1.0008941165193481      -0.98909705740196108     
   3.8158158158158160       -1.0007805203252642      -0.98955527594857173     
   3.8198198198198199       -1.0006708560275388      -0.99000370842176366     
   3.8238238238238238       -1.0005630539521690      -0.99044235038682449     
   3.8278278278278277       -1.0004596160266679      -0.99087119750586350     
   3.8318318318318316       -1.0003580105553787      -0.99129024553785516     
   3.8358358358358360       -1.0002610675339370      -0.99169949033868066     
   3.8398398398398399       -1.0001661047304944      -0.99209892786116838     
   3.8438438438438438       -1.0000758399029328      -0.99248855415513493     
   3.8478478478478477      -0.99998802668881570      -0.99286836536742351     
   3.8518518518518516      -0.99990451957500337      -0.99323835774194280     
   3.8558558558558560      -0.99982443551199507      -0.99359852761970280     
   3.8598598598598599      -0.99974765280438882      -0.99394887143885202     
   3.8638638638638638      -0.99967594756899014      -0.99428938573471282     
   3.8678678678678677      -0.99960575409381736      -0.99462006713981466     
   3.8718718718718717      -0.99954311771554738      -0.99494091238392857     
   3.8758758758758760      -0.99947932257807082      -0.99525191829409909     
   3.8798798798798799      -0.99942641127235832      -0.99555308179467450     
   3.8838838838838838      -0.99936886823881743      -0.99584439990733942     
   3.8878878878878878      -0.99932616547694297      -0.99612586975114281     
   3.8918918918918921      -0.99927494806738315      -0.99639748854252641     
   3.8958958958958960      -0.99924254166089543      -0.99665925359535279     
   3.8998998998998999      -0.99919820911288670      -0.99691116232093191     
   3.9039039039039038      -0.99917547411514396      -0.99715321222804643     
   3.9079079079079078      -0.99913942871782568      -0.99738540092297623     
   3.9119119119119121      -0.99912463009123864      -0.99760772610952264     
   3.9159159159159160      -0.99909953137847907      -0.99782018558903074     
   3.9199199199199199      -0.99908940891086162      -0.99802277726041111     
   3.9239239239239239      -0.99907954532134924      -0.99821549912016083     
   3.9279279279279278      -0.99906902741137715      -0.99839834926238302     
   3.9319319319319321      -0.99908043978890526      -0.99857132587880604     
   3.9359359359359360      -0.99906276414248485      -0.99873442725880057     
   3.9399399399399400      -0.99910275582969776      -0.99888765178939798     
   3.9439439439439439      -0.99907046995613669      -0.99903099795530448     
   3.9479479479479478      -0.99914591448580392      -0.99916446433891781     
   3.9519519519519521      -0.99909341682994912      -0.99928804962034024     
   3.9559559559559561      -0.99920717355087563      -0.99940175257739150     
   3.9599599599599600      -0.99913551492379604      -0.99950557208562174     
   3.9639639639639639      -0.99928025644447760      -0.99959950711832180     
   3.9679679679679678      -0.99920476820091209      -0.99968355674653397     
   3.9719719719719722      -0.99935395345427225      -0.99975772013906072     
   3.9759759759759761      -0.99931442928585845      -0.99982199656247328     
   3.9799799799799800      -0.99941153914531933      -0.99987638538111856     
   3.9839839839839839      -0.99948248505521708      -0.99992088605712559     
   3.9879879879879878      -0.99943290496774606      -0.99995549815041107     
   3.9919919919919922      -0.99972680691718141      -0.99998022131868336     
   3.9959959959959961      -0.99940746254239521      -0.99999505531744570     
   4.0000000000000000       -1.0000000000000000       -1.0000000000000000     
