   0.0000000000000000        1.0000000000000000       0.99999999999999989     
   4.0040040040040040E-003  0.99957200594622730       0.99999505531744592     
   8.0080080080080079E-003  0.99999726209728190       0.99998022131868325     
   1.2012012012012012E-002  0.99956899426020773       0.99995549815041107     
   1.6016016016016016E-002  0.99976409476086170       0.99992088605712559     
   2.0020020020020020E-002  0.99955921829924255       0.99987638538111856     
   2.4024024024024024E-002  0.99957919152275032       0.99982199656247328     
   2.8028028028028028E-002  0.99952956949191718       0.99975772013906072     
   3.2032032032032032E-002  0.99945066882314748       0.99968355674653397     
   3.6036036036036036E-002  0.99948379010992683       0.99959950711832180     
   4.0040040040040040E-002  0.99937005999355977       0.99950557208562174     
   4.4044044044044044E-002  0.99943348548508582       0.99940175257739161     
   4.8048048048048048E-002  0.99932577956984892       0.99928804962034012     
   5.2052052052052052E-002  0.99938976702575499       0.99916446433891792     
   5.6056056056056056E-002  0.99930832950613624       0.99903099795530459     
   6.0060060060060060E-002  0.99936056832204245       0.99888765178939798     
   6.4064064064064064E-002  0.99931149881420278       0.99873442725880068     
   6.8068068068068074E-002  0.99935047579096448       0.99857132587880615     
   7.2072072072072071E-002  0.99933193593168168       0.99839834926238324     
   7.6076076076076082E-002  0.99936147264519393       0.99821549912016094     
   8.0080080080080079E-002  0.99936825946191821       0.99802277726041122     
   8.4084084084084090E-002  0.99939387156132209       0.99782018558903074     
   8.8088088088088087E-002  0.99942019182868858       0.99760772610952264     
   9.2092092092092098E-002  0.99944707974356162       0.99738540092297623     
   9.6096096096096095E-002  0.99948793487002985       0.99715321222804643     
  0.10010010010010011       0.99952010843708006       0.99691116232093191     
  0.10410410410410410       0.99957178392821677       0.99665925359535279     
  0.10810810810810811       0.99961187058079637       0.99639748854252641     
  0.11211211211211211       0.99967192334729948       0.99612586975114281     
  0.11611611611611612       0.99972132735459374       0.99584439990733964     
  0.12012012012012012       0.99978834292377350       0.99555308179467450     
  0.12412412412412413       0.99984753962265849       0.99525191829409887     
  0.12812812812812813       0.99992082570387253       0.99494091238392868     
  0.13213213213213212       0.99998966727887351       0.99462006713981466     
  0.13613613613613615        1.0000689714946505       0.99428938573471282     
  0.14014014014014015        1.0001469451155964       0.99394887143885213     
  0.14414414414414414        1.0002322336510956       0.99359852761970280     
  0.14814814814814814        1.0003186523816907       0.99323835774194291     
  0.15215215215215216        1.0004099564670066       0.99286836536742373     
  0.15615615615615616        1.0005040849984241       0.99248855415513493     
  0.16016016016016016        1.0006014071075391       0.99209892786116838     
  0.16416416416416416        1.0007025342408296       0.99169949033868066     
  0.16816816816816818        1.0008058002408986       0.99129024553785539     
  0.17217217217217218        1.0009132724367491       0.99087119750586361     
  0.17617617617617617        1.0010223153558961       0.99044235038682449     
  0.18018018018018017        1.0011355449652775       0.99000370842176388     
  0.18418418418418420        1.0012501081979388       0.98955527594857196     
  0.18818818818818819        1.0013685670957650       0.98909705740196130     
  0.19219219219219219        1.0014883177381027       0.98862905731342254     
  0.19619619619619619        1.0016115241340848       0.98815128031117949     
  0.20020020020020021        1.0017360701473061       0.98766373112014327     
  0.20420420420420421        1.0018635738247295       0.98716641456186571     
  0.20820820820820821        1.0019924809597875       0.98665933555449203     
  0.21221221221221220        1.0021238495938549       0.98614249911271146     
  0.21621621621621623        1.0022566560036665       0.98561591034770846     
  0.22022022022022023        1.0023914642898668       0.98507957446711159     
  0.22422422422422422        1.0025276921130508       0.98453349677494206     
  0.22822822822822822        1.0026655140755019       0.98397768267156138     
  0.23223223223223224        1.0028046776524564       0.98341213765361868     
  0.23623623623623624        1.0029450816214422       0.98283686731399489     
  0.24024024024024024        1.0030866930017048       0.98225187734174813     
  0.24424424424424424        1.0032292393092455       0.98165717352205828     
  0.24824824824824826        1.0033728115471829       0.98105276173616818     
  0.25225225225225223        1.0035170516633765       0.98043864796132674     
  0.25625625625625625        1.0036621003677828       0.97981483827072957     
  0.26026026026026028        1.0038075776289461       0.97918133883345804     
  0.26426426426426425        1.0039536215996698       0.97853815591441973     
  0.26826826826826827        1.0040998722834202       0.97788529587428519     
  0.27227227227227230        1.0042464333302925       0.97722276516942586     
  0.27627627627627627        1.0043929885152041       0.97655057035184956     
  0.28028028028028029        1.0045395910921506       0.97586871806913633     
  0.28428428428428426        1.0046859781028457       0.97517721506437238     
  0.28828828828828829        1.0048321488807364       0.97447606817608334     
  0.29229229229229231        1.0049778931109232       0.97376528433816700     
  0.29629629629629628        1.0051231604048818       0.97304487057982403     
  0.30030030030030030        1.0052677865539916       0.97231483402548924     
  0.30430430430430433        1.0054116803277540       0.97157518189476044     
  0.30830830830830830        1.0055547135315286       0.97082592150232794     
  0.31231231231231232        1.0056967650094253       0.97006706025790113     
  0.31631631631631629        1.0058377319710992       0.96929860566613568     
  0.32032032032032032        1.0059774737312364       0.96852056532656006     
  0.32432432432432434        1.0061159031723228       0.96773294693349898     
  0.32832832832832831        1.0062528694695012       0.96693575827599854     
  0.33233233233233234        1.0063882927001082       0.96612900723774819     
  0.33633633633633636        1.0065220194962685       0.96531270179700357     
  0.34034034034034033        1.0066539709526878       0.96448685002650714     
  0.34434434434434436        1.0067839962511944       0.96365146009340885     
  0.34834834834834832        1.0069120135338698       0.96280654025918455     
  0.35235235235235235        1.0070378779258300       0.96195209887955491     
  0.35635635635635637        1.0071615019931941       0.96108814440440293     
  0.36036036036036034        1.0072827487651421       0.96021468537768961     
  0.36436436436436437        1.0074015242685872       0.95933173043737041     
  0.36836836836836839        1.0075176997098305       0.95843928831530878     
  0.37237237237237236        1.0076311749694722       0.95753736783719101     
  0.37637637637637639        1.0077418287723021       0.95662597792243798     
  0.38038038038038036        1.0078495557956104       0.95570512758411708     
  0.38438438438438438        1.0079542413448888       0.95477482592885377     
  0.38838838838838841        1.0080557759355573       0.95383508215674051     
  0.39239239239239238        1.0081540503705191       0.95288590556124697     
  0.39639639639639640        1.0082489523530207       0.95192730552912663     
  0.40040040040040042        1.0083403767276851       0.95095929154032544     
  0.40440440440440439        1.0084282099311008       0.94998187316788707     
  0.40840840840840842        1.0085123493946899       0.94899506007785894     
  0.41241241241241239        1.0085926816358368       0.94799886202919548     
  0.41641641641641641        1.0086691056634083       0.94699328887366341     
  0.42042042042042044        1.0087415088156166       0.94597835055574242     
  0.42442442442442441        1.0088097911445393       0.94495405711252856     
  0.42842842842842843        1.0088738412516771       0.94392041867363297     
  0.43243243243243246        1.0089335598769611       0.94287744546108421     
  0.43643643643643643        1.0089888373026530       0.94182514778922499     
  0.44044044044044045        1.0090395745018239       0.94076353606461094     
  0.44444444444444442        1.0090856638588306       0.93969262078590843     
  0.44844844844844844        1.0091270062509303       0.93861241254378935     
  0.45245245245245247        1.0091634963933596       0.93752292202082743     
  0.45645645645645644        1.0091950349874970       0.93642415999139239     
  0.46046046046046046        1.0092215190007094       0.93531613732154295     
  0.46446446446446449        1.0092428491675247       0.93419886496891991     
  0.46846846846846846        1.0092589243942962       0.93307235398263733     
  0.47247247247247248        1.0092696457918136       0.93193661550317397     
  0.47647647647647645        1.0092749138396486       0.93079166076226205     
  0.48048048048048048        1.0092746303800344       0.92963750108277710     
  0.48448448448448450        1.0092686978780765       0.92847414787862570     
  0.48848848848848847        1.0092570184248946       0.92730161265463229     
  0.49249249249249250        1.0092394957066295       0.92611990700642588     
  0.49649649649649652        1.0092160325911619       0.92492904262032505     
  0.50050050050050054        1.0091865339848702       0.92372903127322259     
  0.50450450450450446        1.0091509036501971       0.92251988483246872     
  0.50850850850850848        1.0091090475816058       0.92130161525575405     
  0.51251251251251251        1.0090608705224200       0.92007423459099136     
  0.51651651651651653        1.0090062794514698       0.91883775497619602     
  0.52052052052052056        1.0089451801485037       0.91759218863936653     
  0.52452452452452447        1.0088774804996112       0.91633754789836308     
  0.52852852852852850        1.0088030873489731       0.91507384516078605     
  0.53253253253253252        1.0087219094357516       0.91380109292385314     
  0.53653653653653655        1.0086338546735125       0.91251930377427604     
  0.54054054054054057        1.0085388326186648       0.91122849038813569     
  0.54454454454454460        1.0084367522410265       0.90992866553075669     
  0.54854854854854851        1.0083275238920828       0.90861984205658186     
  0.55255255255255253        1.0082110575716032       0.90730203290904443     
  0.55655655655655656        1.0080872644131424       0.90597525112043986     
  0.56056056056056058        1.0079560554113929       0.90463950981179786     
  0.56456456456456461        1.0078173424743548       0.90329482219275237     
  0.56856856856856852        1.0076710375514313       0.90194120156140967     
  0.57257257257257255        1.0075170533198636       0.90057866130421826     
  0.57657657657657657        1.0073553026412678       0.89920721489583666     
  0.58058058058058060        1.0071856989569508       0.89782687589899912     
  0.58458458458458462        1.0070081559982005       0.89643765796438168     
  0.58858858858858853        1.0068225879635926       0.89503957483046792     
  0.59259259259259256        1.0066289094128544       0.89363264032341216     
  0.59659659659659658        1.0064270352926661       0.89221686835690384     
  0.60060060060060061        1.0062168809520735       0.89079227293202834     
  0.60460460460460463        1.0059983620737141       0.88935886813713039     
  0.60860860860860866        1.0057713947594682       0.88791666814767300     
  0.61261261261261257        1.0055358954127640       0.88646568722609853     
  0.61661661661661660        1.0052917808545339       0.88500593972168740     
  0.62062062062062062        1.0050389681909941       0.88353744007041513     
  0.62462462462462465        1.0047773749307969       0.88206020279481145     
  0.62862862862862867        1.0045069188626086       0.88057424250381455     
  0.63263263263263259        1.0042275181536353       0.87907957389262892     
  0.63663663663663661        1.0039390912527200       0.87757621174257761     
  0.64064064064064064        1.0036415569583224       0.87606417092095823     
  0.64464464464464466        1.0033348343556077       0.87454346638089420     
  0.64864864864864868        1.0030188428485929       0.87301411316118804     
  0.65265265265265260        1.0026935021338663       0.87147612638617244     
  0.65665665665665662        1.0023587321964682       0.86992952126555978     
  0.66066066066066065        1.0020144533189090       0.86837431309429269     
  0.66466466466466467        1.0016605860435956       0.86681051725239278     
  0.66866866866866870        1.0012970512132637       0.86523814920480835     
  0.67267267267267272        1.0009237699046154       0.86365722450126059     
  0.67667667667667664        1.0005406634950218       0.86206775877609154     
  0.68068068068068066        1.0001476535728882       0.86046976774810768     
  0.68468468468468469       0.99974466202487500       0.85886326722042616     
  0.68868868868868871       0.99933161092890899       0.85724827308031681     
  0.69269269269269274       0.99890842265604218       0.85562480129904683     
  0.69669669669669665       0.99847501975186381       0.85399286793172080     
  0.70070070070070067       0.99803132504748560       0.85235248911712413     
  0.70470470470470470       0.99757726153459991       0.85070368107756156     
  0.70870870870870872       0.99711275248069720       0.84904646011869800     
  0.71271271271271275       0.99663772130226835       0.84738084262939628     
  0.71671671671671666       0.99615209168027075       0.84570684508155602     
  0.72072072072072069       0.99565578743500871       0.84402448402995045     
  0.72472472472472471       0.99514873263873915       0.84233377611206173     
  0.72872872872872874       0.99463085149491304       0.84063473804791822     
  0.73273273273273276       0.99410206844574589       0.83892738663992727     
  0.73673673673673679       0.99356230805754941       0.83721173877271082     
  0.74074074074074070       0.99301149512192199       0.83548781141293649     
  0.74474474474474472       0.99244955454825901       0.83375562160915173     
  0.74874874874874875       0.99187641145772221       0.83201518649161366     
  0.75275275275275277       0.99129199108350652       0.83026652327212069     
  0.75675675675675680       0.99069621885732462       0.82850964924384218     
  0.76076076076076071       0.99008902031747970       0.82674458178114663     
  0.76476476476476474       0.98947032118795097       0.82497133833943037     
  0.76876876876876876       0.98884004729413222       0.82318993645494531     
  0.77277277277277279       0.98819812463477708       0.82140039374462548     
  0.77677677677677681       0.98754447930501466       0.81960272790591149     
  0.78078078078078073       0.98687903756163564       0.81779695671657793     
  0.78478478478478475       0.98620172575289933       0.81598309803455460     
  0.78878878878878878       0.98551247037768408       0.81416116979775299     
  0.79279279279279280       0.98481119802151540       0.81233119002388599     
  0.79679679679679682       0.98409783541022600       0.81049317681029232     
  0.80080080080080085       0.98337230935156872       0.80864714833375506     
  0.80480480480480476       0.98263454678395179       0.80679312285032445     
  0.80880880880880879       0.98188447472317775       0.80493111869513490     
  0.81281281281281281       0.98112202030671081       0.80306115428222591     
  0.81681681681681684       0.98034711074504299       0.80118324810435759     
  0.82082082082082086       0.97955967336201788       0.79929741873283022     
  0.82482482482482478       0.97875963555032597       0.79740368481729917     
  0.82882882882882880       0.97794692480839152       0.79550206508558996     
  0.83283283283283283       0.97712146869953787       0.79359257834351515     
  0.83683683683683685       0.97628319488585169       0.79167524347468543     
  0.84084084084084088       0.97543203109061760       0.78975007944032627     
  0.84484484484484490       0.97456790512958202       0.78781710527908688     
  0.84884884884884881       0.97369074487628560       0.78587634010685514     
  0.85285285285285284       0.97280047829104088       0.78392780311656585     
  0.85685685685685686       0.97189703338889888       0.78197151357801298     
  0.86086086086086089       0.97098033826661601       0.78000749083765841     
  0.86486486486486491       0.97005032107298039       0.77803575431843952     
  0.86886886886886883       0.96910691003402261       0.77605632351957921     
  0.87287287287287285       0.96815003342550732       0.77406921801639061     
  0.87687687687687688       0.96717961959657650       0.77207445746008641     
  0.88088088088088090       0.96619559694422130       0.77007206157758135     
  0.88488488488488493       0.96519789393553612       0.76806205017129980     
  0.88888888888888884       0.96418643908405610       0.76604444311897812     
  0.89289289289289286       0.96316116097068349       0.76401926037346957     
  0.89689689689689689       0.96212198822186579       0.76198652196254524     
  0.90090090090090091       0.96106884952925209       0.75994624798869781     
  0.90490490490490494       0.96000167362964017       0.75789845862894112     
  0.90890890890890896       0.95892038932344537       0.75584317413461199     
  0.91291291291291288       0.95782492545632525       0.75378041483116964     
  0.91691691691691690       0.95671521093661160       0.75171020111799358     
  0.92092092092092093       0.95559117471846233       0.74963255346818269     
  0.92492492492492495       0.95445274581834594       0.74754749242835361     
  0.92892892892892898       0.95329985329973943       0.74545503861843632     
  0.93293293293293289       0.95213242628862549       0.74335521273147021     
  0.93693693693693691       0.95095039395971648       0.74124803553340046     
  0.94094094094094094       0.94975368555110573       0.73913352786287123     
  0.94494494494494496       0.94854223035183982       0.73701171063102144     
  0.94894894894894899       0.94731595771585753       0.73488260482127599     
  0.95295295295295290       0.94607479705085795       0.73274623148913998     
  0.95695695695695693       0.94481867783159101       0.73060261176198882     
  0.96096096096096095       0.94354752958992993       0.72845176683886093     
  0.96496496496496498       0.94226128192761593       0.72629371799024722     
  0.96896896896896900       0.94095986450748925       0.72412848655788020     
  0.97297297297297303       0.93964320706570370       0.72195609395452465     
  0.97697697697697694       0.93831123940410999       0.71977656166376347     
  0.98098098098098097       0.93696389140196590       0.71758991123978799     
  0.98498498498498499       0.93560109300946703       0.71539616430718200     
  0.98898898898898902       0.93422277425897116       0.71319534256071038     
  0.99299299299299304       0.93282886525964903       0.71098746776510235     
  0.99699699699699695       0.93141929620826325       0.70877256175483849     
   1.0010010010010011       0.92999399738491639       0.70655064643393239     
   1.0050050050050050       0.92855289916342842       0.70432174377571666     
   1.0090090090090089       0.92709593200812612       0.70208587582262261     
   1.0130130130130131       0.92562302648389683       0.69984306468596524     
   1.0170170170170170       0.92413411325395700       0.69759333254572309     
   1.0210210210210211       0.92262912308965539       0.69533670165031780     
   1.0250250250250250       0.92110798686915019       0.69307319431639725     
   1.0290290290290289       0.91957063558703811       0.69080283292861089     
   1.0330330330330331       0.91801700035389000       0.68852563993939231     
   1.0370370370370370       0.91644701240575155       0.68624163786873360     
   1.0410410410410411       0.91486060310450668       0.68395084930396588     
   1.0450450450450450       0.91325770394730499       0.68165329689953280     
   1.0490490490490489       0.91163824656768244       0.67934900337676996     
   1.0530530530530531       0.91000216274500934       0.67703799152367639     
   1.0570570570570570       0.90834938440629620       0.67472028419469277     
   1.0610610610610611       0.90667984363571064       0.67239590431047247     
   1.0650650650650650       0.90499347267706465       0.67006487485765720     
   1.0690690690690692       0.90329020394339909       0.66772721888864850     
   1.0730730730730731       0.90156997002016370       0.66538295952137927     
   1.0770770770770770       0.89983270367485846       0.66303211993908673     
   1.0810810810810811       0.89807833786095037       0.66067472339008138     
   1.0850850850850851       0.89630680572752364       0.65831079318751895     
   1.0890890890890892       0.89451804062397111       0.65594035270916762     
   1.0930930930930931       0.89271197610965114       0.65356342539717938     
   1.0970970970970970       0.89088854595934563       0.65118003475785569     
   1.1011011011011012       0.88904768417296021       0.64879020436141710     
   1.1051051051051051       0.88718932498169001       0.64639395784176923     
   1.1091091091091092       0.88531340285786453       0.64399131889626848     
   1.1131131131131131       0.88341985252171851       0.64158231128548826     
   1.1171171171171170       0.88150860895145899       0.63916695883298480     
   1.1211211211211212       0.87957960739060492       0.63674528542506059     
   1.1251251251251251       0.87763278335830452       0.63431731501052790     
   1.1291291291291292       0.87566807265722935       0.63188307160047219     
   1.1331331331331331       0.87368541138416478       0.62944257926801572     
   1.1371371371371370       0.87168473593843443       0.62699586214807856     
   1.1411411411411412       0.86966598303278275       0.62454294443713887     
   1.1451451451451451       0.86762908970233632       0.62208385039299618     
   1.1491491491491492       0.86557399331577478       0.61961860433452864     
   1.1531531531531531       0.86350063158482959       0.61714723064145538     
   1.1571571571571571       0.86140894257573075       0.61466975375409227     
   1.1611611611611612       0.85929886471928207       0.61218619817311382     
   1.1651651651651651       0.85717033682255095       0.60969658845930685     
   1.1691691691691692       0.85502329807952615       0.60720094923333146     
   1.1731731731731732       0.85285768808307927       0.60469930517547543     
   1.1771771771771771       0.85067344683615564       0.60219168102540976     
   1.1811811811811812       0.84847051476406798       0.59967810158194490     
   1.1851851851851851       0.84624883272616913       0.59715859170278607     
   1.1891891891891893       0.84400834202849684       0.59463317630428669     
   1.1931931931931932       0.84174898443594093       0.59210188036120104     
   1.1971971971971973       0.83947070218521436       0.58956472890643952     
   1.2012012012012012       0.83717343799752919       0.58702174703081855     
   1.2052052052052051       0.83485713509189841       0.58447295988281511     
   1.2092092092092093       0.83252173719828515       0.58191839266831502     
   1.2132132132132132       0.83016718857128913       0.57935807065036715     
   1.2172172172172173       0.82779343400371186       0.57679201914892964     
   1.2212212212212212       0.82540041884065962       0.57422026354062339     
   1.2252252252252251       0.82298808899350095       0.57164282925847876     
   1.2292292292292293       0.82055639095439470       0.56905974179168362     
   1.2332332332332332       0.81810527181064163       0.56647102668533400     
   1.2372372372372373       0.81563467925960986       0.56387670954017777     
   1.2412412412412412       0.81314456162349946       0.56127681601236523     
   1.2452452452452452       0.81063486786465810       0.55867137181319193     
   1.2492492492492493       0.80810554760071829       0.55606040270884771     
   1.2532532532532532       0.80555655112038171       0.55344393452015839     
   1.2572572572572573       0.80298782939877922       0.55082199312233371     
   1.2612612612612613       0.80039933411390840       0.54819460444470980     
   1.2652652652652652       0.79779101766199745       0.54556179447049202     
   1.2692692692692693       0.79516283317480518       0.54292358923649942     
   1.2732732732732732       0.79251473453476151       0.54028001483290677     
   1.2772772772772774       0.78984667639335027       0.53763109740298687     
   1.2812812812812813       0.78715861418575328       0.53497686314285187     
   1.2852852852852852       0.78445050415063133       0.53231733830119210     
   1.2892892892892893       0.78172230334385873       0.52965254917902038     
   1.2932932932932932       0.77897396966018606       0.52698252212940966     
   1.2972972972972974       0.77620546184546324       0.52430728355723166     
   1.3013013013013013       0.77341673952084522       0.52162685991889790     
   1.3053053053053052       0.77060776319275137       0.51894127772209575     
   1.3093093093093093       0.76777849428042855       0.51625056352552856     
   1.3133133133133132       0.76492889512267559       0.51355474393865164     
   1.3173173173173174       0.76205892900987338       0.51085384562140879     
   1.3213213213213213       0.75916856018614698       0.50814789528396931     
   1.3253253253253254       0.75625775388736449       0.50543691968646431     
   1.3293293293293293       0.75332647633699124       0.50272094563872183     
   1.3333333333333333       0.75037469479200403       0.50000000000000033     
   1.3373373373373374       0.74740237753019634       0.49727410967872421     
   1.3413413413413413       0.74440949390650069       0.49454330163221866     
   1.3453453453453454       0.74139601432890045       0.49180760286644143     
   1.3493493493493494       0.73836191032833187       0.48906704043571680     
   1.3533533533533533       0.73530715451956996       0.48632164144246692     
   1.3573573573573574       0.73223172068879083       0.48357143303694439     
   1.3613613613613613       0.72913558373475773       0.48081644241696458     
   1.3653653653653655       0.72601871977928867       0.47805669682763607     
   1.3693693693693694       0.72288110608277933       0.47529222356109019     
   1.3733733733733733       0.71972272118425706       0.47252304995621203     
   1.3773773773773774       0.71654354478365079       0.46974920339837073     
   1.3813813813813813       0.71334355791992710       0.46697071131914814     
   1.3853853853853855       0.71012274281051513       0.46418760119606600     
   1.3893893893893894       0.70688108307824193       0.46139990055231739     
   1.3933933933933933       0.70361856353582064       0.45860763695649082     
   1.3973973973973974       0.70033517047510085       0.45581083802230099     
   1.4014014014014013       0.69703089138142227       0.45300953140831446     
   1.4054054054054055       0.69370571530211822       0.45020374481767350     
   1.4094094094094094       0.69035963247175225       0.44739350599782696     
   1.4134134134134133       0.68699263478100525       0.44457884274025250     
   1.4174174174174174       0.68360471528916467       0.44175978288018319     
   1.4214214214214214       0.68019586881966210       0.43893635429633082     
   1.4254254254254255       0.67676609133050958       0.43610858491061116     
   1.4294294294294294       0.67331538066901953       0.43327650268786849     
   1.4334334334334333       0.66984373576395551       0.43044013563559824     
   1.4374374374374375       0.66635115757962105       0.42759951180366951     
   1.4414414414414414       0.66283764808503665       0.42475465928404799     
   1.4454454454454455       0.65930321145690829       0.42190560621051937     
   1.4494494494494494       0.65574785277086123       0.41905238075840973     
   1.4534534534534536       0.65217157951411198       0.41619501114430768     
   1.4574574574574575       0.64857439993136612       0.41333352562578418     
   1.4614614614614614       0.64495632492163935       0.41046795250111390     
   1.4654654654654655       0.64131736595648026       0.40759832010899610     
   1.4694694694694694       0.63765753745178155       0.40472465682827363     
   1.4734734734734736       0.63397685415800542       0.40184699107765148     
   1.4774774774774775       0.63027533411752801       0.39896535131541649     
   1.4814814814814814       0.62655299540498732       0.39607976603915679     
   1.4854854854854855       0.62280985980426629       0.39319026378547872     
   1.4894894894894894       0.61904594875132857       0.39029687312972589     
   1.4934934934934936       0.61526128789308154       0.38739962268569328     
   1.4974974974974975       0.61145590205433664       0.38449854110534909     
   1.5015015015015014       0.60762982087433315       0.38159365707854875     
   1.5055055055055055       0.60378307258289010       0.37868499933275013     
   1.5095095095095095       0.59991569095018071       0.37577259663273255     
   1.5135135135135136       0.59602770761383694       0.37285647778030873     
   1.5175175175175175       0.59211916062467063       0.36993667161404314     
   1.5215215215215214       0.58819008501526382       0.36701320700896550     
   1.5255255255255256       0.58424052327998999       0.36408611287628412     
   1.5295295295295295       0.58027051381520767       0.36115541816310132     
   1.5335335335335336       0.57628010373746053       0.35822115185212744     
   1.5375375375375375       0.57226933475435982       0.35528334296139380     
   1.5415415415415414       0.56823825880181011       0.35234202054396474     
   1.5455455455455456       0.56418692082131561       0.34939721368765114     
   1.5495495495495495       0.56011537778726062       0.34644895151472355     
   1.5535535535535536       0.55602367776886952       0.34349726318162310     
   1.5575575575575575       0.55191188302393235       0.34054217787867375     
   1.5615615615615615       0.54778004460987106       0.33758372482979260     
   1.5655655655655656       0.54362823034306651       0.33462193329220158     
   1.5695695695695695       0.53945649409111629       0.33165683255613898     
   1.5735735735735736       0.53526490953955352       0.32868845194456903     
   1.5775775775775776       0.53105353314376447       0.32571682081289088     
   1.5815815815815817       0.52682244481023521       0.32274196854864945     
   1.5855855855855856       0.52257170330875258       0.31976392457124525     
   1.5895895895895895       0.51830139516646279       0.31678271833164295     
   1.5935935935935936       0.51401158113567935       0.31379837931207866     
   1.5975975975975976       0.50970235481938542       0.31081093702577139     
   1.6016016016016017       0.50537377855363341       0.30782042101662782     
   1.6056056056056056       0.50102595353644519       0.30482686085895305     
   1.6096096096096095       0.49665894321244741       0.30183028615715729     
   1.6136136136136137       0.49227285696757578       0.29883072654546011     
   1.6176176176176176       0.48786775879288613       0.29582821168760254     
   1.6216216216216217       0.48344376693960417       0.29282277127655032     
   1.6256256256256256       0.47900094528426979       0.28981443503420135     
   1.6296296296296295       0.47453942171738173       0.28680323271109065     
   1.6336336336336337       0.47005925922806635       0.28378919408609704     
   1.6376376376376376       0.46556059623018986       0.28077234896614933     
   1.6416416416416417       0.46104349392602439       0.27775272718593036     
   1.6456456456456456       0.45650810226199895       0.27473035860758332     
   1.6496496496496496       0.45195447961143448       0.27170527312041282     
   1.6536536536536537       0.44738278860419378       0.26867750064059459     
   1.6576576576576576       0.44279308358215524       0.26564707111087615     
   1.6616616616616617       0.43818554116941932       0.26261401450028199     
   1.6656656656656657       0.43356021029408115       0.25957836080381591     
   1.6696696696696696       0.42891728306523946       0.25654014004216519     
   1.6736736736736737       0.42425680141377459       0.25349938226140467     
   1.6776776776776776       0.41957897462636817       0.25045611753269870     
   1.6816816816816818       0.41488383582905136       0.24741037595200283     
   1.6856856856856857       0.41017161340427494       0.24436218763976714     
   1.6896896896896898       0.40544232961636234       0.24131158274063927     
   1.6936936936936937       0.40069623411304151       0.23825859142316480     
   1.6976976976976976       0.39593333596387925       0.23520324387949043     
   1.7017017017017018       0.39115390853040799       0.23214557032506186     
   1.7057057057057057       0.38635794504927856       0.22908560099833006     
   1.7097097097097098       0.38154574535303021       0.22602336616044894     
   1.7137137137137137       0.37671728387128856       0.22295889609497727     
   1.7177177177177176       0.37187289000505142       0.21989222110757800     
   1.7217217217217218       0.36701251603415647       0.21682337152571932     
   1.7257257257257257       0.36213652439917393       0.21375237769837560     
   1.7297297297297298       0.35724484148428221       0.21067926999572606     
   1.7337337337337337       0.35233786664951922       0.20760407880885565     
   1.7377377377377377       0.34741549619837331       0.20452683454945109     
   1.7417417417417418       0.34247817073566544       0.20144756764950522     
   1.7457457457457457       0.33752575182257261       0.19836630856101312     
   1.7497497497497498       0.33255872611735104       0.19528308775567005     
   1.7537537537537538       0.32757691526213012       0.19219793572457314     
   1.7577577577577577       0.32258085729946018       0.18911088297791637     
   1.7617617617617618       0.31757032822130649       0.18602196004469188     
   1.7657657657657657       0.31254592334701420       0.18293119747238676     
   1.7697697697697699       0.30750736669332479       0.17983862582668017     
   1.7737737737737738       0.30245531735003051       0.17674427569114179     
   1.7777777777777777       0.29738944040031284       0.17364817766693028     
   1.7817817817817818       0.29231046583823189       0.17055036237248988     
   1.7857857857857857       0.28721799218332444       0.16745086044324664     
   1.7897897897897899       0.28211282814573851       0.16434970253130635     
   1.7937937937937938       0.27699449734266079       0.16124691930515228     
   1.7977977977977977       0.27186389572601222       0.15814254144934106     
   1.8018018018018018       0.26672046292887269       0.15503659966419786     
   1.8058058058058057       0.26156519141747525       0.15192912466551589     
   1.8098098098098099       0.25639742698497192       0.14882014718424907     
   1.8138138138138138       0.25121826866038449       0.14570969796621130     
   1.8178178178178179       0.24602695774054170       0.14259780777177095     
   1.8218218218218218       0.24082471066569727       0.13948450737554591     
   1.8258258258258258       0.23561065275859991       0.13636982756610005     
   1.8298298298298299       0.23038612953683557       0.13325379914563965     
   1.8338338338338338       0.22515013803623699       0.13013645292970785     
   1.8378378378378379       0.21990416534542687       0.12701781974687870     
   1.8418418418418419       0.21464706706022288       0.12389793043845529     
   1.8458458458458458       0.20938048516227226       0.12077681585816115     
   1.8498498498498499       0.20410311981895499       0.11765450687183837     
   1.8538538538538538       0.19881678204497763       0.11453103435714140     
   1.8578578578578580       0.19352000177229453       0.11140642920322855     
   1.8618618618618619       0.18821477398386136       0.10828072231046192     
   1.8658658658658658       0.18289944278102502       0.10515394459009815     
   1.8698698698698699       0.17757620280794756       0.10202612696398421     
   1.8738738738738738       0.17224319599784887        9.8897300364250137E-002
   1.8778778778778780       0.16690283305304016        9.5767495733004110E-002
   1.8818818818818819       0.16155303672202243        9.2636744022027262E-002
   1.8858858858858858       0.15619645079406647        8.9505076192466795E-002
   1.8898898898898899       0.15083076121991884        8.6372523214528804E-002
   1.8938938938938938       0.14545886244408160        8.3239116067172991E-002
   1.8978978978978980       0.14007818551399695        8.0104885737807094E-002
   1.9019019019019019       0.13469189352251593        7.6969863221979185E-002
   1.9059059059059058       0.12929714414283588        7.3834079523072429E-002
   1.9099099099099099       0.12389738739545388        7.0697565651994948E-002
   1.9139139139139139       0.11848948889509069        6.7560352626878470E-002
   1.9179179179179180       0.11307720399093174        6.4422471472768014E-002
   1.9219219219219219       0.10765708752040265        6.1283953221316440E-002
   1.9259259259259258       0.10223321849244107        5.8144828910476183E-002
   1.9299299299299300        9.6801822420486919E-002   5.5005129584193228E-002
   1.9339339339339339        9.1367320014029127E-002   5.1864886292100981E-002
   1.9379379379379380        8.5925589323797069E-002   4.8724130089211899E-002
   1.9419419419419419        8.0481410260583669E-002   4.5582892035611673E-002
   1.9459459459459461        7.5030295947350875E-002   4.2441203196148525E-002
   1.9499499499499500        6.9577402177082970E-002   3.9299094640131337E-002
   1.9539539539539539        6.4117860649497982E-002   3.6156597441019275E-002
   1.9579579579579580        5.8657218590688065E-002   3.3013742676113601E-002
   1.9619619619619619        5.3190211077916563E-002   2.9870561426253450E-002
   1.9659659659659661        4.7722790848685227E-002   2.6727084775504926E-002
   1.9699699699699700        4.2249282820490369E-002   2.3583343810856781E-002
   1.9739739739739739        3.6776057446109914E-002   2.0439369621911660E-002
   1.9779779779779780        3.1297018094333419E-002   1.7295193300577764E-002
   1.9819819819819819        2.5818962554420361E-002   1.4150845940762258E-002
   1.9859859859859861        2.0335364763004245E-002   1.1006358638064652E-002
   1.9899899899899900        1.4853453576538556E-002   7.8617624894684063E-003
   1.9939939939939939        9.3662783653467516E-003   4.7170885930325071E-003
   1.9979979979979980        3.8814696742884673E-003   1.5723680475848198E-003
   2.0020020020020022       -1.6082487295225490E-003  -1.5723680475845747E-003
   2.0060060060060061       -7.0951508153626478E-003  -4.7170885930322625E-003
   2.0100100100100100       -1.2585916049108126E-002  -7.8617624894681600E-003
   2.0140140140140139       -1.8073246996521419E-002  -1.1006358638064406E-002
   2.0180180180180178       -2.3563422150613061E-002  -1.4150845940762012E-002
   2.0220220220220222       -2.9049568590271097E-002  -1.7295193300577522E-002
   2.0260260260260261       -3.4537569295308719E-002  -2.0439369621911417E-002
   2.0300300300300300       -4.0020969728700277E-002  -2.3583343810856538E-002
   2.0340340340340339       -4.5505263821298082E-002  -2.6727084775504683E-002
   2.0380380380380378       -5.0984403606980415E-002  -2.9870561426253207E-002
   2.0420420420420422       -5.6463502438182142E-002  -3.3013742676113789E-002
   2.0460460460460461       -6.1936912021267332E-002  -3.6156597441019026E-002
   2.0500500500500500       -6.7409388718468702E-002  -3.9299094640131087E-002
   2.0540540540540539       -7.2875688042567416E-002  -4.2441203196148275E-002
   2.0580580580580579       -7.8340239011256182E-002  -4.5582892035610979E-002
   2.0620620620620622       -8.3798196606482842E-002  -4.8724130089212093E-002
   2.0660660660660661       -8.9253677563917777E-002  -5.1864886292100738E-002
   2.0700700700700700       -9.4702212924457699E-002  -5.5005129584192979E-002
   2.0740740740740740      -0.10014760919533955       -5.8144828910475933E-002
   2.0780780780780779      -0.10558574242604861       -6.1283953221315746E-002
   2.0820820820820822      -0.11102011162166640       -6.4422471472768209E-002
   2.0860860860860861      -0.11644691070309894       -6.7560352626878220E-002
   2.0900900900900901      -0.12186934057841142       -7.0697565651994698E-002
   2.0940940940940940      -0.12728389156916833       -7.3834079523071736E-002
   2.0980980980980979      -0.13269348085942484       -7.6969863221978935E-002
   2.1021021021021022      -0.13809487685153590       -8.0104885737806844E-002
   2.1061061061061062      -0.14349072944948768       -8.3239116067172741E-002
   2.1101101101101101      -0.14887806802328921       -8.6372523214528554E-002
   2.1141141141141140      -0.15425929211705650       -8.9505076192466101E-002
   2.1181181181181179      -0.15963167545458537       -9.2636744022027012E-002
   2.1221221221221223      -0.16499738400339004       -9.5767495733003860E-002
   2.1261261261261262      -0.17035391961712043       -9.8897300364249888E-002
   2.1301301301301301      -0.17570323110111480      -0.10202612696398396     
   2.1341341341341340      -0.18104303266292998      -0.10515394459009790     
   2.1381381381381384      -0.18637507187189750      -0.10828072231046167     
   2.1421421421421423      -0.19169726004127063      -0.11140642920322831     
   2.1461461461461462      -0.19701115885955423      -0.11453103435714115     
   2.1501501501501501      -0.20231486209390986      -0.11765450687183812     
   2.1541541541541540      -0.20760976027348169      -0.12077681585816090     
   2.1581581581581584      -0.21289411561722396      -0.12389793043845504     
   2.1621621621621623      -0.21816916153589386      -0.12701781974687892     
   2.1661661661661662      -0.22343331538646066      -0.13013645292970763     
   2.1701701701701701      -0.22868766678896418      -0.13325379914563942     
   2.1741741741741740      -0.23393077563859010      -0.13636982756609983     
   2.1781781781781784      -0.23916360035852013      -0.13948450737554569     
   2.1821821821821823      -0.24438483151053986      -0.14259780777177072     
   2.1861861861861862      -0.24959530817125736      -0.14570969796621108     
   2.1901901901901901      -0.25479384042990411      -0.14882014718424885     
   2.1941941941941940      -0.25998115912273229      -0.15192912466551567     
   2.1981981981981984      -0.26515618345550607      -0.15503659966419808     
   2.2022022022022023      -0.27031954639367367      -0.15814254144934084     
   2.2062062062062062      -0.27547026656546431      -0.16124691930515206     
   2.2102102102102101      -0.28060888871242690      -0.16434970253130612     
   2.2142142142142140      -0.28573452189068416      -0.16745086044324597     
   2.2182182182182184      -0.29084763156161125      -0.17055036237248966     
   2.2222222222222223      -0.29594740889195614      -0.17364817766693005     
   2.2262262262262262      -0.30103424832732328      -0.17674427569114157     
   2.2302302302302301      -0.30610741547909309      -0.17983862582667995     
   2.2342342342342341      -0.31116724138946955      -0.18293119747238654     
   2.2382382382382384      -0.31621305907078612      -0.18602196004469207     
   2.2422422422422423      -0.32124514315204961      -0.18911088297791614     
   2.2462462462462462      -0.32626288759408706      -0.19219793572457292     
   2.2502502502502502      -0.33126651701244031      -0.19528308775566983     
   2.2542542542542541      -0.33625548042266173      -0.19836630856101248     
   2.2582582582582584      -0.34122995826895297      -0.20144756764950500     
   2.2622622622622623      -0.34618944925316608      -0.20452683454945086     
   2.2662662662662663      -0.35113409496614550      -0.20760407880885542     
   2.2702702702702702      -0.35606343891931291      -0.21067926999572584     
   2.2742742742742741      -0.36097758867757845      -0.21375237769837538     
   2.2782782782782784      -0.36587612814339610      -0.21682337152571909     
   2.2822822822822824      -0.37075913522589116      -0.21989222110757778     
   2.2862862862862863      -0.37562623022522251      -0.22295889609497704     
   2.2902902902902902      -0.38047746534026539      -0.22602336616044871     
   2.2942942942942941      -0.38531249366859871      -0.22908560099832984     
   2.2982982982982985      -0.39013134525151622      -0.23214557032506164     
   2.3023023023023024      -0.39493370274567513      -0.23520324387949024     
   2.3063063063063063      -0.39971957722521390      -0.23825859142316458     
   2.3103103103103102      -0.40448867799962418      -0.24131158274063905     
   2.3143143143143141      -0.40924100003340258      -0.24436218763976694     
   2.3183183183183185      -0.41397627668628134      -0.24741037595200260     
   2.3223223223223224      -0.41869448936562909      -0.25045611753269847     
   2.3263263263263263      -0.42339539315552327      -0.25349938226140445     
   2.3303303303303302      -0.42807895818012842      -0.25654014004216497     
   2.3343343343343341      -0.43274495917328787      -0.25957836080381524     
   2.3383383383383385      -0.43739335699615062      -0.26261401450028221     
   2.3423423423423424      -0.44202394418527574      -0.26564707111087593     
   2.3463463463463463      -0.44663667412853048      -0.26867750064059437     
   2.3503503503503502      -0.45123135552348892      -0.27170527312041259     
   2.3543543543543541      -0.45580793586571472      -0.27473035860758266     
   2.3583583583583585      -0.46036623855686332      -0.27775272718593058     
   2.3623623623623624      -0.46490620659256465      -0.28077234896614911     
   2.3663663663663663      -0.46942767678736419      -0.28378919408609682     
   2.3703703703703702      -0.47393058885934813      -0.28680323271108998     
   2.3743743743743742      -0.47841479189299757      -0.28981443503420068     
   2.3783783783783785      -0.48288022339842152      -0.29282277127655010     
   2.3823823823823824      -0.48732674371927376      -0.29582821168760237     
   2.3863863863863863      -0.49175428909017832      -0.29883072654545989     
   2.3903903903903903      -0.49616273022073776      -0.30183028615715662     
   2.3943943943943946      -0.50055200287991453      -0.30482686085895327     
   2.3983983983983985      -0.50492198735424598      -0.30782042101662760     
   2.4024024024024024      -0.50927261964732173      -0.31081093702577117     
   2.4064064064064064      -0.51360378892572489      -0.31379837931207849     
   2.4104104104104103      -0.51791543203036872      -0.31678271833164234     
   2.4144144144144146      -0.52220744639220251      -0.31976392457124503     
   2.4184184184184185      -0.52647977020538672      -0.32274196854864923     
   2.4224224224224224      -0.53073230862094201      -0.32571682081289072     
   2.4264264264264264      -0.53496500162520744      -0.32868845194456880     
   2.4304304304304303      -0.53917776160754716      -0.33165683255613876     
   2.4344344344344346      -0.54337053071723673      -0.33462193329220136     
   2.4384384384384385      -0.54754322815493628      -0.33758372482979238     
   2.4424424424424425      -0.55169579854337059      -0.34054217787867352     
   2.4464464464464464      -0.55582816751510389      -0.34349726318162288     
   2.4504504504504503      -0.55994028242368266      -0.34644895151472338     
   2.4544544544544546      -0.56403207499559860      -0.34939721368765092     
   2.4584584584584586      -0.56810349552581807      -0.35234202054396457     
   2.4624624624624625      -0.57215448153266724      -0.35528334296139358     
   2.4664664664664664      -0.57618498642203897      -0.35822115185212722     
   2.4704704704704703      -0.58019495323301018      -0.36115541816310109     
   2.4744744744744747      -0.58418433861587116      -0.36408611287628395     
   2.4784784784784786      -0.58815309088608581      -0.36701320700896528     
   2.4824824824824825      -0.59210117004028295      -0.36993667161404292     
   2.4864864864864864      -0.59602852944890883      -0.37285647778030850     
   2.4904904904904903      -0.59993513252933373      -0.37577259663273233     
   2.4944944944944947      -0.60382093750525800      -0.37868499933275035     
   2.4984984984984986      -0.60768591126519789      -0.38159365707854853     
   2.5025025025025025      -0.61153001670119966      -0.38449854110534887     
   2.5065065065065064      -0.61535322420246108      -0.38739962268569306     
   2.5105105105105103      -0.61915550115880869      -0.39029687312972527     
   2.5145145145145147      -0.62293682147155571      -0.39319026378547894     
   2.5185185185185186      -0.62669715686994643      -0.39607976603915657     
   2.5225225225225225      -0.63043648476317582      -0.39896535131541627     
   2.5265265265265264      -0.63415478107191015      -0.40184699107765126     
   2.5305305305305303      -0.63785202669547714      -0.40472465682827302     
   2.5345345345345347      -0.64152820160675672      -0.40759832010899633     
   2.5385385385385386      -0.64518329016583220      -0.41046795250111373     
   2.5425425425425425      -0.64881727626604035      -0.41333352562578402     
   2.5465465465465464      -0.65243014768887631      -0.41619501114430751     
   2.5505505505505504      -0.65602189212268758      -0.41905238075840956     
   2.5545545545545547      -0.65959250072253028      -0.42190560621051959     
   2.5585585585585586      -0.66314196485166899      -0.42475465928404776     
   2.5625625625625625      -0.66667027898364362      -0.42759951180366890     
   2.5665665665665665      -0.67017743804109220      -0.43044013563559802     
   2.5705705705705704      -0.67366343975486098      -0.43327650268786827     
   2.5745745745745747      -0.67712828249529700      -0.43610858491061100     
   2.5785785785785786      -0.68057196718425528      -0.43893635429633066     
   2.5825825825825826      -0.68399449553146174      -0.44175978288018303     
   2.5865865865865865      -0.68739587157922988      -0.44457884274025233     
   2.5905905905905904      -0.69077610027120950      -0.44739350599782673     
   2.5945945945945947      -0.69413518869612967      -0.45020374481767333     
   2.5985985985985987      -0.69747314492862289      -0.45300953140831385     
   2.6026026026026026      -0.70078997902696050      -0.45581083802230121     
   2.6066066066066065      -0.70408570209603749      -0.45860763695649065     
   2.6106106106106104      -0.70736032708454755      -0.46139990055231678     
   2.6146146146146148      -0.71061386802891802      -0.46418760119606622     
   2.6186186186186187      -0.71384634068741504      -0.46697071131914791     
   2.6226226226226226      -0.71705776193107973      -0.46974920339837051     
   2.6266266266266265      -0.72024815024561561      -0.47252304995621180     
   2.6306306306306309      -0.72341752524144276      -0.47529222356109002     
   2.6346346346346348      -0.72656590804867938      -0.47805669682763591     
   2.6386386386386387      -0.72969332092347050      -0.48081644241696481     
   2.6426426426426426      -0.73279978755678687      -0.48357143303694416     
   2.6466466466466465      -0.73588533275836265      -0.48632164144246637     
   2.6506506506506509      -0.73894998269623113      -0.48906704043571703     
   2.6546546546546548      -0.74199376464305189      -0.49180760286644165     
   2.6586586586586587      -0.74501670716016677      -0.49454330163221849     
   2.6626626626626626      -0.74801883989395079      -0.49727410967872404     
   2.6666666666666665      -0.75100019371558080      -0.49999999999999972     
   2.6706706706706709      -0.75396080055738490      -0.50272094563872161     
   2.6746746746746748      -0.75690069351738809      -0.50543691968646454     
   2.6786786786786787      -0.75981990672756439      -0.50814789528396909     
   2.6826826826826826      -0.76271847543047266      -0.51085384562140823     
   2.6866866866866865      -0.76559643587289716      -0.51355474393865141     
   2.6906906906906909      -0.76845382536045825      -0.51625056352552878     
   2.6946946946946948      -0.77129068217140651      -0.51894127772209564     
   2.6986986986986987      -0.77410704559393606      -0.52162685991889768     
   2.7027027027027026      -0.77690295585594527      -0.52430728355723144     
   2.7067067067067065      -0.77967845414882719      -0.52698252212940910     
   2.7107107107107109      -0.78243358256985895      -0.52965254917902060     
   2.7147147147147148      -0.78516838413549062      -0.53231733830119188     
   2.7187187187187187      -0.78788290273369765      -0.53497686314285131     
   2.7227227227227226      -0.79057718312916947      -0.53763109740298709     
   2.7267267267267266      -0.79325127092352499      -0.54028001483290666     
   2.7307307307307309      -0.79590521255429125      -0.54292358923649919     
   2.7347347347347348      -0.79853905526132996      -0.54556179447049191     
   2.7387387387387387      -0.80115284708109991      -0.54819460444470958     
   2.7427427427427427      -0.80374663681799630      -0.55082199312233360     
   2.7467467467467466      -0.80632047403506457      -0.55344393452015828     
   2.7507507507507509      -0.80887440902924190      -0.55606040270884749     
   2.7547547547547548      -0.81140849281944161      -0.55867137181319182     
   2.7587587587587588      -0.81392277712490069      -0.56127681601236501     
   2.7627627627627627      -0.81641731435135367      -0.56387670954017755     
   2.7667667667667666      -0.81889215757187406      -0.56647102668533345     
   2.7707707707707709      -0.82134736051168467      -0.56905974179168384     
   2.7747747747747749      -0.82378297753103480      -0.57164282925847854     
   2.7787787787787788      -0.82619906360906259      -0.57422026354062317     
   2.7827827827827827      -0.82859567432834835      -0.57679201914892952     
   2.7867867867867866      -0.83097286585815966      -0.57935807065036660     
   2.7907907907907910      -0.83333069494040923      -0.58191839266831491     
   2.7947947947947949      -0.83566921887252110      -0.58447295988281489     
   2.7987987987987988      -0.83798849549459054      -0.58702174703081833     
   2.8028028028028027      -0.84028858317206168      -0.58956472890643896     
   2.8068068068068066      -0.84256954078393320      -0.59210188036120082     
   2.8108108108108110      -0.84483142770538222      -0.59463317630428647     
   2.8148148148148149      -0.84707430379690762      -0.59715859170278585     
   2.8188188188188188      -0.84929822938699573      -0.59967810158194468     
   2.8228228228228227      -0.85150326526212605      -0.60219168102540921     
   2.8268268268268266      -0.85368947264954109      -0.60469930517547521     
   2.8308308308308310      -0.85585691320806578      -0.60720094923333168     
   2.8348348348348349      -0.85800564901102438      -0.60969658845930674     
   2.8388388388388388      -0.86013574253783498      -0.61218619817311326     
   2.8428428428428427      -0.86224725665710722      -0.61466975375409216     
   2.8468468468468466      -0.86434025461898856      -0.61714723064145482     
   2.8508508508508510      -0.86641480003844984      -0.61961860433452842     
   2.8548548548548549      -0.86847095688837950      -0.62208385039299596     
   2.8588588588588588      -0.87050878948305976      -0.62454294443713865     
   2.8628628628628627      -0.87252836247200372      -0.62699586214807834     
   2.8668668668668666      -0.87452974082362112      -0.62944257926801550     
   2.8708708708708710      -0.87651298981979320      -0.63188307160047208     
   2.8748748748748749      -0.87847817503972458      -0.63431731501052735     
   2.8788788788788788      -0.88042536235526270      -0.63674528542506048     
   2.8828828828828827      -0.88235461791491587      -0.63916695883298458     
   2.8868868868868871      -0.88426600813993317      -0.64158231128548815     
   2.8908908908908910      -0.88615959970846736      -0.64399131889626826     
   2.8948948948948949      -0.88803545955242480      -0.64639395784176901     
   2.8988988988988988      -0.88989365484175287      -0.64879020436141721     
   2.9029029029029028      -0.89173425298207831      -0.65118003475785557     
   2.9069069069069071      -0.89355732159909218      -0.65356342539717915     
   2.9109109109109110      -0.89536292853698962      -0.65594035270916740     
   2.9149149149149149      -0.89715114184293099      -0.65831079318751873     
   2.9189189189189189      -0.89892202976629842      -0.66067472339008115     
   2.9229229229229228      -0.90067566074320171      -0.66303211993908662     
   2.9269269269269271      -0.90241210339657540      -0.66538295952137938     
   2.9309309309309310      -0.90413142652069700      -0.66772721888864839     
   2.9349349349349350      -0.90583369908214484      -0.67006487485765742     
   2.9389389389389389      -0.90751899020429194      -0.67239590431047236     
   2.9429429429429428      -0.90918736916915366      -0.67472028419469232     
   2.9469469469469471      -0.91083890540182166      -0.67703799152367616     
   2.9509509509509511      -0.91247366847322109      -0.67934900337676973     
   2.9549549549549550      -0.91409172808444838      -0.68165329689953269     
   2.9589589589589589      -0.91569315407046747      -0.68395084930396566     
   2.9629629629629628      -0.91727801638430728      -0.68624163786873338     
   2.9669669669669672      -0.91884638510173000      -0.68852563993939209     
   2.9709709709709711      -0.92039833040524222      -0.69080283292861111     
   2.9749749749749750      -0.92193392258976670      -0.69307319431639702     
   2.9789789789789789      -0.92345323204642393      -0.69533670165031769     
   2.9829829829829828      -0.92495632926924198      -0.69759333254572287     
   2.9869869869869872      -0.92644328483865668      -0.69984306468596547     
   2.9909909909909911      -0.92791416942929694      -0.70208587582262250     
   2.9949949949949950      -0.92936905379315460      -0.70432174377571644     
   2.9989989989989989      -0.93080800876848391      -0.70655064643393228     
   3.0030030030030028      -0.93223110526258468      -0.70877256175483805     
   3.0070070070070072      -0.93363841426186134      -0.71098746776510247     
   3.0110110110110111      -0.93503000681416049      -0.71319534256071015     
   3.0150150150150150      -0.93640595404003979      -0.71539616430718178     
   3.0190190190190189      -0.93776632711458552      -0.71758991123978788     
   3.0230230230230228      -0.93911119727996184      -0.71977656166376336     
   3.0270270270270272      -0.94044063582662329      -0.72195609395452442     
   3.0310310310310311      -0.94175471410720990      -0.72412848655788031     
   3.0350350350350350      -0.94305350351708395      -0.72629371799024711     
   3.0390390390390389      -0.94433707550962831      -0.72845176683886070     
   3.0430430430430429      -0.94560550157602874      -0.73060261176198871     
   3.0470470470470472      -0.94685885326205299      -0.73274623148913987     
   3.0510510510510511      -0.94809720214697435      -0.73488260482127588     
   3.0550550550550550      -0.94932061986193306      -0.73701171063102133     
   3.0590590590590589      -0.95052917806788384      -0.73913352786287101     
   3.0630630630630629      -0.95172294847564354      -0.74124803553339991     
   3.0670670670670672      -0.95290200282274706      -0.74335521273147032     
   3.0710710710710711      -0.95406641289528804      -0.74545503861843621     
   3.0750750750750750      -0.95521625050354930      -0.74754749242835339     
   3.0790790790790790      -0.95635158750577143      -0.74963255346818258     
   3.0830830830830829      -0.95747249578240856      -0.75171020111799314     
   3.0870870870870872      -0.95857904726196197      -0.75378041483116953     
   3.0910910910910911      -0.95967131389370353      -0.75584317413461222     
   3.0950950950950951      -0.96074936767573105      -0.75789845862894101     
   3.0990990990990990      -0.96181328062598181      -0.75994624798869759     
   3.1031031031031029      -0.96286312481267888      -0.76198652196254535     
   3.1071071071071072      -0.96389897232345334      -0.76401926037346968     
   3.1111111111111112      -0.96492089529835390      -0.76604444311897801     
   3.1151151151151151      -0.96592896589688204      -0.76806205017129969     
   3.1191191191191190      -0.96692325633376186      -0.77007206157758090     
   3.1231231231231229      -0.96790383884367825      -0.77207445746008596     
   3.1271271271271273      -0.96887078572000096      -0.77406921801639050     
   3.1311311311311312      -0.96982416927701398      -0.77605632351957909     
   3.1351351351351351      -0.97076406189180486      -0.77803575431843974     
   3.1391391391391390      -0.97169053596376220      -0.78000749083765863     
   3.1431431431431434      -0.97260366395983600      -0.78197151357801342     
   3.1471471471471473      -0.97350351837108684      -0.78392780311656574     
   3.1511511511511512      -0.97439017176152265      -0.78587634010685492     
   3.1551551551551551      -0.97526369672149216      -0.78781710527908644     
   3.1591591591591590      -0.97612416592028062      -0.78975007944032583     
   3.1631631631631634      -0.97697165205615855      -0.79167524347468532     
   3.1671671671671673      -0.97780622791291461      -0.79359257834351493     
   3.1711711711711712      -0.97862796630637783      -0.79550206508559018     
   3.1751751751751751      -0.97943694014504379      -0.79740368481729929     
   3.1791791791791790      -0.98023322237291521      -0.79929741873283011     
   3.1831831831831834      -0.98101688603435433      -0.80118324810435748     
   3.1871871871871873      -0.98178800421311252      -0.80306115428222580     
   3.1911911911911912      -0.98254665010150810      -0.80493111869513456     
   3.1951951951951951      -0.98329289693555399      -0.80679312285032412     
   3.1991991991991990      -0.98402681806852477      -0.80864714833375495     
   3.2032032032032034      -0.98474848690212058      -0.81049317681029209     
   3.2072072072072073      -0.98545797696446180      -0.81233119002388610     
   3.2112112112112112      -0.98615536183725194      -0.81416116979775310     
   3.2152152152152151      -0.98684071523821038      -0.81598309803455449     
   3.2192192192192191      -0.98751411094421848      -0.81779695671657726     
   3.2232232232232234      -0.98817562287820748      -0.81960272790591171     
   3.2272272272272273      -0.98882532502824094      -0.82140039374462503     
   3.2312312312312312      -0.98946329153890611      -0.82318993645494509     
   3.2352352352352352      -0.99008959662625240      -0.82497133833943015     
   3.2392392392392391      -0.99070431467378972      -0.82674458178114651     
   3.2432432432432434      -0.99130752014311718      -0.82850964924384241     
   3.2472472472472473      -0.99189928767474622      -0.83026652327212114     
   3.2512512512512513      -0.99247969199410346      -0.83201518649161355     
   3.2552552552552552      -0.99304880801759343      -0.83375562160915107     
   3.2592592592592591      -0.99360671075342100      -0.83548781141293604     
   3.2632632632632634      -0.99415347541357224      -0.83721173877271049     
   3.2672672672672673      -0.99468917730859674      -0.83892738663992716     
   3.2712712712712713      -0.99521389196656507      -0.84063473804791811     
   3.2752752752752752      -0.99572769502049419      -0.84233377611206173     
   3.2792792792792791      -0.99623066233584423      -0.84402448402995045     
   3.2832832832832834      -0.99672286988872749      -0.84570684508155636     
   3.2872872872872874      -0.99720439390410642      -0.84738084262939606     
   3.2912912912912913      -0.99767531072225279      -0.84904646011869733     
   3.2952952952952952      -0.99813569695055793      -0.85070368107756111     
   3.2992992992992991      -0.99858562931489137      -0.85235248911712369     
   3.3033033033033035      -0.99902518482880198      -0.85399286793172058     
   3.3073073073073074      -0.99945444062552224      -0.85562480129904661     
   3.3113113113113113      -0.99987347414926753      -0.85724827308031681     
   3.3153153153153152       -1.0002823629626734      -0.85886326722042616     
   3.3193193193193191       -1.0006811849658901      -0.86046976774810746     
   3.3233233233233235       -1.0010700181732397      -0.86206775877609132     
   3.3273273273273274       -1.0014489409667680      -0.86365722450126015     
   3.3313313313313313       -1.0018180318350158      -0.86523814920480790     
   3.3353353353353352       -1.0021773696684810      -0.86681051725239255     
   3.3393393393393391       -1.0025270334527236      -0.86837431309429247     
   3.3433433433433435       -1.0028671026137337      -0.86992952126555956     
   3.3473473473473474       -1.0031976566572212      -0.87147612638617244     
   3.3513513513513513       -1.0035187755719921      -0.87301411316118827     
   3.3553553553553552       -1.0038305394074931      -0.87454346638089397     
   3.3593593593593591       -1.0041330287427312      -0.87606417092095756     
   3.3633633633633635       -1.0044263241950981      -0.87757621174257716     
   3.3673673673673674       -1.0047105069609299      -0.87907957389262847     
   3.3713713713713713       -1.0049856582506260      -0.88057424250381433     
   3.3753753753753752       -1.0052518599043627      -0.88206020279481123     
   3.3793793793793796       -1.0055091937517469      -0.88353744007041513     
   3.3833833833833835       -1.0057577423022679      -0.88500593972168740     
   3.3873873873873874       -1.0059975880324021      -0.88646568722609875     
   3.3913913913913913       -1.0062288141449127      -0.88791666814767278     
   3.3953953953953953       -1.0064515037926358      -0.88935886813712972     
   3.3993993993993996       -1.0066657408935629      -0.89079227293202790     
   3.4034034034034035       -1.0068716093085592      -0.89221686835690339     
   3.4074074074074074       -1.0070691936903142      -0.89363264032341194     
   3.4114114114114114       -1.0072585786418762      -0.89503957483046781     
   3.4154154154154153       -1.0074398495672172      -0.89643765796438168     
   3.4194194194194196       -1.0076130918483885      -0.89782687589899912     
   3.4234234234234235       -1.0077783916540848      -0.89920721489583688     
   3.4274274274274275       -1.0079358351848444      -0.90057866130421815     
   3.4314314314314314       -1.0080855093843415      -0.90194120156140900     
   3.4354354354354353       -1.0082275013134505      -0.90329482219275192     
   3.4394394394394396       -1.0083618986982139      -0.90463950981179775     
   3.4434434434434436       -1.0084887895033405      -0.90597525112043964     
   3.4474474474474475       -1.0086082622425268      -0.90730203290904421     
   3.4514514514514514       -1.0087204058282264      -0.90861984205658186     
   3.4554554554554553       -1.0088253095663009      -0.90992866553075646     
   3.4594594594594597       -1.0089230633594271      -0.91122849038813580     
   3.4634634634634636       -1.0090137573113438      -0.91251930377427593     
   3.4674674674674675       -1.0090974823534100      -0.91380109292385281     
   3.4714714714714714       -1.0091743293968891      -0.91507384516078560     
   3.4754754754754753       -1.0092443904329260      -0.91633754789836286     
   3.4794794794794797       -1.0093077571973419      -0.91759218863936631     
   3.4834834834834836       -1.0093645227607784      -0.91883775497619591     
   3.4874874874874875       -1.0094147797121142      -0.92007423459099136     
   3.4914914914914914       -1.0094586222051845      -0.92130161525575383     
   3.4954954954954953       -1.0094961437264161      -0.92251988483246850     
   3.4994994994994997       -1.0095274394956513      -0.92372903127322248     
   3.5035035035035036       -1.0095526039618725      -0.92492904262032472     
   3.5075075075075075       -1.0095717333682062      -0.92611990700642566     
   3.5115115115115114       -1.0095849232156946      -0.92730161265463207     
   3.5155155155155153       -1.0095922706987599      -0.92847414787862559     
   3.5195195195195197       -1.0095938724870914      -0.92963750108277710     
   3.5235235235235236       -1.0095898265862655      -0.93079166076226205     
   3.5275275275275275       -1.0095802303453281      -0.93193661550317375     
   3.5315315315315314       -1.0095651831222874      -0.93307235398263721     
   3.5355355355355353       -1.0095447837776992      -0.93419886496891946     
   3.5395395395395397       -1.0095191322752481      -0.93531613732154262     
   3.5435435435435436       -1.0094883291651651      -0.93642415999139206     
   3.5475475475475475       -1.0094524746919178      -0.93752292202082732     
   3.5515515515515514       -1.0094116714318973      -0.93861241254378924     
   3.5555555555555554       -1.0093660196012140      -0.93969262078590843     
   3.5595595595595597       -1.0093156240589085      -0.94076353606461116     
   3.5635635635635636       -1.0092605848737917      -0.94182514778922477     
   3.5675675675675675       -1.0092010091693322      -0.94287744546108421     
   3.5715715715715715       -1.0091369969609760      -0.94392041867363274     
   3.5755755755755754       -1.0090686574852568      -0.94495405711252811     
   3.5795795795795797       -1.0089960909084636      -0.94597835055574231     
   3.5835835835835836       -1.0089194083020756      -0.94699328887366330     
   3.5875875875875876       -1.0088387102780962      -0.94799886202919548     
   3.5915915915915915       -1.0087541094670389      -0.94899506007785894     
   3.5955955955955954       -1.0086657071511589      -0.94998187316788696     
   3.5995995995995997       -1.0085736172065487      -0.95095929154032532     
   3.6036036036036037       -1.0084779419753369      -0.95192730552912663     
   3.6076076076076076       -1.0083787960124266      -0.95288590556124664     
   3.6116116116116115       -1.0082762834657637      -0.95383508215674029     
   3.6156156156156154       -1.0081705185389802      -0.95477482592885354     
   3.6196196196196198       -1.0080616083687646      -0.95570512758411708     
   3.6236236236236237       -1.0079496654095255      -0.95662597792243798     
   3.6276276276276276       -1.0078348012016121      -0.95753736783719101     
   3.6316316316316315       -1.0077171250118149      -0.95843928831530878     
   3.6356356356356359       -1.0075967540473514      -0.95933173043737030     
   3.6396396396396398       -1.0074737931825977      -0.96021468537768961     
   3.6436436436436437       -1.0073483662539211      -0.96108814440440271     
   3.6476476476476476       -1.0072205728167161      -0.96195209887955480     
   3.6516516516516515       -1.0070905441189812      -0.96280654025918444     
   3.6556556556556559       -1.0069583736062329      -0.96365146009340885     
   3.6596596596596598       -1.0068242003713839      -0.96448685002650714     
   3.6636636636636637       -1.0066881116090025      -0.96531270179700357     
   3.6676676676676676       -1.0065502537021589      -0.96612900723774797     
   3.6716716716716715       -1.0064107087993666      -0.96693575827599820     
   3.6756756756756759       -1.0062696283521366      -0.96773294693349898     
   3.6796796796796798       -1.0061270923404217      -0.96852056532655983     
   3.6836836836836837       -1.0059832535805020      -0.96929860566613557     
   3.6876876876876876       -1.0058381941150893      -0.97006706025790090     
   3.6916916916916915       -1.0056920628774935      -0.97082592150232783     
   3.6956956956956959       -1.0055449500570268      -0.97157518189476044     
   3.6996996996996998       -1.0053969933633957      -0.97231483402548924     
   3.7037037037037037       -1.0052482992573939      -0.97304487057982392     
   3.7077077077077076       -1.0050989851466723      -0.97376528433816678     
   3.7117117117117115       -1.0049491830655899      -0.97447606817608323     
   3.7157157157157159       -1.0047989804420336      -0.97517721506437227     
   3.7197197197197198       -1.0046485442597008      -0.97586871806913611     
   3.7237237237237237       -1.0044979226510813      -0.97655057035184933     
   3.7277277277277276       -1.0043473258670408      -0.97722276516942586     
   3.7317317317317316       -1.0041967556091076      -0.97788529587428519     
   3.7357357357357359       -1.0040464699545588      -0.97853815591441973     
   3.7397397397397398       -1.0038964223893918      -0.97918133883345804     
   3.7437437437437437       -1.0037469165900696      -0.97981483827072935     
   3.7477477477477477       -1.0035978641841619      -0.98043864796132674     
   3.7517517517517516       -1.0034496022590489      -0.98105276173616807     
   3.7557557557557559       -1.0033020191962689      -0.98165717352205806     
   3.7597597597597598       -1.0031554587406326      -0.98225187734174813     
   3.7637637637637638       -1.0030098208462190      -0.98283686731399489     
   3.7677677677677677       -1.0028654116891027      -0.98341213765361879     
   3.7717717717717716       -1.0027221963849497      -0.98397768267156138     
   3.7757757757757759       -1.0025803792780958      -0.98453349677494195     
   3.7797797797797799       -1.0024400645870724      -0.98507957446711136     
   3.7837837837837838       -1.0023012711518262      -0.98561591034770824     
   3.7877877877877877       -1.0021643336403785      -0.98614249911271146     
   3.7917917917917916       -1.0020289871936450      -0.98665933555449192     
   3.7957957957957960       -1.0018958981147510      -0.98716641456186571     
   3.7997997997997999       -1.0017644168049951      -0.98766373112014327     
   3.8038038038038038       -1.0016356360096428      -0.98815128031117960     
   3.8078078078078077       -1.0015084380934476      -0.98862905731342254     
   3.8118118118118116       -1.0013844049029399      -0.98909705740196108     
   3.8158158158158160       -1.0012619171769355      -0.98955527594857173     
   3.8198198198198199       -1.0011430383762758      -0.99000370842176366     
   3.8238238238238238       -1.0010257075022848      -0.99044235038682449     
   3.8278278278278277       -1.0009123420590937      -0.99087119750586350     
   3.8318318318318316       -1.0008006482858198      -0.99129024553785516     
   3.8358358358358360       -1.0006930904375111      -0.99169949033868066     
   3.8398398398398399       -1.0005875619629649      -0.99209892786116838     
   3.8438438438438438       -1.0004860251510599      -0.99248855415513493     
   3.8478478478478477       -1.0003872494664281      -0.99286836536742351     
   3.8518518518518516       -1.0002918554893134      -0.99323835774194280     
   3.8558558558558560       -1.0002004818195613      -0.99359852761970280     
   3.8598598598598599       -1.0001112630240487      -0.99394887143885202     
   3.8638638638638638       -1.0000279868506774      -0.99428938573471282     
   3.8678678678678677      -0.99994491175180933      -0.99462006713981466     
   3.8718718718718717      -0.99987042913500968      -0.99494091238392857     
   3.8758758758758760      -0.99979346533377489      -0.99525191829409909     
   3.8798798798798799      -0.99972838197541092      -0.99555308179467450     
   3.8838838838838838      -0.99965761231166050      -0.99584439990733942     
   3.8878878878878878      -0.99960229131758038      -0.99612586975114281     
   3.8918918918918921      -0.99953809801455129      -0.99639748854252641     
   3.8958958958958960      -0.99949243441897229      -0.99665925359535279     
   3.8998998998998999      -0.99943575838499121      -0.99691116232093191     
   3.9039039039039038      -0.99939888100865260      -0.99715321222804643     
   3.9079079079079078      -0.99935154428784068      -0.99738540092297623     
   3.9119119119119121      -0.99932147291889661      -0.99760772610952264     
   3.9159159159159160      -0.99928651461667406      -0.99782018558903074     
   3.9199199199199199      -0.99925985055384847      -0.99802277726041111     
   3.9239239239239239      -0.99924176198121339      -0.99821549912016083     
   3.9279279279279278      -0.99921357112070630      -0.99839834926238302     
   3.9319319319319321      -0.99921821643388653      -0.99857132587880604     
   3.9359359359359360      -0.99918238268038606      -0.99873442725880057     
   3.9399399399399400      -0.99921625427273553      -0.99888765178939798     
   3.9439439439439439      -0.99916673330209527      -0.99903099795530448     
   3.9479479479479478      -0.99923502921232699      -0.99916446433891781     
   3.9519519519519521      -0.99916860001102159      -0.99928804962034024     
   3.9559559559559561      -0.99927145970022446      -0.99940175257739150     
   3.9599599599599600      -0.99919262830185962      -0.99950557208562174     
   3.9639639639639639      -0.99931899901075105      -0.99959950711832180     
   3.9679679679679678      -0.99924736122645819      -0.99968355674653397     
   3.9719719719719722      -0.99936654196995922      -0.99975772013906072     
   3.9759759759759761      -0.99934600076404168      -0.99982199656247328     
   3.9799799799799800      -0.99939833154480340      -0.99987638538111856     
   3.9839839839839839      -0.99950530560427375      -0.99992088605712559     
   3.9879879879879878      -0.99939676786029885      -0.99995549815041107     
   3.9919919919919922      -0.99974004972217512      -0.99998022131868336     
   3.9959959959959961      -0.99935606779786734      -0.99999505531744570     
   4.0000000000000000       -1.0000000000000000       -1.0000000000000000     
