   0.0000000000000000        1.0000000000000000       0.99999999999999989     
   4.0040040040040040E-003   1.0007544937321600       0.99999505531744592     
   8.0080080080080079E-003   1.0000040608869500       0.99998022131868325     
   1.2012012012012012E-002   1.0008125551593352       0.99995549815041107     
   1.6016016016016016E-002   1.0004634685744671       0.99992088605712559     
   2.0020020020020020E-002   1.0009275120772467       0.99987638538111856     
   2.4024024024024024E-002   1.0008332900443224       0.99982199656247328     
   2.8028028028028028E-002   1.0010750671702291       0.99975772013906072     
   3.2032032032032032E-002   1.0011330097368365       0.99968355674653397     
   3.6036036036036036E-002   1.0012367446600630       0.99959950711832180     
   4.0040040040040040E-002   1.0013765518872464       0.99950557208562174     
   4.4044044044044044E-002   1.0013989709516191       0.99940175257739161     
   4.8048048048048048E-002   1.0015736990612689       0.99928804962034012     
   5.2052052052052052E-002   1.0015518331784314       0.99916446433891792     
   5.6056056056056056E-002   1.0017311735925534       0.99903099795530459     
   6.0060060060060060E-002   1.0016881359212353       0.99888765178939798     
   6.4064064064064064E-002   1.0018534537862522       0.99873442725880068     
   6.8068068068068074E-002   1.0018026895098571       0.99857132587880615     
   7.2072072072072071E-002   1.0019433853821265       0.99839834926238324     
   7.6076076076076082E-002   1.0018917767667181       0.99821549912016094     
   8.0080080080080079E-002   1.0020026377265625       0.99802277726041122     
   8.4084084084084090E-002   1.0019527548891787       0.99782018558903074     
   8.8088088088088087E-002   1.0020320434855325       0.99760772610952264     
   9.2092092092092098E-002   1.0019837580415323       0.99738540092297623     
   9.6096096096096095E-002   1.0020318518784148       0.99715321222804643     
  0.10010010010010011        1.0019834777921675       0.99691116232093191     
  0.10410410410410410        1.0020019152198070       0.99665925359535279     
  0.10810810810810811        1.0019510032040730       0.99639748854252641     
  0.11211211211211211        1.0019418246685106       0.99612586975114281     
  0.11611611611611612        1.0018856808526559       0.99584439990733964     
  0.12012012012012012        1.0018510270927341       0.99555308179467450     
  0.12412412412412413        1.0017870219142317       0.99525191829409887     
  0.12812812812812813        1.0017288988182929       0.99494091238392868     
  0.13213213213213212        1.0016546393156092       0.99462006713981466     
  0.13613613613613615        1.0015747939159829       0.99428938573471282     
  0.14014014014014015        1.0014882057264924       0.99394887143885213     
  0.14414414414414414        1.0013880750684068       0.99359852761970280     
  0.14814814814814814        1.0012874263796945       0.99323835774194291     
  0.15215215215215216        1.0011681321828660       0.99286836536742373     
  0.15615615615615616        1.0010520222692634       0.99248855415513493     
  0.16016016016016016        1.0009143925530475       0.99209892786116838     
  0.16416416416416416        1.0007817204664164       0.99169949033868066     
  0.16816816816816818        1.0006263253389551       0.99129024553785539     
  0.17217217217217218        1.0004762491910466       0.99087119750586361     
  0.17617617617617617        1.0003034423570787       0.99044235038682449     
  0.18018018018018017        1.0001353359499645       0.99000370842176388     
  0.18418418418418420       0.99994529659203857       0.98955527594857196     
  0.18818818818818819       0.99975870755362184       0.98909705740196130     
  0.19219219219219219       0.99955147941155509       0.98862905731342254     
  0.19619619619619619       0.99934609119172735       0.98815128031117949     
  0.20020020020020021       0.99912161715152004       0.98766373112014327     
  0.20420420420420421       0.99889721601706072       0.98716641456186571     
  0.20820820820820821       0.99865536751012673       0.98665933555449203     
  0.21221221221221220       0.99841181488004593       0.98614249911271146     
  0.21621621621621623       0.99815241602716787       0.98561591034770846     
  0.22022022022022023       0.99788962599379372       0.98507957446711159     
  0.22422422422422422       0.99761247281052645       0.98453349677494206     
  0.22822822822822822       0.99733039440453353       0.98397768267156138     
  0.23223223223223224       0.99703526959333066       0.98341213765361868     
  0.23623623623623624       0.99673387320706408       0.98283686731399489     
  0.24024024024024024       0.99642055715299882       0.98225187734174813     
  0.24424424424424424       0.99609982448719114       0.98165717352205828     
  0.24824824824824826       0.99576810308995256       0.98105276173616818     
  0.25225225225225223       0.99542801999982911       0.98043864796132674     
  0.25625625625625625       0.99507768994345280       0.97981483827072957     
  0.26026026026026028       0.99471824160676836       0.97918133883345804     
  0.26426426426426425       0.99434911361110012       0.97853815591441973     
  0.26826826826826827       0.99397028150596867       0.97788529587428519     
  0.27227227227227230       0.99358218203386173       0.97722276516942586     
  0.27627627627627627       0.99318394228688511       0.97655057035184956     
  0.28028028028028029       0.99277671410778201       0.97586871806913633     
  0.28428428428428426       0.99235903684586413       0.97517721506437238     
  0.28828828828828829       0.99193253878551779       0.97447606817608334     
  0.29229229229229231       0.99149538819304273       0.97376528433816700     
  0.29629629629629628       0.99104949433408573       0.97304487057982403     
  0.30030030030030030       0.99059282917873570       0.97231483402548924     
  0.30430430430430433       0.99012742771932427       0.97157518189476044     
  0.30830830830830830       0.98965120216322922       0.97082592150232794     
  0.31231231231231232       0.98916619409169282       0.97006706025790113     
  0.31631631631631629       0.98867035865004216       0.96929860566613568     
  0.32032032032032032       0.98816565635221987       0.96852056532656006     
  0.32432432432432434       0.98765015889878771       0.96773294693349898     
  0.32832832832832831       0.98712568478118146       0.96693575827599854     
  0.33233233233233234       0.98659047153048163       0.96612900723774819     
  0.33633633633633636       0.98604615671539098       0.96531270179700357     
  0.34034034034034033       0.98549117313506096       0.96448685002650714     
  0.34434434434434436       0.98492695626296423       0.96365146009340885     
  0.34834834834834832       0.98435214788838732       0.96280654025918455     
  0.35235235235235235       0.98376797404690752       0.96195209887955491     
  0.35635635635635637       0.98317328718393360       0.96108814440440293     
  0.36036036036036034       0.98256910697089539       0.96021468537768961     
  0.36436436436436437       0.98195448928254336       0.95933173043737041     
  0.36836836836836839       0.98133025800223006       0.95843928831530878     
  0.37237237237237236       0.98069565898239586       0.95753736783719101     
  0.37637637637637639       0.98005133596842597       0.95662597792243798     
  0.38038038038038036       0.97939670731012252       0.95570512758411708     
  0.38438438438438438       0.97873225536478614       0.95477482592885377     
  0.38838838838838841       0.97805755123342386       0.95383508215674051     
  0.39239239239239238       0.97737293617118148       0.95288590556124697     
  0.39639639639639640       0.97667811339468447       0.95192730552912663     
  0.40040040040040042       0.97597330367681190       0.95095929154032544     
  0.40440440440440439       0.97525832186495254       0.94998187316788707     
  0.40840840840840842       0.97453328831226238       0.94899506007785894     
  0.41241241241241239       0.97379810991712756       0.94799886202919548     
  0.41641641641641641       0.97305282548833250       0.94699328887366341     
  0.42042042042042044       0.97229741581727536       0.94597835055574242     
  0.42442442442442441       0.97153185544143139       0.94495405711252856     
  0.42842842842842843       0.97075618263268582       0.94392041867363297     
  0.43243243243243246       0.96997032308544173       0.94287744546108421     
  0.43643643643643643       0.96917435805546437       0.94182514778922499     
  0.44044044044044045       0.96836817786998575       0.94076353606461094     
  0.44444444444444442       0.96755189424030619       0.93969262078590843     
  0.44844844844844844       0.96672537364510758       0.93861241254378935     
  0.45245245245245247       0.96588874765528798       0.93752292202082743     
  0.45645645645645644       0.96504186853239438       0.93642415999139239     
  0.46046046046046046       0.96418487894448734       0.93531613732154295     
  0.46446446446446449       0.96331762480247585       0.93419886496891991     
  0.46846846846846846       0.96244025280143908       0.93307235398263733     
  0.47247247247247248       0.96155260875894388       0.93193661550317397     
  0.47647647647647645       0.96065483785237893       0.93079166076226205     
  0.48048048048048048       0.95974679062857304       0.92963750108277710     
  0.48448448448448450       0.95882860654843260       0.92847414787862570     
  0.48848848848848847       0.95790014445777372       0.92730161265463229     
  0.49249249249249250       0.95696153506597093       0.92611990700642588     
  0.49649649649649652       0.95601264801512287       0.92492904262032505     
  0.50050050050050054       0.95505360321437782       0.92372903127322259     
  0.50450450450450446       0.95408428269984380       0.92251988483246872     
  0.50850850850850848       0.95310479435064899       0.92130161525575405     
  0.51251251251251251       0.95211503345604376       0.92007423459099136     
  0.51651651651651653       0.95111509530020699       0.91883775497619602     
  0.52052052052052056       0.95010488869251264       0.91759218863936653     
  0.52452452452452447       0.94908449628345715       0.91633754789836308     
  0.52852852852852850       0.94805384020784733       0.91507384516078605     
  0.53253253253253252       0.94701299084764201       0.91380109292385314     
  0.53653653653653655       0.94596188312070262       0.91251930377427604     
  0.54054054054054057       0.94490057580358300       0.91122849038813569     
  0.54454454454454460       0.94382901580488532       0.90992866553075669     
  0.54854854854854851       0.94274725116692548       0.90861984205658186     
  0.55255255255255253       0.94165523982908217       0.90730203290904443     
  0.55655655655655656       0.94055302010360009       0.90597525112043986     
  0.56056056056056058       0.93944055990095421       0.90463950981179786     
  0.56456456456456461       0.93831788887922285       0.90329482219275237     
  0.56856856856856852       0.93718498381539073       0.90194120156140967     
  0.57257257257257255       0.93604186681212842       0.90057866130421826     
  0.57657657657657657       0.93488852240666642       0.89920721489583666     
  0.58058058058058060       0.93372496622983436       0.89782687589899912     
  0.58458458458458462       0.93255118950425708       0.89643765796438168     
  0.58858858858858853       0.93136720242871551       0.89503957483046792     
  0.59259259259259256       0.93017300189208141       0.89363264032341216     
  0.59659659659659658       0.92896859363666007       0.89221686835690384     
  0.60060060060060061       0.92775397927102554       0.89079227293202834     
  0.60460460460460463       0.92652916097855953       0.88935886813713039     
  0.60860860860860866       0.92529414422443168       0.88791666814767300     
  0.61261261261261257       0.92404892844442632       0.88646568722609853     
  0.61661661661661660       0.92279352218644850       0.88500593972168740     
  0.62062062062062062       0.92152792286002194       0.88353744007041513     
  0.62462462462462465       0.92025214141299527       0.88206020279481145     
  0.62862862862862867       0.91896617385978452       0.88057424250381455     
  0.63263263263263259       0.91767003295521254       0.87907957389262892     
  0.63663663663663661       0.91636371386197957       0.87757621174257761     
  0.64064064064064064       0.91504723063521853       0.87606417092095823     
  0.64464464464464466       0.91372057804589402       0.87454346638089420     
  0.64864864864864868       0.91238377102395429       0.87301411316118804     
  0.65265265265265260       0.91103680433097733       0.87147612638617244     
  0.65665665665665662       0.90967969342106458       0.86992952126555978     
  0.66066066066066065       0.90831243335778811       0.86837431309429269     
  0.66466466466466467       0.90693503983661350       0.86681051725239278     
  0.66866866866866870       0.90554750847065091       0.86523814920480835     
  0.67267267267267272       0.90414985497452938       0.86365722450126059     
  0.67667667667667664       0.90274207570189569       0.86206775877609154     
  0.68068068068068066       0.90132418621765142       0.86046976774810768     
  0.68468468468468469       0.89989618375759473       0.85886326722042616     
  0.68868868868868871       0.89845808361424251       0.85724827308031681     
  0.69269269269269274       0.89700988400469761       0.85562480129904683     
  0.69669669669669665       0.89555159986590305       0.85399286793172080     
  0.70070070070070067       0.89408323045947913       0.85235248911712413     
  0.70470470470470470       0.89260479031676010       0.85070368107756156     
  0.70870870870870872       0.89111627977719343       0.84904646011869800     
  0.71271271271271275       0.88961771294382463       0.84738084262939628     
  0.71671671671671666       0.88810909124284387       0.84570684508155602     
  0.72072072072072069       0.88659042834846769       0.84402448402995045     
  0.72472472472472471       0.88506172676304484       0.84233377611206173     
  0.72872872872872874       0.88352299974889759       0.84063473804791822     
  0.73273273273273276       0.88197425085882619       0.83892738663992727     
  0.73673673673673679       0.88041549297358523       0.83721173877271082     
  0.74074074074074070       0.87884673065935448       0.83548781141293649     
  0.74474474474474472       0.87726797645554488       0.83375562160915173     
  0.74874874874874875       0.87567923589651631       0.83201518649161366     
  0.75275275275275277       0.87408052122741253       0.83026652327212069     
  0.75675675675675680       0.87247183890022806       0.82850964924384218     
  0.76076076076076071       0.87085320091726082       0.82674458178114663     
  0.76476476476476474       0.86922461459449574       0.82497133833943037     
  0.76876876876876876       0.86758609174507040       0.82318993645494531     
  0.77277277277277279       0.86593764049412414       0.82140039374462548     
  0.77677677677677681       0.86427927251985537       0.81960272790591149     
  0.78078078078078073       0.86261099670201524       0.81779695671657793     
  0.78478478478478475       0.86093282463730425       0.81598309803455460     
  0.78878878878878878       0.85924476590702137       0.81416116979775299     
  0.79279279279279280       0.85754683207795490       0.81233119002388599     
  0.79679679679679682       0.85583903338227540       0.81049317681029232     
  0.80080080080080085       0.85412138140584259       0.80864714833375506     
  0.80480480480480476       0.85239388698400842       0.80679312285032445     
  0.80880880880880879       0.85065656176753757       0.80493111869513490     
  0.81281281281281281       0.84890941715075441       0.80306115428222591     
  0.81681681681681684       0.84715246489161311       0.80118324810435759     
  0.82082082082082086       0.84538571690292330       0.79929741873283022     
  0.82482482482482478       0.84360918508838501       0.79740368481729917     
  0.82882882882882880       0.84182288184267784       0.79550206508558996     
  0.83283283283283283       0.84002681924999678       0.79359257834351515     
  0.83683683683683685       0.83822101015414019       0.79167524347468543     
  0.84084084084084088       0.83640546685075856       0.78975007944032627     
  0.84484484484484490       0.83458020260381505       0.78781710527908688     
  0.84884884884884881       0.83274522994770661       0.78587634010685514     
  0.85285285285285284       0.83090056254124522       0.78392780311656585     
  0.85685685685685686       0.82904621318136074       0.78197151357801298     
  0.86086086086086089       0.82718219589985664       0.78000749083765841     
  0.86486486486486491       0.82530852377667074       0.77803575431843952     
  0.86886886886886883       0.82342521119795298       0.77605632351957921     
  0.87287287287287285       0.82153227154406538       0.77406921801639061     
  0.87687687687687688       0.81962971953983232       0.77207445746008641     
  0.88088088088088090       0.81771756888064018       0.77007206157758135     
  0.88488488488488493       0.81579583461701277       0.76806205017129980     
  0.88888888888888884       0.81386453077142484       0.76604444311897812     
  0.89289289289289286       0.81192367270953847       0.76401926037346957     
  0.89689689689689689       0.80997327479069670       0.76198652196254524     
  0.90090090090090091       0.80801335268731989       0.75994624798869781     
  0.90490490490490494       0.80604392110335854       0.75789845862894112     
  0.90890890890890896       0.80406499601151749       0.75584317413461199     
  0.91291291291291288       0.80207659246630103       0.75378041483116964     
  0.91691691691691690       0.80007872673590885       0.75171020111799358     
  0.92092092092092093       0.79807141422979144       0.74963255346818269     
  0.92492492492492495       0.79605467150826048       0.74754749242835361     
  0.92892892892892898       0.79402851433879806       0.74545503861843632     
  0.93293293293293289       0.79199295957166693       0.74335521273147021     
  0.93693693693693691       0.78994802333429870       0.74124803553340046     
  0.94094094094094094       0.78789372276580416       0.73913352786287123     
  0.94494494494494496       0.78583007435452801       0.73701171063102144     
  0.94894894894894899       0.78375709552814621       0.73488260482127599     
  0.95295295295295290       0.78167480313610649       0.73274623148913998     
  0.95695695695695693       0.77958321489506710       0.73060261176198882     
  0.96096096096096095       0.77748234801511507       0.72845176683886093     
  0.96496496496496498       0.77537222050284993       0.72629371799024722     
  0.96896896896896900       0.77325284992803411       0.72412848655788020     
  0.97297297297297303       0.77112425458858314       0.72195609395452465     
  0.97697697697697694       0.76898645241256502       0.71977656166376347     
  0.98098098098098097       0.76683946199089936       0.71758991123978799     
  0.98498498498498499       0.76468330160828901       0.71539616430718200     
  0.98898898898898902       0.76251799015057498       0.71319534256071038     
  0.99299299299299304       0.76034354625720002       0.71098746776510235     
  0.99699699699699695       0.75815998911097593       0.70877256175483849     
   1.0010010010010011       0.75596733770404123       0.70655064643393239     
   1.0050050050050050       0.75376561151831223       0.70432174377571666     
   1.0090090090090089       0.75155482989647882       0.70208587582262261     
   1.0130130130130131       0.74933501262170898       0.69984306468596524     
   1.0170170170170170       0.74710617938506174       0.69759333254572309     
   1.0210210210210211       0.74486835027308274       0.69533670165031780     
   1.0250250250250250       0.74262154532300717       0.69307319431639725     
   1.0290290290290289       0.74036578492680993       0.69080283292861089     
   1.0330330330330331       0.73810108946574160       0.68852563993939231     
   1.0370370370370370       0.73582747963916229       0.68624163786873360     
   1.0410410410410411       0.73354497617022618       0.68395084930396588     
   1.0450450450450450       0.73125360006752016       0.68165329689953280     
   1.0490490490490489       0.72895337239405233       0.67934900337676996     
   1.0530530530530531       0.72664431446934197       0.67703799152367639     
   1.0570570570570570       0.72432644769428489       0.67472028419469277     
   1.0610610610610611       0.72199979370088307       0.67239590431047247     
   1.0650650650650650       0.71966437422604601       0.67006487485765720     
   1.0690690690690692       0.71732021121565259       0.66772721888864850     
   1.0730730730730731       0.71496732674084540       0.66538295952137927     
   1.0770770770770770       0.71260574306260782       0.66303211993908673     
   1.0810810810810811       0.71023548258463221       0.66067472339008138     
   1.0850850850850851       0.70785656788407636       0.65831079318751895     
   1.0890890890890892       0.70546902169557690       0.65594035270916762     
   1.0930930930930931       0.70307286691338555       0.65356342539717938     
   1.0970970970970970       0.70066812660155564       0.65118003475785569     
   1.1011011011011012       0.69825482397220062       0.64879020436141710     
   1.1051051051051051       0.69583298241733860       0.64639395784176923     
   1.1091091091091092       0.69340262546757092       0.64399131889626848     
   1.1131131131131131       0.69096377684149746       0.64158231128548826     
   1.1171171171171170       0.68851646038867542       0.63916695883298480     
   1.1211211211211212       0.68606070015297538       0.63674528542506059     
   1.1251251251251251       0.68359652030323659       0.63431731501052790     
   1.1291291291291292       0.68112394520735287       0.63188307160047219     
   1.1331331331331331       0.67864299935363559       0.62944257926801572     
   1.1371371371371370       0.67615370743280034       0.62699586214807856     
   1.1411411411411412       0.67365609425269257       0.62454294443713887     
   1.1451451451451451       0.67115018482569500       0.62208385039299618     
   1.1491491491491492       0.66863600427912628       0.61961860433452864     
   1.1531531531531531       0.66611357794591408       0.61714723064145538     
   1.1571571571571571       0.66358293127266932       0.61466975375409227     
   1.1611611611611612       0.66104408991177332       0.61218619817311382     
   1.1651651651651651       0.65849707962884430       0.60969658845930685     
   1.1691691691691692       0.65594192639463444       0.60720094923333146     
   1.1731731731731732       0.65337865629339242       0.60469930517547543     
   1.1771771771771771       0.65080729561315931       0.60219168102540976     
   1.1811811811811812       0.64822787075634947       0.59967810158194490     
   1.1851851851851851       0.64564040832722114       0.59715859170278607     
   1.1891891891891893       0.64304493504577753       0.59463317630428669     
   1.1931931931931932       0.64044147783142902       0.59210188036120104     
   1.1971971971971973       0.63783006372111506       0.58956472890643952     
   1.2012012012012012       0.63521071994831479       0.58702174703081855     
   1.2052052052052051       0.63258347386617642       0.58447295988281511     
   1.2092092092092093       0.62994835302114172       0.58191839266831502     
   1.2132132132132132       0.62730538508177103       0.57935807065036715     
   1.2172172172172173       0.62465459790634692       0.57679201914892964     
   1.2212212212212212       0.62199601947796568       0.57422026354062339     
   1.2252252252252251       0.61932967796560456       0.57164282925847876     
   1.2292292292292293       0.61665560166594924       0.56905974179168362     
   1.2332332332332332       0.61397381905750348       0.56647102668533400     
   1.2372372372372373       0.61128435874952647       0.56387670954017777     
   1.2412412412412412       0.60858724952884280       0.56127681601236523     
   1.2452452452452452       0.60588252031622136       0.55867137181319193     
   1.2492492492492493       0.60317020020554546       0.55606040270884771     
   1.2532532532532532       0.60045031842799301       0.55344393452015839     
   1.2572572572572573       0.59772290438317854       0.55082199312233371     
   1.2612612612612613       0.59498798761155058       0.54819460444470980     
   1.2652652652652652       0.59224559781707375       0.54556179447049202     
   1.2692692692692693       0.58949576484828148       0.54292358923649942     
   1.2732732732732732       0.58673851871205018       0.54028001483290677     
   1.2772772772772774       0.58397388956377960       0.53763109740298687     
   1.2812812812812813       0.58120190771174085       0.53497686314285187     
   1.2852852852852852       0.57842260361696762       0.53231733830119210     
   1.2892892892892893       0.57563600788751013       0.52965254917902038     
   1.2932932932932932       0.57284215128880722       0.52698252212940966     
   1.2972972972972974       0.57004106472696103       0.52430728355723166     
   1.3013013013013013       0.56723277927059790       0.52162685991889790     
   1.3053053053053052       0.56441732612203066       0.51894127772209575     
   1.3093093093093093       0.56159473665187998       0.51625056352552856     
   1.3133133133133132       0.55876504235667379       0.51355474393865164     
   1.3173173173173174       0.55592827490790653       0.51085384562140879     
   1.3213213213213213       0.55308446609413486       0.50814789528396931     
   1.3253253253253254       0.55023364788669860       0.50543691968646431     
   1.3293293293293293       0.54737585236378383       0.50272094563872183     
   1.3333333333333333       0.54451111179568046       0.50000000000000033     
   1.3373373373373374       0.54163945854754414       0.49727410967872421     
   1.3413413413413413       0.53876092518789154       0.49454330163221866     
   1.3453453453453454       0.53587554436587959       0.49180760286644143     
   1.3493493493493494       0.53298334894776611       0.48906704043571680     
   1.3533533533533533       0.53008437186335866       0.48632164144246692     
   1.3573573573573574       0.52717864627648769       0.48357143303694439     
   1.3613613613613613       0.52426620539378732       0.48081644241696458     
   1.3653653653653655       0.52134708267690000       0.47805669682763607     
   1.3693693693693694       0.51842131160489746       0.47529222356109019     
   1.3733733733733733       0.51548892593799489       0.47252304995621203     
   1.3773773773773774       0.51254995942261250       0.46974920339837073     
   1.3813813813813813       0.50960444611894651       0.46697071131914814     
   1.3853853853853855       0.50665242003484801       0.46418760119606600     
   1.3893893893893894       0.50369391553271214       0.46139990055231739     
   1.3933933933933933       0.50072896687488189       0.45860763695649082     
   1.3973973973973974       0.49775760872917429       0.45581083802230099     
   1.4014014014014013       0.49477987560426590       0.45300953140831446     
   1.4054054054054055       0.49179580247784516       0.45020374481767350     
   1.4094094094094094       0.48880542409529237       0.44739350599782696     
   1.4134134134134133       0.48580877575011155       0.44457884274025250     
   1.4174174174174174       0.48280589241299798       0.44175978288018319     
   1.4214214214214214       0.47979680970102512       0.43893635429633082     
   1.4254254254254255       0.47678156279670791       0.43610858491061116     
   1.4294294294294294       0.47376018765062783       0.43327650268786849     
   1.4334334334334333       0.47073271964111046       0.43044013563559824     
   1.4374374374374375       0.46769919506481594       0.42759951180366951     
   1.4414414414414414       0.46465964947686850       0.42475465928404799     
   1.4454454454454455       0.46161411953573378       0.42190560621051937     
   1.4494494494494494       0.45856264095075272       0.41905238075840973     
   1.4534534534534536       0.45550525076168463       0.41619501114430768     
   1.4574574574574575       0.45244198480529418       0.41333352562578418     
   1.4614614614614614       0.44937288052657698       0.41046795250111390     
   1.4654654654654655       0.44629797385795722       0.40759832010899610     
   1.4694694694694694       0.44321730267888299       0.40472465682827363     
   1.4734734734734736       0.44013090297981561       0.40184699107765148     
   1.4774774774774775       0.43703881311009513       0.39896535131541649     
   1.4814814814814814       0.43394106907373181       0.39607976603915679     
   1.4854854854854855       0.43083770973270119       0.39319026378547872     
   1.4894894894894894       0.42772877105203722       0.39029687312972589     
   1.4934934934934936       0.42461429245765636       0.38739962268569328     
   1.4974974974974975       0.42149430981369990       0.38449854110534909     
   1.5015015015015014       0.41836886317133937       0.38159365707854875     
   1.5055055055055055       0.41523798822097702       0.37868499933275013     
   1.5095095095095095       0.41210172571199488       0.37577259663273255     
   1.5135135135135136       0.40896011107552915       0.37285647778030873     
   1.5175175175175175       0.40581318584565162       0.36993667161404314     
   1.5215215215215214       0.40266098509400988       0.36701320700896550     
   1.5255255255255256       0.39950355124150611       0.36408611287628412     
   1.5295295295295295       0.39634091888311224       0.36115541816310132     
   1.5335335335335336       0.39317313144677435       0.35822115185212744     
   1.5375375375375375       0.39000022291405184       0.35528334296139380     
   1.5415415415415414       0.38682223786097797       0.35234202054396474     
   1.5455455455455456       0.38363920949649333       0.34939721368765114     
   1.5495495495495495       0.38045118370967845       0.34644895151472355     
   1.5535535535535536       0.37725819275188854       0.34349726318162310     
   1.5575575575575575       0.37406028401762625       0.34054217787867375     
   1.5615615615615615       0.37085748858623196       0.33758372482979260     
   1.5655655655655656       0.36764985558132685       0.33462193329220158     
   1.5695695695695695       0.36443741466220536       0.33165683255613898     
   1.5735735735735736       0.36122021694100737       0.32868845194456903     
   1.5775775775775776       0.35799829037070152       0.32571682081289088     
   1.5815815815815817       0.35477168835196504       0.32274196854864945     
   1.5855855855855856       0.35154043680171981       0.31976392457124525     
   1.5895895895895895       0.34830459175528022       0.31678271833164295     
   1.5935935935935936       0.34506417671459960       0.31379837931207866     
   1.5975975975975976       0.34181925074788033       0.31081093702577139     
   1.6016016016016017       0.33856983450758532       0.30782042101662782     
   1.6056056056056056       0.33531599055193317       0.30482686085895305     
   1.6096096096096095       0.33205773618669177       0.30183028615715729     
   1.6136136136136137       0.32879513798354959       0.29883072654546011     
   1.6176176176176176       0.32552820933386278       0.29582821168760254     
   1.6216216216216217       0.32225702142077317       0.29282277127655032     
   1.6256256256256256       0.31898158307438651       0.28981443503420135     
   1.6296296296296295       0.31570197077083040       0.28680323271109065     
   1.6336336336336337       0.31241818804354460       0.28378919408609704     
   1.6376376376376376       0.30913031743661745       0.28077234896614933     
   1.6416416416416417       0.30583835635247025       0.27775272718593036     
   1.6456456456456456       0.30254239428239221       0.27473035860758332     
   1.6496496496496496       0.29924242155318886       0.27170527312041282     
   1.6536536536536537       0.29593853559864475       0.26867750064059459     
   1.6576576576576576       0.29263071860280121       0.26564707111087615     
   1.6616616616616617       0.28931907706610405       0.26261401450028199     
   1.6656656656656657       0.28600358382677993       0.25957836080381591     
   1.6696696696696696       0.28268435571885647       0.25654014004216519     
   1.6736736736736737       0.27936135488134534       0.25349938226140467     
   1.6776776776776776       0.27603470990652429       0.25045611753269870     
   1.6816816816816818       0.27270437071487214       0.24741037595200283     
   1.6856856856856857       0.26937047925547036       0.24436218763976714     
   1.6896896896896898       0.26603297152829580       0.24131158274063927     
   1.6936936936936937       0.26269200462897918       0.23825859142316480     
   1.6976976976976976       0.25934749873446555       0.23520324387949043     
   1.7017017017017018       0.25599962808636501       0.23214557032506186     
   1.7057057057057057       0.25264829491639873       0.22908560099833006     
   1.7097097097097098       0.24929369284095387       0.22602336616044894     
   1.7137137137137137       0.24593570378438112       0.22295889609497727     
   1.7177177177177176       0.24257454321687805       0.21989222110757800     
   1.7217217217217218       0.23921007013186293       0.21682337152571932     
   1.7257257257257257       0.23584252460462882       0.21375237769837560     
   1.7297297297297298       0.23247173979008409       0.21067926999572606     
   1.7337337337337337       0.22909798341528859       0.20760407880885565     
   1.7377377377377377       0.22572105958136898       0.20452683454945109     
   1.7417417417417418       0.22234126703338108       0.20144756764950522     
   1.7457457457457457       0.21895837727101994       0.19836630856101312     
   1.7497497497497498       0.21557272376825087       0.19528308775567005     
   1.7537537537537538       0.21218404151773509       0.19219793572457314     
   1.7577577577577577       0.20879270280389742       0.18911088297791637     
   1.7617617617617618       0.20539840182247426       0.18602196004469188     
   1.7657657657657657       0.20200155414716689       0.18293119747238676     
   1.7697697697697699       0.19860180847568479       0.17983862582668017     
   1.7737737737737738       0.19519962857420797       0.17674427569114179     
   1.7777777777777777       0.19179461250279939       0.17364817766693028     
   1.7817817817817818       0.18838727757508353       0.17055036237248988     
   1.7857857857857857       0.18497716560790672       0.16745086044324664     
   1.7897897897897899       0.18156485329643254       0.16434970253130635     
   1.7937937937937938       0.17814982011549438       0.16124691930515228     
   1.7977977977977977       0.17473270848205397       0.15814254144934106     
   1.8018018018018018       0.17131292891014765       0.15503659966419786     
   1.8058058058058057       0.16789119641129210       0.15192912466551589     
   1.8098098098098099       0.16446684537409165       0.14882014718424907     
   1.8138138138138138       0.16104067083507906       0.14570969796621130     
   1.8178178178178179       0.15761192332244256       0.14259780777177095     
   1.8218218218218218       0.15418148590949102       0.13948450737554591     
   1.8258258258258258       0.15074851693603822       0.13636982756610005     
   1.8298298298298299       0.14731399612665977       0.13325379914563965     
   1.8338338338338338       0.14387698069169491       0.13013645292970785     
   1.8378378378378379       0.14043855624286911       0.12701781974687870     
   1.8418418418418419       0.13699766928974147       0.12389793043845529     
   1.8458458458458458       0.13355552120366154       0.12077681585816115     
   1.8498498498498499       0.13011093757865741       0.11765450687183837     
   1.8538538538538538       0.12666524606575658       0.11453103435714140     
   1.8578578578578580       0.12321714047663730       0.11140642920322855     
   1.8618618618618619       0.11976808591558392       0.10828072231046192     
   1.8658658658658658       0.11631663288989200       0.10515394459009815     
   1.8698698698698699       0.11286439578420698       0.10202612696398421     
   1.8738738738738738       0.10940976962747649        9.8897300364250137E-002
   1.8778778778778780       0.10595453055841313        9.5767495733004110E-002
   1.8818818818818819       0.10249690531242944        9.2636744022027262E-002
   1.8858858858858858        9.9038844887716623E-002   8.9505076192466795E-002
   1.8898898898898899        9.5578394288981475E-002   8.6372523214528804E-002
   1.8938938938938938        9.2117693087019947E-002   8.3239116067172991E-002
   1.8978978978978980        8.8654590525587565E-002   8.0104885737807094E-002
   1.9019019019019019        8.5191429034651558E-002   7.6969863221979185E-002
   1.9059059059059058        8.1725847513504896E-002   7.3834079523072429E-002
   1.9099099099099099        7.8260406065489355E-002   7.0697565651994948E-002
   1.9139139139139139        7.4792518160633994E-002   6.7560352626878470E-002
   1.9179179179179180        7.1324976858856165E-002   6.4422471472768014E-002
   1.9219219219219219        6.7854954680302837E-002   6.1283953221316440E-002
   1.9259259259259258        6.4385493320857218E-002   5.8144828910476183E-002
   1.9299299299299300        6.0913508474672300E-002   5.5005129584193228E-002
   1.9339339339339339        5.7442306460814656E-002   5.1864886292100981E-002
   1.9379379379379380        5.3968530012395967E-002   4.8724130089211899E-002
   1.9419419419419419        5.0495766261421965E-002   4.5582892035611673E-002
   1.9459459459459461        4.7020368700159923E-002   4.2441203196148525E-002
   1.9499499499499500        4.3546221542239659E-002   3.9299094640131337E-002
   1.9539539539539539        4.0069372747690575E-002   3.6156597441019275E-002
   1.9579579579579580        3.6594019816108547E-002   3.3013742676113601E-002
   1.9619619619619619        3.3115889025792648E-002   2.9870561426253450E-002
   1.9659659659659661        2.9639507138057367E-002   2.6727084775504926E-002
   1.9699699699699700        2.6160262916951716E-002   2.3583343810856781E-002
   1.9739739739739739        2.2683027946238853E-002   2.0439369621911660E-002
   1.9779779779779780        1.9202838158010268E-002   1.7295193300577764E-002
   1.9819819819819819        1.5724924894203338E-002   1.4150845940762258E-002
   1.9859859859859861        1.2243956677382510E-002   1.1006358638064652E-002
   1.9899899899899900        8.7655386380647675E-003   7.8617624894684063E-003
   1.9939939939939939        5.2839587859871374E-003   4.7170885930325071E-003
   1.9979979979979980        1.8052046532064162E-003   1.5723680475848198E-003
   2.0020020020020022       -1.6767977272205432E-003  -1.5723680475845747E-003
   2.0060060060060061       -5.1558393653196232E-003  -4.7170885930322625E-003
   2.0100100100100100       -8.6376290256720955E-003  -7.8617624894681600E-003
   2.0140140140140139       -1.2116416923552311E-002  -1.1006358638064406E-002
   2.0180180180180178       -1.5597616364361105E-002  -1.4150845940762012E-002
   2.0220220220220222       -1.9075886343334160E-002  -1.7295193300577522E-002
   2.0260260260260261       -2.2556298500531795E-002  -2.0439369621911417E-002
   2.0300300300300300       -2.6033870382555970E-002  -2.3583343810856538E-002
   2.0340340340340339       -2.9513328525408909E-002  -2.6727084775504683E-002
   2.0380380380380378       -3.2990030010179743E-002  -2.9870561426253207E-002
   2.0420420420420422       -3.6468368702517337E-002  -3.3013742676113789E-002
   2.0460460460460461       -3.9944026669267413E-002  -3.6156597441019026E-002
   2.0500500500500500       -4.3421079588363692E-002  -3.9299094640131087E-002
   2.0540540540540539       -4.6895519770514760E-002  -4.2441203196148275E-002
   2.0580580580580579       -5.0371119674038692E-002  -4.5582892035610979E-002
   2.0620620620620622       -5.3844166787632805E-002  -4.8724130089212093E-002
   2.0660660660660661       -5.7318145566687941E-002  -5.1864886292100738E-002
   2.0700700700700700       -6.0789623442257017E-002  -5.5005129584192979E-002
   2.0740740740740740       -6.4261812175992208E-002  -5.8144828910475933E-002
   2.0780780780780779       -6.7731543880660078E-002  -6.1283953221315746E-002
   2.0820820820820822       -7.1201772890528148E-002  -6.4422471472768209E-002
   2.0860860860860861       -7.4669580840717176E-002  -6.7560352626878220E-002
   2.0900900900900901       -7.8137679744385471E-002  -7.0697565651994698E-002
   2.0940940940940940       -8.1603385809746562E-002  -7.3834079523071736E-002
   2.0980980980980979       -8.5069183574658772E-002  -7.6969863221978935E-002
   2.1021021021021022       -8.8532609173829657E-002  -8.0104885737806844E-002
   2.1061061061061062       -9.1995934170398475E-002  -8.3239116067172741E-002
   2.1101101101101101       -9.5456900359182903E-002  -8.6372523214528554E-002
   2.1141141141141140       -9.8917580413571835E-002  -8.9505076192466101E-002
   2.1181181181181179      -0.10237590796610462       -9.2636744022027012E-002
   2.1221221221221223      -0.10583377041254276       -9.5767495733003860E-002
   2.1261261261261262      -0.10928927989599271       -9.8897300364249888E-002
   2.1301301301301301      -0.11274415162856324      -0.10202612696398396     
   2.1341341341341340      -0.11619666347189037      -0.10515394459009790     
   2.1381381381381384      -0.11964837099571760      -0.10828072231046167     
   2.1421421421421423      -0.12309770555298345      -0.11140642920322831     
   2.1461461461461462      -0.12654607503475435      -0.11453103435714115     
   2.1501501501501501      -0.12999205264345390      -0.11765450687183812     
   2.1541541541541540      -0.13343690996119592      -0.12077681585816090     
   2.1581581581581584      -0.13687935099604848      -0.12389793043845504     
   2.1621621621621623      -0.14032052178810100      -0.12701781974687892     
   2.1661661661661662      -0.14375924671071905      -0.13013645292970763     
   2.1701701701701701      -0.14719655642382853      -0.13325379914563942     
   2.1741741741741740      -0.15063138582864288      -0.13636982756609983     
   2.1781781781781784      -0.15406465976512559      -0.13948450737554569     
   2.1821821821821823      -0.15749541442193168      -0.14259780777177072     
   2.1861861861861862      -0.16092447778584826      -0.14570969796621108     
   2.1901901901901901      -0.16435097867929854      -0.14882014718424885     
   2.1941941941941940      -0.16777565662159327      -0.15192912466551567     
   2.1981981981981984      -0.17119772498794666      -0.15503659966419808     
   2.2022022022022023      -0.17461784265051317      -0.15814254144934084     
   2.2062062062062062      -0.17803530001191734      -0.16124691930515206     
   2.2102102102102101      -0.18145068257055369      -0.16434970253130612     
   2.2142142142142140      -0.18486335076712060      -0.16745086044324597     
   2.2182182182182184      -0.18827382347335364      -0.17055036237248966     
   2.2222222222222223      -0.19168152469325975      -0.17364817766693005     
   2.2262262262262262      -0.19508691291501526      -0.17674427569114157     
   2.2302302302302301      -0.19848946972283898      -0.17983862582667995     
   2.2342342342342341      -0.20188959898394801      -0.18293119747238654     
   2.2382382382382384      -0.20528683434743794      -0.18602196004469207     
   2.2422422422422423      -0.20868153036597228      -0.18911088297791614     
   2.2462462462462462      -0.21207326768141752      -0.19219793572457292     
   2.2502502502502502      -0.21546235640685685      -0.19528308775566983     
   2.2542542542542541      -0.21884841952321665      -0.19836630856101248     
   2.2582582582582584      -0.22223172717245082      -0.20144756764950500     
   2.2622622622622623      -0.22561194041438090      -0.20452683454945086     
   2.2662662662662663      -0.22898929350656086      -0.20760407880885542     
   2.2702702702702702      -0.23236348169646143      -0.21067926999572584     
   2.2742742742742741      -0.23573470708671090      -0.21375237769837538     
   2.2782782782782784      -0.23910269556590447      -0.21682337152571909     
   2.2822822822822824      -0.24246762047791659      -0.21989222110757778     
   2.2862862862862863      -0.24582923512705709      -0.22295889609497704     
   2.2902902902902902      -0.24918768718459311      -0.22602336616044871     
   2.2942942942942941      -0.25254275444338492      -0.22908560099832984     
   2.2982982982982985      -0.25589456170070574      -0.23214557032506164     
   2.3023023023023024      -0.25924290858701537      -0.23520324387949024     
   2.3063063063063063      -0.26258789955827250      -0.23825859142316458     
   2.3103103103103102      -0.26592935368669002      -0.24131158274063905     
   2.3143143143143141      -0.26926735737430413      -0.24436218763976694     
   2.3183183183183185      -0.27260174697421835      -0.24741037595200260     
   2.3223223223223224      -0.27593259289628203      -0.25045611753269847     
   2.3263263263263263      -0.27925974682951260      -0.25349938226140445     
   2.3303303303303302      -0.28258326504624470      -0.25654014004216497     
   2.3343343343343341      -0.28590301282427771      -0.25957836080381524     
   2.3383383383383385      -0.28921903396356791      -0.26261401450028221     
   2.3423423423423424      -0.29253120576442693      -0.26564707111087593     
   2.3463463463463463      -0.29583956104650211      -0.26867750064059437     
   2.3503503503503502      -0.29914398773128698      -0.27170527312041259     
   2.3543543543543541      -0.30244450899253422      -0.27473035860758266     
   2.3583583583583585      -0.30574102212165333      -0.27775272718593058     
   2.3623623623623624      -0.30903354183763432      -0.28077234896614911     
   2.3663663663663663      -0.31232197368675085      -0.28378919408609682     
   2.3703703703703702      -0.31560632499444125      -0.28680323271108998     
   2.3743743743743742      -0.31888650857015116      -0.28981443503420068     
   2.3783783783783785      -0.32216252528943801      -0.29282277127655010     
   2.3823823823823824      -0.32543429434469417      -0.29582821168760237     
   2.3863863863863863      -0.32870181099916607      -0.29883072654545989     
   2.3903903903903903      -0.33196500004846147      -0.30183028615715662     
   2.3943943943943946      -0.33522385188551712      -0.30482686085895327     
   2.3983983983983985      -0.33847829621983366      -0.30782042101662760     
   2.4024024024024024      -0.34172831923014790      -0.31081093702577117     
   2.4064064064064064      -0.34497385493168159      -0.31379837931207849     
   2.4104104104104103      -0.34821488586805244      -0.31678271833164234     
   2.4144144144144146      -0.35145134982471771      -0.31976392457124503     
   2.4184184184184185      -0.35468322622032394      -0.32274196854864923     
   2.4224224224224224      -0.35791045614004346      -0.32571682081289072     
   2.4264264264264264      -0.36113301632614009      -0.32868845194456880     
   2.4304304304304303      -0.36435085075092039      -0.33165683255613876     
   2.4344344344344346      -0.36756393387399872      -0.33462193329220136     
   2.4384384384384385      -0.37077221219379669      -0.33758372482979238     
   2.4424424424424425      -0.37397565823223339      -0.34054217787867352     
   2.4464464464464464      -0.37717422069861262      -0.34349726318162288     
   2.4504504504504503      -0.38036787047882614      -0.34644895151472338     
   2.4544544544544546      -0.38355655821840645      -0.34939721368765092     
   2.4584584584584586      -0.38674025343055141      -0.35234202054396457     
   2.4624624624624625      -0.38991890845824662      -0.35528334296139358     
   2.4664664664664664      -0.39309249167145743      -0.35822115185212722     
   2.4704704704704703      -0.39626095690350571      -0.36115541816310109     
   2.4744744744744747      -0.39942427158071692      -0.36408611287628395     
   2.4784784784784786      -0.40258239084750380      -0.36701320700896528     
   2.4824824824824825      -0.40573528135985637      -0.36993667161404292     
   2.4864864864864864      -0.40888289941852396      -0.37285647778030850     
   2.4904904904904903      -0.41202521105938278      -0.37577259663273233     
   2.4944944944944947      -0.41516217360623098      -0.37868499933275035     
   2.4984984984984986      -0.41829375260482299      -0.38159365707854853     
   2.5025025025025025      -0.42141990628749654      -0.38449854110534887     
   2.5065065065065064      -0.42454059982218617      -0.38739962268569306     
   2.5105105105105103      -0.42765579225165007      -0.39029687312972527     
   2.5145145145145147      -0.43076544846286818      -0.39319026378547894     
   2.5185185185185186      -0.43386952822516928      -0.39607976603915657     
   2.5225225225225225      -0.43696799622800048      -0.39896535131541627     
   2.5265265265265264      -0.44006081289581389      -0.40184699107765126     
   2.5305305305305303      -0.44314794279226233      -0.40472465682827302     
   2.5345345345345347      -0.44622934693622152      -0.40759832010899633     
   2.5385385385385386      -0.44930498982715922      -0.41046795250111373     
   2.5425425425425425      -0.45237483302697212      -0.41333352562578402     
   2.5465465465465464      -0.45543884102378418      -0.41619501114430751     
   2.5505505505505504      -0.45849697587912852      -0.41905238075840956     
   2.5545545545545547      -0.46154920211505923      -0.42190560621051959     
   2.5585585585585586      -0.46459548225626557      -0.42475465928404776     
   2.5625625625625625      -0.46763578089747837      -0.42759951180366890     
   2.5665665665665665      -0.47067006099598946      -0.43044013563559802     
   2.5705705705705704      -0.47369828725234575      -0.43327650268786827     
   2.5745745745745747      -0.47672042303096124      -0.43610858491061100     
   2.5785785785785786      -0.47973643316652526      -0.43893635429633066     
   2.5825825825825826      -0.48274628140942782      -0.44175978288018303     
   2.5865865865865865      -0.48574993275270273      -0.44457884274025233     
   2.5905905905905904      -0.48874735131526287      -0.44739350599782673     
   2.5945945945945947      -0.49173850226916727      -0.45020374481767333     
   2.5985985985985987      -0.49472335008753282      -0.45300953140831385     
   2.6026026026026026      -0.49770186013911838      -0.45581083802230121     
   2.6066066066066065      -0.50067399723958350      -0.45860763695649065     
   2.6106106106106104      -0.50363972696950265      -0.46139990055231678     
   2.6146146146146148      -0.50659901447765865      -0.46418760119606622     
   2.6186186186186187      -0.50955182556938394      -0.46697071131914791     
   2.6226226226226226      -0.51249812571905351      -0.46974920339837051     
   2.6266266266266265      -0.51543788096785315      -0.47252304995621180     
   2.6306306306306309      -0.51837105710980413      -0.47529222356109002     
   2.6346346346346348      -0.52129762043148120      -0.47805669682763591     
   2.6386386386386387      -0.52421753704192631      -0.48081644241696481     
   2.6426426426426426      -0.52713077348131721      -0.48357143303694416     
   2.6466466466466465      -0.53003729617019590      -0.48632164144246637     
   2.6506506506506509      -0.53293707190943884      -0.48906704043571703     
   2.6546546546546548      -0.53583006742848294      -0.49180760286644165     
   2.6586586586586587      -0.53871624979505750      -0.49454330163221849     
   2.6626626626626626      -0.54159558604564173      -0.49727410967872404     
   2.6666666666666665      -0.54446804352017841      -0.49999999999999972     
   2.6706706706706709      -0.54733358956095657      -0.50272094563872161     
   2.6746746746746748      -0.55019219178482337      -0.50543691968646454     
   2.6786786786786787      -0.55304381783915124      -0.50814789528396909     
   2.6826826826826826      -0.55588843562181856      -0.51085384562140823     
   2.6866866866866865      -0.55872601308496417      -0.51355474393865141     
   2.6906906906906909      -0.56155651841114873      -0.51625056352552878     
   2.6946946946946948      -0.56437991985729086      -0.51894127772209564     
   2.6986986986986987      -0.56719618589388121      -0.52162685991889768     
   2.7027027027027026      -0.57000528508289738      -0.52430728355723144     
   2.7067067067067065      -0.57280718618566762      -0.52698252212940910     
   2.7107107107107109      -0.57560185806971143      -0.52965254917902060     
   2.7147147147147148      -0.57838926978981686      -0.53231733830119188     
   2.7187187187187187      -0.58116939051968852      -0.53497686314285131     
   2.7227227227227226      -0.58394218960995192      -0.53763109740298709     
   2.7267267267267266      -0.58670763654126235      -0.54028001483290666     
   2.7307307307307309      -0.58946570096224982      -0.54292358923649919     
   2.7347347347347348      -0.59221635266137573      -0.54556179447049191     
   2.7387387387387387      -0.59495956158726582      -0.54819460444470958     
   2.7427427427427427      -0.59769529783710351      -0.55082199312233360     
   2.7467467467467466      -0.60042353166134887      -0.55344393452015828     
   2.7507507507507509      -0.60314423346686252      -0.55606040270884749     
   2.7547547547547548      -0.60585737380764881      -0.55867137181319182     
   2.7587587587587588      -0.60856292340122009      -0.56127681601236501     
   2.7627627627627627      -0.61126085310672007      -0.56387670954017755     
   2.7667667667667666      -0.61395113395329448      -0.56647102668533345     
   2.7707707707707709      -0.61663373710672409      -0.56905974179168384     
   2.7747747747747749      -0.61930863390876079      -0.57164282925847854     
   2.7787787787787788      -0.62197579583323759      -0.57422026354062317     
   2.7827827827827827      -0.62463519453546146      -0.57679201914892952     
   2.7867867867867866      -0.62728680179866125      -0.57935807065036660     
   2.7907907907907910      -0.62993058959262072      -0.58191839266831491     
   2.7947947947947949      -0.63256653001124408      -0.58447295988281489     
   2.7987987987987988      -0.63519459533967426      -0.58702174703081833     
   2.8028028028028027      -0.63781475798372012      -0.58956472890643896     
   2.8068068068068066      -0.64042699054471552      -0.59210188036120082     
   2.8108108108108110      -0.64303126574155944      -0.59463317630428647     
   2.8148148148148149      -0.64562755649255599      -0.59715859170278585     
   2.8188188188188188      -0.64821583583084597      -0.59967810158194468     
   2.8228228228228227      -0.65079607699241704      -0.60219168102540921     
   2.8268268268268266      -0.65336825332577675      -0.60469930517547521     
   2.8308308308308310      -0.65593233838524279      -0.60720094923333168     
   2.8348348348348349      -0.65848830583579609      -0.60969658845930674     
   2.8388388388388388      -0.66103612955064950      -0.61218619817311326     
   2.8428428428428427      -0.66357578351235702      -0.61466975375409216     
   2.8468468468468466      -0.66610724191350978      -0.61714723064145482     
   2.8508508508508510      -0.66863047905532946      -0.61961860433452842     
   2.8548548548548549      -0.67114546945017850      -0.62208385039299596     
   2.8588588588588588      -0.67365218771904867      -0.62454294443713865     
   2.8628628628628627      -0.67615060869436572      -0.62699586214807834     
   2.8668668668668666      -0.67864070731801129      -0.62944257926801550     
   2.8708708708708710      -0.68112245874266142      -0.63188307160047208     
   2.8748748748748749      -0.68359583823222947      -0.63431731501052735     
   2.8788788788788788      -0.68606082125971424      -0.63674528542506048     
   2.8828828828828827      -0.68851738341223911      -0.63916695883298458     
   2.8868868868868871      -0.69096550048307659      -0.64158231128548815     
   2.8908908908908910      -0.69340514838377987      -0.64399131889626826     
   2.8948948948948949      -0.69583630322771506      -0.64639395784176901     
   2.8988988988988988      -0.69825894125213794      -0.64879020436141721     
   2.9029029029029028      -0.70067303889019317      -0.65118003475785557     
   2.9069069069069071      -0.70307857270617280      -0.65356342539717915     
   2.9109109109109110      -0.70547551945254106      -0.65594035270916740     
   2.9149149149149149      -0.70786385602202517      -0.65831079318751873     
   2.9189189189189189      -0.71024355948580076      -0.66067472339008115     
   2.9229229229229228      -0.71261460706651136      -0.66303211993908662     
   2.9269269269269271      -0.71497697615327527      -0.66538295952137938     
   2.9309309309309310      -0.71733064430021742      -0.66772721888864839     
   2.9349349349349350      -0.71967558921347097      -0.67006487485765742     
   2.9389389389389389      -0.72201178878029815      -0.67239590431047236     
   2.9429429429429428      -0.72433922102275095      -0.67472028419469232     
   2.9469469469469471      -0.72665786416298350      -0.67703799152367616     
   2.9509509509509511      -0.72896769653770277      -0.67934900337676973     
   2.9549549549549550      -0.73126869670580730      -0.68165329689953269     
   2.9589589589589589      -0.73356084331722848      -0.68395084930396566     
   2.9629629629629628      -0.73584411526955973      -0.68624163786873338     
   2.9669669669669672      -0.73811849152436404      -0.68852563993939209     
   2.9709709709709711      -0.74038395131997892      -0.69080283292861111     
   2.9749749749749750      -0.74264047392784549      -0.69307319431639702     
   2.9789789789789789      -0.74488803892918443      -0.69533670165031769     
   2.9829829829829828      -0.74712662590341694      -0.69759333254572287     
   2.9869869869869872      -0.74935621477686565      -0.69984306468596547     
   2.9909909909909911      -0.75157678543490103      -0.70208587582262250     
   2.9949949949949950      -0.75378831815123026      -0.70432174377571644     
   2.9989989989989989      -0.75599079311503625      -0.70655064643393228     
   3.0030030030030028      -0.75818419094973233      -0.70877256175483805     
   3.0070070070070072      -0.76036849214609348      -0.71098746776510247     
   3.0110110110110111      -0.76254367767957720      -0.71319534256071015     
   3.0150150150150150      -0.76470972834028239      -0.71539616430718178     
   3.0190190190190189      -0.76686662545802264      -0.71758991123978788     
   3.0230230230230228      -0.76901435011995667      -0.71977656166376336     
   3.0270270270270272      -0.77115288401249316      -0.72195609395452442     
   3.0310310310310311      -0.77328220851763740      -0.72412848655788031     
   3.0350350350350350      -0.77540230568050195      -0.72629371799024711     
   3.0390390390390389      -0.77751315717585245      -0.72845176683886070     
   3.0430430430430429      -0.77961474540941478      -0.73060261176198871     
   3.0470470470470472      -0.78170705234682347      -0.73274623148913987     
   3.0510510510510511      -0.78379006075604818      -0.73488260482127588     
   3.0550550550550550      -0.78586375289199728      -0.73701171063102133     
   3.0590590590590589      -0.78792811188613510      -0.73913352786287101     
   3.0630630630630629      -0.78998312028144846      -0.74124803553339991     
   3.0670670670670672      -0.79202876157365720      -0.74335521273147032     
   3.0710710710710711      -0.79406501859315792      -0.74545503861843621     
   3.0750750750750750      -0.79609187520006863      -0.74754749242835339     
   3.0790790790790790      -0.79810931451219169      -0.74963255346818258     
   3.0830830830830829      -0.80011732075342290      -0.75171020111799314     
   3.0870870870870872      -0.80211587732979173      -0.75378041483116953     
   3.0910910910910911      -0.80410496882742233      -0.75584317413461222     
   3.0950950950950951      -0.80608457894239793      -0.75789845862894101     
   3.0990990990990990      -0.80805469262040852      -0.75994624798869759     
   3.1031031031031029      -0.81001529385061577      -0.76198652196254535     
   3.1071071071071072      -0.81196636793430399      -0.76401926037346968     
   3.1111111111111112      -0.81390789915815465      -0.76604444311897801     
   3.1151151151151151      -0.81583987317354123      -0.76806205017129969     
   3.1191191191191190      -0.81776227457075279      -0.77007206157758090     
   3.1231231231231229      -0.81967508934398181      -0.77207445746008596     
   3.1271271271271273      -0.82157830239511187      -0.77406921801639050     
   3.1311311311311312      -0.82347190005186444      -0.77605632351957909     
   3.1351351351351351      -0.82535586753786128      -0.77803575431843974     
   3.1391391391391390      -0.82723019150278609      -0.78000749083765863     
   3.1431431431431434      -0.82909485750457668      -0.78197151357801342     
   3.1471471471471473      -0.83094985250076048      -0.78392780311656574     
   3.1511511511511512      -0.83279516239887807      -0.78587634010685492     
   3.1551551551551551      -0.83463077444736600      -0.78781710527908644     
   3.1591591591591590      -0.83645667492163556      -0.78975007944032583     
   3.1631631631631634      -0.83827285134101348      -0.79167524347468532     
   3.1671671671671673      -0.84007929037030293      -0.79359257834351493     
   3.1711711711711712      -0.84187597977636675      -0.79550206508559018     
   3.1751751751751751      -0.84366290663841559      -0.79740368481729929     
   3.1791791791791790      -0.84544005894393548      -0.79929741873283011     
   3.1831831831831834      -0.84720742421527528      -0.80118324810435748     
   3.1871871871871873      -0.84896499062988606      -0.80306115428222580     
   3.1911911911911912      -0.85071274618586679      -0.80493111869513456     
   3.1951951951951951      -0.85245067921609718      -0.80679312285032412     
   3.1991991991991990      -0.85417877823102184      -0.80864714833375495     
   3.2032032032032034      -0.85589703168048814      -0.81049317681029209     
   3.2072072072072073      -0.85760542862788358      -0.81233119002388610     
   3.2112112112112112      -0.85930395759767086      -0.81416116979775310     
   3.2152152152152151      -0.86099260825069635      -0.81598309803455449     
   3.2192192192192191      -0.86267136913995823      -0.81779695671657726     
   3.2232232232232234      -0.86434023057196951      -0.81960272790591171     
   3.2272272272272273      -0.86599918107877294      -0.82140039374462503     
   3.2312312312312312      -0.86764821166405415      -0.82318993645494509     
   3.2352352352352352      -0.86928731078649402      -0.82497133833943015     
   3.2392392392392391      -0.87091647020117113      -0.82674458178114651     
   3.2432432432432434      -0.87253567823879952      -0.82850964924384241     
   3.2472472472472473      -0.87414492746195249      -0.83026652327212114     
   3.2512512512512513      -0.87574420601754399      -0.83201518649161355     
   3.2552552552552552      -0.87733350733252935      -0.83375562160915107     
   3.2592592592592591      -0.87891281931422804      -0.83548781141293604     
   3.2632632632632634      -0.88048213631023187      -0.83721173877271049     
   3.2672672672672673      -0.88204144593412115      -0.83892738663992716     
   3.2712712712712713      -0.88359074350795197      -0.84063473804791811     
   3.2752752752752752      -0.88513001630107613      -0.84233377611206173     
   3.2792792792792791      -0.88665926065922807      -0.84402448402995045     
   3.2832832832832834      -0.88817846346311990      -0.84570684508155636     
   3.2872872872872874      -0.88968762212411878      -0.84738084262939606     
   3.2912912912912913      -0.89118672309886782      -0.84904646011869733     
   3.2952952952952952      -0.89267576489592804      -0.85070368107756111     
   3.2992992992992991      -0.89415473352484343      -0.85235248911712369     
   3.3033033033033035      -0.89562362860886291      -0.85399286793172058     
   3.3073073073073074      -0.89708243570376256      -0.85562480129904661     
   3.3113113113113113      -0.89853115554668384      -0.85724827308031681     
   3.3153153153153152      -0.89996977325386407      -0.85886326722042616     
   3.3193193193193191      -0.90139829065244692      -0.86046976774810746     
   3.3233233233233235      -0.90281669245936902      -0.86206775877609132     
   3.3273273273273274      -0.90422498153941411      -0.86365722450126015     
   3.3313313313313313      -0.90562314228215146      -0.86523814920480790     
   3.3353353353353352      -0.90701117850322410      -0.86681051725239255     
   3.3393393393393391      -0.90838907437470029      -0.86837431309429247     
   3.3433433433433435      -0.90975683453543066      -0.86992952126555956     
   3.3473473473473474      -0.91111444309448031      -0.87147612638617244     
   3.3513513513513513      -0.91246190533849558      -0.87301411316118827     
   3.3553553553553552      -0.91379920551977678      -0.87454346638089397     
   3.3593593593593591      -0.91512634934237602      -0.87606417092095756     
   3.3633633633633635      -0.91644332146713914      -0.87757621174257716     
   3.3673673673673674      -0.91775012772279763      -0.87907957389262847     
   3.3713713713713713      -0.91904675351051945      -0.88057424250381433     
   3.3753753753753752      -0.92033320442136068      -0.88206020279481123     
   3.3793793793793796      -0.92160946700222712      -0.88353744007041513     
   3.3833833833833835      -0.92287554616760759      -0.88500593972168740     
   3.3873873873873874      -0.92413143009582444      -0.88646568722609875     
   3.3913913913913913      -0.92537712250319260      -0.88791666814767278     
   3.3953953953953953      -0.92661261377107562      -0.88935886813712972     
   3.3993993993993996      -0.92783790580832315      -0.89079227293202790     
   3.4034034034034035      -0.92905299186110413      -0.89221686835690339     
   3.4074074074074074      -0.93025787133062565      -0.89363264032341194     
   3.4114114114114114      -0.93145254108187781      -0.89503957483046781     
   3.4154154154154153      -0.93263699721660298      -0.89643765796438168     
   3.4194194194194196      -0.93381124106418689      -0.89782687589899912     
   3.4234234234234235      -0.93497526454589386      -0.89920721489583688     
   3.4274274274274275      -0.93612907438827042      -0.90057866130421815     
   3.4314314314314314      -0.93727265736850551      -0.90194120156140900     
   3.4354354354354353      -0.93840602662126205      -0.90329482219275192     
   3.4394394394394396      -0.93952916274524123      -0.90463950981179775     
   3.4434434434434436      -0.94064208635763391      -0.90597525112043964     
   3.4474474474474475      -0.94174477079153118      -0.90730203290904421     
   3.4514514514514514      -0.94283724526283508      -0.90861984205658186     
   3.4554554554554553      -0.94391947472489923      -0.90992866553075646     
   3.4594594594594597      -0.94499149812033933      -0.91122849038813580     
   3.4634634634634636      -0.94605327091630553      -0.91251930377427593     
   3.4674674674674675      -0.94710484288232877      -0.91380109292385281     
   3.4714714714714714      -0.94814615894559928      -0.91507384516078560     
   3.4754754754754753      -0.94917728072425689      -0.91633754789836286     
   3.4794794794794797      -0.95019814166135563      -0.91759218863936631     
   3.4834834834834836      -0.95120881610357089      -0.91883775497619591     
   3.4874874874874875      -0.95220922524533425      -0.92007423459099136     
   3.4914914914914914      -0.95319945682288520      -0.92130161525575383     
   3.4954954954954953      -0.95417941928183714      -0.92251988483246850     
   3.4994994994994997      -0.95514921409794518      -0.92372903127322248     
   3.5035035035035036      -0.95610873683222919      -0.92492904262032472     
   3.5075075075075075      -0.95705810263073887      -0.92611990700642566     
   3.5115115115115114      -0.95799719451488474      -0.92730161265463207     
   3.5155155155155153      -0.95892614068817028      -0.92847414787862559     
   3.5195195195195197      -0.95984481259081567      -0.92963750108277710     
   3.5235235235235236      -0.96075335018674379      -0.93079166076226205     
   3.5275275275275275      -0.96165161505523411      -0.93193661550317375     
   3.5315315315315314      -0.96253975678377823      -0.93307235398263721     
   3.5355355355355353      -0.96341762973529377      -0.93419886496891946     
   3.5395395395395397      -0.96428538997570590      -0.93531613732154262     
   3.5435435435435436      -0.96514288839422002      -0.93642415999139206     
   3.5475475475475475      -0.96599028320410463      -0.93752292202082732     
   3.5515515515515514      -0.96682742684204237      -0.93861241254378924     
   3.5555555555555554      -0.96765447397016835      -0.93969262078590843     
   3.5595595595595597      -0.96847128505308611      -0.94076353606461116     
   3.5635635635635636      -0.96927800395840402      -0.94182514778922477     
   3.5675675675675675      -0.97007450729039624      -0.94287744546108421     
   3.5715715715715715      -0.97086091917043904      -0.94392041867363274     
   3.5755755755755754      -0.97163714223718656      -0.94495405711252811     
   3.5795795795795797      -0.97240327006989902      -0.94597835055574231     
   3.5835835835835836      -0.97315924313543212      -0.94699328887366330     
   3.5875875875875876      -0.97390511173941818      -0.94799886202919548     
   3.5915915915915915      -0.97464086793164650      -0.94899506007785894     
   3.5955955955955954      -0.97536650405092051      -0.94998187316788696     
   3.5995995995995997      -0.97608207942991831      -0.95095929154032532     
   3.6036036036036037      -0.97678751185040558      -0.95192730552912663     
   3.6076076076076076      -0.97748294545226277      -0.95288590556124664     
   3.6116116116116115      -0.97816820515851488      -0.95383508215674029     
   3.6156156156156154      -0.97884353900635457      -0.95477482592885354     
   3.6196196196196198      -0.97950865938820852      -0.95570512758411708     
   3.6236236236236237      -0.98016393846080452      -0.95662597792243798     
   3.6276276276276276      -0.98080895558088999      -0.95753736783719101     
   3.6316316316316315      -0.98144422772822904      -0.95843928831530878     
   3.6356356356356359      -0.98206918066223525      -0.95933173043737030     
   3.6396396396396398      -0.98268449645654732      -0.96021468537768961     
   3.6436436436436437      -0.98328942771889993      -0.96108814440440271     
   3.6476476476476476      -0.98388484022920564      -0.96195209887955480     
   3.6516516516516515      -0.98446979629701981      -0.96280654025918444     
   3.6556556556556559      -0.98504536077541460      -0.96365146009340885     
   3.6596596596596598      -0.98561039272311024      -0.96448685002650714     
   3.6636636636636637      -0.98616616619199893      -0.96531270179700357     
   3.6676676676676676      -0.98671133044746417      -0.96612900723774797     
   3.6716716716716715      -0.98724737117917472      -0.96693575827599820     
   3.6756756756756759      -0.98777273040944547      -0.96773294693349898     
   3.6796796796796798      -0.98828909729347336      -0.96852056532655983     
   3.6836836836836837      -0.98879472142318969      -0.96929860566613557     
   3.6876876876876876      -0.98929147322224975      -0.97006706025790090     
   3.6916916916916915      -0.98977744058098549      -0.97082592150232783     
   3.6956956956956959      -0.99025463508564360      -0.97157518189476044     
   3.6996996996996998      -0.99072103367013054      -0.97231483402548924     
   3.7037037037037037      -0.99117872677377861      -0.97304487057982392     
   3.7077077077077076      -0.99162565559713978      -0.97376528433816678     
   3.7117117117117115      -0.99206390032914971      -0.97447606817608323     
   3.7157157157157159      -0.99249147081091604      -0.97517721506437227     
   3.7197197197197198      -0.99291031638686578      -0.97586871806913611     
   3.7237237237237237      -0.99331865371378325      -0.97655057035184933     
   3.7277277277277276      -0.99371814468845499      -0.97722276516942586     
   3.7317317317317316      -0.99410738904614027      -0.97788529587428519     
   3.7357357357357359      -0.99448756468850097      -0.97853815591441973     
   3.7397397397397398      -0.99485787222699684      -0.97918133883345804     
   3.7437437437437437      -0.99521876627719230      -0.97981483827072935     
   3.7477477477477477      -0.99557030962887716      -0.98043864796132674     
   3.7517517517517516      -0.99591195064591909      -0.98105276173616807     
   3.7557557557557559      -0.99624491876170740      -0.98165717352205806     
   3.7597597597597598      -0.99656733132708442      -0.98225187734174813     
   3.7637637637637638      -0.99688192833669675      -0.98283686731399489     
   3.7677677677677677      -0.99718513544281495      -0.98341213765361879     
   3.7717717717717716      -0.99748157817832495      -0.98397768267156138     
   3.7757757757757759      -0.99776560519973934      -0.98453349677494195     
   3.7797797797797799      -0.99804411895117351      -0.98507957446711136     
   3.7837837837837838      -0.99830899966755748      -0.98561591034770824     
   3.7877877877877877      -0.99856981166949621      -0.98614249911271146     
   3.7917917917917916      -0.99881559687635968      -0.98665933555449192     
   3.7957957957957960      -0.99905892696267706      -0.98716641456186571     
   3.7997997997997999      -0.99928569625987196      -0.98766373112014327     
   3.8038038038038038      -0.99951174408123789      -0.98815128031117960     
   3.8078078078078077      -0.99971962145646998      -0.98862905731342254     
   3.8118118118118116      -0.99992854964868838      -0.98909705740196108     
   3.8158158158158160       -1.0001177234534127      -0.98955527594857173     
   3.8198198198198199       -1.0003096361983232      -0.99000370842176366     
   3.8238238238238238       -1.0004803840178271      -0.99044235038682449     
   3.8278278278278277       -1.0006553005863492      -0.99087119750586350     
   3.8318318318318316       -1.0008080192942164      -0.99129024553785516     
   3.8358358358358360       -1.0009658424506618      -0.99169949033868066     
   3.8398398398398399       -1.0011010833544793      -0.99209892786116838     
   3.8438438438438438       -1.0012415629975422      -0.99248855415513493     
   3.8478478478478477       -1.0013600713519080      -0.99286836536742351     
   3.8518518518518516       -1.0014827645589874      -0.99323835774194280     
   3.8558558558558560       -1.0015855217410363      -0.99359852761970280     
   3.8598598598598599       -1.0016897515874028      -0.99394887143885202     
   3.8638638638638638       -1.0017780167622867      -0.99428938573471282     
   3.8678678678678677       -1.0018628340630302      -0.99462006713981466     
   3.8718718718718717       -1.0019381800301341      -0.99494091238392857     
   3.8758758758758760       -1.0020023347098017      -0.99525191829409909     
   3.8798798798798799       -1.0020666695753240      -0.99555308179467450     
   3.8838838838838838       -1.0021086019822227      -0.99584439990733942     
   3.8878878878878878       -1.0021641640360965      -0.99612586975114281     
   3.8918918918918921       -1.0021820315439094      -0.99639748854252641     
   3.8958958958958960       -1.0022313388201309      -0.99665925359535279     
   3.8998998998998999       -1.0022230999644786      -0.99691116232093191     
   3.9039039039039038       -1.0022688279040988      -0.99715321222804643     
   3.9079079079079078       -1.0022324156878224      -0.99738540092297623     
   3.9119119119119121       -1.0022771654203120      -0.99760772610952264     
   3.9159159159159160       -1.0022107940955578      -0.99782018558903074     
   3.9199199199199199       -1.0022566901898968      -0.99802277726041111     
   3.9239239239239239       -1.0021593743058068      -0.99821549912016083     
   3.9279279279279278       -1.0022074267525383      -0.99839834926238302     
   3.9319319319319321       -1.0020797603500715      -0.99857132587880604     
   3.9359359359359360       -1.0021289311947832      -0.99873442725880057     
   3.9399399399399400       -1.0019742032341945      -0.99888765178939798     
   3.9439439439439439       -1.0020200781488453      -0.99903099795530448     
   3.9479479479479478       -1.0018458519361599      -0.99916446433891781     
   3.9519519519519521       -1.0018787747576723      -0.99928804962034024     
   3.9559559559559561       -1.0016990893422166      -0.99940175257739150     
   3.9599599599599600       -1.0017015766919772      -0.99950557208562174     
   3.9639639639639639       -1.0015399820829658      -0.99959950711832180     
   3.9679679679679678       -1.0014831730173384      -0.99968355674653397     
   3.9719719719719722       -1.0013768818386368      -0.99975772013906072     
   3.9759759759759761       -1.0012156967896555      -0.99982199656247328     
   3.9799799799799800       -1.0012212255653810      -0.99987638538111856     
   3.9839839839839839       -1.0008878069044620      -0.99992088605712559     
   3.9879879879879878       -1.0010885936953413      -0.99995549815041107     
   3.9919919919919922       -1.0004834798642745      -0.99998022131868336     
   3.9959959959959961       -1.0010007103655481      -0.99999505531744570     
   4.0000000000000000       -1.0000000000000000       -1.0000000000000000     
