   0.0000000000000000        1.0000000000000000       0.99999999999999989     
   4.0040040040040040E-003  0.99986682691328155       0.99999505531744592     
   8.0080080080080079E-003  0.99999903280707758       0.99998022131868325     
   1.2012012012012012E-002  0.99987527467146209       0.99995549815041107     
   1.6016016016016016E-002  0.99993441495226332       0.99992088605712559     
   2.0020020020020020E-002  0.99987013195124907       0.99987638538111856     
   2.4024024024024024E-002  0.99988252884375284       0.99982199656247328     
   2.8028028028028028E-002  0.99986237059753902       0.99975772013906072     
   3.2032032032032032E-002  0.99984739787129007       0.99968355674653397     
   3.6036036036036036E-002  0.99985319080719537       0.99959950711832180     
   4.0040040040040040E-002  0.99982731162318439       0.99950557208562174     
   4.4044044044044044E-002  0.99984504393736795       0.99940175257739161     
   4.8048048048048048E-002  0.99981997928861188       0.99928804962034012     
   5.2052052052052052E-002  0.99984039405969660       0.99916446433891792     
   5.6056056056056056E-002  0.99982306090739126       0.99903099795530459     
   6.0060060060060060E-002  0.99984145078019515       0.99888765178939798     
   6.4064064064064064E-002  0.99983453143355383       0.99873442725880068     
   6.8068068068068074E-002  0.99984980667165768       0.99857132587880615     
   7.2072072072072071E-002  0.99985298565755520       0.99839834926238324     
   7.6076076076076082E-002  0.99986626108285093       0.99821549912016094     
   8.0080080080080079E-002  0.99987767840107167       0.99802277726041122     
   8.4084084084084090E-002  0.99989090713651119       0.99782018558903074     
   8.8088088088088087E-002  0.99990835048501037       0.99760772610952264     
   9.2092092092092098E-002  0.99992336603463028       0.99738540092297623     
   9.6096096096096095E-002  0.99994498218391958       0.99715321222804643     
  0.10010010010010011       0.99996303191538205       0.99691116232093191     
  0.10410410410410410       0.99998758544159594       0.99665925359535279     
  0.10810810810810811        1.0000092481748646       0.99639748854252641     
  0.11211211211211211        1.0000360796436905       0.99612586975114281     
  0.11611611611611612        1.0000613983311626       0.99584439990733964     
  0.12012012012012012        1.0000902459069323       0.99555308179467450     
  0.12412412412412413        1.0001189298876987       0.99525191829409887     
  0.12812812812812813        1.0001497337119496       0.99494091238392868     
  0.13213213213213212        1.0001813406233773       0.99462006713981466     
  0.13613613613613615        1.0002140917129045       0.99428938573471282     
  0.14014014014014015        1.0002481518388981       0.99394887143885213     
  0.14414414414414414        1.0002828027794153       0.99359852761970280     
  0.14814814814814814        1.0003188837228829       0.99323835774194291     
  0.15215215215215216        1.0003553126865465       0.99286836536742373     
  0.15615615615615616        1.0003930392233542       0.99248855415513493     
  0.16016016016016016        1.0004310492554396       0.99209892786116838     
  0.16416416416416416        1.0004700971763598       0.99169949033868066     
  0.16816816816816818        1.0005094331260374       0.99129024553785539     
  0.17217217217217218        1.0005495124569177       0.99087119750586361     
  0.17617617617617617        1.0005898825361184       0.99044235038682449     
  0.18018018018018017        1.0006307203756069       0.99000370842176388     
  0.18418418418418420        1.0006718150917058       0.98955527594857196     
  0.18818818818818819        1.0007131427680223       0.98909705740196130     
  0.19219219219219219        1.0007546484080883       0.98862905731342254     
  0.19619619619619619        1.0007961942484405       0.98815128031117949     
  0.20020020020020021        1.0008378008296701       0.98766373112014327     
  0.20420420420420421        1.0008792878807262       0.98716641456186571     
  0.20820820820820821        1.0009206928896517       0.98665933555449203     
  0.21221221221221220        1.0009618397701685       0.98614249911271146     
  0.21621621621621623        1.0010027492097329       0.98561591034770846     
  0.22022022022022023        1.0010432727256180       0.98507957446711159     
  0.22422422422422422        1.0010834010440837       0.98453349677494206     
  0.22822822822822822        1.0011230194624345       0.98397768267156138     
  0.23223223223223224        1.0011620891217288       0.98341213765361868     
  0.23623623623623624        1.0012005250466771       0.98283686731399489     
  0.24024024024024024        1.0012382662956154       0.98225187734174813     
  0.24424424424424424        1.0012752493069006       0.98165717352205828     
  0.24824824824824826        1.0013114004454398       0.98105276173616818     
  0.25225225225225223        1.0013466688840942       0.98043864796132674     
  0.25625625625625625        1.0013809768192159       0.97981483827072957     
  0.26026026026026028        1.0014142792691043       0.97918133883345804     
  0.26426426426426425        1.0014465004528537       0.97853815591441973     
  0.26826826826826827        1.0014775967426039       0.97788529587428519     
  0.27227227227227230        1.0015074980556904       0.97722276516942586     
  0.27627627627627627        1.0015361601289294       0.97655057035184956     
  0.28028028028028029        1.0015635200303759       0.97586871806913633     
  0.28428428428428426        1.0015895324755744       0.97517721506437238     
  0.28828828828828829        1.0016141418891522       0.97447606817608334     
  0.29229229229229231        1.0016373026551824       0.97376528433816700     
  0.29629629629629628        1.0016589658124273       0.97304487057982403     
  0.30030030030030030        1.0016790866309175       0.97231483402548924     
  0.30430430430430433        1.0016976218742266       0.97157518189476044     
  0.30830830830830830        1.0017145287930718       0.97082592150232794     
  0.31231231231231232        1.0017297690500677       0.97006706025790113     
  0.31631631631631629        1.0017433029646796       0.96929860566613568     
  0.32032032032032032        1.0017550963058219       0.96852056532656006     
  0.32432432432432434        1.0017651132253469       0.96773294693349898     
  0.32832832832832831        1.0017733232620674       0.96693575827599854     
  0.33233233233233234        1.0017796947452060       0.96612900723774819     
  0.33633633633633636        1.0017842008365718       0.96531270179700357     
  0.34034034034034033        1.0017868143069428       0.96448685002650714     
  0.34434434434434436        1.0017875118172894       0.96365146009340885     
  0.34834834834834832        1.0017862707169627       0.96280654025918455     
  0.35235235235235235        1.0017830713496332       0.96195209887955491     
  0.35635635635635637        1.0017778953332981       0.96108814440440293     
  0.36036036036036034        1.0017707268125358       0.96021468537768961     
  0.36436436436436437        1.0017615516999643       0.95933173043737041     
  0.36836836836836839        1.0017503579686580       0.95843928831530878     
  0.37237237237237236        1.0017371357684270       0.95753736783719101     
  0.37637637637637639        1.0017218769580594       0.95662597792243798     
  0.38038038038038036        1.0017045758039826       0.95570512758411708     
  0.38438438438438438        1.0016852281288640       0.95477482592885377     
  0.38838838838838841        1.0016638321466262       0.95383508215674051     
  0.39239239239239238        1.0016403876873623       0.95288590556124697     
  0.39639639639639640        1.0016148968476848       0.95192730552912663     
  0.40040040040040042        1.0015873633715326       0.95095929154032544     
  0.40440440440440439        1.0015577931954389       0.94998187316788707     
  0.40840840840840842        1.0015261938729862       0.94899506007785894     
  0.41241241241241239        1.0014925751235237       0.94799886202919548     
  0.41641641641641641        1.0014569482561115       0.94699328887366341     
  0.42042042042042044        1.0014193266250513       0.94597835055574242     
  0.42442442442442441        1.0013797252210590       0.94495405711252856     
  0.42842842842842843        1.0013381609233256       0.94392041867363297     
  0.43243243243243246        1.0012946523009176       0.94287744546108421     
  0.43643643643643643        1.0012492196835261       0.94182514778922499     
  0.44044044044044045        1.0012018850453293       0.94076353606461094     
  0.44444444444444442        1.0011526720764394       0.93969262078590843     
  0.44844844844844844        1.0011016060180917       0.93861241254378935     
  0.45245245245245247        1.0010487138000688       0.93752292202082743     
  0.45645645645645644        1.0009940238056365       0.93642415999139239     
  0.46046046046046046        1.0009375660527500       0.93531613732154295     
  0.46446446446446449        1.0008793719462648       0.93419886496891991     
  0.46846846846846846        1.0008194744342453       0.93307235398263733     
  0.47247247247247248        1.0007579078010913       0.93193661550317397     
  0.47647647647647645        1.0006947077739539       0.93079166076226205     
  0.48048048048048048        1.0006299113729471       0.92963750108277710     
  0.48448448448448450        1.0005635569591522       0.92847414787862570     
  0.48848848848848847        1.0004956841174155       0.92730161265463229     
  0.49249249249249250        1.0004263336978025       0.92611990700642588     
  0.49649649649649652        1.0003555476870474       0.92492904262032505     
  0.50050050050050054        1.0002833692579478       0.92372903127322259     
  0.50450450450450446        1.0002098426484796       0.92251988483246872     
  0.50850850850850848        1.0001350131834168       0.92130161525575405     
  0.51251251251251251        1.0000589271818336       0.92007423459099136     
  0.51651651651651653       0.99998163196856116       0.91883775497619602     
  0.52052052052052056       0.99990317579031740       0.91759218863936653     
  0.52452452452452447       0.99982360777728141       0.91633754789836308     
  0.52852852852852850       0.99974297795024480       0.91507384516078605     
  0.53253253253253252       0.99966133708231331       0.91380109292385314     
  0.53653653653653655       0.99957873679302511       0.91251930377427604     
  0.54054054054054057       0.99949522933926049       0.91122849038813569     
  0.54454454454454460       0.99941086777127353       0.90992866553075669     
  0.54854854854854851       0.99932570566081314       0.90861984205658186     
  0.55255255255255253       0.99923979732306401       0.90730203290904443     
  0.55655655655655656       0.99915319747257358       0.90597525112043986     
  0.56056056056056058       0.99906596154136273       0.90463950981179786     
  0.56456456456456461       0.99897814522178952       0.90329482219275237     
  0.56856856856856852       0.99888980488900558       0.90194120156140967     
  0.57257257257257255       0.99880099705776137       0.90057866130421826     
  0.57657657657657657       0.99871177888884766       0.89920721489583666     
  0.58058058058058060       0.99862220755413644       0.89782687589899912     
  0.58458458458458462       0.99853234085102061       0.89643765796438168     
  0.58858858858858853       0.99844223644545582       0.89503957483046792     
  0.59259259259259256       0.99835195262338294       0.89363264032341216     
  0.59659659659659658       0.99826154739282291       0.89221686835690384     
  0.60060060060060061       0.99817107937476368       0.89079227293202834     
  0.60460460460460463       0.99808060676395383       0.88935886813713039     
  0.60860860860860866       0.99799018838056153       0.88791666814767300     
  0.61261261261261257       0.99789988245844752       0.88646568722609853     
  0.61661661661661660       0.99780974787625054       0.88500593972168740     
  0.62062062062062062       0.99771984276322423       0.88353744007041513     
  0.62462462462462465       0.99763022592271478       0.88206020279481145     
  0.62862862862862867       0.99754095523930042       0.88057424250381455     
  0.63263263263263259       0.99745208931286355       0.87907957389262892     
  0.63663663663663661       0.99736368565254430       0.87757621174257761     
  0.64064064064064064       0.99727580252450165       0.87606417092095823     
  0.64464464464464466       0.99718849692633837       0.87454346638089420     
  0.64864864864864868       0.99710182668225622       0.87301411316118804     
  0.65265265265265260       0.99701584815167998       0.87147612638617244     
  0.65665665665665662       0.99693061860270882       0.86992952126555978     
  0.66066066066066065       0.99684619363523130       0.86837431309429269     
  0.66466466466466467       0.99676262985477859       0.86681051725239278     
  0.66866866866866870       0.99667998198544339       0.86523814920480835     
  0.67267267267267272       0.99659830587626075       0.86365722450126059     
  0.67667667667667664       0.99651765525054525       0.86206775877609154     
  0.68068068068068066       0.99643808510555365       0.86046976774810768     
  0.68468468468468469       0.99635964806878896       0.85886326722042616     
  0.68868868868868871       0.99628239819451470       0.85724827308031681     
  0.69269269269269274       0.99620638690841368       0.85562480129904683     
  0.69669669669669665       0.99613166724280167       0.85399286793172080     
  0.70070070070070067       0.99605828932134122       0.85235248911712413     
  0.70470470470470470       0.99598630508785657       0.85070368107756156     
  0.70870870870870872       0.99591576325328490       0.84904646011869800     
  0.71271271271271275       0.99584671460675878       0.84738084262939628     
  0.71671671671671666       0.99577920636706685       0.84570684508155602     
  0.72072072072072069       0.99571328810448190       0.84402448402995045     
  0.72472472472472471       0.99564900545433810       0.84233377611206173     
  0.72872872872872874       0.99558640671695842       0.84063473804791822     
  0.73273273273273276       0.99552553586268355       0.83892738663992727     
  0.73673673673673679       0.99546643987015482       0.83721173877271082     
  0.74074074074074070       0.99540916095397913       0.83548781141293649     
  0.74474474474474472       0.99535374474345040       0.83375562160915173     
  0.74874874874874875       0.99530023161655190       0.83201518649161366     
  0.75275275275275277       0.99524866582249905       0.83026652327212069     
  0.75675675675675680       0.99519908581215444       0.82850964924384218     
  0.76076076076076071       0.99515153445372706       0.82674458178114663     
  0.76476476476476474       0.99510604818216941       0.82497133833943037     
  0.76876876876876876       0.99506266845353852       0.82318993645494531     
  0.77277277277277279       0.99502142962399320       0.82140039374462548     
  0.77677677677677681       0.99498237173377801       0.81960272790591149     
  0.78078078078078073       0.99494552697291061       0.81779695671657793     
  0.78478478478478475       0.99491093397731367       0.81598309803455460     
  0.78878878878878878       0.99487862268439875       0.81416116979775299     
  0.79279279279279280       0.99484863034184845       0.81233119002388599     
  0.79679679679679682       0.99482098453576917       0.81049317681029232     
  0.80080080080080085       0.99479572115462378       0.80864714833375506     
  0.80480480480480476       0.99477286536026077       0.80679312285032445     
  0.80880880880880879       0.99475245170338111       0.80493111869513490     
  0.81281281281281281       0.99473450282975351       0.80306115428222591     
  0.81681681681681684       0.99471905201559541       0.80118324810435759     
  0.82082082082082086       0.99470611925797381       0.79929741873283022     
  0.82482482482482478       0.99469573662772903       0.79740368481729917     
  0.82882882882882880       0.99468792137043338       0.79550206508558996     
  0.83283283283283283       0.99468270442677809       0.79359257834351515     
  0.83683683683683685       0.99468010015534780       0.79167524347468543     
  0.84084084084084088       0.99468013847847392       0.78975007944032627     
  0.84484484484484490       0.99468283056129836       0.78781710527908688     
  0.84884884884884881       0.99468820551615089       0.78587634010685514     
  0.85285285285285284       0.99469627139789463       0.78392780311656585     
  0.85685685685685686       0.99470705650516666       0.78197151357801298     
  0.86086086086086089       0.99472056558146726       0.78000749083765841     
  0.86486486486486491       0.99473682624203308       0.77803575431843952     
  0.86886886886886883       0.99475583975792314       0.77605632351957921     
  0.87287287287287285       0.99477763321735080       0.77406921801639061     
  0.87687687687687688       0.99480220420850407       0.77207445746008641     
  0.88088088088088090       0.99482957950610484       0.77007206157758135     
  0.88488488488488493       0.99485975275120297       0.76806205017129980     
  0.88888888888888884       0.99489275064879545       0.76604444311897812     
  0.89289289289289286       0.99492856260849738       0.76401926037346957     
  0.89689689689689689       0.99496721555212320       0.76198652196254524     
  0.90090090090090091       0.99500869437703943       0.75994624798869781     
  0.90490490490490494       0.99505302643388893       0.75789845862894112     
  0.90890890890890896       0.99510019185749821       0.75584317413461199     
  0.91291291291291288       0.99515021867848141       0.75378041483116964     
  0.91691691691691690       0.99520308197243079       0.75171020111799358     
  0.92092092092092093       0.99525881077672262       0.74963255346818269     
  0.92492492492492495       0.99531737468896242       0.74754749242835361     
  0.92892892892892898       0.99537880418549107       0.74545503861843632     
  0.93293293293293289       0.99544306288378759       0.74335521273147021     
  0.93693693693693691       0.99551018319497764       0.74124803553340046     
  0.94094094094094094       0.99558012225813497       0.73913352786287123     
  0.94494494494494496       0.99565291485095919       0.73701171063102144     
  0.94894894894894899       0.99572851117330596       0.73488260482127599     
  0.95295295295295290       0.99580694879104814       0.73274623148913998     
  0.95695695695695693       0.99588817048830169       0.73060261176198882     
  0.96096096096096095       0.99597221716250517       0.72845176683886093     
  0.96496496496496498       0.99605902347514386       0.72629371799024722     
  0.96896896896896900       0.99614863437793555       0.72412848655788020     
  0.97297297297297303       0.99624097562580782       0.72195609395452465     
  0.97697697697697694       0.99633609697485304       0.71977656166376347     
  0.98098098098098097       0.99643391452959351       0.71758991123978799     
  0.98498498498498499       0.99653448347301354       0.71539616430718200     
  0.98898898898898902       0.99663770957857423       0.71319534256071038     
  0.99299299299299304       0.99674365421490019       0.71098746776510235     
  0.99699699699699695       0.99685221186709083       0.70877256175483849     
   1.0010010010010011       0.99696345108651463       0.70655064643393239     
   1.0050050050050050       0.99707725399088776       0.70432174377571666     
   1.0090090090090089       0.99719369733002827       0.70208587582262261     
   1.0130130130130131       0.99731264984166734       0.69984306468596524     
   1.0170170170170170       0.99743419736813443       0.69759333254572309     
   1.0210210210210211       0.99755819429620418       0.69533670165031780     
   1.0250250250250250       0.99768473664943058       0.69307319431639725     
   1.0290290290290289       0.99781366310067077       0.69080283292861089     
   1.0330330330330331       0.99794508125171255       0.68852563993939231     
   1.0370370370370370       0.99807881271972365       0.68624163786873360     
   1.0410410410410411       0.99821497781100588       0.68395084930396588     
   1.0450450450450450       0.99835337993632300       0.68165329689953280     
   1.0490490490490489       0.99849415337766367       0.67934900337676996     
   1.0530530530530531       0.99863708178584709       0.67703799152367639     
   1.0570570570570570       0.99878231504299708       0.67472028419469277     
   1.0610610610610611       0.99892961546285275       0.67239590431047247     
   1.0650650650650650       0.99907914988770741       0.67006487485765720     
   1.0690690690690692       0.99923065795981902       0.66772721888864850     
   1.0730730730730731       0.99938432495571516       0.66538295952137927     
   1.0770770770770770       0.99953986609694823       0.66303211993908673     
   1.0810810810810811       0.99969748690679849       0.66067472339008138     
   1.0850850850850851       0.99985687653076682       0.65831079318751895     
   1.0890890890890892        1.0000182621939862       0.65594035270916762     
   1.0930930930930931        1.0001813054990749       0.65356342539717938     
   1.0970970970970970        1.0003462570473542       0.65118003475785569     
   1.1011011011011012        1.0005127491436412       0.64879020436141710     
   1.1051051051051051        1.0006810574268385       0.64639395784176923     
   1.1091091091091092        1.0008507834817746       0.64399131889626848     
   1.1131131131131131        1.0010222294691635       0.64158231128548826     
   1.1171171171171170        1.0011949646963105       0.63916695883298480     
   1.1211211211211212        1.0013693194918913       0.63674528542506059     
   1.1251251251251251        1.0015448295885208       0.63431731501052790     
   1.1291291291291292        1.0017218546941549       0.63188307160047219     
   1.1331331331331331        1.0018998958528513       0.62944257926801572     
   1.1371371371371370        1.0020793434873825       0.62699586214807856     
   1.1411411411411412        1.0022596630503657       0.62454294443713887     
   1.1451451451451451        1.0024412764482615       0.62208385039299618     
   1.1491491491491492        1.0026236130720576       0.61961860433452864     
   1.1531531531531531        1.0028071270501433       0.61714723064145538     
   1.1571571571571571        1.0029912115681034       0.61466975375409227     
   1.1611611611611612        1.0031763530166018       0.61218619817311382     
   1.1651651651651651        1.0033619088652370       0.60969658845930685     
   1.1691691691691692        1.0035483975001949       0.60720094923333146     
   1.1731731731731732        1.0037351417891895       0.60469930517547543     
   1.1771771771771771        1.0039226910074233       0.60219168102540976     
   1.1811811811811812        1.0041103353319203       0.59967810158194490     
   1.1851851851851851        1.0042986531045053       0.59715859170278607     
   1.1891891891891893        1.0044869048084146       0.59463317630428669     
   1.1931931931931932        1.0046756950248625       0.59210188036120104     
   1.1971971971971973        1.0048642585370042       0.58956472890643952     
   1.2012012012012012        1.0050532221929735       0.58702174703081855     
   1.2052052052052051        1.0052418005587156       0.58447295988281511     
   1.2092092092092093        1.0054306373437840       0.58191839266831502     
   1.2132132132132132        1.0056189340922754       0.57935807065036715     
   1.2172172172172173        1.0058073442917781       0.57679201914892964     
   1.2212212212212212        1.0059950654356788       0.57422026354062339     
   1.2252252252252251        1.0061827518395601       0.57164282925847876     
   1.2292292292292293        1.0063696082214715       0.56905974179168362     
   1.2332332332332332        1.0065562784665947       0.56647102668533400     
   1.2372372372372373        1.0067419883670921       0.56387670954017777     
   1.2412412412412412        1.0069273575136266       0.56127681601236523     
   1.2452452452452452        1.0071116496456054       0.55867137181319193     
   1.2492492492492493        1.0072954431352430       0.55606040270884771     
   1.2532532532532532        1.0074780598931035       0.55344393452015839     
   1.2572572572572573        1.0076600167138259       0.55082199312233371     
   1.2612612612612613        1.0078407178469673       0.54819460444470980     
   1.2652652652652652        1.0080205941416573       0.54556179447049202     
   1.2692692692692693        1.0081991607998693       0.54292358923649942     
   1.2732732732732732        1.0083767338231182       0.54028001483290677     
   1.2772772772772774        1.0085529730146254       0.53763109740298687     
   1.2812812812812813        1.0087280454818581       0.53497686314285187     
   1.2852852852852852        1.0089017949609465       0.53231733830119210     
   1.2892892892892893        1.0090741998076740       0.52965254917902038     
   1.2932932932932932        1.0092453334095042       0.52698252212940966     
   1.2972972972972974        1.0094149389762168       0.52430728355723166     
   1.3013013013013013        1.0095833724133438       0.52162685991889790     
   1.3053053053053052        1.0097500880684167       0.51894127772209575     
   1.3093093093093093        1.0099157851979970       0.51625056352552856     
   1.3133133133133132        1.0100795673942160       0.51355474393865164     
   1.3173173173173174        1.0102425469291139       0.51085384562140879     
   1.3213213213213213        1.0104034057548250       0.50814789528396931     
   1.3253253253253254        1.0105637485978785       0.50543691968646431     
   1.3293293293293293        1.0107217547338341       0.50272094563872183     
   1.3333333333333333        1.0108796115732148       0.50000000000000033     
   1.3373373373373374        1.0110349037014834       0.49727410967872421     
   1.3413413413413413        1.0111905031638557       0.49454330163221866     
   1.3453453453453454        1.0113432957737079       0.49180760286644143     
   1.3493493493493494        1.0114969531128430       0.48906704043571680     
   1.3533533533533533        1.0116475448714513       0.48632164144246692     
   1.3573573573573574        1.0117996708418089       0.48357143303694439     
   1.3613613613613613        1.0119484529819687       0.48081644241696458     
   1.3653653653653655        1.0120995632119054       0.47805669682763607     
   1.3693693693693694        1.0122470287217451       0.47529222356109019     
   1.3733733733733733        1.0123977533068869       0.47252304995621203     
   1.3773773773773774        1.0125445057536717       0.46974920339837073     
   1.3813813813813813        1.0126955990623270       0.46697071131914814     
   1.3853853853853855        1.0128423622857861       0.46418760119606600     
   1.3893893893893894        1.0129947126540435       0.46139990055231739     
   1.3933933933933933        1.0131423398400201       0.45860763695649082     
   1.3973973973973974        1.0132969796739641       0.45581083802230099     
   1.4014014014014013        1.0134464626697113       0.45300953140831446     
   1.4054054054054055        1.0136045777211979       0.45020374481767350     
   1.4094094094094094        1.0137570563395202       0.44739350599782696     
   1.4134134134134133        1.0139199948128446       0.44457884274025250     
   1.4174174174174174        1.0140767652034206       0.44175978288018319     
   1.4214214214214214        1.0142460465399834       0.43893635429633082     
   1.4254254254254255        1.0144085691149538       0.43610858491061116     
   1.4294294294294294        1.0145858912740604       0.43327650268786849     
   1.4334334334334333        1.0147557979249344       0.43044013563559824     
   1.4374374374374375        1.0149430435987765       0.42759951180366951     
   1.4414414414414414        1.0151221435680979       0.42475465928404799     
   1.4454454454454455        1.0153213847806875       0.42190560621051937     
   1.4494494494494494        1.0155116687644412       0.41905238075840973     
   1.4534534534534536        1.0157251695294764       0.41619501114430768     
   1.4574574574574575        1.0159288118999108       0.41333352562578418     
   1.4614614614614614        1.0161590282154227       0.41046795250111390     
   1.4654654654654655        1.0163783868225025       0.40759832010899610     
   1.4694694694694694        1.0166279633739774       0.40472465682827363     
   1.4734734734734736        1.0168655765882835       0.40184699107765148     
   1.4774774774774775        1.0171373397878507       0.39896535131541649     
   1.4814814814814814        1.0173959198840103       0.39607976603915679     
   1.4854854854854855        1.0176928664856892       0.39319026378547872     
   1.4894894894894894        1.0179752886796534       0.39029687312972589     
   1.4934934934934936        1.0183005697852860       0.38739962268569328     
   1.4974974974974975        1.0186098563981130       0.38449854110534909     
   1.5015015015015014        1.0189667546987871       0.38159365707854875     
   1.5055055055055055        1.0193060546255408       0.37868499933275013     
   1.5095095095095095        1.0196979547714917       0.37577259663273255     
   1.5135135135135136        1.0200705159964070       0.37285647778030873     
   1.5175175175175175        1.0205008683805930       0.36993667161404314     
   1.5215215215215214        1.0209100028963947       0.36701320700896550     
   1.5255255255255256        1.0213822777476051       0.36408611287628412     
   1.5295295295295295        1.0218313208166867       0.36115541816310132     
   1.5335335335335336        1.0223489528287717       0.35822115185212744     
   1.5375375375375375        1.0228412110055465       0.35528334296139380     
   1.5415415415415414        1.0234075343715243       0.35234202054396474     
   1.5455455455455456        1.0239462273632978       0.34939721368765114     
   1.5495495495495495        1.0245643988167130       0.34644895151472355     
   1.5535535535535536        1.0251525893180069       0.34349726318162310     
   1.5575575575575575        1.0258254994410525       0.34054217787867375     
   1.5615615615615615        1.0264660144649413       0.33758372482979260     
   1.5655655655655656        1.0271961865602570       0.33462193329220158     
   1.5695695695695695        1.0278915286998449       0.33165683255613898     
   1.5735735735735736        1.0286810052772484       0.32868845194456903     
   1.5775775775775776        1.0294332537234010       0.32571682081289088     
   1.5815815815815817        1.0302834689369935       0.32274196854864945     
   1.5855855855855856        1.0310941710373227       0.31976392457124525     
   1.5895895895895895        1.0320058111512438       0.31678271833164295     
   1.5935935935935936        1.0328758665302624       0.31379837931207866     
   1.5975975975975976        1.0338487184864347       0.31081093702577139     
   1.6016016016016017        1.0347782547991788       0.30782042101662782     
   1.6056056056056056        1.0358110418482160       0.30482686085895305     
   1.6096096096096095        1.0367992846944527       0.30183028615715729     
   1.6136136136136137        1.0378894923173196       0.29883072654546011     
   1.6176176176176176        1.0389346356089462       0.29582821168760254     
   1.6216216216216217        1.0400783306467132       0.29282277127655032     
   1.6256256256256256        1.0411773983552370       0.28981443503420135     
   1.6296296296296295        1.0423690397312262       0.28680323271109065     
   1.6336336336336337        1.0435177610851738       0.28378919408609704     
   1.6376376376376376        1.0447500029723187       0.28077234896614933     
   1.6416416416416417        1.0459426849074211       0.27775272718593036     
   1.6456456456456456        1.0472061832640009       0.27473035860758332     
   1.6496496496496496        1.0484355928189948       0.27170527312041282     
   1.6536536536536537        1.0497188099736163       0.26867750064059459     
   1.6576576576576576        1.0509760775525803       0.26564707111087615     
   1.6616616616616617        1.0522650820312009       0.26261401450028199     
   1.6656656656656657        1.0535396086687425       0.25957836080381591     
   1.6696696696696696        1.0548178971603874       0.25654014004216519     
   1.6736736736736737        1.0560972918259837       0.25349938226140467     
   1.6776776776776776        1.0573455999234134       0.25045611753269870     
   1.6816816816816818        1.0586156327726779       0.24741037595200283     
   1.6856856856856857        1.0598117647377516       0.24436218763976714     
   1.6896896896896898        1.0610563414521617       0.24131158274063927     
   1.6936936936936937        1.0621750161336547       0.23825859142316480     
   1.6976976976976976        1.0633761944798918       0.23520324387949043     
   1.7017017017017018        1.0643888809516004       0.23214557032506186     
   1.7057057057057057        1.0655268857255238       0.22908560099833006     
   1.7097097097097098        1.0664016961591727       0.22602336616044894     
   1.7137137137137137        1.0674549549731569       0.22295889609497727     
   1.7177177177177176        1.0681565353809404       0.21989222110757800     
   1.7217217217217218        1.0691017194740007       0.21682337152571932     
   1.7257257257257257        1.0695912295485186       0.21375237769837560     
   1.7297297297297298        1.0704031833291003       0.21067926999572606     
   1.7337337337337337        1.0706383080706834       0.20760407880885565     
   1.7377377377377377        1.0712903101626605       0.20452683454945109     
   1.7417417417417418        1.0712244963239694       0.20144756764950522     
   1.7457457457457457        1.0716892812587722       0.19836630856101312     
   1.7497497497497498        1.0712715589219164       0.19528308775567005     
   1.7537537537537538        1.0715211420268522       0.19219793572457314     
   1.7577577577577577        1.0707005558184695       0.18911088297791637     
   1.7617617617617618        1.0707043551680313       0.18602196004469188     
   1.7657657657657657        1.0694262319682879       0.18293119747238676     
   1.7697697697697699        1.0691523881485077       0.17983862582668017     
   1.7737737737737738        1.0673589229990583       0.17674427569114179     
   1.7777777777777777        1.0667749430213014       0.17364817766693028     
   1.7817817817817818        1.0644052644208095       0.17055036237248988     
   1.7857857857857857        1.0634783077388392       0.16745086044324664     
   1.7897897897897899        1.0604685549196584       0.16434970253130635     
   1.7937937937937938        1.0591657392918323       0.16124691930515228     
   1.7977977977977977        1.0554491536294310       0.15814254144934106     
   1.8018018018018018        1.0537378760570628       0.15503659966419786     
   1.8058058058058057        1.0492449102535970       0.15192912466551589     
   1.8098098098098099        1.0470931769122760       0.14882014718424907     
   1.8138138138138138        1.0417516271299156       0.14570969796621130     
   1.8178178178178179        1.0391283850805721       0.14259780777177095     
   1.8218218218218218        1.0328635524379151       0.13948450737554591     
   1.8258258258258258        1.0297390151687269       0.13636982756610005     
   1.8298298298298299        1.0224739037335109       0.13325379914563965     
   1.8338338338338338        1.0188198624329594       0.13013645292970785     
   1.8378378378378379        1.0104754208731905       0.12701781974687870     
   1.8418418418418419        1.0062655338923354       0.12389793043845529     
   1.8458458458458458       0.99676094720552844       0.12077681585816115     
   1.8498498498498499       0.99197100145121186       0.11765450687183837     
   1.8538538538538538       0.98122403771987554       0.11453103435714140     
   1.8578578578578580       0.97583217762205499       0.11140642920322855     
   1.8618618618618619       0.96375959271188338       0.10828072231046192     
   1.8658658658658658       0.95774651470457262       0.10515394459009815     
   1.8698698698698699       0.94426451549956558       0.10202612696398421     
   1.8738738738738738       0.93761362834753215        9.8897300364250137E-002
   1.8778778778778780       0.92263839282113513        9.5767495733004110E-002
   1.8818818818818819       0.91533594630038584        9.2636744022027262E-002
   1.8858858858858858       0.89878419675423349        8.9505076192466795E-002
   1.8898898898898899       0.89081938288960161        8.6372523214528804E-002
   1.8938938938938938       0.87260900727534652        8.3239116067172991E-002
   1.8978978978978980       0.86397403938909878        8.0104885737807094E-002
   1.9019019019019019       0.84402475487320905        7.6969863221979185E-002
   1.9059059059059058       0.83471493006257858        7.3834079523072429E-002
   1.9099099099099099       0.81294898288649564        7.0697565651994948E-002
   1.9139139139139139       0.80296273329737700        6.7560352626878470E-002
   1.9179179179179180       0.77930562941404546        6.4422471472768014E-002
   1.9219219219219219       0.76864456696546790        6.1283953221316440E-002
   1.9259259259259258       0.74302582872711620        5.8144828910476183E-002
   1.9299299299299300       0.73169478695526524        5.5005129584193228E-002
   1.9339339339339339       0.70404873210212771        5.1864886292100981E-002
   1.9379379379379380       0.69205580771584796        4.8724130089211899E-002
   1.9419419419419419       0.66232234791100963        4.5582892035611673E-002
   1.9459459459459461       0.64967894362798906        4.2441203196148525E-002
   1.9499499499499500       0.61780440068638376        3.9299094640131337E-002
   1.9539539539539539       0.60452527004444601        3.6156597441019275E-002
   1.9579579579579580       0.57046320875443701        3.3013742676113601E-002
   1.9619619619619619       0.55656650290850851        2.9870561426253450E-002
   1.9659659659659661       0.52027857993054938        2.6727084775504926E-002
   1.9699699699699700       0.50578589595554391        2.3583343810856781E-002
   1.9739739739739739       0.46724272472737710        2.0439369621911660E-002
   1.9779779779779780       0.45217915462730934        1.7295193300577764E-002
   1.9819819819819819       0.41136118655313808        1.4150845940762258E-002
   1.9859859859859861       0.39575536599270184        1.1006358638064652E-002
   1.9899899899899900       0.35265378849752155        7.8617624894684063E-003
   1.9939939939939939       0.33653794419143146        4.7170885930325071E-003
   1.9979979979979980       0.29115559652943213        1.5723680475848198E-003
   2.0020020020020022       0.27456559122607449       -1.5723680475845747E-003
   2.0060060060060061       0.22691789930690731       -4.7170885930322625E-003
   2.0100100100100100       0.20989327329440263       -7.8617624894681600E-003
   2.0140140140140139       0.16000920545124570       -1.1006358638064406E-002
   2.0180180180180178       0.14259321357273902       -1.4150845940762012E-002
   2.0220220220220222        9.0516257497221350E-002  -1.7295193300577522E-002
   2.0260260260260261        7.2755916283237146E-002  -2.0439369621911417E-002
   2.0300300300300300        1.8544997173921794E-002  -2.3583343810856538E-002
   2.0340340340340339        4.9156386307596842E-004  -2.6727084775504683E-002
   2.0380380380380378       -5.5779984736681366E-002  -2.9870561426253207E-002
   2.0420420420420422       -7.4063104577052494E-002  -3.3013742676113789E-002
   2.0460460460460461      -0.13231102111531720       -3.6156597441019026E-002
   2.0500500500500500      -0.15073757006992977       -3.9299094640131087E-002
   2.0540540540540539      -0.21087775721792726       -4.2441203196148275E-002
   2.0580580580580579      -0.22933785307225085       -4.5582892035610979E-002
   2.0620620620620622      -0.29128651256571308       -4.8724130089212093E-002
   2.0660660660660661      -0.30964527067726627       -5.1864886292100738E-002
   2.0700700700700700      -0.37331952146429537       -5.5005129584192979E-002
   2.0740740740740740      -0.39141534509308945       -5.8144828910475933E-002
   2.0780780780780779      -0.45673380250683243       -6.1283953221315746E-002
   2.0820820820820822      -0.47437617355031519       -6.4422471472768209E-002
   2.0860860860860861      -0.54125982390290783       -6.7560352626878220E-002
   2.0900900900900901      -0.55822668144199250       -7.0697565651994698E-002
   2.0940940940940940      -0.62660012787462505       -7.3834079523071736E-002
   2.0980980980980979      -0.64263455380928869       -7.6969863221978935E-002
   2.1021021021021022      -0.71242769342241274       -8.0104885737806844E-002
   2.1061061061061062      -0.72723383225982496       -8.3239116067172741E-002
   2.1101101101101101      -0.79838433381079665       -8.6372523214528554E-002
   2.1141141141141140      -0.81162231488370351       -8.9505076192466101E-002
   2.1181181181181179      -0.88407887075366076       -9.2636744022027012E-002
   2.1221221221221223      -0.89535795054683676       -9.5767495733003860E-002
   2.1261261261261262      -0.96908442428122832       -9.8897300364249888E-002
   2.1301301301301301      -0.97795394865887220      -0.10202612696398396     
   2.1341341341341340       -1.0529352391686988      -0.10515394459009790     
   2.1381381381381384       -1.0588727754648275      -0.10828072231046167     
   2.1421421421421423       -1.1351228419897024      -0.11140642920322831     
   2.1461461461461462       -1.1375176692697455      -0.11453103435714115     
   2.1501501501501501       -1.2150902915964854      -0.11765450687183812     
   2.1541541541541540       -1.2132201183138174      -0.12077681585816090     
   2.1581581581581584       -1.2922239945575558      -0.12389793043845504     
   2.1621621621621623       -1.2852214375855389      -0.12701781974687892     
   2.1661661661661662       -1.3658413079724470      -0.13013645292970763     
   2.1701701701701701       -1.3526433263899609      -0.13325379914563942     
   2.1741741741741740       -1.4351699466913741      -0.13636982756609983     
   2.1781781781781784       -1.4144367670249176      -0.13948450737554569     
   2.1821821821821823       -1.4993100241009318      -0.14259780777177072     
   2.1861861861861862       -1.4693239143213055      -0.14570969796621108     
   2.1901901901901901       -1.5568437633756047      -0.14882014718424885     
   2.1941941941941940       -1.5173493497100579      -0.15192912466551567     
   2.1981981981981984       -1.5986189306540401      -0.15503659966419808     
   2.2022022022022023       -1.5729018949992879      -0.15814254144934084     
   2.2062062062062062       -1.4866578904003038      -0.16124691930515206     
   2.2102102102102101       -1.5308448283583371      -0.16434970253130612     
   2.2142142142142140       -1.4370021870657692      -0.16745086044324597     
   2.2182182182182184       -1.4776949273868456      -0.17055036237248966     
   2.2222222222222223       -1.3938454157956019      -0.17364817766693005     
   2.2262262262262262       -1.4292659868463167      -0.17674427569114157     
   2.2302302302302301       -1.3535358955694812      -0.17983862582667995     
   2.2342342342342341       -1.3851206544744408      -0.18293119747238654     
   2.2382382382382384       -1.3165300137515183      -0.18602196004469207     
   2.2422422422422423       -1.3446705285127958      -0.18911088297791614     
   2.2462462462462462       -1.2826992865249109      -0.19219793572457292     
   2.2502502502502502       -1.3076834491748128      -0.19528308775566983     
   2.2542542542542541       -1.2518346774146136      -0.19836630856101248     
   2.2582582582582584       -1.2739415961739786      -0.20144756764950500     
   2.2622622622622623       -1.2237402832512476      -0.20452683454945086     
   2.2662662662662663       -1.2432338605807622      -0.20760407880885542     
   2.2702702702702702       -1.1982291230043927      -0.21067926999572584     
   2.2742742742742741       -1.2153578221373844      -0.21375237769837538     
   2.2782782782782784       -1.1751228368548143      -0.21682337152571909     
   2.2822822822822824       -1.1901196628734250      -0.21989222110757778     
   2.2862862862862863       -1.1542516127723863      -0.22295889609497704     
   2.2902902902902902       -1.1673340214348140      -0.22602336616044871     
   2.2942942942942941       -1.1354540118469276      -0.22908560099832984     
   2.2982982982982985       -1.1468238503011492      -0.23214557032506164     
   2.3023023023023024       -1.1185767287849140      -0.23520324387949024     
   2.3063063063063063       -1.1284202830513639      -0.23825859142316458     
   2.3103103103103102       -1.1034743158446287      -0.24131158274063905     
   2.3143143143143141       -1.1119625102442081      -0.24436218763976694     
   2.3183183183183185       -1.0900088868938995      -0.24741037595200260     
   2.3223223223223224       -1.0972976586258663      -0.25045611753269847     
   2.3263263263263263       -1.0780498244004755      -0.25349938226140445     
   2.3303303303303302       -1.0842806723284315      -0.25654014004216497     
   2.3343343343343341       -1.0674735010205745      -0.25957836080381524     
   2.3383383383383385       -1.0727741875361434      -0.26261401450028221     
   2.3423423423423424       -1.0581630234954222      -0.26564707111087593     
   2.3463463463463463       -1.0626483975453085      -0.26867750064059437     
   2.3503503503503502       -1.0500080019539064      -0.27170527312041259     
   2.3543543543543541       -1.0537809032705927      -0.27473035860758266     
   2.3583583583583585       -1.0429043416754440      -0.27775272718593058     
   2.3623623623623624       -1.0460565474875130      -0.28077234896614911     
   2.3663663663663663       -1.0367540578713825      -0.28378919408609682     
   2.3703703703703702       -1.0393672392824906      -0.28680323271108998     
   2.3743743743743742       -1.0314651103808252      -0.28981443503420068     
   2.3783783783783785       -1.0336117635912567      -0.29282277127655010     
   2.3823823823823824       -1.0269512461900305      -0.29582821168760237     
   2.3863863863863863       -1.0286955818940282      -0.29883072654545989     
   2.3903903903903903       -1.0231318522686494      -0.30183028615715662     
   2.3943943943943946       -1.0245306233049143      -0.30482686085895327     
   2.3983983983983985       -1.0199318064871661      -0.30782042101662760     
   2.4024024024024024       -1.0210350694342929      -0.31081093702577117     
   2.4064064064064064       -1.0172813265217913      -0.31379837931207849     
   2.4104104104104103       -1.0181331328193957      -0.31678271833164234     
   2.4144144144144146       -1.0151158118882786      -0.31976392457124503     
   2.4184184184184185       -1.0157548301784873      -0.32274196854864923     
   2.4224224224224224       -1.0133756766686077      -0.32571682081289072     
   2.4264264264264264       -1.0138357514644625      -0.32868845194456880     
   2.4304304304304303       -1.0120061720096354      -0.33165683255613876     
   2.4344344344344346       -1.0123168235669493      -0.33462193329220136     
   2.4384384384384385       -1.0109571981307175      -0.33758372482979238     
   2.4424424424424425       -1.0111440706601462      -0.34054217787867352     
   2.4464464464464464       -1.0101831041657863      -0.34349726318162288     
   2.4504504504504503       -1.0102683700991097      -0.34644895151472338     
   2.4544544544544546       -1.0096424809576552      -0.34939721368765092     
   2.4584584584584586       -1.0096452049744660      -0.35234202054396457     
   2.4624624624624625       -1.0092979431532236      -0.35528334296139358     
   2.4664664664664664       -1.0092344134861426      -0.35822115185212722     
   2.4704704704704703       -1.0091159065047206      -0.36115541816310109     
   2.4744744744744747       -1.0089999368375182      -0.36408611287628395     
   2.4784784784784786       -1.0090663601176972      -0.36701320700896528     
   2.4824824824824825       -1.0089095659037641      -0.36993667161404292     
   2.4864864864864864       -1.0091226285173494      -0.37285647778030850     
   2.4904904904904903       -1.0089348008244654      -0.37577259663273233     
   2.4944944944944947       -1.0092609287234913      -0.37868499933275035     
   2.4984984984984986       -1.0090507023709048      -0.38159365707854853     
   2.5025025025025025       -1.0094603543480132      -0.38449854110534887     
   2.5065065065065064       -1.0092350686356251      -0.38739962268569306     
   2.5105105105105103       -1.0097030250864549      -0.39029687312972527     
   2.5145145145145147       -1.0094683705946446      -0.39319026378547894     
   2.5185185185185186       -1.0099735691653775      -0.39607976603915657     
   2.5225225225225225       -1.0097337519893506      -0.39896535131541627     
   2.5265265265265264       -1.0102587504202409      -0.40184699107765126     
   2.5305305305305303       -1.0100168469534161      -0.40472465682827302     
   2.5345345345345347       -1.0105472798329029      -0.40759832010899633     
   2.5385385385385386       -1.0103055075084766      -0.41046795250111373     
   2.5425425425425425       -1.0108296634705261      -0.41333352562578402     
   2.5465465465465464       -1.0105895602347030      -0.41619501114430751     
   2.5505505505505504       -1.0110980345743752      -0.41905238075840956     
   2.5545545545545547       -1.0108605953937455      -0.42190560621051959     
   2.5585585585585586       -1.0113459831872766      -0.42475465928404776     
   2.5625625625625625       -1.0111117749991763      -0.42759951180366890     
   2.5665665665665665       -1.0115683950413565      -0.43044013563559802     
   2.5705705705705704       -1.0113376546451902      -0.43327650268786827     
   2.5745745745745747       -1.0117613008094728      -0.43610858491061100     
   2.5785785785785786       -1.0115340173564578      -0.43893635429633066     
   2.5825825825825826       -1.0119217369825853      -0.44175978288018303     
   2.5865865865865865       -1.0116977203692250      -0.44457884274025233     
   2.5905905905905904       -1.0120476175979654      -0.44739350599782673     
   2.5945945945945947       -1.0118265544232494      -0.45020374481767333     
   2.5985985985985987       -1.0121376165245268      -0.45300953140831385     
   2.6026026026026026       -1.0119191153372351      -0.45581083802230121     
   2.6066066066066065       -1.0121910599231567      -0.45860763695649065     
   2.6106106106106104       -1.0119746868072363      -0.46139990055231678     
   2.6146146146146148       -1.0122078296117827      -0.46418760119606622     
   2.6186186186186187       -1.0119931278891039      -0.46697071131914791     
   2.6226226226226226       -1.0121882575984911      -0.46974920339837051     
   2.6266266266266265       -1.0119748091064287      -0.47252304995621180     
   2.6306306306306309       -1.0121330918910225      -0.47529222356109002     
   2.6346346346346348       -1.0119205086603849      -0.47805669682763591     
   2.6386386386386387       -1.0120434006037415      -0.48081644241696481     
   2.6426426426426426       -1.0118313172040894      -0.48357143303694416     
   2.6466466466466465       -1.0119205069341888      -0.48632164144246637     
   2.6506506506506509       -1.0117085920352660      -0.48906704043571703     
   2.6546546546546548       -1.0117659348129651      -0.49180760286644165     
   2.6586586586586587       -1.0115538991620745      -0.49454330163221849     
   2.6626626626626626       -1.0115813612682358      -0.49727410967872404     
   2.6666666666666665       -1.0113689628177416      -0.49999999999999972     
   2.6706706706706709       -1.0113685751171211      -0.50272094563872161     
   2.6746746746746748       -1.0111556217404878      -0.50543691968646454     
   2.6786786786786787       -1.0111294413620755      -0.50814789528396909     
   2.6826826826826826       -1.0109157916020495      -0.51085384562140823     
   2.6866866866866865       -1.0108658707238478      -0.51355474393865141     
   2.6906906906906909       -1.0106514330752538      -0.51625056352552878     
   2.6946946946946948       -1.0105797936854177      -0.51894127772209564     
   2.6986986986986987       -1.0103645247513389      -0.52162685991889768     
   2.7027027027027026       -1.0102731389377120      -0.52430728355723144     
   2.7067067067067065       -1.0100570406037868      -0.52698252212940910     
   2.7107107107107109       -1.0099478151824113      -0.52965254917902060     
   2.7147147147147148       -1.0097309312810872      -0.53231733830119188     
   2.7187187187187187       -1.0096056963934010      -0.53497686314285131     
   2.7227227227227226       -1.0093881089601782      -0.53763109740298709     
   2.7267267267267266       -1.0092486099588580      -0.54028001483290666     
   2.7307307307307309       -1.0090304352023665      -0.54292358923649919     
   2.7347347347347348       -1.0088783271773056      -0.54556179447049191     
   2.7387387387387387       -1.0086597114122591      -0.54819460444470958     
   2.7427427427427427       -1.0084965560588299      -0.55082199312233360     
   2.7467467467467466       -1.0082776716421888      -0.55344393452015828     
   2.7507507507507509       -1.0081049359705834      -0.55606040270884749     
   2.7547547547547548       -1.0078859773392435      -0.55867137181319182     
   2.7587587587587588       -1.0077050338835998      -0.56127681601236501     
   2.7627627627627627       -1.0074862137974292      -0.56387670954017755     
   2.7667667667667666       -1.0072983420860684      -0.56647102668533345     
   2.7707707707707709       -1.0070798880349454      -0.56905974179168384     
   2.7747747747747749       -1.0068862769206750      -0.57164282925847854     
   2.7787787787787788       -1.0066684278188625      -0.57422026354062317     
   2.7827827827827827       -1.0064701785910004      -0.57679201914892952     
   2.7867867867867866       -1.0062531817203506      -0.57935807065036660     
   2.7907907907907910       -1.0060513117132392      -0.58191839266831491     
   2.7947947947947949       -1.0058354199772737      -0.58447295988281489     
   2.7987987987987988       -1.0056308666684024      -0.58702174703081833     
   2.8028028028028027       -1.0054163361039350      -0.58956472890643896     
   2.8068068068068066       -1.0052099612706489      -0.59210188036120082     
   2.8108108108108110       -1.0049970487885511      -0.59463317630428647     
   2.8148148148148149       -1.0047896429027650      -0.59715859170278585     
   2.8188188188188188       -1.0045786044308043      -0.59967810158194468     
   2.8228228228228227       -1.0043708912204701      -0.60219168102540921     
   2.8268268268268266       -1.0041619799162704      -0.60469930517547521     
   2.8308308308308310       -1.0039546206159822      -0.60720094923333168     
   2.8348348348348349       -1.0037480854228495      -0.60969658845930674     
   2.8388388388388388       -1.0035416832678901      -0.61218619817311326     
   2.8428428428428427       -1.0033377677733650      -0.61466975375409216     
   2.8468468468468466       -1.0031328720527435      -0.61714723064145482     
   2.8508508508508510       -1.0029318132846547      -0.61961860433452842     
   2.8548548548548549       -1.0027289235381365      -0.62208385039299596     
   2.8588588588588588       -1.0025309513027099      -0.62454294443713865     
   2.8628628628628627       -1.0023305210513616      -0.62699586214807834     
   2.8668668668668666       -1.0021358570337542      -0.62944257926801550     
   2.8708708708708710       -1.0019382975743736      -0.63188307160047208     
   2.8748748748748749       -1.0017471550052255      -0.63431731501052735     
   2.8788788788788788       -1.0015528387107120      -0.63674528542506048     
   2.8828828828828827       -1.0013654217458392      -0.63916695883298458     
   2.8868868868868871       -1.0011746854692296      -0.64158231128548815     
   2.8908908908908910       -1.0009911890603709      -0.64399131889626826     
   2.8948948948948949       -1.0008043369305084      -0.64639395784176901     
   2.8988988988988988       -1.0006249465100734      -0.64879020436141721     
   2.9029029029029028       -1.0004422529447077      -0.65118003475785557     
   2.9069069069069071       -1.0002671443116593      -0.65356342539717915     
   2.9109109109109110       -1.0000888563615100      -0.65594035270916740     
   2.9149149149149149      -0.99991819572534957      -0.65831079318751873     
   2.9189189189189189      -0.99974453562434740      -0.66067472339008115     
   2.9229229229229228      -0.99957847940274247      -0.66303211993908662     
   2.9269269269269271      -0.99940964664814058      -0.66538295952137938     
   2.9309309309309310      -0.99924834174672061      -0.66772721888864839     
   2.9349349349349350      -0.99908451498869466      -0.67006487485765742     
   2.9389389389389389      -0.99892809873291932      -0.67239590431047236     
   2.9429429429429428      -0.99876943772345628      -0.67472028419469232     
   2.9469469469469471      -0.99861803799135707      -0.67703799152367616     
   2.9509509509509511      -0.99846468502959929      -0.67934900337676973     
   2.9549549549549550      -0.99831842048521990      -0.68165329689953269     
   2.9589589589589589      -0.99817050194348100      -0.68395084930396566     
   2.9629629629629628      -0.99802948202406105      -0.68624163786873338     
   2.9669669669669672      -0.99788710969721361      -0.68852563993939209     
   2.9709709709709711      -0.99775143488077733      -0.69080283292861111     
   2.9749749749749750      -0.99761470698900567      -0.69307319431639702     
   2.9789789789789789      -0.99748446898340037      -0.69533670165031769     
   2.9829829829829828      -0.99735347131367935      -0.69759333254572287     
   2.9869869869869872      -0.99722875308003545      -0.69984306468596547     
   2.9909909909909911      -0.99710355991244304      -0.70208587582262250     
   2.9949949949949950      -0.99698443592054431      -0.70432174377571644     
   2.9989989989989989      -0.99686511070766570      -0.70655064643393228     
   3.0030030030030028      -0.99675164711859676      -0.70877256175483805     
   3.0070070070070072      -0.99663824323617811      -0.71098746776510247     
   3.0110110110110111      -0.99653049795905624      -0.71319534256071015     
   3.0150150150150150      -0.99642305936479514      -0.71539616430718178     
   3.0190190190190189      -0.99632108218372695      -0.71758991123978788     
   3.0230230230230228      -0.99621964388607431      -0.71977656166376336     
   3.0270270270270272      -0.99612347667746115      -0.72195609395452442     
   3.0310310310310311      -0.99602806509247921      -0.72412848655788031     
   3.0350350350350350      -0.99593774191803230      -0.72629371799024711     
   3.0390390390390389      -0.99584837539785021      -0.72845176683886070     
   3.0430430430430429      -0.99576392247893442      -0.73060261176198871     
   3.0470470470470472      -0.99568061158337051      -0.73274623148913987     
   3.0510510510510511      -0.99560204750726322      -0.73488260482127588     
   3.0550550550550550      -0.99552479521255877      -0.73701171063102133     
   3.0590590590590589      -0.99545213100973995      -0.73913352786287101     
   3.0630630630630629      -0.99538093290907548      -0.74124803553339991     
   3.0670670670670672      -0.99531417211703255      -0.74335521273147032     
   3.0710710710710711      -0.99524901669288712      -0.74545503861843621     
   3.0750750750750750      -0.99518815531653471      -0.74754749242835339     
   3.0790790790790790      -0.99512902403906578      -0.74963255346818258     
   3.0830830830830829      -0.99507405068217314      -0.75171020111799314     
   3.0870870870870872      -0.99502091809182636      -0.75378041483116953     
   3.0910910910910911      -0.99497181400984547      -0.75584317413461222     
   3.0950950950950951      -0.99492464776199441      -0.75789845862894101     
   3.0990990990990990      -0.99488138688545302      -0.75994624798869759     
   3.1031031031031029      -0.99484014787747244      -0.76198652196254535     
   3.1071071071071072      -0.99480269679395406      -0.76401926037346968     
   3.1111111111111112      -0.99476733919328741      -0.76604444311897801     
   3.1151151151151151      -0.99473565716541923      -0.76806205017129969     
   3.1191191191191190      -0.99470612843852058      -0.77007206157758090     
   3.1231231231231229      -0.99468016747362598      -0.77207445746008596     
   3.1271271271271273      -0.99465640835626967      -0.77406921801639050     
   3.1311311311311312      -0.99463611320800427      -0.77605632351957909     
   3.1351351351351351      -0.99461805771478251      -0.77803575431843974     
   3.1391391391391390      -0.99460336590045018      -0.78000749083765863     
   3.1431431431431434      -0.99459094135407999      -0.78197151357801342     
   3.1471471471471473      -0.99458178315047985      -0.78392780311656574     
   3.1511511511511512      -0.99457491017991073      -0.78587634010685492     
   3.1551551551551551      -0.99457120863243909      -0.78781710527908644     
   3.1591591591591590      -0.99456980115334692      -0.78975007944032583     
   3.1631631631631634      -0.99457147210380747      -0.79167524347468532     
   3.1671671671671673      -0.99457543751053201      -0.79359257834351493     
   3.1711711711711712      -0.99458238987099046      -0.79550206508559018     
   3.1751751751751751      -0.99459162867083151      -0.79740368481729929     
   3.1791791791791790      -0.99460376398600736      -0.79929741873283011     
   3.1831831831831834      -0.99461816993519303      -0.80118324810435748     
   3.1871871871871873      -0.99463538265271634      -0.80306115428222580     
   3.1911911911911912      -0.99465484281692618      -0.80493111869513456     
   3.1951951951951951      -0.99467702033838623      -0.80679312285032412     
   3.1991991991991990      -0.99470141512505894      -0.80864714833375495     
   3.2032032032032034      -0.99472843781949427      -0.81049317681029209     
   3.2072072072072073      -0.99475764100016939      -0.81233119002388610     
   3.2112112112112112      -0.99478938231419933      -0.81416116979775310     
   3.2152152152152151      -0.99482326106684171      -0.81598309803455449     
   3.2192192192192191      -0.99485958758885573      -0.81779695671657726     
   3.2232232232232234      -0.99489800257666050      -0.81960272790591171     
   3.2272272272272273      -0.99493877412645726      -0.82140039374462503     
   3.2312312312312312      -0.99498157953446897      -0.82318993645494509     
   3.2352352352352352      -0.99502664927403728      -0.82497133833943015     
   3.2392392392392391      -0.99507369292352732      -0.82674458178114651     
   3.2432432432432434      -0.99512290746622967      -0.82850964924384241     
   3.2472472472472473      -0.99517403092486845      -0.83026652327212114     
   3.2512512512512513      -0.99522723046660466      -0.83201518649161355     
   3.2552552552552552      -0.99528226913918549      -0.83375562160915107     
   3.2592592592592591      -0.99533928762475665      -0.83548781141293604     
   3.2632632632632634      -0.99539807092718013      -0.83721173877271049     
   3.2672672672672673      -0.99545873620024850      -0.83892738663992716     
   3.2712712712712713      -0.99552108770976233      -0.84063473804791811     
   3.2752752752752752      -0.99558522170738406      -0.84233377611206173     
   3.2792792792792791      -0.99565095932755843      -0.84402448402995045     
   3.2832832832832834      -0.99571837827009668      -0.84570684508155636     
   3.2872872872872874      -0.99578731443764368      -0.84738084262939606     
   3.2912912912912913      -0.99585782906946896      -0.84904646011869733     
   3.2952952952952952      -0.99592977097169411      -0.85070368107756111     
   3.2992992992992991      -0.99600318679531241      -0.85235248911712369     
   3.3033033033033035      -0.99607793661809019      -0.85399286793172058     
   3.3073073073073074      -0.99615405415313885      -0.85562480129904661     
   3.3113113113113113      -0.99623140932012344      -0.85724827308031681     
   3.3153153153153152      -0.99631002438469796      -0.85886326722042616     
   3.3193193193193191      -0.99638977786492233      -0.86046976774810746     
   3.3233233233233235      -0.99647068188819765      -0.86206775877609132     
   3.3273273273273274      -0.99655262248109655      -0.86365722450126015     
   3.3313313313313313      -0.99663560282028452      -0.86523814920480790     
   3.3353353353353352      -0.99671951549638960      -0.86681051725239255     
   3.3393393393393391      -0.99680435577576731      -0.86837431309429247     
   3.3433433433433435      -0.99689002200661514      -0.86992952126555956     
   3.3473473473473474      -0.99697650249139114      -0.87147612638617244     
   3.3513513513513513      -0.99706370063531946      -0.87301411316118827     
   3.3553553553553552      -0.99715159861699221      -0.87454346638089397     
   3.3593593593593591      -0.99724010430435450      -0.87606417092095756     
   3.3633633633633635      -0.99732919450821600      -0.87757621174257716     
   3.3673673673673674      -0.99741878106094417      -0.87907957389262847     
   3.3713713713713713      -0.99750883607379037      -0.88057424250381433     
   3.3753753753753752      -0.99759927492030354      -0.88206020279481123     
   3.3793793793793796      -0.99769006563927221      -0.88353744007041513     
   3.3833833833833835      -0.99778112678866693      -0.88500593972168740     
   3.3873873873873874      -0.99787242289189104      -0.88646568722609875     
   3.3913913913913913      -0.99796387540222931      -0.88791666814767278     
   3.3953953953953953      -0.99805544583639672      -0.88935886813712972     
   3.3993993993993996      -0.99814705830930761      -0.89079227293202790     
   3.4034034034034035      -0.99823867180080927      -0.89221686835690339     
   3.4074074074074074      -0.99833021289663459      -0.89363264032341194     
   3.4114114114114114      -0.99842163846571874      -0.89503957483046781     
   3.4154154154154153      -0.99851287742942763      -0.89643765796438168     
   3.4194194194194196      -0.99860388494437846      -0.89782687589899912     
   3.4234234234234235      -0.99869459216136058      -0.89920721489583688     
   3.4274274274274275      -0.99878495289398705      -0.90057866130421815     
   3.4314314314314314      -0.99887490045224681      -0.90194120156140900     
   3.4354354354354353      -0.99896438765220819      -0.90329482219275192     
   3.4394394394394396      -0.99905334992196249      -0.90463950981179775     
   3.4434434434434436      -0.99914173940548079      -0.90597525112043964     
   3.4474474474474475      -0.99922949363450619      -0.90730203290904421     
   3.4514514514514514      -0.99931656438787519      -0.90861984205658186     
   3.4554554554554553      -0.99940289130010673      -0.90992866553075646     
   3.4594594594594597      -0.99948842608460842      -0.91122849038813580     
   3.4634634634634636      -0.99957311050509778      -0.91251930377427593     
   3.4674674674674675      -0.99965689648317191      -0.91380109292385281     
   3.4714714714714714      -0.99973972796513499      -0.91507384516078560     
   3.4754754754754753      -0.99982155733846578      -0.91633754789836286     
   3.4794794794794797      -0.99990233078432056      -0.91759218863936631     
   3.4834834834834836      -0.99998200142092808      -0.91883775497619591     
   3.4874874874874875       -1.0000605177289239      -0.92007423459099136     
   3.4914914914914914       -1.0001378338053331      -0.92130161525575383     
   3.4954954954954953       -1.0002139005102115      -0.92251988483246850     
   3.4994994994994997       -1.0002886731542202      -0.92372903127322248     
   3.5035035035035036       -1.0003621050700937      -0.92492904262032472     
   3.5075075075075075       -1.0004341530031908      -0.92611990700642566     
   3.5115115115115114       -1.0005047728638288      -0.92730161265463207     
   3.5155155155155153       -1.0005739230455604      -0.92847414787862559     
   3.5195195195195197       -1.0006415621332991      -0.92963750108277710     
   3.5235235235235236       -1.0007076504004135      -0.93079166076226205     
   3.5275275275275275       -1.0007721491983781      -0.93193661550317375     
   3.5315315315315314       -1.0008350208773977      -0.93307235398263721     
   3.5355355355355353       -1.0008962296749504      -0.93419886496891946     
   3.5395395395395397       -1.0009557402147236      -0.93531613732154262     
   3.5435435435435436       -1.0010135197220271      -0.93642415999139206     
   3.5475475475475475       -1.0010695352942669      -0.93752292202082732     
   3.5515515515515514       -1.0011237572448330      -0.93861241254378924     
   3.5555555555555554       -1.0011761553243825      -0.93969262078590843     
   3.5595595595595597       -1.0012267030639699      -0.94076353606461116     
   3.5635635635635636       -1.0012753730221933      -0.94182514778922477     
   3.5675675675675675       -1.0013221420455480      -0.94287744546108421     
   3.5715715715715715       -1.0013669856772180      -0.94392041867363274     
   3.5755755755755754       -1.0014098841796679      -0.94495405711252811     
   3.5795795795795797       -1.0014508162371771      -0.94597835055574231     
   3.5835835835835836       -1.0014897656105546      -0.94699328887366330     
   3.5875875875875876       -1.0015267143116617      -0.94799886202919548     
   3.5915915915915915       -1.0015616496519835      -0.94899506007785894     
   3.5955955955955954       -1.0015945571143765      -0.94998187316788696     
   3.5995995995995997       -1.0016254276448358      -0.95095929154032532     
   3.6036036036036037       -1.0016542503218793      -0.95192730552912663     
   3.6076076076076076       -1.0016810198256190      -0.95288590556124664     
   3.6116116116116115       -1.0017057289134950      -0.95383508215674029     
   3.6156156156156154       -1.0017283760880986      -0.95477482592885354     
   3.6196196196196198       -1.0017489578642640      -0.95570512758411708     
   3.6236236236236237       -1.0017674766343356      -0.95662597792243798     
   3.6276276276276276       -1.0017839327685882      -0.95753736783719101     
   3.6316316316316315       -1.0017983325991346      -0.95843928831530878     
   3.6356356356356359       -1.0018106803934024      -0.95933173043737030     
   3.6396396396396398       -1.0018209865170027      -0.96021468537768961     
   3.6436436436436437       -1.0018292590862641      -0.96108814440440271     
   3.6476476476476476       -1.0018355126872638      -0.96195209887955480     
   3.6516516516516515       -1.0018397591568546      -0.96280654025918444     
   3.6556556556556559       -1.0018420174507543      -0.96365146009340885     
   3.6596596596596598       -1.0018423030337960      -0.96448685002650714     
   3.6636636636636637       -1.0018406392975774      -0.96531270179700357     
   3.6676676676676676       -1.0018370451980927      -0.96612900723774797     
   3.6716716716716715       -1.0018315487437734      -0.96693575827599820     
   3.6756756756756759       -1.0018241723518004      -0.96773294693349898     
   3.6796796796796798       -1.0018149486283814      -0.96852056532655983     
   3.6836836836836837       -1.0018039033951516      -0.96929860566613557     
   3.6876876876876876       -1.0017910736547389      -0.97006706025790090     
   3.6916916916916915       -1.0017764889036318      -0.97082592150232783     
   3.6956956956956959       -1.0017601900233879      -0.97157518189476044     
   3.6996996996996998       -1.0017422106760399      -0.97231483402548924     
   3.7037037037037037       -1.0017225948641160      -0.97304487057982392     
   3.7077077077077076       -1.0017013811301907      -0.97376528433816678     
   3.7117117117117115       -1.0016786155165678      -0.97447606817608323     
   3.7157157157157159       -1.0016543425409752      -0.97517721506437227     
   3.7197197197197198       -1.0016286087752593      -0.97586871806913611     
   3.7237237237237237       -1.0016014660213015      -0.97655057035184933     
   3.7277277277277276       -1.0015729598564227      -0.97722276516942586     
   3.7317317317317316       -1.0015431504585646      -0.97788529587428519     
   3.7357357357357359       -1.0015120812080174      -0.97853815591441973     
   3.7397397397397398       -1.0014798212331051      -0.97918133883345804     
   3.7437437437437437       -1.0014464112915420      -0.97981483827072935     
   3.7477477477477477       -1.0014119286453238      -0.98043864796132674     
   3.7517517517517516       -1.0013764129768892      -0.98105276173616807     
   3.7557557557557559       -1.0013399465321766      -0.98165717352205806     
   3.7597597597597598       -1.0013025718567146      -0.98225187734174813     
   3.7637637637637638       -1.0012643702733686      -0.98283686731399489     
   3.7677677677677677       -1.0012253943672125      -0.98341213765361879     
   3.7717717717717716       -1.0011857151780947      -0.98397768267156138     
   3.7757757757757759       -1.0011454054596656      -0.98453349677494195     
   3.7797797797797799       -1.0011045143730264      -0.98507957446711136     
   3.7837837837837838       -1.0010631463712318      -0.98561591034770824     
   3.7877877877877877       -1.0010213168733599      -0.98614249911271146     
   3.7917917917917916       -1.0009791717203977      -0.98665933555449192     
   3.7957957957957960       -1.0009366853454493      -0.98716641456186571     
   3.7997997997997999       -1.0008940468666889      -0.98766373112014327     
   3.8038038038038038       -1.0008511938066702      -0.98815128031117960     
   3.8078078078078077       -1.0008083448792715      -0.98862905731342254     
   3.8118118118118116       -1.0007654247032551      -0.98909705740196108     
   3.8158158158158160       -1.0007226439265409      -0.98955527594857173     
   3.8198198198198199       -1.0006799656980090      -0.99000370842176366     
   3.8238238238238238       -1.0006375250213395      -0.99044235038682449     
   3.8278278278278277       -1.0005954052204840      -0.99087119750586350     
   3.8318318318318316       -1.0005535703935069      -0.99129024553785516     
   3.8358358358358360       -1.0005123271459733      -0.99169949033868066     
   3.8398398398398399       -1.0004713628784889      -0.99209892786116838     
   3.8438438438438438       -1.0004313044596758      -0.99248855415513493     
   3.8478478478478477       -1.0003914857851186      -0.99286836536742351     
   3.8518518518518516       -1.0003528921609985      -0.99323835774194280     
   3.8558558558558560       -1.0003145225236365      -0.99359852761970280     
   3.8598598598598599       -1.0002776211479418      -0.99394887143885202     
   3.8638638638638638       -1.0002410542357276      -0.99428938573471282     
   3.8678678678678677       -1.0002059952378284      -0.99462006713981466     
   3.8718718718718717       -1.0001716525094488      -0.99494091238392857     
   3.8758758758758760       -1.0001384944926359      -0.99525191829409909     
   3.8798798798798799       -1.0001068637872310      -0.99555308179467450     
   3.8838838838838838       -1.0000755885431152      -0.99584439990733942     
   3.8878878878878878       -1.0000471823740105      -0.99612586975114281     
   3.8918918918918921       -1.0000177616411381      -0.99639748854252641     
   3.8958958958958960      -0.99999301208872682      -0.99665925359535279     
   3.8998998998998999      -0.99996554679859129      -0.99691116232093191     
   3.9039039039039038      -0.99994462337599310      -0.99715321222804643     
   3.9079079079079078      -0.99991955734407101      -0.99738540092297623     
   3.9119119119119121      -0.99990212333090678      -0.99760772610952264     
   3.9159159159159160      -0.99988049173166094      -0.99782018558903074     
   3.9199199199199199      -0.99986546937614307      -0.99802277726041111     
   3.9239239239239239      -0.99984907525171451      -0.99821549912016083     
   3.9279279279279278      -0.99983456609681165      -0.99839834926238302     
   3.9319319319319321      -0.99982590032395735      -0.99857132587880604     
   3.9359359359359360      -0.99980947543085996      -0.99873442725880057     
   3.9399399399399400      -0.99981115268583587      -0.99888765178939798     
   3.9439439439439439      -0.99979072506097155      -0.99903099795530448     
   3.9479479479479478      -0.99980428103179664      -0.99916446433891781     
   3.9519519519519521      -0.99977960312438918      -0.99928804962034024     
   3.9559559559559561      -0.99980378374915568      -0.99940175257739150     
   3.9599599599599600      -0.99977820637566139      -0.99950557208562174     
   3.9639639639639639      -0.99980737925348517      -0.99959950711832180     
   3.9679679679679678      -0.99978899029117796      -0.99968355674653397     
   3.9719719719719722      -0.99981270179145376      -0.99975772013906072     
   3.9759759759759761      -0.99981398077341432      -0.99982199656247328     
   3.9799799799799800      -0.99981785174484394      -0.99987638538111856     
   3.9839839839839839      -0.99985523145703037      -0.99992088605712559     
   3.9879879879879878      -0.99981895882239646      -0.99995549815041107     
   3.9919919919919922      -0.99992099796698508      -0.99998022131868336     
   3.9959959959959961      -0.99979869106691155      -0.99999505531744570     
   4.0000000000000000       -1.0000000000000000       -1.0000000000000000     
