   0.0000000000000000        1.0000000000000000       0.99999999999999989     
   4.0040040040040040E-003  0.99984435311120001       0.99999505531744592     
   8.0080080080080079E-003  0.99999846766284017       0.99998022131868325     
   1.2012012012012012E-002  0.99986377338448773       0.99995549815041107     
   1.6016016016016016E-002  0.99996628720302705       0.99992088605712559     
   2.0020020020020020E-002  0.99988138927514725       0.99987638538111856     
   2.4024024024024024E-002  0.99994070770133103       0.99982199656247328     
   2.8028028028028028E-002  0.99990356699637539       0.99975772013906072     
   3.2032032032032032E-002  0.99992930332320551       0.99968355674653397     
   3.6036036036036036E-002  0.99992759855320623       0.99959950711832180     
   4.0040040040040040E-002  0.99993279626523435       0.99950557208562174     
   4.4044044044044044E-002  0.99995325936423096       0.99940175257739161     
   4.8048048048048048E-002  0.99995018010699299       0.99928804962034012     
   5.2052052052052052E-002  0.99998142944581703       0.99916446433891792     
   5.6056056056056056E-002  0.99997944235594727       0.99903099795530459     
   6.0060060060060060E-002   1.0000135921365756       0.99888765178939798     
   6.4064064064064064E-002   1.0000182019966570       0.99873442725880068     
   6.8068068068068074E-002   1.0000511720350032       0.99857132587880615     
   7.2072072072072071E-002   1.0000643291117286       0.99839834926238324     
   7.6076076076076082E-002   1.0000950561793633       0.99821549912016094     
   8.0080080080080079E-002   1.0001162623480202       0.99802277726041122     
   8.4084084084084090E-002   1.0001454538027703       0.99782018558903074     
   8.8088088088088087E-002   1.0001730117874181       0.99760772610952264     
   9.2092092092092098E-002   1.0002020097068567       0.99738540092297623     
   9.6096096096096095E-002   1.0002339869235728       0.99715321222804643     
  0.10010010010010011        1.0002640180661062       0.99691116232093191     
  0.10410410410410410        1.0002987900425548       0.99665925359535279     
  0.10810810810810811        1.0003306222852346       0.99639748854252641     
  0.11211211211211211        1.0003670560682065       0.99612586975114281     
  0.11611611611611612        1.0004009503104714       0.99584439990733964     
  0.12012012012012012        1.0004383624826927       0.99555308179467450     
  0.12412412412412413        1.0004741812874058       0.99525191829409887     
  0.12812812812812813        1.0005121994967372       0.99494091238392868     
  0.13213213213213212        1.0005495624763918       0.99462006713981466     
  0.13613613613613615        1.0005879779446820       0.99428938573471282     
  0.14014014014014015        1.0006263991900770       0.99394887143885213     
  0.14414414414414414        1.0006650539611714       0.99359852761970280     
  0.14814814814814814        1.0007040357699675       0.99323835774194291     
  0.15215215215215216        1.0007427560020379       0.99286836536742373     
  0.15615615615615616        1.0007818382348843       0.99248855415513493     
  0.16016016016016016        1.0008204068708511       0.99209892786116838     
  0.16416416416416416        1.0008591831176832       0.99169949033868066     
  0.16816816816816818        1.0008973387596158       0.99129024553785539     
  0.17217217217217218        1.0009354528014702       0.99087119750586361     
  0.17617617617617617        1.0009729017771556       0.99044235038682449     
  0.18018018018018017        1.0010100359112273       0.99000370842176388     
  0.18418418418418420        1.0010464681579798       0.98955527594857196     
  0.18818818818818819        1.0010823306098473       0.98909705740196130     
  0.19219219219219219        1.0011174339474829       0.98862905731342254     
  0.19619619619619619        1.0011517491560225       0.98815128031117949     
  0.20020020020020021        1.0011852196485851       0.98766373112014327     
  0.20420420420420421        1.0012177226353414       0.98716641456186571     
  0.20820820820820821        1.0012492708807987       0.98665933555449203     
  0.21221221221221220        1.0012797049962543       0.98614249911271146     
  0.21621621621621623        1.0013090590945304       0.98561591034770846     
  0.22022022022022023        1.0013371762686560       0.98507957446711159     
  0.22422422422422422        1.0013640827986658       0.98453349677494206     
  0.22822822822822822        1.0013896452575211       0.98397768267156138     
  0.23223223223223224        1.0014138690882748       0.98341213765361868     
  0.23623623623623624        1.0014366513180279       0.98283686731399489     
  0.24024024024024024        1.0014579750425623       0.98225187734174813     
  0.24424424424424424        1.0014777659451346       0.98165717352205828     
  0.24824824824824826        1.0014959894543580       0.98105276173616818     
  0.25225225225225223        1.0015125938451452       0.98043864796132674     
  0.25625625625625625        1.0015275340445406       0.97981483827072957     
  0.26026026026026028        1.0015407739013427       0.97918133883345804     
  0.26426426426426425        1.0015522647870720       0.97853815591441973     
  0.26826826826826827        1.0015619799694047       0.97788529587428519     
  0.27227227227227230        1.0015698726966651       0.97722276516942586     
  0.27627627627627627        1.0015759214545328       0.97655057035184956     
  0.28028028028028029        1.0015800847535632       0.97586871806913633     
  0.28428428428428426        1.0015823437930276       0.97517721506437238     
  0.28828828828828829        1.0015826641960599       0.97447606817608334     
  0.29229229229229231        1.0015810289554128       0.97376528433816700     
  0.29629629629629628        1.0015774111991376       0.97304487057982403     
  0.30030030030030030        1.0015717956015684       0.97231483402548924     
  0.30430430430430433        1.0015641625375078       0.97157518189476044     
  0.30830830830830830        1.0015544988486353       0.97082592150232794     
  0.31231231231231232        1.0015427915265431       0.97006706025790113     
  0.31631631631631629        1.0015290303564730       0.96929860566613568     
  0.32032032032032032        1.0015132080423850       0.96852056532656006     
  0.32432432432432434        1.0014953180064721       0.96773294693349898     
  0.32832832832832831        1.0014753580530467       0.96693575827599854     
  0.33233233233233234        1.0014533256263578       0.96612900723774819     
  0.33633633633633636        1.0014292231379731       0.96531270179700357     
  0.34034034034034033        1.0014030524116042       0.96448685002650714     
  0.34434434434434436        1.0013748199757377       0.96365146009340885     
  0.34834834834834832        1.0013445322048746       0.96280654025918455     
  0.35235235235235235        1.0013121995636838       0.96195209887955491     
  0.35635635635635637        1.0012778328347769       0.96108814440440293     
  0.36036036036036034        1.0012414463472683       0.96021468537768961     
  0.36436436436436437        1.0012030551896141       0.95933173043737041     
  0.36836836836836839        1.0011626773859774       0.95843928831530878     
  0.37237237237237236        1.0011203322108091       0.95753736783719101     
  0.37637637637637639        1.0010760412869328       0.95662597792243798     
  0.38038038038038036        1.0010298278574794       0.95570512758411708     
  0.38438438438438438        1.0009817171091184       0.95477482592885377     
  0.38838838838838841        1.0009317359627201       0.95383508215674051     
  0.39239239239239238        1.0008799131271673       0.95288590556124697     
  0.39639639639639640        1.0008262790105729       0.95192730552912663     
  0.40040040040040042        1.0007708656670256       0.95095929154032544     
  0.40440440440440439        1.0007137068356482       0.94998187316788707     
  0.40840840840840842        1.0006548377306339       0.94899506007785894     
  0.41241241241241239        1.0005942952592675       0.94799886202919548     
  0.41641641641641641        1.0005321176674757       0.94699328887366341     
  0.42042042042042044        1.0004683447766931       0.94597835055574242     
  0.42442442442442441        1.0004030177265011       0.94495405711252856     
  0.42842842842842843        1.0003361790468852       0.94392041867363297     
  0.43243243243243246        1.0002678726017860       0.94287744546108421     
  0.43643643643643643        1.0001981434748988       0.94182514778922499     
  0.44044044044044045        1.0001270380086582       0.94076353606461094     
  0.44444444444444442        1.0000546036866584       0.93969262078590843     
  0.44844844844844844       0.99998088912246930       0.93861241254378935     
  0.45245245245245247       0.99990594402023369       0.93752292202082743     
  0.45645645645645644       0.99982981907854063       0.93642415999139239     
  0.46046046046046046       0.99975256601446827       0.93531613732154295     
  0.46446446446446449       0.99967423743983252       0.93419886496891991     
  0.46846846846846846       0.99959488687422593       0.93307235398263733     
  0.47247247247247248       0.99951456865557775       0.93193661550317397     
  0.47647647647647645       0.99943333791069833       0.93079166076226205     
  0.48048048048048048       0.99935125051895390       0.92963750108277710     
  0.48448448448448450       0.99926836303238786       0.92847414787862570     
  0.48848848848848847       0.99918473266242491       0.92730161265463229     
  0.49249249249249250       0.99910041721368847       0.92611990700642588     
  0.49649649649649652       0.99901547503326171       0.92492904262032505     
  0.50050050050050054       0.99892996498880948       0.92372903127322259     
  0.50450450450450446       0.99884394638702589       0.92251988483246872     
  0.50850850850850848       0.99875747896771327       0.92130161525575405     
  0.51251251251251251       0.99867062280780772       0.92007423459099136     
  0.51651651651651653       0.99858343835406216       0.91883775497619602     
  0.52052052052052056       0.99849598628546343       0.91759218863936653     
  0.52452452452452447       0.99840832754908149       0.91633754789836308     
  0.52852852852852850       0.99832052326674026       0.91507384516078605     
  0.53253253253253252       0.99823263471752599       0.91380109292385314     
  0.53653653653653655       0.99814472328591297       0.91251930377427604     
  0.54054054054054057       0.99805685042588199       0.91122849038813569     
  0.54454454454454460       0.99796907761478038       0.90992866553075669     
  0.54854854854854851       0.99788146631898045       0.90861984205658186     
  0.55255255255255253       0.99779407794601505       0.90730203290904443     
  0.55655655655655656       0.99770697381331941       0.90597525112043986     
  0.56056056056056058       0.99762021511879384       0.90463950981179786     
  0.56456456456456461       0.99753386287936674       0.90329482219275237     
  0.56856856856856852       0.99744797791979145       0.90194120156140967     
  0.57257257257257255       0.99736262082137006       0.90057866130421826     
  0.57657657657657657       0.99727785189146145       0.89920721489583666     
  0.58058058058058060       0.99719373113287035       0.89782687589899912     
  0.58458458458458462       0.99711031820456952       0.89643765796438168     
  0.58858858858858853       0.99702767239258683       0.89503957483046792     
  0.59259259259259256       0.99694585258081292       0.89363264032341216     
  0.59659659659659658       0.99686491721458936       0.89221686835690384     
  0.60060060060060061       0.99678492427205967       0.89079227293202834     
  0.60460460460460463       0.99670593123439422       0.88935886813713039     
  0.60860860860860866       0.99662799506433175       0.88791666814767300     
  0.61261261261261257       0.99655117216488043       0.88646568722609853     
  0.61661661661661660       0.99647551837004689       0.88500593972168740     
  0.62062062062062062       0.99640108889800083       0.88353744007041513     
  0.62462462462462465       0.99632793834913236       0.88206020279481145     
  0.62862862862862867       0.99625612065610025       0.88057424250381455     
  0.63263263263263259       0.99618568908778204       0.87907957389262892     
  0.63663663663663661       0.99611669620213661       0.87757621174257761     
  0.64064064064064064       0.99604919383689972       0.87606417092095823     
  0.64464464464464466       0.99598323308301673       0.87454346638089420     
  0.64864864864864868       0.99591886427204812       0.87301411316118804     
  0.65265265265265260       0.99585613694531061       0.87147612638617244     
  0.65665665665665662       0.99579509984717407       0.86992952126555978     
  0.66066066066066065       0.99573580089436664       0.86837431309429269     
  0.66466466466466467       0.99567828717089379       0.86681051725239278     
  0.66866866866866870       0.99562260490050791       0.86523814920480835     
  0.67267267267267272       0.99556879944618348       0.86365722450126059     
  0.67667667667667664       0.99551691526197239       0.86206775877609154     
  0.68068068068068066       0.99546699592822319       0.86046976774810768     
  0.68468468468468469       0.99541908408573154       0.85886326722042616     
  0.68868868868868871       0.99537322147136975       0.85724827308031681     
  0.69269269269269274       0.99532944885948660       0.85562480129904683     
  0.69669669669669665       0.99528780609490120       0.85399286793172080     
  0.70070070070070067       0.99524833203893681       0.85235248911712413     
  0.70470470470470470       0.99521106460697795       0.85070368107756156     
  0.70870870870870872       0.99517604069059884       0.84904646011869800     
  0.71271271271271275       0.99514329623784170       0.84738084262939628     
  0.71671671671671666       0.99511286614824990       0.84570684508155602     
  0.72072072072072069       0.99508478436177294       0.84402448402995045     
  0.72472472472472471       0.99505908375374574       0.84233377611206173     
  0.72872872872872874       0.99503579622658045       0.84063473804791822     
  0.73273273273273276       0.99501495261038408       0.83892738663992727     
  0.73673673673673679       0.99499658273662750       0.83721173877271082     
  0.74074074074074070       0.99498071536176269       0.83548781141293649     
  0.74474474474474472       0.99496737823541326       0.83375562160915173     
  0.74874874874874875       0.99495659802260716       0.83201518649161366     
  0.75275275275275277       0.99494840037296983       0.83026652327212069     
  0.75675675675675680       0.99494280983537908       0.82850964924384218     
  0.76076076076076071       0.99493984996773155       0.82674458178114663     
  0.76476476476476474       0.99493954318185462       0.82497133833943037     
  0.76876876876876876       0.99494191076784688       0.82318993645494531     
  0.77277277277277279       0.99494697308397384       0.82140039374462548     
  0.77677677677677681       0.99495474936301742       0.81960272790591149     
  0.78078078078078073       0.99496525783099232       0.81779695671657793     
  0.78478478478478475       0.99497851559215356       0.81598309803455460     
  0.78878878878878878       0.99499453873235244       0.81416116979775299     
  0.79279279279279280       0.99501334223085791       0.81233119002388599     
  0.79679679679679682       0.99503494003257931       0.81049317681029232     
  0.80080080080080085       0.99505934498556281       0.80864714833375506     
  0.80480480480480476       0.99508656891332625       0.80679312285032445     
  0.80880880880880879       0.99511662252254562       0.80493111869513490     
  0.81281281281281281       0.99514951552742048       0.80306115428222591     
  0.81681681681681684       0.99518525650645018       0.80118324810435759     
  0.82082082082082086       0.99522385305088779       0.79929741873283022     
  0.82482482482482478       0.99526531163382537       0.79740368481729917     
  0.82882882882882880       0.99530963772787340       0.79550206508558996     
  0.83283283283283283       0.99535683571041045       0.79359257834351515     
  0.83683683683683685       0.99540690893420092       0.79167524347468543     
  0.84084084084084088       0.99545985971562101       0.78975007944032627     
  0.84484484484484490       0.99551568928721401       0.78781710527908688     
  0.84884884884884881       0.99557439790721125       0.78587634010685514     
  0.85285285285285284       0.99563598472205783       0.78392780311656585     
  0.85685685685685686       0.99570044791644796       0.78197151357801298     
  0.86086086086086089       0.99576778458505566       0.78000749083765841     
  0.86486486486486491       0.99583799083235802       0.77803575431843952     
  0.86886886886886883       0.99591106174165123       0.77605632351957921     
  0.87287287287287285       0.99598699133901969       0.77406921801639061     
  0.87687687687687688       0.99606577270305008       0.77207445746008641     
  0.88088088088088090       0.99614739782504480       0.77007206157758135     
  0.88488488488488493       0.99623185774865031       0.76806205017129980     
  0.88888888888888884       0.99631914248429621       0.76604444311897812     
  0.89289289289289286       0.99640924101476824       0.76401926037346957     
  0.89689689689689689       0.99650214143764337       0.76198652196254524     
  0.90090090090090091       0.99659783068854146       0.75994624798869781     
  0.90490490490490494       0.99669629490388156       0.75789845862894112     
  0.90890890890890896       0.99679751905998781       0.75584317413461199     
  0.91291291291291288       0.99690148728444250       0.75378041483116964     
  0.91691691691691690       0.99700818267130109       0.75171020111799358     
  0.92092092092092093       0.99711758733860845       0.74963255346818269     
  0.92492492492492495       0.99722968247950294       0.74754749242835361     
  0.92892892892892898       0.99734444828282509       0.74545503861843632     
  0.93293293293293289       0.99746186396991676       0.74335521273147021     
  0.93693693693693691       0.99758190790743795       0.74124803553340046     
  0.94094094094094094       0.99770455732973884       0.73913352786287123     
  0.94494494494494496       0.99782978876552342       0.73701171063102144     
  0.94894894894894899       0.99795757755097092       0.73488260482127599     
  0.95295295295295290       0.99808789828864120       0.73274623148913998     
  0.95695695695695693       0.99822072454854360       0.73060261176198882     
  0.96096096096096095       0.99835602899935283       0.72845176683886093     
  0.96496496496496498       0.99849378338391204       0.72629371799024722     
  0.96896896896896900       0.99863395857185644       0.72412848655788020     
  0.97297297297297303       0.99877652439418652       0.72195609395452465     
  0.97697697697697694       0.99892145002125321       0.71977656166376347     
  0.98098098098098097       0.99906870341262877       0.71758991123978799     
  0.98498498498498499       0.99921825192321390       0.71539616430718200     
  0.98898898898898902       0.99937006182948640       0.71319534256071038     
  0.99299299299299304       0.99952409863394787       0.71098746776510235     
  0.99699699699699695       0.99968032689224728       0.70877256175483849     
   1.0010010010010011       0.99983871040931860       0.70655064643393239     
   1.0050050050050050       0.99999921192826757       0.70432174377571666     
   1.0090090090090089        1.0001617936517144       0.70208587582262261     
   1.0130130130130131        1.0003264165881254       0.69984306468596524     
   1.0170170170170170        1.0004930412115403       0.69759333254572309     
   1.0210210210210211        1.0006616270054369       0.69533670165031780     
   1.0250250250250250        1.0008321327339516       0.69307319431639725     
   1.0290290290290289        1.0010045162167958       0.69080283292861089     
   1.0330330330330331        1.0011787347793604       0.68852563993939231     
   1.0370370370370370        1.0013547445655353       0.68624163786873360     
   1.0410410410410411        1.0015325013470269       0.68395084930396588     
   1.0450450450450450        1.0017119598742859       0.68165329689953280     
   1.0490490490490489        1.0018930743449277       0.67934900337676996     
   1.0530530530530531        1.0020757980316728       0.67703799152367639     
   1.0570570570570570        1.0022600838488107       0.67472028419469277     
   1.0610610610610611        1.0024458835756032       0.67239590431047247     
   1.0650650650650650        1.0026331487671087       0.67006487485765720     
   1.0690690690690692        1.0028218300228868       0.66772721888864850     
   1.0730730730730731        1.0030118775541739       0.66538295952137927     
   1.0770770770770770        1.0032032406842695       0.66303211993908673     
   1.0810810810810811        1.0033958686169959       0.66067472339008138     
   1.0850850850850851        1.0035897094670876       0.65831079318751895     
   1.0890890890890892        1.0037847113479985       0.65594035270916762     
   1.0930930930930931        1.0039808214449708       0.65356342539717938     
   1.0970970970970970        1.0041779869538441       0.65118003475785569     
   1.1011011011011012        1.0043761540934015       0.64879020436141710     
   1.1051051051051051        1.0045752693131131       0.64639395784176923     
   1.1091091091091092        1.0047752781523394       0.64399131889626848     
   1.1131131131131131        1.0049761263808705       0.64158231128548826     
   1.1171171171171170        1.0051777588990214       0.63916695883298480     
   1.1211211211211212        1.0053801211400542       0.63674528542506059     
   1.1251251251251251        1.0055831575767367       0.63431731501052790     
   1.1291291291291292        1.0057868133464207       0.63188307160047219     
   1.1331331331331331        1.0059910326891079       0.62944257926801572     
   1.1371371371371370        1.0061957608487333       0.62699586214807856     
   1.1411411411411412        1.0064009420189344       0.62454294443713887     
   1.1451451451451451        1.0066065216369187       0.62208385039299618     
   1.1491491491491492        1.0068124441330075       0.61961860433452864     
   1.1531531531531531        1.0070186555883158       0.61714723064145538     
   1.1571571571571571        1.0072251008827340       0.61466975375409227     
   1.1611611611611612        1.0074317269266366       0.61218619817311382     
   1.1651651651651651        1.0076384793662683       0.60969658845930685     
   1.1691691691691692        1.0078453064128816       0.60720094923333146     
   1.1731731731731732        1.0080521547893027       0.60469930517547543     
   1.1771771771771771        1.0082589743306880       0.60219168102540976     
   1.1811811811811812        1.0084657131484078       0.59967810158194490     
   1.1851851851851851        1.0086723231617223       0.59715859170278607     
   1.1891891891891893        1.0088787543243836       0.59463317630428669     
   1.1931931931931932        1.0090849611370765       0.59210188036120104     
   1.1971971971971973        1.0092908956836026       0.58956472890643952     
   1.2012012012012012        1.0094965156209479       0.58702174703081855     
   1.2052052052052051        1.0097017755895281       0.58447295988281511     
   1.2092092092092093        1.0099066369864429       0.58191839266831502     
   1.2132132132132132        1.0101110575484014       0.57935807065036715     
   1.2172172172172173        1.0103150030356254       0.57679201914892964     
   1.2212212212212212        1.0105184346895124       0.57422026354062339     
   1.2252252252252251        1.0107213233911931       0.57164282925847876     
   1.2292292292292293        1.0109236344018135       0.56905974179168362     
   1.2332332332332332        1.0111253444979758       0.56647102668533400     
   1.2372372372372373        1.0113264234864408       0.56387670954017777     
   1.2412412412412412        1.0115268548985565       0.56127681601236523     
   1.2452452452452452        1.0117266136828968       0.55867137181319193     
   1.2492492492492493        1.0119256910325463       0.55606040270884771     
   1.2532532532532532        1.0121240675716876       0.55344393452015839     
   1.2572572572572573        1.0123217431900189       0.55082199312233371     
   1.2612612612612613        1.0125187047734014       0.54819460444470980     
   1.2652652652652652        1.0127149619993765       0.54556179447049202     
   1.2692692692692693        1.0129105086072718       0.54292358923649942     
   1.2732732732732732        1.0131053652436839       0.54028001483290677     
   1.2772772772772774        1.0132995330904480       0.53763109740298687     
   1.2812812812812813        1.0134930450370550       0.53497686314285187     
   1.2852852852852852        1.0136859102857931       0.53231733830119210     
   1.2892892892892893        1.0138781753383479       0.52965254917902038     
   1.2932932932932932        1.0140698579736176       0.52698252212940966     
   1.2972972972972974        1.0142610197730750       0.52430728355723166     
   1.3013013013013013        1.0144516876133152       0.52162685991889790     
   1.3053053053053052        1.0146419397241913       0.51894127772209575     
   1.3093093093093093        1.0148318125490516       0.51625056352552856     
   1.3133133133133132        1.0150214026290165       0.51355474393865164     
   1.3173173173173174        1.0152107563530015       0.51085384562140879     
   1.3213213213213213        1.0153999904261781       0.50814789528396931     
   1.3253253253253254        1.0155891614781267       0.50543691968646431     
   1.3293293293293293        1.0157784082021073       0.50272094563872183     
   1.3333333333333333        1.0159677976797499       0.50000000000000033     
   1.3373373373373374        1.0161574925963266       0.49727410967872421     
   1.3413413413413413        1.0163475704819280       0.49454330163221866     
   1.3453453453453454        1.0165382201484416       0.49180760286644143     
   1.3493493493493494        1.0167295295074925       0.48906704043571680     
   1.3533533533533533        1.0169217156650912       0.48632164144246692     
   1.3573573573573574        1.0171148764526501       0.48357143303694439     
   1.3613613613613613        1.0173092595820712       0.48081644241696458     
   1.3653653653653655        1.0175049723048457       0.47805669682763607     
   1.3693693693693694        1.0177022953805326       0.47529222356109019     
   1.3733733733733733        1.0179013443614473       0.47252304995621203     
   1.3773773773773774        1.0181024355107404       0.46974920339837073     
   1.3813813813813813        1.0183056916306346       0.46697071131914814     
   1.3853853853853855        1.0185114670037203       0.46418760119606600     
   1.3893893893893894        1.0187198896565395       0.46139990055231739     
   1.3933933933933933        1.0189313548293588       0.45860763695649082     
   1.3973973973973974        1.0191459935747054       0.45581083802230099     
   1.4014014014014013        1.0193642444677473       0.45300953140831446     
   1.4054054054054055        1.0195862390567147       0.45020374481767350     
   1.4094094094094094        1.0198124620333791       0.44739350599782696     
   1.4134134134134133        1.0200430415972750       0.44457884274025250     
   1.4174174174174174        1.0202785117266819       0.44175978288018319     
   1.4214214214214214        1.0205189929626177       0.43893635429633082     
   1.4254254254254255        1.0207650710653831       0.43610858491061116     
   1.4294294294294294        1.0210168541917459       0.43327650268786849     
   1.4334334334334333        1.0212749823805958       0.43044013563559824     
   1.4374374374374375        1.0215395454483729       0.42759951180366951     
   1.4414414414414414        1.0218112405413293       0.42475465928404799     
   1.4454454454454455        1.0220901316614508       0.42190560621051937     
   1.4494494494494494        1.0223769760740058       0.41905238075840973     
   1.4534534534534536        1.0226718033512614       0.41619501114430768     
   1.4574574574574575        1.0229754335021621       0.41333352562578418     
   1.4614614614614614        1.0232878520967308       0.41046795250111390     
   1.4654654654654655        1.0236099439337365       0.40759832010899610     
   1.4694694694694694        1.0239416397931516       0.40472465682827363     
   1.4734734734734736        1.0242838912595900       0.40184699107765148     
   1.4774774774774775        1.0246365614809856       0.39896535131541649     
   1.4814814814814814        1.0250006711939186       0.39607976603915679     
   1.4854854854854855        1.0253760006099766       0.39319026378547872     
   1.4894894894894894        1.0257636422023813       0.39029687312972589     
   1.4934934934934936        1.0261632764245021       0.38739962268569328     
   1.4974974974974975        1.0265760685879051       0.38449854110534909     
   1.5015015015015014        1.0270015814602886       0.38159365707854875     
   1.5055055055055055        1.0274410542259858       0.37868499933275013     
   1.5095095095095095        1.0278939104623577       0.37577259663273255     
   1.5135135135135136        1.0283614654207784       0.37285647778030873     
   1.5175175175175175        1.0288429794421332       0.36993667161404314     
   1.5215215215215214        1.0293398442018831       0.36701320700896550     
   1.5255255255255256        1.0298511318135259       0.36408611287628412     
   1.5295295295295295        1.0303783111783440       0.36115541816310132     
   1.5335335335335336        1.0309202363438248       0.35822115185212744     
   1.5375375375375375        1.0314784543745656       0.35528334296139380     
   1.5415415415415414        1.0320515702569069       0.35234202054396474     
   1.5455455455455456        1.0326412099382243       0.34939721368765114     
   1.5495495495495495        1.0332456939407209       0.34644895151472355     
   1.5535535535535536        1.0338667280470091       0.34349726318162310     
   1.5575575575575575        1.0345023107234179       0.34054217787867375     
   1.5615615615615615        1.0351542285117801       0.33758372482979260     
   1.5655655655655656        1.0358201169616976       0.33462193329220158     
   1.5695695695695695        1.0365018450560055       0.33165683255613898     
   1.5735735735735736        1.0371966415693719       0.32868845194456903     
   1.5775775775775776        1.0379064595866603       0.32571682081289088     
   1.5815815815815817        1.0386280741233884       0.32274196854864945     
   1.5855855855855856        1.0393635251845315       0.31976392457124525     
   1.5895895895895895        1.0401090841279346       0.31678271833164295     
   1.5935935935935936        1.0408668824460303       0.31379837931207866     
   1.5975975975975976        1.0416326348037743       0.31081093702577139     
   1.6016016016016017        1.0424085693242724       0.30782042101662782     
   1.6056056056056056        1.0431897885745771       0.30482686085895305     
   1.6096096096096095        1.0439786239436375       0.30183028615715729     
   1.6136136136136137        1.0447695073694510       0.29883072654546011     
   1.6176176176176176        1.0455648867282579       0.29582821168760254     
   1.6216216216216217        1.0463584612207448       0.29282277127655032     
   1.6256256256256256        1.0471528013857778       0.28981443503420135     
   1.6296296296296295        1.0479408209185359       0.28680323271109065     
   1.6336336336336337        1.0487252237089082       0.28378919408609704     
   1.6376376376376376        1.0494980721831162       0.28077234896614933     
   1.6416416416416417        1.0502622243755986       0.27775272718593036     
   1.6456456456456456        1.0510088278248209       0.27473035860758332     
   1.6496496496496496        1.0517409093391450       0.27170527312041282     
   1.6536536536536537        1.0524486454168172       0.26867750064059459     
   1.6576576576576576        1.0531352558360976       0.26564707111087615     
   1.6616616616616617        1.0537898707664115       0.26261401450028199     
   1.6656656656656657        1.0544159375129700       0.25957836080381591     
   1.6696696696696696        1.0550014829546985       0.25654014004216519     
   1.6736736736736737        1.0555502037789044       0.25349938226140467     
   1.6776776776776776        1.0560489647586129       0.25045611753269870     
   1.6816816816816818        1.0565017432262509       0.24741037595200283     
   1.6856856856856857        1.0568941879209135       0.24436218763976714     
   1.6896896896896898        1.0572305772144048       0.24131158274063927     
   1.6936936936936937        1.0574953120547146       0.23825859142316480     
   1.6976976976976976        1.0576930005058578       0.23520324387949043     
   1.7017017017017018        1.0578067208132789       0.23214557032506186     
   1.7057057057057057        1.0578414764465633       0.22908560099833006     
   1.7097097097097098        1.0577791083240791       0.22602336616044894     
   1.7137137137137137        1.0576252264545096       0.22295889609497727     
   1.7177177177177176        1.0573601187679138       0.21989222110757800     
   1.7217217217217218        1.0569898532569295       0.21682337152571932     
   1.7257257257257257        1.0564933448879430       0.21375237769837560     
   1.7297297297297298        1.0558771623037480       0.21067926999572606     
   1.7337337337337337        1.0551188314825533       0.20760407880885565     
   1.7377377377377377        1.0542254643030280       0.20452683454945109     
   1.7417417417417418        1.0531731902655346       0.20144756764950522     
   1.7457457457457457        1.0519697064953419       0.19836630856101312     
   1.7497497497497498        1.0505897474345947       0.19528308775567005     
   1.7537537537537538        1.0490416364944379       0.19219793572457314     
   1.7577577577577577        1.0472987235982814       0.18911088297791637     
   1.7617617617617618        1.0453699982432212       0.18602196004469188     
   1.7657657657657657        1.0432274455159543       0.18293119747238676     
   1.7697697697697699        1.0408807594576577       0.17983862582668017     
   1.7737737737737738        1.0383005889542303       0.17674427569114179     
   1.7777777777777777        1.0354973698047467       0.17364817766693028     
   1.7817817817817818        1.0324404518597081       0.17055036237248988     
   1.7857857857857857        1.0291410489795254       0.16745086044324664     
   1.7897897897897899        1.0255672569862602       0.16434970253130635     
   1.7937937937937938        1.0217311038036483       0.16124691930515228     
   1.7977977977977977        1.0175994830890520       0.15814254144934106     
   1.8018018018018018        1.0131852734569664       0.15503659966419786     
   1.8058058058058057        1.0084542237990937       0.15192912466551589     
   1.8098098098098099        1.0034201019657105       0.14882014718424907     
   1.8138138138138138       0.99804757331385785       0.14570969796621130     
   1.8178178178178179       0.99235133709882983       0.14259780777177095     
   1.8218218218218218       0.98629503807395502       0.13948450737554591     
   1.8258258258258258       0.97989435486071541       0.13636982756610005     
   1.8298298298298299       0.97311197363616730       0.13325379914563965     
   1.8338338338338338       0.96596460880800561       0.13013645292970785     
   1.8378378378378379       0.95841404599353885       0.12701781974687870     
   1.8418418418418419       0.95047810345547812       0.12389793043845529     
   1.8458458458458458       0.94211771662899202       0.12077681585816115     
   1.8498498498498499       0.93335189106734329       0.11765450687183837     
   1.8538538538538538       0.92414075061657952       0.11453103435714140     
   1.8578578578578580       0.91450459115276617       0.11140642920322855     
   1.8618618618618619       0.90440274710162238       0.10828072231046192     
   1.8658658658658658       0.89385693199631577       0.10515394459009815     
   1.8698698698698699       0.88282569149641466       0.10202612696398421     
   1.8738738738738738       0.87133231355439300        9.8897300364250137E-002
   1.8778778778778780       0.85933452872153981        9.5767495733004110E-002
   1.8818818818818819       0.84685739103740110        9.2636744022027262E-002
   1.8858858858858858       0.83385775680462670        8.9505076192466795E-002
   1.8898898898898899       0.82036267847516575        8.6372523214528804E-002
   1.8938938938938938       0.80632804011976433        8.3239116067172991E-002
   1.8978978978978980       0.79178317153118316        8.0104885737807094E-002
   1.9019019019019019       0.77668284151348588        7.6969863221979185E-002
   1.9059059059059058       0.76105898879157974        7.3834079523072429E-002
   1.9099099099099099       0.74486507251957668        7.0697565651994948E-002
   1.9139139139139139       0.72813603070965993        6.7560352626878470E-002
   1.9179179179179180       0.71082376081765408        6.4422471472768014E-002
   1.9219219219219219       0.69296665533956325        6.1283953221316440E-002
   1.9259259259259258       0.67451473404283180        5.8144828910476183E-002
   1.9299299299299300       0.65551036994644396        5.5005129584193228E-002
   1.9339339339339339       0.63590131900966507        5.1864886292100981E-002
   1.9379379379379380       0.61573453753988094        4.8724130089211899E-002
   1.9419419419419419       0.59495505537744542        4.5582892035611673E-002
   1.9459459459459461       0.57361509734690808        4.2441203196148525E-002
   1.9499499499499500       0.55165642276117544        3.9299094640131337E-002
   1.9539539539539539       0.52913729822703215        3.6156597441019275E-002
   1.9579579579579580       0.50599558028954283        3.3013742676113601E-002
   1.9619619619619619       0.48229644404099503        2.9870561426253450E-002
   1.9659659659659661       0.45797311763577681        2.6727084775504926E-002
   1.9699699699699700       0.43309865002661418        2.3583343810856781E-002
   1.9739739739739739       0.40760081660892966        2.0439369621911660E-002
   1.9779779779779780       0.38156160931977368        1.7295193300577764E-002
   1.9819819819819819       0.35490242250392884        1.4150845940762258E-002
   1.9859859859859861       0.32771536890006103        1.1006358638064652E-002
   1.9899899899899900       0.29991442458388651        7.8617624894684063E-003
   1.9939939939939939       0.27160311445908691        4.7170885930325071E-003
   1.9979979979979980       0.24268684532200435        1.5723680475848198E-003
   2.0020020020020022       0.21328196398810101       -1.5723680475845747E-003
   2.0060060060060061       0.18328403854939668       -4.7170885930322625E-003
   2.0100100100100100       0.15282376968067865       -7.8617624894681600E-003
   2.0140140140140139       0.12178549943172630       -1.1006358638064406E-002
   2.0180180180180178        9.0315920657325327E-002  -1.4150845940762012E-002
   2.0220220220220222        5.8286713208710053E-002  -1.7295193300577522E-002
   2.0260260260260261        2.5862085600856639E-002  -2.0439369621911417E-002
   2.0300300300300300       -7.0998329200126263E-003  -2.3583343810856538E-002
   2.0340340340340339       -4.0417387436058091E-002  -2.6727084775504683E-002
   2.0380380380380378       -7.4242492020228201E-002  -2.9870561426253207E-002
   2.0420420420420422      -0.10837622238769611       -3.3013742676113789E-002
   2.0460460460460461      -0.14298395000501712       -3.6156597441019026E-002
   2.0500500500500500      -0.17784739937072663       -3.9299094640131087E-002
   2.0540540540540539      -0.21314737583896434       -4.2441203196148275E-002
   2.0580580580580579      -0.24864415005869359       -4.5582892035610979E-002
   2.0620620620620622      -0.28453583413068267       -4.8724130089212093E-002
   2.0660660660660661      -0.32055904390473183       -5.1864886292100738E-002
   2.0700700700700700      -0.35693110961281055       -5.5005129584192979E-002
   2.0740740740740740      -0.39336278167338634       -5.8144828910475933E-002
   2.0780780780780779      -0.43009259693576990       -6.1283953221315746E-002
   2.0820820820820822      -0.46680316011551753       -6.4422471472768209E-002
   2.0860860860860861      -0.50375621661118375       -6.7560352626878220E-002
   2.0900900900900901      -0.54060381330420748       -7.0697565651994698E-002
   2.0940940940940940      -0.57763295521309455       -7.3834079523071736E-002
   2.0980980980980979      -0.61446263617969865       -7.6969863221978935E-002
   2.1021021021021022      -0.65140726068455324       -8.0104885737806844E-002
   2.1061061061061062      -0.68805015513663259       -8.3239116067172741E-002
   2.1101101101101101      -0.72473529984692164       -8.6372523214528554E-002
   2.1141141141141140      -0.76100758117432554       -8.9505076192466101E-002
   2.1181181181181179      -0.79724274515762461       -9.2636744022027012E-002
   2.1221221221221223      -0.83294429917713564       -9.5767495733003860E-002
   2.1261261261261262      -0.86852188760842053       -9.8897300364249888E-002
   2.1301301301301301      -0.90343450033725115      -0.10202612696398396     
   2.1341341341341340      -0.93812763952741896      -0.10515394459009790     
   2.1381381381381384      -0.97201245494413846      -0.10828072231046167     
   2.1421421421421423       -1.0055719417010547      -0.11140642920322831     
   2.1461461461461462       -1.0381659482105356      -0.11453103435714115     
   2.1501501501501501       -1.0703159624024032      -0.11765450687183812     
   2.1541541541541540       -1.1013269381181405      -0.12077681585816090     
   2.1581581581581584       -1.1317585807352966      -0.12389793043845504     
   2.1621621621621623       -1.1608571588892431      -0.12701781974687892     
   2.1661661661661662       -1.1892178743097848      -0.13013645292970763     
   2.1701701701701701       -1.2160242231586240      -0.13325379914563942     
   2.1741741741741740       -1.2418996048193895      -0.13636982756609983     
   2.1781781781781784       -1.2659599419421477      -0.13948450737554569     
   2.1821821821821823       -1.2888401787017696      -0.14259780777177072     
   2.1861861861861862       -1.3095807423289250      -0.14570969796621108     
   2.1901901901901901       -1.3287896760144484      -0.14882014718424885     
   2.1941941941941940       -1.3454104635960495      -0.15192912466551567     
   2.1981981981981984       -1.3599243196305415      -0.15503659966419808     
   2.2022022022022023       -1.3710873947644338      -0.15814254144934084     
   2.2062062062062062       -1.3788756338672241      -0.16124691930515206     
   2.2102102102102101       -1.3813438640435789      -0.16434970253130612     
   2.2142142142142140       -1.3715293881005093      -0.16745086044324597     
   2.2182182182182184       -1.3592070658525655      -0.17055036237248966     
   2.2222222222222223       -1.3464435493685549      -0.17364817766693005     
   2.2262262262262262       -1.3333291598426791      -0.17674427569114157     
   2.2302302302302301       -1.3202574171154655      -0.17983862582667995     
   2.2342342342342341       -1.3072701037122485      -0.18293119747238654     
   2.2382382382382384       -1.2945051780688568      -0.18602196004469207     
   2.2422422422422423       -1.2820116568544153      -0.18911088297791614     
   2.2462462462462462       -1.2698017789324492      -0.19219793572457292     
   2.2502502502502502       -1.2579609283826894      -0.19528308775566983     
   2.2542542542542541       -1.2464197272623549      -0.19836630856101248     
   2.2582582582582584       -1.2353018641889248      -0.20144756764950500     
   2.2622622622622623       -1.2244791878757886      -0.20452683454945086     
   2.2662662662662663       -1.2141096490900960      -0.20760407880885542     
   2.2702702702702702       -1.2040208606687095      -0.21067926999572584     
   2.2742742742742741       -1.1943996748638279      -0.21375237769837538     
   2.2782782782782784       -1.1850399484599599      -0.21682337152571909     
   2.2822822822822824       -1.1761520314651008      -0.21989222110757778     
   2.2862862862862863       -1.1675041664993298      -0.22295889609497704     
   2.2902902902902902       -1.1593251622047192      -0.22602336616044871     
   2.2942942942942941       -1.1513642422626840      -0.22908560099832984     
   2.2982982982982985       -1.1438640789007530      -0.23214557032506164     
   2.3023023023023024       -1.1365603726599756      -0.23520324387949024     
   2.3063063063063063       -1.1297055503766149      -0.23825859142316458     
   2.3103103103103102       -1.1230264212505883      -0.24131158274063905     
   2.3143143143143141       -1.1167815270452823      -0.24436218763976694     
   2.3183183183183185       -1.1106927348339510      -0.24741037595200260     
   2.3223223223223224       -1.1050214975031951      -0.25045611753269847     
   2.3263263263263263       -1.0994880995433423      -0.25349938226140445     
   2.3303303303303302       -1.0943541149779221      -0.25654014004216497     
   2.3343343343343341       -1.0893411044783126      -0.25957836080381524     
   2.3383383383383385       -1.0847083550295276      -0.26261401450028221     
   2.3423423423423424       -1.0801811195361806      -0.26564707111087593     
   2.3463463463463463       -1.0760143453035329      -0.26867750064059437     
   2.3503503503503502       -1.0719389998853153      -0.27170527312041259     
   2.3543543543543541       -1.0682039669981351      -0.27473035860758266     
   2.3583583583583585       -1.0645475979119448      -0.27775272718593058     
   2.3623623623623624       -1.0612112882324478      -0.28077234896614911     
   2.3663663663663663       -1.0579421232671407      -0.28378919408609682     
   2.3703703703703702       -1.0549728641705551      -0.28680323271108998     
   2.3743743743743742       -1.0520604000337455      -0.28981443503420068     
   2.3783783783783785       -1.0494279581740038      -0.29282277127655010     
   2.3823823823823824       -1.0468430428427238      -0.29582821168760237     
   2.3863863863863863       -1.0445186785612643      -0.29883072654545989     
   2.3903903903903903       -1.0422335710038431      -0.30183028615715662     
   2.3943943943943946       -1.0401900702911662      -0.30482686085895327     
   2.3983983983983985       -1.0381784716395153      -0.30782042101662760     
   2.4024024024024024       -1.0363901582592914      -0.31081093702577117     
   2.4064064064064064       -1.0346272265310934      -0.31379837931207849     
   2.4104104104104103       -1.0330699574168904      -0.31678271833164234     
   2.4144144144144146       -1.0315323076155607      -0.31976392457124503     
   2.4184184184184185       -1.0301834556007070      -0.32274196854864923     
   2.4224224224224224       -1.0288491471365422      -0.32571682081289072     
   2.4264264264264264       -1.0276875742232343      -0.32868845194456880     
   2.4304304304304303       -1.0265360889069932      -0.33165683255613876     
   2.4344344344344346       -1.0255421099165534      -0.33462193329220136     
   2.4384384384384385       -1.0245543225038882      -0.33758372482979238     
   2.4424424424424425       -1.0237096633263956      -0.34054217787867352     
   2.4464464464464464       -1.0228678030678873      -0.34349726318162288     
   2.4504504504504503       -1.0221555536307794      -0.34644895151472338     
   2.4544544544544546       -1.0214431630089600      -0.34939721368765092     
   2.4584584584584586       -1.0208477252052286      -0.35234202054396457     
   2.4624624624624625       -1.0202496121872853      -0.35528334296139358     
   2.4664664664664664       -1.0197566451176261      -0.35822115185212722     
   2.4704704704704703       -1.0192588330113019      -0.36115541816310109     
   2.4744744744744747       -1.0188551956720058      -0.36408611287628395     
   2.4784784784784786       -1.0184448697672517      -0.36701320700896528     
   2.4824824824824825       -1.0181185619840845      -0.36993667161404292     
   2.4864864864864864       -1.0177840140966266      -0.37285647778030850     
   2.4904904904904903       -1.0175241163019375      -0.37577259663273233     
   2.4944944944944947       -1.0172546879797715      -0.37868499933275035     
   2.4984984984984986       -1.0170513005626103      -0.38159365707854853     
   2.5025025025025025       -1.0168373254122531      -0.38449854110534887     
   2.5065065065065064       -1.0166815080003992      -0.38739962268569306     
   2.5105105105105103       -1.0165142536875260      -0.39029687312972527     
   2.5145145145145147       -1.0163979648738923      -0.39319026378547894     
   2.5185185185185186       -1.0162695752504696      -0.39607976603915657     
   2.5225225225225225       -1.0161856131040403      -0.39896535131541627     
   2.5265265265265264       -1.0160890509481832      -0.40184699107765126     
   2.5305305305305303       -1.0160309947841972      -0.40472465682827302     
   2.5345345345345347       -1.0159599854764350      -0.40759832010899633     
   2.5385385385385386       -1.0159221390731572      -0.41046795250111373     
   2.5425425425425425       -1.0158711155729310      -0.41333352562578402     
   2.5465465465465464       -1.0158484521731361      -0.41619501114430751     
   2.5505505505505504       -1.0158125015685397      -0.41905238075840956     
   2.5545545545545547       -1.0158006107912358      -0.42190560621051959     
   2.5585585585585586       -1.0157754226607856      -0.42475465928404776     
   2.5625625625625625       -1.0157704597049322      -0.42759951180366890     
   2.5665665665665665       -1.0157522765642486      -0.43044013563559802     
   2.5705705705705704       -1.0157509136281999      -0.43327650268786827     
   2.5745745745745747       -1.0157364835257863      -0.43610858491061100     
   2.5785785785785786       -1.0157358636659823      -0.43893635429633066     
   2.5825825825825826       -1.0157223950717866      -0.44175978288018303     
   2.5865865865865865       -1.0157200885774458      -0.44457884274025233     
   2.5905905905905904       -1.0157052077510160      -0.44739350599782673     
   2.5945945945945947       -1.0156991710478536      -0.45020374481767333     
   2.5985985985985987       -1.0156808818074476      -0.45300953140831385     
   2.6026026026026026       -1.0156694189135875      -0.45581083802230121     
   2.6066066066066065       -1.0156460649102645      -0.45860763695649065     
   2.6106106106106104       -1.0156277914433161      -0.46139990055231678     
   2.6146146146146148       -1.0155980209188804      -0.46418760119606622     
   2.6186186186186187       -1.0155718306176771      -0.46697071131914791     
   2.6226226226226226       -1.0155345636206254      -0.46974920339837051     
   2.6266266266266265       -1.0154995973281928      -0.47252304995621180     
   2.6306306306306309       -1.0154539953237787      -0.47529222356109002     
   2.6346346346346348       -1.0154096123663883      -0.47805669682763591     
   2.6386386386386387       -1.0153550502538140      -0.48081644241696481     
   2.6426426426426426       -1.0153008021283549      -0.48357143303694416     
   2.6466466466466465       -1.0152368424124059      -0.48632164144246637     
   2.6506506506506509       -1.0151724487190452      -0.48906704043571703     
   2.6546546546546548       -1.0150988179925393      -0.49180760286644165     
   2.6586586586586587       -1.0150241444204480      -0.49454330163221849     
   2.6626626626626626       -1.0149407118442608      -0.49727410967872404     
   2.6666666666666665       -1.0148557502399158      -0.49999999999999972     
   2.6706706706706709       -1.0147625079888594      -0.50272094563872161     
   2.6746746746746748       -1.0146673582938479      -0.50543691968646454     
   2.6786786786786787       -1.0145644039035782      -0.50814789528396909     
   2.6826826826826826       -1.0144592578223168      -0.51085384562140823     
   2.6866866866866865       -1.0143467783169062      -0.51355474393865141     
   2.6906906906906909       -1.0142319047137478      -0.51625056352552878     
   2.6946946946946948       -1.0141101621940549      -0.51894127772209564     
   2.6986986986986987       -1.0139858940509650      -0.52162685991889768     
   2.7027027027027026       -1.0138552130546712      -0.52430728355723144     
   2.7067067067067065       -1.0137219357617628      -0.52698252212940910     
   2.7107107107107109       -1.0135826918031767      -0.52965254917902060     
   2.7147147147147148       -1.0134408328623865      -0.53231733830119188     
   2.7187187187187187       -1.0132934423798072      -0.53497686314285131     
   2.7227227227227226       -1.0131434623157816      -0.53763109740298709     
   2.7267267267267266       -1.0129883738407504      -0.54028001483290666     
   2.7307307307307309       -1.0128307581739844      -0.54292358923649919     
   2.7347347347347348       -1.0126684444807481      -0.54556179447049191     
   2.7387387387387387       -1.0125036967579781      -0.54819460444470958     
   2.7427427427427427       -1.0123346480850943      -0.55082199312233360     
   2.7467467467467466       -1.0121632838150998      -0.55344393452015828     
   2.7507507507507509       -1.0119880019637026      -0.55606040270884749     
   2.7547547547547548       -1.0118105433801667      -0.55867137181319182     
   2.7587587587587588       -1.0116295366104187      -0.56127681601236501     
   2.7627627627627627       -1.0114465082137745      -0.56387670954017755     
   2.7667667667667666       -1.0112602869393852      -0.56647102668533345     
   2.7707707707707709       -1.0110722116669242      -0.56905974179168384     
   2.7747747747747749       -1.0108812847076116      -0.57164282925847854     
   2.7787787787787788       -1.0106886807343507      -0.57422026354062317     
   2.7827827827827827       -1.0104935522198930      -0.57679201914892952     
   2.7867867867867866       -1.0102969302790969      -0.57935807065036660     
   2.7907907907907910       -1.0100980970294793      -0.58191839266831491     
   2.7947947947947949       -1.0098979582268965      -0.58447295988281489     
   2.7987987987987988       -1.0096959077176959      -0.58702174703081833     
   2.8028028028028027       -1.0094927417690918      -0.58956472890643896     
   2.8068068068068066       -1.0092879503069574      -0.59210188036120082     
   2.8108108108108110       -1.0090822340709067      -0.59463317630428647     
   2.8148148148148149       -1.0088751654163628      -0.59715859170278585     
   2.8188188188188188       -1.0086673618810786      -0.59967810158194468     
   2.8228228228228227       -1.0084584663388712      -0.60219168102540921     
   2.8268268268268266       -1.0082490237348714      -0.60469930517547521     
   2.8308308308308310       -1.0080387371831312      -0.60720094923333168     
   2.8348348348348349       -1.0078280883959216      -0.60969658845930674     
   2.8388388388388388       -1.0076168318883183      -0.61218619817311326     
   2.8428428428428427       -1.0074053942181485      -0.61466975375409216     
   2.8468468468468466       -1.0071935734863546      -0.61714723064145482     
   2.8508508508508510       -1.0069817482466534      -0.61961860433452842     
   2.8548548548548549       -1.0067697536376636      -0.62208385039299596     
   2.8588588588588588       -1.0065579263329980      -0.62454294443713865     
   2.8628628628628627       -1.0063461326537553      -0.62699586214807834     
   2.8668668668668666       -1.0061346728038458      -0.62944257926801550     
   2.8708708708708710       -1.0059234394958672      -0.63188307160047208     
   2.8748748748748749       -1.0057127010551421      -0.63431731501052735     
   2.8788788788788788       -1.0055023722366823      -0.63674528542506048     
   2.8828828828828827       -1.0052926935970350      -0.63916695883298458     
   2.8868868868868871       -1.0050835984609539      -0.64158231128548815     
   2.8908908908908910       -1.0048753029857744      -0.64399131889626826     
   2.8948948948948949       -1.0046677558977457      -0.64639395784176901     
   2.8988988988988988       -1.0044611521294236      -0.64879020436141721     
   2.9029029029029028       -1.0042554532124148      -0.65118003475785557     
   2.9069069069069071       -1.0040508353181141      -0.65356342539717915     
   2.9109109109109110       -1.0038472705814550      -0.65594035270916740     
   2.9149149149149149       -1.0036449188457826      -0.65831079318751873     
   2.9189189189189189       -1.0034437608227116      -0.66067472339008115     
   2.9229229229229228       -1.0032439418836918      -0.66303211993908662     
   2.9269269269269271       -1.0030454499274306      -0.66538295952137938     
   2.9309309309309310       -1.0028484174727341      -0.66772721888864839     
   2.9349349349349350       -1.0026528381278887      -0.67006487485765742     
   2.9389389389389389       -1.0024588331489375      -0.67239590431047236     
   2.9429429429429428       -1.0022664007439117      -0.67472028419469232     
   2.9469469469469471       -1.0020756520188305      -0.67703799152367616     
   2.9509509509509511       -1.0018865888962263      -0.67934900337676973     
   2.9549549549549550       -1.0016993135037338      -0.68165329689953269     
   2.9589589589589589       -1.0015138305332583      -0.68395084930396566     
   2.9629629629629628       -1.0013302340878885      -0.68624163786873338     
   2.9669669669669672       -1.0011485310934589      -0.68852563993939209     
   2.9709709709709711       -1.0009688082760448      -0.69080283292861111     
   2.9749749749749750       -1.0007910742474708      -0.69307319431639702     
   2.9789789789789789       -1.0006154091863275      -0.69533670165031769     
   2.9829829829829828       -1.0004418227739782      -0.69759333254572287     
   2.9869869869869872       -1.0002703892500626      -0.69984306468596547     
   2.9909909909909911       -1.0001011191014555      -0.70208587582262250     
   2.9949949949949950      -0.99993408099366687      -0.70432174377571644     
   2.9989989989989989      -0.99976928593830705      -0.70655064643393228     
   3.0030030030030028      -0.99960679754726234      -0.70877256175483805     
   3.0070070070070072      -0.99944662695348097      -0.71098746776510247     
   3.0110110110110111      -0.99928883318114015      -0.71319534256071015     
   3.0150150150150150      -0.99913342727335064      -0.71539616430718178     
   3.0190190190190189      -0.99898046387764039      -0.71758991123978788     
   3.0230230230230228      -0.99882995390682039      -0.71977656166376336     
   3.0270270270270272      -0.99868194783605202      -0.72195609395452442     
   3.0310310310310311      -0.99853645620684806      -0.72412848655788031     
   3.0350350350350350      -0.99839352576333540      -0.72629371799024711     
   3.0390390390390389      -0.99825316639613793      -0.72845176683886070     
   3.0430430430430429      -0.99811542129210606      -0.73060261176198871     
   3.0470470470470472      -0.99798029972557434      -0.73274623148913987     
   3.0510510510510511      -0.99784784137106397      -0.73488260482127588     
   3.0550550550550550      -0.99771805485050058      -0.73701171063102133     
   3.0590590590590589      -0.99759097648806461      -0.73913352786287101     
   3.0630630630630629      -0.99746661407666459      -0.74124803553339991     
   3.0670670670670672      -0.99734500088193501      -0.74335521273147032     
   3.0710710710710711      -0.99722614367757567      -0.74545503861843621     
   3.0750750750750750      -0.99711007276003216      -0.74754749242835339     
   3.0790790790790790      -0.99699679392851448      -0.74963255346818258     
   3.0830830830830829      -0.99688633450118824      -0.75171020111799314     
   3.0870870870870872      -0.99677869931808027      -0.75378041483116953     
   3.0910910910910911      -0.99667391277526418      -0.75584317413461222     
   3.0950950950950951      -0.99657197864408376      -0.75789845862894101     
   3.0990990990990990      -0.99647291858983622      -0.75994624798869759     
   3.1031031031031029      -0.99637673515798708      -0.76198652196254535     
   3.1071071071071072      -0.99628344739256169      -0.76401926037346968     
   3.1111111111111112      -0.99619305656369539      -0.76604444311897801     
   3.1151151151151151      -0.99610557910052766      -0.76806205017129969     
   3.1191191191191190      -0.99602101504680240      -0.77007206157758090     
   3.1231231231231229      -0.99593937817945799      -0.77207445746008596     
   3.1271271271271273      -0.99586066730079725      -0.77406921801639050     
   3.1311311311311312      -0.99578489358565170      -0.77605632351957909     
   3.1351351351351351      -0.99571205450971256      -0.77803575431843974     
   3.1391391391391390      -0.99564215875525230      -0.78000749083765863     
   3.1431431431431434      -0.99557520235850405      -0.78197151357801342     
   3.1471471471471473      -0.99551119158782309      -0.78392780311656574     
   3.1511511511511512      -0.99545012097886665      -0.78587634010685492     
   3.1551551551551551      -0.99539199440037640      -0.78781710527908644     
   3.1591591591591590      -0.99533680487853970      -0.78975007944032583     
   3.1631631631631634      -0.99528455386746850      -0.79167524347468532     
   3.1671671671671673      -0.99523523291490135      -0.79359257834351493     
   3.1711711711711712      -0.99518884102654448      -0.79550206508559018     
   3.1751751751751751      -0.99514536822868604      -0.79740368481729929     
   3.1791791791791790      -0.99510481113318860      -0.79929741873283011     
   3.1831831831831834      -0.99506715818494185      -0.80118324810435748     
   3.1871871871871873      -0.99503240364544543      -0.80306115428222580     
   3.1911911911911912      -0.99500053431602664      -0.80493111869513456     
   3.1951951951951951      -0.99497154216664385      -0.80679312285032412     
   3.1991991991991990      -0.99494541229495281      -0.80864714833375495     
   3.2032032032032034      -0.99492213438843813      -0.81049317681029209     
   3.2072072072072073      -0.99490169183544730      -0.81233119002388610     
   3.2112112112112112      -0.99488407204834373      -0.81416116979775310     
   3.2152152152152151      -0.99486925668153459      -0.81598309803455449     
   3.2192192192192191      -0.99485723088153100      -0.81779695671657726     
   3.2232232232232234      -0.99484797458079588      -0.81960272790591171     
   3.2272272272272273      -0.99484147064670669      -0.82140039374462503     
   3.2312312312312312      -0.99483769726326166      -0.82318993645494509     
   3.2352352352352352      -0.99483663506260123      -0.82497133833943015     
   3.2392392392392391      -0.99483826045421508      -0.82674458178114651     
   3.2432432432432434      -0.99484255202241656      -0.82850964924384241     
   3.2472472472472473      -0.99484948426346909      -0.83026652327212114     
   3.2512512512512513      -0.99485903351162697      -0.83201518649161355     
   3.2552552552552552      -0.99487117246544499      -0.83375562160915107     
   3.2592592592592591      -0.99488587531094108      -0.83548781141293604     
   3.2632632632632634      -0.99490311291811495      -0.83721173877271049     
   3.2672672672672673      -0.99492285735599117      -0.83892738663992716     
   3.2712712712712713      -0.99494507767325324      -0.84063473804791811     
   3.2752752752752752      -0.99496974384097070      -0.84233377611206173     
   3.2792792792792791      -0.99499682308885240      -0.84402448402995045     
   3.2832832832832834      -0.99502628332096665      -0.84570684508155636     
   3.2872872872872874      -0.99505808996837009      -0.84738084262939606     
   3.2912912912912913      -0.99509220889946670      -0.84904646011869733     
   3.2952952952952952      -0.99512860375458068      -0.85070368107756111     
   3.2992992992992991      -0.99516723841154786      -0.85235248911712369     
   3.3033033033033035      -0.99520807473961226      -0.85399286793172058     
   3.3073073073073074      -0.99525107465648355      -0.85562480129904661     
   3.3113113113113113      -0.99529619828370131      -0.85724827308031681     
   3.3153153153153152      -0.99534340563603174      -0.85886326722042616     
   3.3193193193193191      -0.99539265512051622      -0.86046976774810746     
   3.3233233233233235      -0.99544390489004542      -0.86206775877609132     
   3.3273273273273274      -0.99549711166649246      -0.86365722450126015     
   3.3313313313313313      -0.99555223180835073      -0.86523814920480790     
   3.3353353353353352      -0.99560922038802169      -0.86681051725239255     
   3.3393393393393391      -0.99566803201933074      -0.86837431309429247     
   3.3433433433433435      -0.99572862017638697      -0.86992952126555956     
   3.3473473473473474      -0.99579093780036798      -0.87147612638617244     
   3.3513513513513513      -0.99585493681519133      -0.87301411316118827     
   3.3553553553553552      -0.99592056855690225      -0.87454346638089397     
   3.3593593593593591      -0.99598778345856731      -0.87606417092095756     
   3.3633633633633635      -0.99605653132478811      -0.87757621174257716     
   3.3673673673673674      -0.99612676116931353      -0.87907957389262847     
   3.3713713713713713      -0.99619842133077430      -0.88057424250381433     
   3.3753753753753752      -0.99627145947551032      -0.88206020279481123     
   3.3793793793793796      -0.99634582257288717      -0.88353744007041513     
   3.3833833833833835      -0.99642145701481932      -0.88500593972168740     
   3.3873873873873874      -0.99649830848989673      -0.88646568722609875     
   3.3913913913913913      -0.99657632220055814      -0.88791666814767278     
   3.3953953953953953      -0.99665544264945793      -0.88935886813712972     
   3.3993993993993996      -0.99673561394091992      -0.89079227293202790     
   3.4034034034034035      -0.99681677949616854      -0.89221686835690339     
   3.4074074074074074      -0.99689888241307922      -0.89363264032341194     
   3.4114114114114114      -0.99698186513424381      -0.89503957483046781     
   3.4154154154154153      -0.99706566986250134      -0.89643765796438168     
   3.4194194194194196      -0.99715023817504322      -0.89782687589899912     
   3.4234234234234235      -0.99723551148788425      -0.89920721489583688     
   3.4274274274274275      -0.99732143063049905      -0.90057866130421815     
   3.4314314314314314      -0.99740793634922231      -0.90194120156140900     
   3.4354354354354353      -0.99749496884934397      -0.90329482219275192     
   3.4394394394394396      -0.99758246833051467      -0.90463950981179775     
   3.4434434434434436      -0.99767037450399321      -0.90597525112043964     
   3.4474474474474475      -0.99775862715263819      -0.90730203290904421     
   3.4514514514514514      -0.99784716562905262      -0.90861984205658186     
   3.4554554554554553      -0.99793592942591547      -0.90992866553075646     
   3.4594594594594597      -0.99802485768649873      -0.91122849038813580     
   3.4634634634634636      -0.99811388975442150      -0.91251930377427593     
   3.4674674674674675      -0.99820296470451653      -0.91380109292385281     
   3.4714714714714714      -0.99829202188917598      -0.91507384516078560     
   3.4754754754754753      -0.99838100045702127      -0.91633754789836286     
   3.4794794794794797      -0.99846983991543214      -0.91759218863936631     
   3.4834834834834836      -0.99855847965342281      -0.91883775497619591     
   3.4874874874874875      -0.99864685948437171      -0.92007423459099136     
   3.4914914914914914      -0.99873491920099289      -0.92130161525575383     
   3.4954954954954953      -0.99882259908457804      -0.92251988483246850     
   3.4994994994994997      -0.99890983949395307      -0.92372903127322248     
   3.5035035035035036      -0.99899658135011182      -0.92492904262032472     
   3.5075075075075075      -0.99908276573876076      -0.92611990700642566     
   3.5115115115115114      -0.99916833440079378      -0.92730161265463207     
   3.5155155155155153      -0.99925322931478056      -0.92847414787862559     
   3.5195195195195197      -0.99933739321016235      -0.92963750108277710     
   3.5235235235235236      -0.99942076915553824      -0.93079166076226205     
   3.5275275275275275      -0.99950330103130469      -0.93193661550317375     
   3.5315315315315314      -0.99958493316725017      -0.93307235398263721     
   3.5355355355355353      -0.99966561078680782      -0.93419886496891946     
   3.5395395395395397      -0.99974527966136850      -0.93531613732154262     
   3.5435435435435436      -0.99982388653204646      -0.93642415999139206     
   3.5475475475475475      -0.99990137880564522      -0.93752292202082732     
   3.5515515515515514      -0.99997770491671878      -0.93861241254378924     
   3.5555555555555554       -1.0000528140877367      -0.93969262078590843     
   3.5595595595595597       -1.0001266566564382      -0.94076353606461116     
   3.5635635635635636       -1.0001991838246913      -0.94182514778922477     
   3.5675675675675675       -1.0002703480121313      -0.94287744546108421     
   3.5715715715715715       -1.0003401025965957      -0.94392041867363274     
   3.5755755755755754       -1.0004084022638569      -0.94495405711252811     
   3.5795795795795797       -1.0004752027519470      -0.94597835055574231     
   3.5835835835835836       -1.0005404611832340      -0.94699328887366330     
   3.5875875875875876       -1.0006041358772115      -0.94799886202919548     
   3.5915915915915915       -1.0006661865415862      -0.94899506007785894     
   3.5955955955955954       -1.0007265742552722      -0.94998187316788696     
   3.5995995995995997       -1.0007852615049182      -0.95095929154032532     
   3.6036036036036037       -1.0008422122880363      -0.95192730552912663     
   3.6076076076076076       -1.0008973920905750      -0.95288590556124664     
   3.6116116116116115       -1.0009507679503804      -0.95383508215674029     
   3.6156156156156154       -1.0010023085665760      -0.95477482592885354     
   3.6196196196196198       -1.0010519841444179      -0.95570512758411708     
   3.6236236236236237       -1.0010997667885819      -0.95662597792243798     
   3.6276276276276276       -1.0011456300319972      -0.95753736783719101     
   3.6316316316316315       -1.0011895495590510      -0.95843928831530878     
   3.6356356356356359       -1.0012315023474334      -0.95933173043737030     
   3.6396396396396398       -1.0012714678746493      -0.96021468537768961     
   3.6436436436436437       -1.0013094266118867      -0.96108814440440271     
   3.6476476476476476       -1.0013453621168500      -0.96195209887955480     
   3.6516516516516515       -1.0013792583672645      -0.96280654025918444     
   3.6556556556556559       -1.0014111032041768      -0.96365146009340885     
   3.6596596596596598       -1.0014408842257334      -0.96448685002650714     
   3.6636636636636637       -1.0014685936461436      -0.96531270179700357     
   3.6676676676676676       -1.0014942229129127      -0.96612900723774797     
   3.6716716716716715       -1.0015177685811079      -0.96693575827599820     
   3.6756756756756759       -1.0015392261752294      -0.96773294693349898     
   3.6796796796796798       -1.0015585965680560      -0.96852056532655983     
   3.6836836836836837       -1.0015758797027066      -0.96929860566613557     
   3.6876876876876876       -1.0015910804246884      -0.97006706025790090     
   3.6916916916916915       -1.0016042037787822      -0.97082592150232783     
   3.6956956956956959       -1.0016152579440842      -0.97157518189476044     
   3.6996996996996998       -1.0016242539097999      -0.97231483402548924     
   3.7037037037037037       -1.0016312024254572      -0.97304487057982392     
   3.7077077077077076       -1.0016361213242082      -0.97376528433816678     
   3.7117117117117115       -1.0016390230871559      -0.97447606817608323     
   3.7157157157157159       -1.0016399333432093      -0.97517721506437227     
   3.7197197197197198       -1.0016388654526784      -0.97586871806913611     
   3.7237237237237237       -1.0016358533866154      -0.97655057035184933     
   3.7277277277277276       -1.0016309112174380      -0.97722276516942586     
   3.7317317317317316       -1.0016240811870534      -0.97788529587428519     
   3.7357357357357359       -1.0016153787504418      -0.97853815591441973     
   3.7397397397397398       -1.0016048529430730      -0.97918133883345804     
   3.7437437437437437       -1.0015925228171216      -0.97981483827072935     
   3.7477477477477477       -1.0015784407756669      -0.98043864796132674     
   3.7517517517517516       -1.0015626340708703      -0.98105276173616807     
   3.7557557557557559       -1.0015451525795414      -0.98165717352205806     
   3.7597597597597598       -1.0015260385100635      -0.98225187734174813     
   3.7637637637637638       -1.0015053312514415      -0.98283686731399489     
   3.7677677677677677       -1.0014830967028998      -0.98341213765361879     
   3.7717717717717716       -1.0014593542990009      -0.98397768267156138     
   3.7757757757757759       -1.0014342025815135      -0.98453349677494195     
   3.7797797797797799       -1.0014076328687864      -0.98507957446711136     
   3.7837837837837838       -1.0013797823504029      -0.98561591034770824     
   3.7877877877877877       -1.0013506108938688      -0.98614249911271146     
   3.7917917917917916       -1.0013202927720859      -0.98665933555449192     
   3.7957957957957960       -1.0012887637586982      -0.98716641456186571     
   3.7997997997997999       -1.0012562198058110      -0.98766373112014327     
   3.8038038038038038       -1.0012225967415502      -0.98815128031117960     
   3.8078078078078077       -1.0011880769582444      -0.98862905731342254     
   3.8118118118118116       -1.0011526426119903      -0.98909705740196108     
   3.8158158158158160       -1.0011164041148770      -0.98955527594857173     
   3.8198198198198199       -1.0010794588020389      -0.99000370842176366     
   3.8238238238238238       -1.0010417667120721      -0.99044235038682449     
   3.8278278278278277       -1.0010036233202459      -0.99087119750586350     
   3.8318318318318316       -1.0009647552607379      -0.99129024553785516     
   3.8358358358358360       -1.0009257300474166      -0.99169949033868066     
   3.8398398398398399       -1.0008859852845746      -0.99209892786116838     
   3.8438438438438438       -1.0008463836818358      -0.99248855415513493     
   3.8478478478478477       -1.0008060966778087      -0.99286836536742351     
   3.8518518518518516       -1.0007661950287465      -0.99323835774194280     
   3.8558558558558560       -1.0007257512788643      -0.99359852761970280     
   3.8598598598598599       -1.0006857787511385      -0.99394887143885202     
   3.8638638638638638       -1.0006456266918584      -0.99428938573471282     
   3.8678678678678677       -1.0006057557008396      -0.99462006713981466     
   3.8718718718718717       -1.0005664038155606      -0.99494091238392857     
   3.8758758758758760       -1.0005267621156053      -0.99525191829409909     
   3.8798798798798799       -1.0004887461330305      -0.99555308179467450     
   3.8838838838838838       -1.0004494672015782      -0.99584439990733942     
   3.8878878878878878       -1.0004132706466775      -0.99612586975114281     
   3.8918918918918921       -1.0003745970042539      -0.99639748854252641     
   3.8958958958958960       -1.0003405150623439      -0.99665925359535279     
   3.8998998998998999       -1.0003029567536328      -0.99691116232093191     
   3.9039039039039038       -1.0002709134473209      -0.99715321222804643     
   3.9079079079079078       -1.0002354349085789      -0.99738540092297623     
   3.9119119119119121       -1.0002048018342335      -0.99760772610952264     
   3.9159159159159160       -1.0001729627760139      -0.99782018558903074     
   3.9199199199199199       -1.0001424831020336      -0.99802277726041111     
   3.9239239239239239       -1.0001163994655040      -0.99821549912016083     
   3.9279279279279278       -1.0000843782930895      -0.99839834926238302     
   3.9319319319319321       -1.0000663236775276      -0.99857132587880604     
   3.9359359359359360       -1.0000312663805564      -0.99873442725880057     
   3.9399399399399400       -1.0000227562080852      -0.99888765178939798     
   3.9439439439439439      -0.99998455378320794      -0.99903099795530448     
   3.9479479479479478      -0.99998491846123128      -0.99916446433891781     
   3.9519519519519521      -0.99994641544241980      -0.99928804962034024     
   3.9559559559559561      -0.99995123771241312      -0.99940175257739150     
   3.9599599599599600      -0.99991955643626851      -0.99950557208562174     
   3.9639639639639639      -0.99991985159292540      -0.99959950711832180     
   3.9679679679679678      -0.99990639738832965      -0.99968355674653397     
   3.9719719719719722      -0.99988964685898118      -0.99975772013906072     
   3.9759759759759761      -0.99990799636190397      -0.99982199656247328     
   3.9799799799799800      -0.99986101608666156      -0.99987638538111856     
   3.9839839839839839      -0.99992437980334503      -0.99992088605712559     
   3.9879879879879878      -0.99983353493840921      -0.99995549815041107     
   3.9919919919919922      -0.99996040736735803      -0.99998022131868336     
   3.9959959959959961      -0.99979538935897083      -0.99999505531744570     
   4.0000000000000000       -1.0000000000000000       -1.0000000000000000     
