   0.0000000000000000        1.0000000000000000       0.99999999999999989     
   4.0040040040040040E-003  0.99950648757731086       0.99999505531744592     
   8.0080080080080079E-003  0.99999615350197635       0.99998022131868325     
   1.2012012012012012E-002  0.99951602412295404       0.99995549815041107     
   1.6016016016016016E-002  0.99979109367727337       0.99992088605712559     
   2.0020020020020020E-002  0.99953547995745495       0.99987638538111856     
   2.4024024024024024E-002  0.99962816781563368       0.99982199656247328     
   2.8028028028028028E-002  0.99954332545215885       0.99975772013906072     
   3.2032032032032032E-002  0.99952091568541468       0.99968355674653397     
   3.6036036036036036E-002  0.99953822559941197       0.99959950711832180     
   4.0040040040040040E-002  0.99946403250794036       0.99950557208562174     
   4.4044044044044044E-002  0.99952894827564798       0.99940175257739161     
   4.8048048048048048E-002  0.99944718857418469       0.99928804962034012     
   5.2052052052052052E-002  0.99952538457786677       0.99916446433891792     
   5.6056056056056056E-002  0.99946090017546363       0.99903099795530459     
   6.0060060060060060E-002  0.99953518918501505       0.99888765178939798     
   6.4064064064064064E-002  0.99949833609329086       0.99873442725880068     
   6.8068068068068074E-002  0.99956310403491577       0.99857132587880615     
   7.2072072072072071E-002  0.99955528082204015       0.99839834926238324     
   7.6076076076076082E-002  0.99961141826301791       0.99821549912016094     
   8.0080080080080079E-002  0.99962946134850617       0.99802277726041122     
   8.4084084084084090E-002  0.99968071753873911       0.99782018558903074     
   8.8088088088088087E-002  0.99971982439811968       0.99760772610952264     
   9.2092092092092098E-002  0.99977055765787126       0.99738540092297623     
   9.6096096096096095E-002  0.99982595870682911       0.99715321222804643     
  0.10010010010010011       0.99987996104102772       0.99691116232093191     
  0.10410410410410410       0.99994770058113203       0.99665925359535279     
  0.10810810810810811        1.0000077369433364       0.99639748854252641     
  0.11211211211211211        1.0000848983289916       0.99612586975114281     
  0.11611611611611612        1.0001526628506343       0.99584439990733964     
  0.12012012012012012        1.0002372928003616       0.99555308179467450     
  0.12412412412412413        1.0003135700926979       0.99525191829409887     
  0.12812812812812813        1.0004044735044242       0.99494091238392868     
  0.13213213213213212        1.0004893707819611       0.99462006713981466     
  0.13613613613613615        1.0005858781364465       0.99428938573471282     
  0.14014014014014015        1.0006790531000045       0.99394887143885213     
  0.14414414414414414        1.0007808133515042       0.99359852761970280     
  0.14814814814814814        1.0008816627658530       0.99323835774194291     
  0.15215215215215216        1.0009884828560360       0.99286836536742373     
  0.15615615615615616        1.0010962812683848       0.99248855415513493     
  0.16016016016016016        1.0012080149925582       0.99209892786116838     
  0.16416416416416416        1.0013220064572763       0.99169949033868066     
  0.16816816816816818        1.0014384862742414       0.99129024553785539     
  0.17217217217217218        1.0015579376181618       0.99087119750586361     
  0.17617617617617617        1.0016789394566266       0.99044235038682449     
  0.18018018018018017        1.0018031655275064       0.99000370842176388     
  0.18418418418418420        1.0019283965668959       0.98955527594857196     
  0.18818818818818819        1.0020567668665048       0.98909705740196130     
  0.19219219219219219        1.0021858676408499       0.98862905731342254     
  0.19619619619619619        1.0023178019772481       0.98815128031117949     
  0.20020020020020021        1.0024503562550171       0.98766373112014327     
  0.20420420420420421        1.0025853151870254       0.98716641456186571     
  0.20820820820820821        1.0027208628678037       0.98665933555449203     
  0.21221221221221220        1.0028583363880146       0.98614249911271146     
  0.21621621621621623        1.0029963864961611       0.98561591034770846     
  0.22022022022022023        1.0031358835315951       0.98507957446711159     
  0.22422422422422422        1.0032759257828672       0.98453349677494206     
  0.22822822822822822        1.0034169656404568       0.98397768267156138     
  0.23223223223223224        1.0035584795628874       0.98341213765361868     
  0.23623623623623624        1.0037005853984728       0.98283686731399489     
  0.24024024024024024        1.0038430471485078       0.98225187734174813     
  0.24424424424424424        1.0039857419537601       0.98165717352205828     
  0.24824824824824826        1.0041286289806977       0.98105276173616818     
  0.25225225225225223        1.0042714330805136       0.98043864796132674     
  0.25625625625625625        1.0044142268741261       0.97981483827072957     
  0.26026026026026028        1.0045566572546440       0.97918133883345804     
  0.26426426426426425        1.0046988449215755       0.97853815591441973     
  0.26826826826826827        1.0048404151988768       0.97788529587428519     
  0.27227227227227230        1.0049814899099918       0.97722276516942586     
  0.27627627627627627        1.0051217113937490       0.97655057035184956     
  0.28028028028028029        1.0052611723783216       0.97586871806913633     
  0.28428428428428426        1.0053995549762214       0.97517721506437238     
  0.28828828828828829        1.0055369072133262       0.97447606817608334     
  0.29229229229229231        1.0056729609432962       0.97376528433816700     
  0.29629629629629628        1.0058077145327291       0.97304487057982403     
  0.30030030030030030        1.0059409505881154       0.97231483402548924     
  0.30430430430430433        1.0060726205874826       0.97157518189476044     
  0.30830830830830830        1.0062025524120788       0.97082592150232794     
  0.31231231231231232        1.0063306581927223       0.97006706025790113     
  0.31631631631631629        1.0064568026167591       0.96929860566613568     
  0.32032032032032032        1.0065808676861927       0.96852056532656006     
  0.32432432432432434        1.0067027453909692       0.96773294693349898     
  0.32832832832832831        1.0068222974441041       0.96693575827599854     
  0.33233233233233234        1.0069394335588342       0.96612900723774819     
  0.33633633633633636        1.0070540042424314       0.96531270179700357     
  0.34034034034034033        1.0071659288941357       0.96448685002650714     
  0.34434434434434436        1.0072750539160953       0.96365146009340885     
  0.34834834834834832        1.0073813022434048       0.96280654025918455     
  0.35235235235235235        1.0074845217307415       0.96195209887955491     
  0.35635635635635637        1.0075846340407042       0.96108814440440293     
  0.36036036036036034        1.0076814924768422       0.96021468537768961     
  0.36436436436436437        1.0077750145256379       0.95933173043737041     
  0.36836836836836839        1.0078650609242545       0.95843928831530878     
  0.37237237237237236        1.0079515438106448       0.95753736783719101     
  0.37637637637637639        1.0080343320122673       0.95662597792243798     
  0.38038038038038036        1.0081133321009357       0.95570512758411708     
  0.38438438438438438        1.0081884209751650       0.95477482592885377     
  0.38838838838838841        1.0082594999092003       0.95383508215674051     
  0.39239239239239238        1.0083264533350607       0.95288590556124697     
  0.39639639639639640        1.0083891781648797       0.95192730552912663     
  0.40040040040040042        1.0084475651232994       0.95095929154032544     
  0.40440440440440439        1.0085015081887798       0.94998187316788707     
  0.40840840840840842        1.0085509028859707       0.94899506007785894     
  0.41241241241241239        1.0085956416986093       0.94799886202919548     
  0.41641641641641641        1.0086356237444021       0.94699328887366341     
  0.42042042042042044        1.0086707409646929       0.94597835055574242     
  0.42442442442442441        1.0087008952506840       0.94495405711252856     
  0.42842842842842843        1.0087259787226110       0.94392041867363297     
  0.43243243243243246        1.0087458953587147       0.94287744546108421     
  0.43643643643643643        1.0087605381869684       0.94182514778922499     
  0.44044044044044045        1.0087698124701225       0.94076353606461094     
  0.44444444444444442        1.0087736128786102       0.93969262078590843     
  0.44844844844844844        1.0087718454687311       0.93861241254378935     
  0.45245245245245247        1.0087644074939184       0.93752292202082743     
  0.45645645645645644        1.0087512048542713       0.93642415999139239     
  0.46046046046046046        1.0087321368810616       0.93531613732154295     
  0.46446446446446449        1.0087071098490890       0.93419886496891991     
  0.46846846846846846        1.0086760252142493       0.93307235398263733     
  0.47247247247247248        1.0086387896183933       0.93193661550317397     
  0.47647647647647645        1.0085953065733586       0.93079166076226205     
  0.48048048048048048        1.0085454831505356       0.92963750108277710     
  0.48448448448448450        1.0084892247917634       0.92847414787862570     
  0.48848848848848847        1.0084264391003614       0.92730161265463229     
  0.49249249249249250        1.0083570332923733       0.92611990700642588     
  0.49649649649649652        1.0082809156214882       0.92492904262032505     
  0.50050050050050054        1.0081979949132873       0.92372903127322259     
  0.50450450450450446        1.0081081801888334       0.92251988483246872     
  0.50850850850850848        1.0080113817244973       0.92130161525575405     
  0.51251251251251251        1.0079075094125556       0.92007423459099136     
  0.51651651651651653        1.0077964748367385       0.91883775497619602     
  0.52052052052052056        1.0076781888444974       0.91759218863936653     
  0.52452452452452447        1.0075525642036780       0.91633754789836308     
  0.52852852852852850        1.0074195127782133       0.91507384516078605     
  0.53253253253253252        1.0072789484185243       0.91380109292385314     
  0.53653653653653655        1.0071307840436476       0.91251930377427604     
  0.54054054054054057        1.0069749345059344       0.91122849038813569     
  0.54454454454454460        1.0068113137973091       0.90992866553075669     
  0.54854854854854851        1.0066398377100325       0.90861984205658186     
  0.55255255255255253        1.0064604213088815       0.90730203290904443     
  0.55655655655655656        1.0062729812794613       0.90597525112043986     
  0.56056056056056058        1.0060774337450886       0.90463950981179786     
  0.56456456456456461        1.0058736962502668       0.90329482219275237     
  0.56856856856856852        1.0056616859516634       0.90194120156140967     
  0.57257257257257255        1.0054413212271969       0.90057866130421826     
  0.57657657657657657        1.0052125202341040       0.89920721489583666     
  0.58058058058058060        1.0049752021641980       0.89782687589899912     
  0.58458458458458462        1.0047292861378532       0.89643765796438168     
  0.58858858858858853        1.0044746921447230       0.89503957483046792     
  0.59259259259259256        1.0042113402284782       0.89363264032341216     
  0.59659659659659658        1.0039391511623019       0.89221686835690384     
  0.60060060060060061        1.0036580458726487       0.89079227293202834     
  0.60460460460460463        1.0033679459021088       0.88935886813713039     
  0.60860860860860866        1.0030687730201235       0.88791666814767300     
  0.61261261261261257        1.0027604495238573       0.88646568722609853     
  0.61661661661661660        1.0024428979874982       0.88500593972168740     
  0.62062062062062062        1.0021160414466708       0.88353744007041513     
  0.62462462462462465        1.0017798032440350       0.88206020279481145     
  0.62862862862862867        1.0014341071361528       0.88057424250381455     
  0.63263263263263259        1.0010788772000738       0.87907957389262892     
  0.63663663663663661        1.0007140378942958       0.87757621174257761     
  0.64064064064064064        1.0003395139984372       0.87606417092095823     
  0.64464464464464466       0.99995523065248015       0.87454346638089420     
  0.64864864864864868       0.99956111330901820       0.87301411316118804     
  0.65265265265265260       0.99915708776792700       0.87147612638617244     
  0.65665665665665662       0.99874308012712820       0.86992952126555978     
  0.66066066066066065       0.99831901682396651       0.86837431309429269     
  0.66466466466466467       0.99788482457576089       0.86681051725239278     
  0.66866866866866870       0.99744043043441966       0.86523814920480835     
  0.67267267267267272       0.99698576171215392       0.86365722450126059     
  0.67667667667667664       0.99652074605234797       0.86206775877609154     
  0.68068068068068066       0.99604531133887064       0.86046976774810768     
  0.68468468468468469       0.99555938578348879       0.85886326722042616     
  0.68868868868868871       0.99506289781961843       0.85724827308031681     
  0.69269269269269274       0.99455577620456959       0.85562480129904683     
  0.69669669669669665       0.99403794990014160       0.85399286793172080     
  0.70070070070070067       0.99350934818678971       0.85235248911712413     
  0.70470470470470470       0.99296990053436529       0.85070368107756156     
  0.70870870870870872       0.99241953672465943       0.84904646011869800     
  0.71271271271271275       0.99185818671594261       0.84738084262939628     
  0.71671671671671666       0.99128578077030161       0.84570684508155602     
  0.72072072072072069       0.99070224931547346       0.84402448402995045     
  0.72472472472472471       0.99010752307360095       0.84233377611206173     
  0.72872872872872874       0.98950153292354315       0.84063473804791822     
  0.73273273273273276       0.98888421002817928       0.83892738663992727     
  0.73673673673673679       0.98825548569976007       0.83721173877271082     
  0.74074074074074070       0.98761529152347627       0.83548781141293649     
  0.74474474474474472       0.98696355922792200       0.83375562160915173     
  0.74874874874874875       0.98630022080308744       0.83201518649161366     
  0.75275275275275277       0.98562520837749867       0.83026652327212069     
  0.75675675675675680       0.98493845432939897       0.82850964924384218     
  0.76076076076076071       0.98423989117154242       0.82674458178114663     
  0.76476476476476474       0.98352945165477323       0.82497133833943037     
  0.76876876876876876       0.98280706866113321       0.82318993645494531     
  0.77277277277277279       0.98207267529937448       0.82140039374462548     
  0.77677677677677681       0.98132620480662258       0.81960272790591149     
  0.78078078078078073       0.98056759063575671       0.81779695671657793     
  0.78478478478478475       0.97979676636560109       0.81598309803455460     
  0.78878878878878878       0.97901366578030979       0.81416116979775299     
  0.79279279279279280       0.97821822278782389       0.81233119002388599     
  0.79679679679679682       0.97741037149166510       0.81049317681029232     
  0.80080080080080085       0.97659004611718836       0.80864714833375506     
  0.80480480480480476       0.97575718107625142       0.80679312285032445     
  0.80880880880880879       0.97491171090082784       0.80493111869513490     
  0.81281281281281281       0.97405357030103346       0.80306115428222591     
  0.81681681681681684       0.97318269410553815       0.80118324810435759     
  0.82082082082082086       0.97229901731356383       0.79929741873283022     
  0.82482482482482478       0.97140247504146493       0.79740368481729917     
  0.82882882882882880       0.97049300256936599       0.79550206508558996     
  0.83283283283283283       0.96957053529325732       0.79359257834351515     
  0.83683683683683685       0.96863500876689523       0.79167524347468543     
  0.84084084084084088       0.96768635865879138       0.78975007944032627     
  0.84484484484484490       0.96672452079001814       0.78781710527908688     
  0.84884884884884881       0.96574943109548816       0.78587634010685514     
  0.85285285285285284       0.96476102565820976       0.78392780311656585     
  0.85685685685685686       0.96375924067435825       0.78197151357801298     
  0.86086086086086089       0.96274401248448571       0.78000749083765841     
  0.86486486486486491       0.96171527754188058       0.77803575431843952     
  0.86886886886886883       0.96067297244120309       0.77605632351957921     
  0.87287287287287285       0.95961703388972486       0.77406921801639061     
  0.87687687687687688       0.95854739873377726       0.77207445746008641     
  0.88088088088088090       0.95746400393249476       0.77007206157758135     
  0.88488488488488493       0.95636678658243035       0.76806205017129980     
  0.88888888888888884       0.95525568389351878       0.76604444311897812     
  0.89289289289289286       0.95413063321207059       0.76401926037346957     
  0.89689689689689689       0.95299157199878881       0.76198652196254524     
  0.90090090090090091       0.95183843785032418       0.75994624798869781     
  0.90490490490490494       0.95067116847915600       0.75789845862894112     
  0.90890890890890896       0.94948970173388914       0.75584317413461199     
  0.91291291291291288       0.94829397558082029       0.75378041483116964     
  0.91691691691691690       0.94708392812319608       0.75171020111799358     
  0.92092092092092093       0.94585949758424903       0.74963255346818269     
  0.92492492492492495       0.94462062232556110       0.74754749242835361     
  0.92892892892892898       0.94336724083153278       0.74545503861843632     
  0.93293293293293289       0.94209929172685580       0.74335521273147021     
  0.93693693693693691       0.94081671376235787       0.74124803553340046     
  0.94094094094094094       0.93951944583174418       0.73913352786287123     
  0.94494494494494496       0.93820742695862647       0.73701171063102144     
  0.94894894894894899       0.93688059631267184       0.73488260482127599     
  0.95295295295295290       0.93553889319775296       0.73274623148913998     
  0.95695695695695693       0.93418225706757152       0.73060261176198882     
  0.96096096096096095       0.93281062751483323       0.72845176683886093     
  0.96496496496496498       0.93142394428644371       0.72629371799024722     
  0.96896896896896900       0.93002214727366639       0.72412848655788020     
  0.97297297297297303       0.92860517652689123       0.72195609395452465     
  0.97697697697697694       0.92717297224678241       0.71977656166376347     
  0.98098098098098097       0.92572547479862843       0.71758991123978799     
  0.98498498498498499       0.92426262470448006       0.71539616430718200     
  0.98898898898898902       0.92278436265709174       0.71319534256071038     
  0.99299299299299304       0.92129062951303020       0.71098746776510235     
  0.99699699699699695       0.91978136630622598       0.70877256175483849     
   1.0010010010010011       0.91825651424204813       0.70655064643393239     
   1.0050050050050050       0.91671601471048769       0.70432174377571666     
   1.0090090090090089       0.91515980928115848       0.70208587582262261     
   1.0130130130130131       0.91358783971616564       0.69984306468596524     
   1.0170170170170170       0.91200004796598699       0.69759333254572309     
   1.0210210210210211       0.91039637618208158       0.69533670165031780     
   1.0250250250250250       0.90877676671359142       0.69307319431639725     
   1.0290290290290289       0.90714116211974805       0.69080283292861089     
   1.0330330330330331       0.90548950516735593       0.68852563993939231     
   1.0370370370370370       0.90382173884302719       0.68624163786873360     
   1.0410410410410411       0.90213780635142649       0.68395084930396588     
   1.0450450450450450       0.90043765112736651       0.68165329689953280     
   1.0490490490490489       0.89872121683476258       0.67934900337676996     
   1.0530530530530531       0.89698844737865790       0.67703799152367639     
   1.0570570570570570       0.89523928690483212       0.67472028419469277     
   1.0610610610610611       0.89347367981178627       0.67239590431047247     
   1.0650650650650650       0.89169157075100669       0.67006487485765720     
   1.0690690690690692       0.88989290463889870       0.66772721888864850     
   1.0730730730730731       0.88807762665771961       0.66538295952137927     
   1.0770770770770770       0.88624568226744449       0.66303211993908673     
   1.0810810810810811       0.88439701720740704       0.66067472339008138     
   1.0850850850850851       0.88253157750804834       0.65831079318751895     
   1.0890890890890892       0.88064930949329889       0.65594035270916762     
   1.0930930930930931       0.87875015979220483       0.65356342539717938     
   1.0970970970970970       0.87683407534204183       0.65118003475785569     
   1.1011011011011012       0.87490100339984322       0.64879020436141710     
   1.1051051051051051       0.87295089154619843       0.64639395784176923     
   1.1091091091091092       0.87098368769676504       0.64399131889626848     
   1.1131131131131131       0.86899934010665580       0.64158231128548826     
   1.1171171171171170       0.86699779738200633       0.63916695883298480     
   1.1211211211211212       0.86497900848490628       0.63674528542506059     
   1.1251251251251251       0.86294292274505469       0.63431731501052790     
   1.1291291291291292       0.86088948986521219       0.63188307160047219     
   1.1331331331331331       0.85881865993296280       0.62944257926801572     
   1.1371371371371370       0.85673038342666374       0.62699586214807856     
   1.1411411411411412       0.85462461122732691       0.62454294443713887     
   1.1451451451451451       0.85250129462506630       0.62208385039299618     
   1.1491491491491492       0.85036038533109881       0.61961860433452864     
   1.1531531531531531       0.84820183548468053       0.61714723064145538     
   1.1571571571571571       0.84602559766521235       0.61466975375409227     
   1.1611611611611612       0.84383162489970009       0.61218619817311382     
   1.1651651651651651       0.84161987067493194       0.60969658845930685     
   1.1691691691691692       0.83939028894546097       0.60720094923333146     
   1.1731731731731732       0.83714283414588520       0.60469930517547543     
   1.1771771771771771       0.83487746119929096       0.60219168102540976     
   1.1811811811811812       0.83259412552970058       0.59967810158194490     
   1.1851851851851851       0.83029278307092047       0.59715859170278607     
   1.1891891891891893       0.82797339027917227       0.59463317630428669     
   1.1931931931931932       0.82563590414234689       0.59210188036120104     
   1.1971971971971973       0.82328028219280891       0.58956472890643952     
   1.2012012012012012       0.82090648251704890       0.58702174703081855     
   1.2052052052052051       0.81851446376867709       0.58447295988281511     
   1.2092092092092093       0.81610418517842265       0.58191839266831502     
   1.2132132132132132       0.81367560656738369       0.57935807065036715     
   1.2172172172172173       0.81122868835729200       0.57679201914892964     
   1.2212212212212212       0.80876339158407451       0.57422026354062339     
   1.2252252252252251       0.80627967790833022       0.57164282925847876     
   1.2292292292292293       0.80377750962923611       0.56905974179168362     
   1.2332332332332332       0.80125684969520572       0.56647102668533400     
   1.2372372372372373       0.79871766171814329       0.56387670954017777     
   1.2412412412412412       0.79615990998426212       0.56127681601236523     
   1.2452452452452452       0.79358355946872472       0.55867137181319193     
   1.2492492492492493       0.79098857584652060       0.55606040270884771     
   1.2532532532532532       0.78837492550763133       0.55344393452015839     
   1.2572572572572573       0.78574257556775451       0.55082199312233371     
   1.2612612612612613       0.78309149388424226       0.54819460444470980     
   1.2652652652652652       0.78042164906637390       0.54556179447049202     
   1.2692692692692693       0.77773301049236254       0.54292358923649942     
   1.2732732732732732       0.77502554831885195       0.54028001483290677     
   1.2772772772772774       0.77229923349931795       0.53763109740298687     
   1.2812812812812813       0.76955403779239395       0.53497686314285187     
   1.2852852852852852       0.76678993378211668       0.53231733830119210     
   1.2892892892892893       0.76400689488451790       0.52965254917902038     
   1.2932932932932932       0.76120489537035840       0.52698252212940966     
   1.2972972972972974       0.75838391036920616       0.52430728355723166     
   1.3013013013013013       0.75554391589551706       0.52162685991889790     
   1.3053053053053052       0.75268488884922991       0.51894127772209575     
   1.3093093093093093       0.74980680704624525       0.51625056352552856     
   1.3133133133133132       0.74690964921430225       0.51355474393865164     
   1.3173173173173174       0.74399339502925899       0.51085384562140879     
   1.3213213213213213       0.74105802510460272       0.50814789528396931     
   1.3253253253253254       0.73810352103538757       0.50543691968646431     
   1.3293293293293293       0.73512986537923963       0.50272094563872183     
   1.3333333333333333       0.73213704171033522       0.50000000000000033     
   1.3373373373373374       0.72912503458918521       0.49727410967872421     
   1.3413413413413413       0.72609382962966784       0.49454330163221866     
   1.3453453453453454       0.72304341345417655       0.49180760286644143     
   1.3493493493493494       0.71997377377751126       0.48906704043571680     
   1.3533533533533533       0.71688489934307198       0.48632164144246692     
   1.3573573573573574       0.71377678002843681       0.48357143303694439     
   1.3613613613613613       0.71064940675711419       0.48081644241696458     
   1.3653653653653655       0.70750277163195585       0.47805669682763607     
   1.3693693693693694       0.70433686781551719       0.47529222356109019     
   1.3733733733733733       0.70115168969906716       0.47252304995621203     
   1.3773773773773774       0.69794723274279769       0.46974920339837073     
   1.3813813813813813       0.69472349369020903       0.46697071131914814     
   1.3853853853853855       0.69148047035718774       0.46418760119606600     
   1.3893893893893894       0.68821816190400176       0.46139990055231739     
   1.3933933933933933       0.68493656855951146       0.45860763695649082     
   1.3973973973973974       0.68163569196608964       0.45581083802230099     
   1.4014014014014013       0.67831553482182150       0.45300953140831446     
   1.4054054054054055       0.67497610131741348       0.45020374481767350     
   1.4094094094094094       0.67161739667509901       0.44739350599782696     
   1.4134134134134133       0.66823942770117617       0.44457884274025250     
   1.4174174174174174       0.66484220219528167       0.44175978288018319     
   1.4214214214214214       0.66142572964776736       0.43893635429633082     
   1.4254254254254255       0.65799002048686295       0.43610858491061116     
   1.4294294294294294       0.65453508695687090       0.43327650268786849     
   1.4334334334334333       0.65106094216327215       0.43044013563559824     
   1.4374374374374375       0.64756760117595680       0.42759951180366951     
   1.4414414414414414       0.64405507982323917       0.42475465928404799     
   1.4454454454454455       0.64052339607434472       0.42190560621051937     
   1.4494494494494494       0.63697256852230089       0.41905238075840973     
   1.4534534534534536       0.63340261811198328       0.41619501114430768     
   1.4574574574574575       0.62981356623859786       0.41333352562578418     
   1.4614614614614614       0.62620543690209629       0.41046795250111390     
   1.4654654654654655       0.62257825433207969       0.40759832010899610     
   1.4694694694694694       0.61893204566679527       0.40472465682827363     
   1.4734734734734736       0.61526683799622572       0.40184699107765148     
   1.4774774774774775       0.61158266168474185       0.39896535131541649     
   1.4814814814814814       0.60787954670134947       0.39607976603915679     
   1.4854854854854855       0.60415752672994893       0.39319026378547872     
   1.4894894894894894       0.60041663462856032       0.39029687312972589     
   1.4934934934934936       0.59665690750076461       0.38739962268569328     
   1.4974974974974975       0.59287838109341473       0.38449854110534909     
   1.5015015015015014       0.58908109603806258       0.38159365707854875     
   1.5055055055055055       0.58526509095829449       0.37868499933275013     
   1.5095095095095095       0.58143041013167329       0.37577259663273255     
   1.5135135135135136       0.57757709503249566       0.37285647778030873     
   1.5175175175175175       0.57370519371404827       0.36993667161404314     
   1.5215215215215214       0.56981475045905727       0.36701320700896550     
   1.5255255255255256       0.56590581724015765       0.36408611287628412     
   1.5295295295295295       0.56197844108729811       0.36115541816310132     
   1.5335335335335336       0.55803267805260082       0.35822115185212744     
   1.5375375375375375       0.55406857783003360       0.35528334296139380     
   1.5415415415415414       0.55008620073089998       0.35234202054396474     
   1.5455455455455456       0.54608559900445885       0.34939721368765114     
   1.5495495495495495       0.54206683742394601       0.34644895151472355     
   1.5535535535535536       0.53802997065563596       0.34349726318162310     
   1.5575575575575575       0.53397506816455387       0.34054217787867375     
   1.5615615615615615       0.52990218686156754       0.33758372482979260     
   1.5655655655655656       0.52581140116508773       0.33462193329220158     
   1.5695695695695695       0.52170277001879017       0.33165683255613898     
   1.5735735735735736       0.51757637309312077       0.32868845194456903     
   1.5775775775775776       0.51343227110746503       0.32571682081289088     
   1.5815815815815817       0.50927054932608262       0.32274196854864945     
   1.5855855855855856       0.50509126993492337       0.31976392457124525     
   1.5895895895895895       0.50089452418386649       0.31678271833164295     
   1.5935935935935936       0.49668037535663534       0.31379837931207866     
   1.5975975975975976       0.49244892113837235       0.31081093702577139     
   1.6016016016016017       0.48820022547358166       0.30782042101662782     
   1.6056056056056056       0.48393439299897206       0.30482686085895305     
   1.6096096096096095       0.47965148780501804       0.30183028615715729     
   1.6136136136136137       0.47535162207289727       0.29883072654546011     
   1.6176176176176176       0.47103485943565132       0.29582821168760254     
   1.6216216216216217       0.46670132029956818       0.29282277127655032     
   1.6256256256256256       0.46235106713624380       0.28981443503420135     
   1.6296296296296295       0.45798422935790323       0.28680323271109065     
   1.6336336336336337       0.45360086745669731       0.28378919408609704     
   1.6376376376376376       0.44920112074566776       0.28077234896614933     
   1.6416416416416417       0.44478504679069431       0.27775272718593036     
   1.6456456456456456       0.44035279582995474       0.27473035860758332     
   1.6496496496496496       0.43590442141100283       0.27170527312041282     
   1.6536536536536537       0.43144008586791605       0.26867750064059459     
   1.6576576576576576       0.42695983747458061       0.26564707111087615     
   1.6616616616616617       0.42246385199689962       0.26261401450028199     
   1.6656656656656657       0.41795217099665211       0.25957836080381591     
   1.6696696696696696       0.41342498519318005       0.25654014004216519     
   1.6736736736736737       0.40888232779297312       0.25349938226140467     
   1.6776776776776776       0.40432440619852128       0.25045611753269870     
   1.6816816816816818       0.39975124338954598       0.24741037595200283     
   1.6856856856856857       0.39516306541384799       0.24436218763976714     
   1.6896896896896898       0.39055988289908833       0.24131158274063927     
   1.6936936936936937       0.38594194275934868       0.23825859142316480     
   1.6976976976976976       0.38130924086361589       0.23520324387949043     
   1.7017017017017018       0.37666204750039745       0.23214557032506186     
   1.7057057057057057       0.37200034106255586       0.22908560099833006     
   1.7097097097097098       0.36732441803872756       0.22602336616044894     
   1.7137137137137137       0.36263423628586883       0.22295889609497727     
   1.7177177177177176       0.35793012166835803       0.21989222110757800     
   1.7217217217217218       0.35321200807171621       0.21682337152571932     
   1.7257257257257257       0.34848025429583046       0.21375237769837560     
   1.7297297297297298       0.34373476640828537       0.21067926999572606     
   1.7337337337337337       0.33897594012439747       0.20760407880885565     
   1.7377377377377377       0.33420364939945507       0.20452683454945109     
   1.7417417417417418       0.32941833130185794       0.20144756764950522     
   1.7457457457457457       0.32461982289405794       0.19836630856101312     
   1.7497497497497498       0.31980860753182705       0.19528308775567005     
   1.7537537537537538       0.31498448007858104       0.19219793572457314     
   1.7577577577577577       0.31014797564830149       0.18911088297791637     
   1.7617617617617618       0.30529884103323163       0.18602196004469188     
   1.7657657657657657       0.30043766915346798       0.18293119747238676     
   1.7697697697697699       0.29556415225138155       0.17983862582668017     
   1.7737737737737738       0.29067894771879377       0.17674427569114179     
   1.7777777777777777       0.28578168612249816       0.17364817766693028     
   1.7817817817817818       0.28087309664952970       0.17055036237248988     
   1.7857857857857857       0.27595274037876910       0.16745086044324664     
   1.7897897897897899       0.27102142631284976       0.16434970253130635     
   1.7937937937937938       0.26607863750572441       0.16124691930515228     
   1.7977977977977977       0.26112527152996301       0.15814254144934106     
   1.8018018018018018       0.25616072411727070       0.15503659966419786     
   1.8058058058058057       0.25118599093262683       0.15192912466551589     
   1.8098098098098099       0.24620037029565756       0.14882014718424907     
   1.8138138138138138       0.24120496628460980       0.14570969796621130     
   1.8178178178178179       0.23619896889700606       0.14259780777177095     
   1.8218218218218218       0.23118360176875813       0.13948450737554591     
   1.8258258258258258       0.22615793482315072       0.13636982756610005     
   1.8298298298298299       0.22112332324044306       0.13325379914563965     
   1.8338338338338338       0.21607870426066000       0.13013645292970785     
   1.8378378378378379       0.21102557744828315       0.12701781974687870     
   1.8418418418418419       0.20596273388802452       0.12389793043845529     
   1.8458458458458458       0.20089183122316343       0.12077681585816115     
   1.8498498498498499       0.19581150005212797       0.11765450687183837     
   1.8538538538538538       0.19072357063669917       0.11453103435714140     
   1.8578578578578580       0.18562649791523830       0.11140642920322855     
   1.8618618618618619       0.18052230013042656       0.10828072231046192     
   1.8658658658658658       0.17540924057389379       0.10515394459009815     
   1.8698698698698699       0.17028954161713777       0.10202612696398421     
   1.8738738738738738       0.16516125815118479        9.8897300364250137E-002
   1.8778778778778780       0.16002683355591604        9.5767495733004110E-002
   1.8818818818818819       0.15488409686406651        9.2636744022027262E-002
   1.8858858858858858       0.14973573000257048        8.9505076192466795E-002
   1.8898898898898899       0.14457931806747779        8.6372523214528804E-002
   1.8938938938938938       0.13941779963731560        8.3239116067172991E-002
   1.8978978978978980       0.13424849727717111        8.0104885737807094E-002
   1.9019019019019019       0.12907462477168732        7.6969863221979185E-002
   1.9059059059059058       0.12389322317330392        7.3834079523072429E-002
   1.9099099099099099       0.11870780033684283        7.0697565651994948E-002
   1.9139139139139139       0.11351509658697520        6.7560352626878470E-002
   1.9179179179179180       0.10831893285554207        6.4422471472768014E-002
   1.9219219219219219       0.10311572947203275        6.1283953221316440E-002
   1.9259259259259258        9.7909639400266604E-002   5.8144828910476183E-002
   1.9299299299299300        9.2696743864616876E-002   5.5005129584193228E-002
   1.9339339339339339        8.7481546540089050E-002   5.1864886292100981E-002
   1.9379379379379380        8.2259770833043422E-002   4.8724130089211899E-002
   1.9419419419419419        7.7036289279067166E-002   4.5582892035611673E-002
   1.9459459459459461        7.1806449420772481E-002   4.2441203196148525E-002
   1.9499499499499500        6.6575509989091730E-002   3.9299094640131337E-002
   1.9539539539539539        6.1338425585364176E-002   3.6156597441019275E-002
   1.9579579579579580        5.6100857340204015E-002   3.3013742676113601E-002
   1.9619619619619619        5.0857351136751668E-002   2.9870561426253450E-002
   1.9659659659659661        4.5613985230558672E-002   2.6727084775504926E-002
   1.9699699699699700        4.0364882681503941E-002   2.3583343810856781E-002
   1.9739739739739739        3.5116551708722792E-002   2.0439369621911660E-002
   1.9779779779779780        2.9862680607914908E-002   1.7295193300577764E-002
   1.9819819819819819        2.4610217799382675E-002   1.4150845940762258E-002
   1.9859859859859861        1.9352408393268648E-002   1.1006358638064652E-002
   1.9899899899899900        1.4096645380907706E-002   7.8617624894684063E-003
   1.9939939939939939        8.8357348778679585E-003   4.7170885930325071E-003
   1.9979979979979980        3.5774860738468028E-003   1.5723680475848198E-003
   2.0020020020020022       -1.6856363176489351E-003  -1.5723680475845747E-003
   2.0060060060060061       -6.9457112021605420E-003  -4.7170885930322625E-003
   2.0100100100100100       -1.2209693513363866E-002  -7.8617624894681600E-003
   2.0140140140140139       -1.7470105815297832E-002  -1.1006358638064406E-002
   2.0180180180180178       -2.2733486421424240E-002  -1.4150845940762012E-002
   2.0220220220220222       -2.7992797607159996E-002  -1.7295193300577522E-002
   2.0260260260260261       -3.3254167215594890E-002  -2.0439369621911417E-002
   2.0300300300300300       -3.8510988982854613E-002  -2.3583343810856538E-002
   2.0340340340340339       -4.3768985216052700E-002  -2.6727084775504683E-002
   2.0380380380380378       -4.9021969241133535E-002  -2.9870561426253207E-002
   2.0420420420420422       -5.4275272296240899E-002  -3.3013742676113789E-002
   2.0460460460460461       -5.9523128214932004E-002  -3.6156597441019026E-002
   2.0500500500500500       -6.4770508043910088E-002  -3.9299094640131087E-002
   2.0540540540540539       -7.0012070089360903E-002  -4.2441203196148275E-002
   2.0580580580580579       -7.5252449034966348E-002  -4.5582892035610979E-002
   2.0620620620620622       -8.0486712115233824E-002  -4.8724130089212093E-002
   2.0660660660660661       -8.5719163098766205E-002  -5.1864886292100738E-002
   2.0700700700700700       -9.0945247293115303E-002  -5.5005129584192979E-002
   2.0740740740740740       -9.6168938026359035E-002  -5.8144828910475933E-002
   2.0780780780780779      -0.10138602837337839       -6.1283953221315746E-002
   2.0820820820820822      -0.10660016800673200       -6.4422471472768209E-002
   2.0860860860860861      -0.11180747380140754       -6.7560352626878220E-002
   2.0900900900900901      -0.11701128513485951       -7.0697565651994698E-002
   2.0940940940940940      -0.12220802297993170       -7.3834079523071736E-002
   2.0980980980980979      -0.12740073298369858       -7.6969863221978935E-002
   2.1021021021021022      -0.13258612217032253       -8.0104885737806844E-002
   2.1061061061061062      -0.13776695998637289       -8.3239116067172741E-002
   2.1101101101101101      -0.14294022200495768       -8.6372523214528554E-002
   2.1141141141141140      -0.14810841906755448       -8.9505076192466101E-002
   2.1181181181181179      -0.15326877811463446       -9.2636744022027012E-002
   2.1221221221221223      -0.15842356871911084       -9.5767495733003860E-002
   2.1261261261261262      -0.16357025237887404       -9.8897300364249888E-002
   2.1301301301301301      -0.16871087432154316      -0.10202612696398396     
   2.1341341341341340      -0.17384311426018215      -0.10515394459009790     
   2.1381381381381384      -0.17896880948260455      -0.10828072231046167     
   2.1421421421421423      -0.18408584212970114      -0.11140642920322831     
   2.1461461461461462      -0.18919585735644234      -0.11453103435714115     
   2.1501501501501501      -0.19429692456930117      -0.11765450687183812     
   2.1541541541541540      -0.19939051193631771      -0.12077681585816090     
   2.1581581581581584      -0.20447486164601689      -0.12389793043845504     
   2.1621621621621623      -0.20955127931783579      -0.12701781974687892     
   2.1661661661661662      -0.21461816615615426      -0.13013645292970763     
   2.1701701701701701      -0.21967667893021958      -0.13325379914563942     
   2.1741741741741740      -0.22472536483672220      -0.13636982756609983     
   2.1781781781781784      -0.22976524473341561      -0.13948450737554569     
   2.1821821821821823      -0.23479499954206501      -0.14259780777177072     
   2.1861861861861862      -0.23981552637903214      -0.14570969796621108     
   2.1901901901901901      -0.24482562838377714      -0.14882014718424885     
   2.1941941941941940      -0.24982609033331701      -0.15192912466551567     
   2.1981981981981984      -0.25481582683218229      -0.15503659966419808     
   2.2022022022022023      -0.25979552096057823      -0.15814254144934084     
   2.2062062062062062      -0.26476418877784480      -0.16124691930515206     
   2.2102102102102101      -0.26972242156563525      -0.16434970253130612     
   2.2142142142142140      -0.27466932755176926      -0.16745086044324597     
   2.2182182182182184      -0.27960541539407324      -0.17055036237248966     
   2.2222222222222223      -0.28452987690311438      -0.17364817766693005     
   2.2262262262262262      -0.28944314658923931      -0.17674427569114157     
   2.2302302302302301      -0.29434449193341983      -0.17983862582667995     
   2.2342342342342341      -0.29923428110508776      -0.18293119747238654     
   2.2382382382382384      -0.30411184998650537      -0.18602196004469207     
   2.2422422422422423      -0.30897750757413550      -0.18911088297791614     
   2.2462462462462462      -0.31383065149335287      -0.19219793572457292     
   2.2502502502502502      -0.31867153812994314      -0.19528308775566983     
   2.2542542542542541      -0.32349962077143557      -0.19836630856101248     
   2.2582582582582584      -0.32831510918367457      -0.20144756764950500     
   2.2622622622622623      -0.33311750677809293      -0.20452683454945086     
   2.2662662662662663      -0.33790698215442799      -0.20760407880885542     
   2.2702702702702702      -0.34268308381769153      -0.21067926999572584     
   2.2742742742742741      -0.34744594415316010      -0.21375237769837538     
   2.2782782782782784      -0.35219515220243230      -0.21682337152571909     
   2.2822822822822824      -0.35693080862014559      -0.21989222110757778     
   2.2862862862862863      -0.36165253886679299      -0.22295889609497704     
   2.2902902902902902      -0.36636041591603768      -0.22602336616044871     
   2.2942942942942941      -0.37105409793570820      -0.22908560099832984     
   2.2982982982982985      -0.37573363386669822      -0.23214557032506164     
   2.3023023023023024      -0.38039871124669566      -0.23520324387949024     
   2.3063063063063063      -0.38504935826207420      -0.23825859142316458     
   2.3103103103103102      -0.38968528882624420      -0.24131158274063905     
   2.3143143143143141      -0.39430651330949823      -0.24436218763976694     
   2.3183183183183185      -0.39891276932087688      -0.24741037595200260     
   2.3223223223223224      -0.40350405204188217      -0.25045611753269847     
   2.3263263263263263      -0.40808012038339186      -0.25349938226140445     
   2.3303303303303302      -0.41264095668135681      -0.25654014004216497     
   2.3343343343343341      -0.41718633901486851      -0.25957836080381524     
   2.3383383383383385      -0.42171623895899751      -0.26261401450028221     
   2.3423423423423424      -0.42623045186311287      -0.26564707111087593     
   2.3463463463463463      -0.43072894039135307      -0.26867750064059437     
   2.3503503503503502      -0.43521151547828585      -0.27170527312041259     
   2.3543543543543541      -0.43967813251455834      -0.27473035860758266     
   2.3583583583583585      -0.44412861652652680      -0.27775272718593058     
   2.3623623623623624      -0.44856291707688656      -0.28077234896614911     
   2.3663663663663663      -0.45298087196245457      -0.28378919408609682     
   2.3703703703703702      -0.45738242619065295      -0.28680323271108998     
   2.3743743743743742      -0.46176742916148317      -0.28981443503420068     
   2.3783783783783785      -0.46613582244443669      -0.29282277127655010     
   2.3823823823823824      -0.47048746601294344      -0.29582821168760237     
   2.3863863863863863      -0.47482229897664346      -0.29883072654545989     
   2.3903903903903903      -0.47914019097505534      -0.30183028615715662     
   2.3943943943943946      -0.48344107951147575      -0.30482686085895327     
   2.3983983983983985      -0.48772484309283715      -0.30782042101662760     
   2.4024024024024024      -0.49199141835841503      -0.31081093702577117     
   2.4064064064064064      -0.49624069198007464      -0.31379837931207849     
   2.4104104104104103      -0.50047260037636498      -0.31678271833164234     
   2.4144144144144146      -0.50468703776651780      -0.31976392457124503     
   2.4184184184184185      -0.50888394090363276      -0.32274196854864923     
   2.4224224224224224      -0.51306321101149344      -0.32571682081289072     
   2.4264264264264264      -0.51722478565495444      -0.32868845194456880     
   2.4304304304304303      -0.52136857258515856      -0.33165683255613876     
   2.4344344344344346      -0.52549451058679864      -0.33462193329220136     
   2.4384384384384385      -0.52960251351863286      -0.33758372482979238     
   2.4424424424424425      -0.53369252173219994      -0.34054217787867352     
   2.4464464464464464      -0.53776445482427682      -0.34349726318162288     
   2.4504504504504503      -0.54181825500638681      -0.34644895151472338     
   2.4544544544544546      -0.54585384728738606      -0.34939721368765092     
   2.4584584584584586      -0.54987117598449220      -0.35234202054396457     
   2.4624624624624625      -0.55387017123059468      -0.35528334296139358     
   2.4664664664664664      -0.55785077965263374      -0.35822115185212722     
   2.4704704704704703      -0.56181293625228246      -0.36115541816310109     
   2.4744744744744747      -0.56575659013366097      -0.36408611287628395     
   2.4784784784784786      -0.56968168094028082      -0.36701320700896528     
   2.4824824824824825      -0.57358816038887084      -0.36993667161404292     
   2.4864864864864864      -0.57747597256218830      -0.37285647778030850     
   2.4904904904904903      -0.58134507189699036      -0.37577259663273233     
   2.4944944944944947      -0.58519540673358184      -0.37868499933275035     
   2.4984984984984986      -0.58902693431171849      -0.38159365707854853     
   2.5025025025025025      -0.59283960706542460      -0.38449854110534887     
   2.5065065065065064      -0.59663338509911912      -0.38739962268569306     
   2.5105105105105103      -0.60040822479195655      -0.39029687312972527     
   2.5145145145145147      -0.60416408915614528      -0.39319026378547894     
   2.5185185185185186      -0.60790093838033776      -0.39607976603915657     
   2.5225225225225225      -0.61161873841155823      -0.39896535131541627     
   2.5265265265265264      -0.61531745312330943      -0.40184699107765126     
   2.5305305305305303      -0.61899705141050121      -0.40472465682827302     
   2.5345345345345347      -0.62265750071611980      -0.40759832010899633     
   2.5385385385385386      -0.62629877288395486      -0.41046795250111373     
   2.5425425425425425      -0.62992083881893790      -0.41333352562578402     
   2.5465465465465464      -0.63352367330430470      -0.41619501114430751     
   2.5505505505505504      -0.63710725060597340      -0.41905238075840956     
   2.5545545545545547      -0.64067154842820873      -0.42190560621051959     
   2.5585585585585586      -0.64421654430247854      -0.42475465928404776     
   2.5625625625625625      -0.64774221882794192      -0.42759951180366890     
   2.5665665665665665      -0.65124855271080395      -0.43044013563559802     
   2.5705705705705704      -0.65473552941237034      -0.43327650268786827     
   2.5745745745745747      -0.65820313272664255      -0.43610858491061100     
   2.5785785785785786      -0.66165134893867883      -0.43893635429633066     
   2.5825825825825826      -0.66508016484657473      -0.44175978288018303     
   2.5865865865865865      -0.66848956951594796      -0.44457884274025233     
   2.5905905905905904      -0.67187955266800048      -0.44739350599782673     
   2.5945945945945947      -0.67525010610165170      -0.45020374481767333     
   2.5985985985985987      -0.67860122238250764      -0.45300953140831385     
   2.6026026026026026      -0.68193289599211515      -0.45581083802230121     
   2.6066066066066065      -0.68524512226370904      -0.45860763695649065     
   2.6106106106106104      -0.68853789830793855      -0.46139990055231678     
   2.6146146146146148      -0.69181122215053503      -0.46418760119606622     
   2.6186186186186187      -0.69506509347536938      -0.46697071131914791     
   2.6226226226226226      -0.69829951292694747      -0.46974920339837051     
   2.6266266266266265      -0.70151448270455952      -0.47252304995621180     
   2.6306306306306309      -0.70471000599900313      -0.47529222356109002     
   2.6346346346346348      -0.70788608746563730      -0.47805669682763591     
   2.6386386386386387      -0.71104273277016161      -0.48081644241696481     
   2.6426426426426426      -0.71417994896344650      -0.48357143303694416     
   2.6466466466466465      -0.71729774411569913      -0.48632164144246637     
   2.6506506506506509      -0.72039612761182736      -0.48906704043571703     
   2.6546546546546548      -0.72347510985706598      -0.49180760286644165     
   2.6586586586586587      -0.72653470250822949      -0.49454330163221849     
   2.6626626626626626      -0.72957491823696741      -0.49727410967872404     
   2.6666666666666665      -0.73259577090944161      -0.49999999999999972     
   2.6706706706706709      -0.73559727539594144      -0.50272094563872161     
   2.6746746746746748      -0.73857944770918804      -0.50543691968646454     
   2.6786786786786787      -0.74154230485115491      -0.50814789528396909     
   2.6826826826826826      -0.74448586491828750      -0.51085384562140823     
   2.6866866866866865      -0.74741014697810915      -0.51355474393865141     
   2.6906906906906909      -0.75031517114806412      -0.51625056352552878     
   2.6946946946946948      -0.75320095849591617      -0.51894127772209564     
   2.6986986986986987      -0.75606753109763880      -0.52162685991889768     
   2.7027027027027026      -0.75891491195677163      -0.52430728355723144     
   2.7067067067067065      -0.76174312504572372      -0.52698252212940910     
   2.7107107107107109      -0.76455219524021001      -0.52965254917902060     
   2.7147147147147148      -0.76734214834747938      -0.53231733830119188     
   2.7187187187187187      -0.77011301105271102      -0.53497686314285131     
   2.7227227227227226      -0.77286481093698911      -0.53763109740298709     
   2.7267267267267266      -0.77559757643317428      -0.54028001483290666     
   2.7307307307307309      -0.77831133683586273      -0.54292358923649919     
   2.7347347347347348      -0.78100612226476407      -0.54556179447049191     
   2.7387387387387387      -0.78368196366843335      -0.54819460444470958     
   2.7427427427427427      -0.78633889279358460      -0.55082199312233360     
   2.7467467467467466      -0.78897694218401504      -0.55344393452015828     
   2.7507507507507509      -0.79159614515461818      -0.55606040270884749     
   2.7547547547547548      -0.79419653578662364      -0.55867137181319182     
   2.7587587587587588      -0.79677814890533383      -0.56127681601236501     
   2.7627627627627627      -0.79934102007256491      -0.56387670954017755     
   2.7667667667667666      -0.80188518556734034      -0.56647102668533345     
   2.7707707707707709      -0.80441068237623337      -0.56905974179168384     
   2.7747747747747749      -0.80691754817642258      -0.57164282925847854     
   2.7787787787787788      -0.80940582132447270      -0.57422026354062317     
   2.7827827827827827      -0.81187554084129199      -0.57679201914892952     
   2.7867867867867866      -0.81432674639978220      -0.57935807065036660     
   2.7907907907907910      -0.81675947831133544      -0.58191839266831491     
   2.7947947947947949      -0.81917377751267717      -0.58447295988281489     
   2.7987987987987988      -0.82156968555363408      -0.58702174703081833     
   2.8028028028028027      -0.82394724458342450      -0.58956472890643896     
   2.8068068068068066      -0.82630649733948724      -0.59210188036120082     
   2.8108108108108110      -0.82864748713341096      -0.59463317630428647     
   2.8148148148148149      -0.83097025784066869      -0.59715859170278585     
   2.8188188188188188      -0.83327485388633415      -0.59967810158194468     
   2.8228228228228227      -0.83556132023560536      -0.60219168102540921     
   2.8268268268268266      -0.83782970237941357      -0.60469930517547521     
   2.8308308308308310      -0.84008004632565414      -0.60720094923333168     
   2.8348348348348349      -0.84231239858477092      -0.60969658845930674     
   2.8388388388388388      -0.84452680616162734      -0.61218619817311326     
   2.8428428428428427      -0.84672331654113175      -0.61466975375409216     
   2.8468468468468466      -0.84890197768070408      -0.61714723064145482     
   2.8508508508508510      -0.85106283799597637      -0.61961860433452842     
   2.8548548548548549      -0.85320594635383551      -0.62208385039299596     
   2.8588588588588588      -0.85533135205822441      -0.62454294443713865     
   2.8628628628628627      -0.85743910484374297      -0.62699586214807834     
   2.8668668668668666      -0.85952925486156551      -0.62944257926801550     
   2.8708708708708710      -0.86160185267359024      -0.63188307160047208     
   2.8748748748748749      -0.86365694923848535      -0.63431731501052735     
   2.8788788788788788      -0.86569459590638265      -0.63674528542506048     
   2.8828828828828827      -0.86771484440505320      -0.63916695883298458     
   2.8868868868868871      -0.86971774683514935      -0.64158231128548815     
   2.8908908908908910      -0.87170335565650936      -0.64399131889626826     
   2.8948948948948949      -0.87367172368394475      -0.64639395784176901     
   2.8988988988988988      -0.87562290407367604      -0.64879020436141721     
   2.9029029029029028      -0.87755695031967140      -0.65118003475785557     
   2.9069069069069071      -0.87947391624020199      -0.65356342539717915     
   2.9109109109109110      -0.88137385597474605      -0.65594035270916740     
   2.9149149149149149      -0.88325682397064820      -0.65831079318751873     
   2.9189189189189189      -0.88512287498060216      -0.66067472339008115     
   2.9229229229229228      -0.88697206404939921      -0.66303211993908662     
   2.9269269269269271      -0.88880444651200596      -0.66538295952137938     
   2.9309309309309310      -0.89062007798038101      -0.66772721888864839     
   2.9349349349349350      -0.89241901434216786      -0.67006487485765742     
   2.9389389389389389      -0.89420131174755535      -0.67239590431047236     
   2.9429429429429428      -0.89596702660860439      -0.67472028419469232     
   2.9469469469469471      -0.89771621558613968      -0.67703799152367616     
   2.9509509509509511      -0.89944893558971861      -0.67934900337676973     
   2.9549549549549550      -0.90116524376453044      -0.68165329689953269     
   2.9589589589589589      -0.90286519749203775      -0.68395084930396566     
   2.9629629629629628      -0.90454885437684696      -0.68624163786873338     
   2.9669669669669672      -0.90621627224805279      -0.68852563993939209     
   2.9709709709709711      -0.90786750914604908      -0.69080283292861111     
   2.9749749749749750      -0.90950262332459730      -0.69307319431639702     
   2.9789789789789789      -0.91112167323755289      -0.69533670165031769     
   2.9829829829829828      -0.91272471754168605      -0.69759333254572287     
   2.9869869869869872      -0.91431181508328174      -0.69984306468596547     
   2.9909909909909911      -0.91588302490175033      -0.70208587582262250     
   2.9949949949949950      -0.91743840621606176      -0.70432174377571644     
   2.9989989989989989      -0.91897801842917959      -0.70655064643393228     
   3.0030030030030028      -0.92050192111428653      -0.70877256175483805     
   3.0070070070070072      -0.92201017402008345      -0.71098746776510247     
   3.0110110110110111      -0.92350283705675895      -0.71319534256071015     
   3.0150150150150150      -0.92497997030219559      -0.71539616430718178     
   3.0190190190190189      -0.92644163398763091      -0.71758991123978788     
   3.0230230230230228      -0.92788788850482118      -0.71977656166376336     
   3.0270270270270272      -0.92931879439133525      -0.72195609395452442     
   3.0310310310310311      -0.93073441233873022      -0.72412848655788031     
   3.0350350350350350      -0.93213480317742081      -0.72629371799024711     
   3.0390390390390389      -0.93352002788591470      -0.72845176683886070     
   3.0430430430430429      -0.93489014757520184      -0.73060261176198871     
   3.0470470470470472      -0.93624522349910222      -0.73274623148913987     
   3.0510510510510511      -0.93758531703811188      -0.73488260482127588     
   3.0550550550550550      -0.93891048971092317      -0.73701171063102133     
   3.0590590590590589      -0.94022080315766432      -0.73913352786287101     
   3.0630630630630629      -0.94151631915264367      -0.74124803553339991     
   3.0670670670670672      -0.94279709958692737      -0.74335521273147032     
   3.0710710710710711      -0.94406320648235953      -0.74545503861843621     
   3.0750750750750750      -0.94531470197341072      -0.74754749242835339     
   3.0790790790790790      -0.94655164832253924      -0.74963255346818258     
   3.0830830830830829      -0.94777410790124839      -0.75171020111799314     
   3.0870870870870872      -0.94898214320683316      -0.75378041483116953     
   3.0910910910910911      -0.95017581684259911      -0.75584317413461222     
   3.0950950950950951      -0.95135519153603676      -0.75789845862894101     
   3.0990990990990990      -0.95252033011815129      -0.75994624798869759     
   3.1031031031031029      -0.95367129554310481      -0.76198652196254535     
   3.1071071071071072      -0.95480815086662685      -0.76401926037346968     
   3.1111111111111112      -0.95593095926712934      -0.76604444311897801     
   3.1151151151151151      -0.95703978402319390      -0.76806205017129969     
   3.1191191191191190      -0.95813468853615458      -0.77007206157758090     
   3.1231231231231229      -0.95921573630667745      -0.77207445746008596     
   3.1271271271271273      -0.96028299095876490      -0.77406921801639050     
   3.1311311311311312      -0.96133651621548122      -0.77605632351957909     
   3.1351351351351351      -0.96237637592431124      -0.77803575431843974     
   3.1391391391391390      -0.96340263403210880      -0.78000749083765863     
   3.1431431431431434      -0.96441535461170269      -0.78197151357801342     
   3.1471471471471473      -0.96541460183619066      -0.78392780311656574     
   3.1511511511511512      -0.96640044000664360      -0.78587634010685492     
   3.1551551551551551      -0.96737293352591636      -0.78781710527908644     
   3.1591591591591590      -0.96833214692724012      -0.78975007944032583     
   3.1631631631631634      -0.96927814484777575      -0.79167524347468532     
   3.1671671671671673      -0.97021099205784922      -0.79359257834351493     
   3.1711711711711712      -0.97113075343450816      -0.79550206508559018     
   3.1751751751751751      -0.97203749399110306      -0.79740368481729929     
   3.1791791791791790      -0.97293127885116348      -0.79929741873283011     
   3.1831831831831834      -0.97381217327798275      -0.80118324810435748     
   3.1871871871871873      -0.97468024264917064      -0.80306115428222580     
   3.1911911911911912      -0.97553555248585777      -0.80493111869513456     
   3.1951951951951951      -0.97637816842831593      -0.80679312285032412     
   3.1991991991991990      -0.97720815626438051      -0.80864714833375495     
   3.2032032032032034      -0.97802558190653466      -0.81049317681029209     
   3.2072072072072073      -0.97883051141914856      -0.81233119002388610     
   3.2112112112112112      -0.97962301099741234      -0.81416116979775310     
   3.2152152152152151      -0.98040314699301911      -0.81598309803455449     
   3.2192192192192191      -0.98117098589528129      -0.81779695671657726     
   3.2232232232232234      -0.98192659435496588      -0.81960272790591171     
   3.2272272272272273      -0.98267003916782092      -0.82140039374462503     
   3.2312312312312312      -0.98340138729639448      -0.82318993645494509     
   3.2352352352352352      -0.98412070585605094      -0.82497133833943015     
   3.2392392392392391      -0.98482806213478402      -0.82674458178114651     
   3.2432432432432434      -0.98552352358159068      -0.82850964924384241     
   3.2472472472472473      -0.98620715782454327      -0.83026652327212114     
   3.2512512512512513      -0.98687903266108568      -0.83201518649161355     
   3.2552552552552552      -0.98753921607497241      -0.83375562160915107     
   3.2592592592592591      -0.98818777622767884      -0.83548781141293604     
   3.2632632632632634      -0.98882478147520958      -0.83721173877271049     
   3.2672672672672673      -0.98945030035938697      -0.83892738663992716     
   3.2712712712712713      -0.99006440162601661      -0.84063473804791811     
   3.2752752752752752      -0.99066715421427709      -0.84233377611206173     
   3.2792792792792791      -0.99125862727829028      -0.84402448402995045     
   3.2832832832832834      -0.99183889017227622      -0.84570684508155636     
   3.2872872872872874      -0.99240801247814492      -0.84738084262939606     
   3.2912912912912913      -0.99296606398348863      -0.84904646011869733     
   3.2952952952952952      -0.99351311471841530      -0.85070368107756111     
   3.2992992992992991      -0.99404923492286268      -0.85235248911712369     
   3.3033033033033035      -0.99457449509643370      -0.85399286793172058     
   3.3073073073073074      -0.99508896595103913      -0.85562480129904661     
   3.3113113113113113      -0.99559271847790209      -0.85724827308031681     
   3.3153153153153152      -0.99608582388121247      -0.85886326722042616     
   3.3193193193193191      -0.99656835366667962      -0.86046976774810746     
   3.3233233233233235      -0.99704037955181757      -0.86206775877609132     
   3.3273273273273274      -0.99750197358030368      -0.86365722450126015     
   3.3313313313313313      -0.99795320800484832      -0.86523814920480790     
   3.3353353353353352      -0.99839415543102905      -0.86681051725239255     
   3.3393393393393391      -0.99882488866957719      -0.86837431309429247     
   3.3433433433433435      -0.99924548091217069      -0.86992952126555956     
   3.3473473473473474      -0.99965600555148382      -0.87147612638617244     
   3.3513513513513513       -1.0000565363895100      -0.87301411316118827     
   3.3553553553553552       -1.0004471474260934      -0.87454346638089397     
   3.3593593593593591       -1.0008279130975135      -0.87606417092095756     
   3.3633633633633635       -1.0011989080375250      -0.87757621174257716     
   3.3673673673673674       -1.0015602073401060      -0.87907957389262847     
   3.3713713713713713       -1.0019118863014123      -0.88057424250381433     
   3.3753753753753752       -1.0022540206956754      -0.88206020279481123     
   3.3793793793793796       -1.0025866865119162      -0.88353744007041513     
   3.3833833833833835       -1.0029099602260190      -0.88500593972168740     
   3.3873873873873874       -1.0032239185524932      -0.88646568722609875     
   3.3913913913913913       -1.0035286386888744      -0.88791666814767278     
   3.3953953953953953       -1.0038241981100609      -0.88935886813712972     
   3.3993993993993996       -1.0041106747536857      -0.89079227293202790     
   3.4034034034034035       -1.0043881468921887      -0.89221686835690339     
   3.4074074074074074       -1.0046566932201919      -0.89363264032341194     
   3.4114114114114114       -1.0049163928468861      -0.89503957483046781     
   3.4154154154154153       -1.0051673252394258      -0.89643765796438168     
   3.4194194194194196       -1.0054095703845503      -0.89782687589899912     
   3.4234234234234235       -1.0056432085366500      -0.89920721489583688     
   3.4274274274274275       -1.0058683206016008      -0.90057866130421815     
   3.4314314314314314       -1.0060849876357469      -0.90194120156140900     
   3.4354354354354353       -1.0062932915052747      -0.90329482219275192     
   3.4394394394394396       -1.0064933140845145      -0.90463950981179775     
   3.4434434434434436       -1.0066851382390440      -0.90597525112043964     
   3.4474474474474475       -1.0068688466803055      -0.90730203290904421     
   3.4514514514514514       -1.0070445233080534      -0.90861984205658186     
   3.4554554554554553       -1.0072122516953519      -0.90992866553075646     
   3.4594594594594597       -1.0073721168039476      -0.91122849038813580     
   3.4634634634634636       -1.0075242031011582      -0.91251930377427593     
   3.4674674674674675       -1.0076685966284107      -0.91380109292385281     
   3.4714714714714714       -1.0078053827911819      -0.91507384516078560     
   3.4754754754754753       -1.0079346487146839      -0.91633754789836286     
   3.4794794794794797       -1.0080564808010437      -0.91759218863936631     
   3.4834834834834836       -1.0081709672462909      -0.91883775497619591     
   3.4874874874874875       -1.0082781955254376      -0.92007423459099136     
   3.4914914914914914       -1.0083782548721230      -0.92130161525575383     
   3.4954954954954953       -1.0084712339308111      -0.92251988483246850     
   3.4994994994994997       -1.0085572229170034      -0.92372903127322248     
   3.5035035035035036       -1.0086363117628758      -0.92492904262032472     
   3.5075075075075075       -1.0087085915867577      -0.92611990700642566     
   3.5115115115115114       -1.0087741537479014      -0.92730161265463207     
   3.5155155155155153       -1.0088330901667706      -0.92847414787862559     
   3.5195195195195197       -1.0088854937866962      -0.92963750108277710     
   3.5235235235235236       -1.0089314572129011      -0.93079166076226205     
   3.5275275275275275       -1.0089710751401175      -0.93193661550317375     
   3.5315315315315314       -1.0090044407335632      -0.93307235398263721     
   3.5355355355355353       -1.0090316506048855      -0.93419886496891946     
   3.5395395395395397       -1.0090527983616677      -0.93531613732154262     
   3.5435435435435436       -1.0090679826784068      -0.93642415999139206     
   3.5475475475475475       -1.0090772975149958      -0.93752292202082732     
   3.5515515515515514       -1.0090808437112666      -0.93861241254378924     
   3.5555555555555554       -1.0090787155434995      -0.93969262078590843     
   3.5595595595595597       -1.0090710156103926      -0.94076353606461116     
   3.5635635635635636       -1.0090578386040649      -0.94182514778922477     
   3.5675675675675675       -1.0090392897095268      -0.94287744546108421     
   3.5715715715715715       -1.0090154641218267      -0.94392041867363274     
   3.5755755755755754       -1.0089864688557819      -0.94495405711252811     
   3.5795795795795797       -1.0089524001316696      -0.94597835055574231     
   3.5835835835835836       -1.0089133662111378      -0.94699328887366330     
   3.5875875875875876       -1.0088694649810610      -0.94799886202919548     
   3.5915915915915915       -1.0088208053564243      -0.94899506007785894     
   3.5955955955955954       -1.0087674874663022      -0.94998187316788696     
   3.5995995995995997       -1.0087096202535766      -0.95095929154032532     
   3.6036036036036037       -1.0086473068147936      -0.95192730552912663     
   3.6076076076076076       -1.0085806552742564      -0.95288590556124664     
   3.6116116116116115       -1.0085097727284420      -0.95383508215674029     
   3.6156156156156154       -1.0084347652517986      -0.95477482592885354     
   3.6196196196196198       -1.0083557452981058      -0.95570512758411708     
   3.6236236236236237       -1.0082728154479548      -0.95662597792243798     
   3.6276276276276276       -1.0081860949029697      -0.95753736783719101     
   3.6316316316316315       -1.0080956815122717      -0.95843928831530878     
   3.6356356356356359       -1.0080017021794143      -0.95933173043737030     
   3.6396396396396398       -1.0079042493381500      -0.96021468537768961     
   3.6436436436436437       -1.0078034579031507      -0.96108814440440271     
   3.6476476476476476       -1.0076994148497742      -0.96195209887955480     
   3.6516516516516515       -1.0075922628606198      -0.96280654025918444     
   3.6556556556556559       -1.0074820839352041      -0.96365146009340885     
   3.6596596596596598       -1.0073690275298599      -0.96448685002650714     
   3.6636636636636637       -1.0072531722074922      -0.96531270179700357     
   3.6676676676676676       -1.0071346718236194      -0.96612900723774797     
   3.6716716716716715       -1.0070136047502793      -0.96693575827599820     
   3.6756756756756759       -1.0068901249102884      -0.96773294693349898     
   3.6796796796796798       -1.0067643155916590      -0.96852056532655983     
   3.6836836836836837       -1.0066363249099584      -0.96929860566613557     
   3.6876876876876876       -1.0065062474584929      -0.97006706025790090     
   3.6916916916916915       -1.0063742183471165      -0.97082592150232783     
   3.6956956956956959       -1.0062403513248115      -0.97157518189476044     
   3.6996996996996998       -1.0061047598079405      -0.97231483402548924     
   3.7037037037037037       -1.0059675857445098      -0.97304487057982392     
   3.7077077077077076       -1.0058289115567676      -0.97376528433816678     
   3.7117117117117115       -1.0056889162016225      -0.97447606817608323     
   3.7157157157157159       -1.0055476429034980      -0.97517721506437227     
   3.7197197197197198       -1.0054053145478885      -0.97586871806913611     
   3.7237237237237237       -1.0052619295427694      -0.97655057035184933     
   3.7277277277277276       -1.0051177580971535      -0.97722276516942586     
   3.7317317317317316       -1.0049727530503314      -0.97788529587428519     
   3.7357357357357359       -1.0048272287338242      -0.97853815591441973     
   3.7397397397397398       -1.0046810999058187      -0.97918133883345804     
   3.7437437437437437       -1.0045347122167434      -0.97981483827072935     
   3.7477477477477477       -1.0043879605986246      -0.98043864796132674     
   3.7517517517517516       -1.0042411969577589      -0.98105276173616807     
   3.7557557557557559       -1.0040943287022577      -0.98165717352205806     
   3.7597597597597598       -1.0039476733237165      -0.98225187734174813     
   3.7637637637637638       -1.0038011992497469      -0.98283686731399489     
   3.7677677677677677       -1.0036551326341054      -0.98341213765361879     
   3.7717717717717716       -1.0035095675141052      -0.98397768267156138     
   3.7757757757757759       -1.0033645662635406      -0.98453349677494195     
   3.7797797797797799       -1.0032204268541658      -0.98507957446711136     
   3.7837837837837838       -1.0030769650162794      -0.98561591034770824     
   3.7877877877877877       -1.0029347668189790      -0.98614249911271146     
   3.7917917917917916       -1.0027933182824962      -0.98665933555449192     
   3.7957957957957960       -1.0026535703852690      -0.98716641456186571     
   3.7997997997997999       -1.0025146135819205      -0.98766373112014327     
   3.8038038038038038       -1.0023778114383042      -0.98815128031117960     
   3.8078078078078077       -1.0022418358554959      -0.98862905731342254     
   3.8118118118118116       -1.0021084515541290      -0.98909705740196108     
   3.8158158158158160       -1.0019759665900025      -0.98955527594857173     
   3.8198198198198199       -1.0018464373627736      -0.99000370842176366     
   3.8238238238238238       -1.0017179826347609      -0.99044235038682449     
   3.8278278278278277       -1.0015926979078578      -0.99087119750586350     
   3.8318318318318316       -1.0014688537070293      -0.99129024553785516     
   3.8358358358358360       -1.0013481431828182      -0.99169949033868066     
   3.8398398398398399       -1.0012295384760597      -0.99209892786116838     
   3.8438438438438438       -1.0011136645526180      -0.99248855415513493     
   3.8478478478478477       -1.0010009781298721      -0.99286836536742351     
   3.8518518518518516       -1.0008901376159407      -0.99323835774194280     
   3.8558558558558560       -1.0007840861236477      -0.99359852761970280     
   3.8598598598598599       -1.0006784290863504      -0.99394887143885202     
   3.8638638638638638       -1.0005797334153090      -0.99428938573471282     
   3.8678678678678677       -1.0004794084357234      -0.99462006713981466     
   3.8718718718718717       -1.0003887280927322      -0.99494091238392857     
   3.8758758758758760       -1.0002939648781226      -0.99525191829409909     
   3.8798798798798799       -1.0002117894094069      -0.99555308179467450     
   3.8838838838838838       -1.0001230291517713      -0.99584439990733942     
   3.8878878878878878       -1.0000495177522462      -0.99612586975114281     
   3.8918918918918921      -0.99996759699715121      -0.99639748854252641     
   3.8958958958958960      -0.99990236528977960      -0.99665925359535279     
   3.8998998998998999      -0.99982874757888451      -0.99691116232093191     
   3.9039039039039038      -0.99977061693309066      -0.99715321222804643     
   3.9079079079079078      -0.99970764377637800      -0.99738540092297623     
   3.9119119119119121      -0.99965439870570527      -0.99760772610952264     
   3.9159159159159160      -0.99960549237034113      -0.99782018558903074     
   3.9199199199199199      -0.99955374088845961      -0.99802277726041111     
   3.9239239239239239      -0.99952343068713079      -0.99821549912016083     
   3.9279279279279278      -0.99946873560874083      -0.99839834926238302     
   3.9319319319319321      -0.99946229361522010      -0.99857132587880604     
   3.9359359359359360      -0.99939984033777740      -0.99873442725880057     
   3.9399399399399400      -0.99942220573017959      -0.99888765178939798     
   3.9439439439439439      -0.99934838278878790      -0.99903099795530448     
   3.9479479479479478      -0.99940194786904191      -0.99916446433891781     
   3.9519519519519521      -0.99931730411664965      -0.99928804962034024     
   3.9559559559559561      -0.99939808743927505      -0.99940175257739150     
   3.9599599599599600      -0.99931210619317090      -0.99950557208562174     
   3.9639639639639639      -0.99940398393992524      -0.99959950711832180     
   3.9679679679679678      -0.99934177834995686      -0.99968355674653397     
   3.9719719719719722      -0.99940911190129622      -0.99975772013906072     
   3.9759759759759761      -0.99941899310482696      -0.99982199656247328     
   3.9799799799799800      -0.99939966433437832      -0.99987638538111856     
   3.9839839839839839      -0.99955819897746068      -0.99992088605712559     
   3.9879879879879878      -0.99936224653994987      -0.99995549815041107     
   3.9919919919919922      -0.99976923942524265      -0.99998022131868336     
   3.9959959959959961      -0.99929840956409066      -0.99999505531744570     
   4.0000000000000000       -1.0000000000000000       -1.0000000000000000     
