   0.0000000000000000        1.0000000000000000       0.99999999999999989     
   4.0040040040040040E-003  0.99997849806436012       0.99999505531744592     
   8.0080080080080079E-003   1.0000004370848035       0.99998022131868325     
   1.2012012012012012E-002  0.99997470526919741       0.99995549815041107     
   1.6016016016016016E-002  0.99993232499224138       0.99992088605712559     
   2.0020020020020020E-002  0.99993860881582386       0.99987638538111856     
   2.4024024024024024E-002  0.99987562241315919       0.99982199656247328     
   2.8028028028028028E-002  0.99989114133369039       0.99975772013906072     
   3.2032032032032032E-002  0.99982811468323496       0.99968355674653397     
   3.6036036036036036E-002  0.99983886929940990       0.99959950711832180     
   4.0040040040040040E-002  0.99978558408682450       0.99950557208562174     
   4.4044044044044044E-002  0.99978642839369869       0.99940175257739161     
   4.8048048048048048E-002  0.99974573517486509       0.99928804962034012     
   5.2052052052052052E-002  0.99973664499965387       0.99916446433891792     
   5.6056056056056056E-002  0.99970759558602118       0.99903099795530459     
   6.0060060060060060E-002  0.99969120607095130       0.99888765178939798     
   6.4064064064064064E-002  0.99967106999071853       0.99873442725880068     
   6.8068068068068074E-002  0.99965097193715069       0.99857132587880615     
   7.2072072072072071E-002  0.99963668259542382       0.99839834926238324     
   7.6076076076076082E-002  0.99961622378019910       0.99821549912016094     
   8.0080080080080079E-002  0.99960530745882914       0.99802277726041122     
   8.4084084084084090E-002  0.99958693529568221       0.99782018558903074     
   8.8088088088088087E-002  0.99957789978164213       0.99760772610952264     
   9.2092092092092098E-002  0.99956300833034328       0.99738540092297623     
   9.6096096096096095E-002  0.99955530052056707       0.99715321222804643     
  0.10010010010010011       0.99954441521095372       0.99691116232093191     
  0.10410410410410410       0.99953814467271629       0.99665925359535279     
  0.10810810810810811       0.99953124276931393       0.99639748854252641     
  0.11211211211211211       0.99952685541613773       0.99612586975114281     
  0.11611611611611612       0.99952366961199768       0.99584439990733964     
  0.12012012012012012       0.99952168549157849       0.99555308179467450     
  0.12412412412412413       0.99952191515690891       0.99525191829409887     
  0.12812812812812813       0.99952277100664699       0.99494091238392868     
  0.13213213213213212       0.99952618923915659       0.99462006713981466     
  0.13613613613613615       0.99953017630223151       0.99428938573471282     
  0.14014014014014015       0.99953665703611838       0.99394887143885213     
  0.14414414414414414       0.99954392264301972       0.99359852761970280     
  0.14814814814814814       0.99955342104076139       0.99323835774194291     
  0.15215215215215216       0.99956400065092033       0.99286836536742373     
  0.15615615615615616       0.99957651675796011       0.99248855415513493     
  0.16016016016016016       0.99959037250398874       0.99209892786116838     
  0.16416416416416416       0.99960591655699260       0.99169949033868066     
  0.16816816816816818       0.99962296919702820       0.99129024553785539     
  0.17217217217217218       0.99964153678354128       0.99087119750586361     
  0.17617617617617617       0.99966168647085163       0.99044235038682449     
  0.18018018018018017       0.99968324513291262       0.99000370842176388     
  0.18418418418418420       0.99970638184120519       0.98955527594857196     
  0.18818818818818819       0.99973086673091727       0.98909705740196130     
  0.19219219219219219       0.99975687337483421       0.98862905731342254     
  0.19619619619619619       0.99978418866268715       0.98815128031117949     
  0.20020020020020021       0.99981294017964650       0.98766373112014327     
  0.20420420420420421       0.99984296330305911       0.98716641456186571     
  0.20820820820820821       0.99987432431889856       0.98665933555449203     
  0.21221221221221220       0.99990691070841164       0.98614249911271146     
  0.21621621621621623       0.99994073328610145       0.98561591034770846     
  0.22022022022022023       0.99997572057493922       0.98507957446711159     
  0.22422422422422422        1.0000118429772609       0.98453349677494206     
  0.22822822822822822        1.0000490543499887       0.98397768267156138     
  0.23223223223223224        1.0000873007869777       0.98341213765361868     
  0.23623623623623624        1.0001265471756438       0.98283686731399489     
  0.24024024024024024        1.0001667284033360       0.98225187734174813     
  0.24424424424424424        1.0002078102379486       0.98165717352205828     
  0.24824824824824826        1.0002497248284177       0.98105276173616818     
  0.25225225225225223        1.0002924331152847       0.98043864796132674     
  0.25625625625625625        1.0003358689348580       0.97981483827072957     
  0.26026026026026028        1.0003799863326293       0.97918133883345804     
  0.26426426426426425        1.0004247222293217       0.97853815591441973     
  0.26826826826826827        1.0004700239917887       0.97788529587428519     
  0.27227227227227230        1.0005158312747011       0.97722276516942586     
  0.27627627627627627        1.0005620863432196       0.97655057035184956     
  0.28028028028028029        1.0006087304012354       0.97586871806913633     
  0.28428428428428426        1.0006557023952782       0.97517721506437238     
  0.28828828828828829        1.0007029440184430       0.97447606817608334     
  0.29229229229229231        1.0007503925270225       0.97376528433816700     
  0.29629629629629628        1.0007979892027927       0.97304487057982403     
  0.30030030030030030        1.0008456708867264       0.97231483402548924     
  0.30430430430430433        1.0008933780921354       0.97157518189476044     
  0.30830830830830830        1.0009410479340233       0.97082592150232794     
  0.31231231231231232        1.0009886201908167       0.97006706025790113     
  0.31631631631631629        1.0010360327569716       0.96929860566613568     
  0.32032032032032032        1.0010832248283696       0.96852056532656006     
  0.32432432432432434        1.0011301353076594       0.96773294693349898     
  0.32832832832832831        1.0011767032958006       0.96693575827599854     
  0.33233233233233234        1.0012228687037958       0.96612900723774819     
  0.33633633633633636        1.0012685710324036       0.96531270179700357     
  0.34034034034034033        1.0013137513094630       0.96448685002650714     
  0.34434434434434436        1.0013583497893650       0.96365146009340885     
  0.34834834834834832        1.0014023087203883       0.96280654025918455     
  0.35235235235235235        1.0014455695655933       0.96195209887955491     
  0.35635635635635637        1.0014880758045372       0.96108814440440293     
  0.36036036036036034        1.0015297704815542       0.96021468537768961     
  0.36436436436436437        1.0015705985046341       0.95933173043737041     
  0.36836836836836839        1.0016105046703014       0.95843928831530878     
  0.37237237237237236        1.0016494355668628       0.95753736783719101     
  0.37637637637637639        1.0016873379320970       0.95662597792243798     
  0.38038038038038036        1.0017241602240174       0.95570512758411708     
  0.38438438438438438        1.0017598513415777       0.95477482592885377     
  0.38838838838838841        1.0017943617471843       0.95383508215674051     
  0.39239239239239238        1.0018276426888248       0.95288590556124697     
  0.39639639639639640        1.0018596468727481       0.95192730552912663     
  0.40040040040040042        1.0018903279554074       0.95095929154032544     
  0.40440440440440439        1.0019196411188394       0.94998187316788707     
  0.40840840840840842        1.0019475425257325       0.94899506007785894     
  0.41241241241241239        1.0019739899994122       0.94799886202919548     
  0.41641641641641641        1.0019989423691298       0.94699328887366341     
  0.42042042042042044        1.0020223602002614       0.94597835055574242     
  0.42442442442442441        1.0020442050992373       0.94495405711252856     
  0.42842842842842843        1.0020644404951520       0.94392041867363297     
  0.43243243243243246        1.0020830308883932       0.94287744546108421     
  0.43643643643643643        1.0020999427012462       0.94182514778922499     
  0.44044044044044045        1.0021151433635034       0.94076353606461094     
  0.44444444444444442        1.0021286024147178       0.93969262078590843     
  0.44844844844844844        1.0021402902918666       0.93861241254378935     
  0.45245245245245247        1.0021501797089971       0.93752292202082743     
  0.45645645645645644        1.0021582441961021       0.93642415999139239     
  0.46046046046046046        1.0021644596981119       0.93531613732154295     
  0.46446446446446449        1.0021688029008939       0.93419886496891991     
  0.46846846846846846        1.0021712530096312       0.93307235398263733     
  0.47247247247247248        1.0021717899127291       0.93193661550317397     
  0.47647647647647645        1.0021703961821686       0.93079166076226205     
  0.48048048048048048        1.0021670549478696       0.92963750108277710     
  0.48448448448448450        1.0021617520428974       0.92847414787862570     
  0.48848848848848847        1.0021544738256383       0.92730161265463229     
  0.49249249249249250        1.0021452094885097       0.92611990700642588     
  0.49649649649649652        1.0021339486181635       0.92492904262032505     
  0.50050050050050054        1.0021206837635970       0.92372903127322259     
  0.50450450450450446        1.0021054077387983       0.92251988483246872     
  0.50850850850850848        1.0020881164373405       0.92130161525575405     
  0.51251251251251251        1.0020688058704459       0.92007423459099136     
  0.51651651651651653        1.0020474752719890       0.91883775497619602     
  0.52052052052052056        1.0020241238288141       0.91759218863936653     
  0.52452452452452447        1.0019987540653899       0.91633754789836308     
  0.52852852852852850        1.0019713683076148       0.91507384516078605     
  0.53253253253253252        1.0019419723416338       0.91380109292385314     
  0.53653653653653655        1.0019105715709853       0.91251930377427604     
  0.54054054054054057        1.0018771750043964       0.91122849038813569     
  0.54454454454454460        1.0018417910609989       0.90992866553075669     
  0.54854854854854851        1.0018044319151360       0.90861984205658186     
  0.55255255255255253        1.0017651089308526       0.90730203290904443     
  0.55655655655655656        1.0017238373791526       0.90597525112043986     
  0.56056056056056058        1.0016806315041964       0.90463950981179786     
  0.56456456456456461        1.0016355096048275       0.90329482219275237     
  0.56856856856856852        1.0015884887089961       0.90194120156140967     
  0.57257257257257255        1.0015395900702060       0.90057866130421826     
  0.57657657657657657        1.0014888334109187       0.89920721489583666     
  0.58058058058058060        1.0014362428498529       0.89782687589899912     
  0.58458458458458462        1.0013818407116242       0.89643765796438168     
  0.58858858858858853        1.0013256538851947       0.89503957483046792     
  0.59259259259259256        1.0012677071969027       0.89363264032341216     
  0.59659659659659658        1.0012080302122155       0.89221686835690384     
  0.60060060060060061        1.0011466501471260       0.89079227293202834     
  0.60460460460460463        1.0010835991362617       0.88935886813713039     
  0.60860860860860866        1.0010189066805841       0.88791666814767300     
  0.61261261261261257        1.0009526073767903       0.88646568722609853     
  0.61661661661661660        1.0008847328954031       0.88500593972168740     
  0.62062062062062062        1.0008153201816745       0.88353744007041513     
  0.62462462462462465        1.0007444029601706       0.88206020279481145     
  0.62862862862862867        1.0006720204061619       0.88057424250381455     
  0.63263263263263259        1.0005982081815450       0.87907957389262892     
  0.63663663663663661        1.0005230075736233       0.87757621174257761     
  0.64064064064064064        1.0004464560582740       0.87606417092095823     
  0.64464464464464466        1.0003685969026235       0.87454346638089420     
  0.64864864864864868        1.0002894692860622       0.87301411316118804     
  0.65265265265265260        1.0002091183268333       0.87147612638617244     
  0.65665665665665662        1.0001275847883078       0.86992952126555978     
  0.66066066066066065        1.0000449155066045       0.86837431309429269     
  0.66466466466466467       0.99996115271293862       0.86681051725239278     
  0.66866866866866870       0.99987634482502608       0.86523814920480835     
  0.67267267267267272       0.99979053543454777       0.86365722450126059     
  0.67667667667667664       0.99970377439019087       0.86206775877609154     
  0.68068068068068066       0.99961610653080790       0.86046976774810768     
  0.68468468468468469       0.99952758300315081       0.85886326722042616     
  0.68868868868868871       0.99943824978678786       0.85724827308031681     
  0.69269269269269274       0.99934815917575093       0.85562480129904683     
  0.69669669669669665       0.99925735819209827       0.85399286793172080     
  0.70070070070070067       0.99916590012523432       0.85235248911712413     
  0.70470470470470470       0.99907383295306829       0.85070368107756156     
  0.70870870870870872       0.99898121079267421       0.84904646011869800     
  0.71271271271271275       0.99888808248980221       0.84738084262939628     
  0.71671671671671666       0.99879450284069826       0.84570684508155602     
  0.72072072072072069       0.99870052147984723       0.84402448402995045     
  0.72472472472472471       0.99860619371468418       0.84233377611206173     
  0.72872872872872874       0.99851156990205059       0.84063473804791822     
  0.73273273273273276       0.99841670569514729       0.83892738663992727     
  0.73673673673673679       0.99832165211055324       0.83721173877271082     
  0.74074074074074070       0.99822646496487133       0.83548781141293649     
  0.74474474474474472       0.99813119589535870       0.83375562160915173     
  0.74874874874874875       0.99803590070413895       0.83201518649161366     
  0.75275275275275277       0.99794063161355329       0.83026652327212069     
  0.75675675675675680       0.99784544421537757       0.82850964924384218     
  0.76076076076076071       0.99775039131339505       0.82674458178114663     
  0.76476476476476474       0.99765552809015334       0.82497133833943037     
  0.76876876876876876       0.99756090790741558       0.82318993645494531     
  0.77277277277277279       0.99746658534812360       0.82140039374462548     
  0.77677677677677681       0.99737261434606783       0.81960272790591149     
  0.78078078078078073       0.99727904866621309       0.81779695671657793     
  0.78478478478478475       0.99718594284725670       0.81598309803455460     
  0.78878878878878878       0.99709334961250495       0.81416116979775299     
  0.79279279279279280       0.99700132415141740       0.81233119002388599     
  0.79679679679679682       0.99690991790222871       0.81049317681029232     
  0.80080080080080085       0.99681918677020243       0.80864714833375506     
  0.80480480480480476       0.99672918068144423       0.80679312285032445     
  0.80880880880880879       0.99663995632899272       0.80493111869513490     
  0.81281281281281281       0.99655156187329685       0.80306115428222591     
  0.81681681681681684       0.99646405491296375       0.80118324810435759     
  0.82082082082082086       0.99637748155041583       0.79929741873283022     
  0.82482482482482478       0.99629190041563409       0.79740368481729917     
  0.82882882882882880       0.99620735528190707       0.79550206508558996     
  0.83283283283283283       0.99612390595602662       0.79359257834351515     
  0.83683683683683685       0.99604159357351307       0.79167524347468543     
  0.84084084084084088       0.99596047930601495       0.78975007944032627     
  0.84484484484484490       0.99588060133829848       0.78781710527908688     
  0.84884884884884881       0.99580202238027449       0.78587634010685514     
  0.85285285285285284       0.99572477734685239       0.78392780311656585     
  0.85685685685685686       0.99564893069699134       0.78197151357801298     
  0.86086086086086089       0.99557451373789030       0.78000749083765841     
  0.86486486486486491       0.99550159290248441       0.77803575431843952     
  0.86886886886886883       0.99543019554633916       0.77605632351957921     
  0.87287287287287285       0.99536039033467882       0.77406921801639061     
  0.87687687687687688       0.99529220027883769       0.77207445746008641     
  0.88088088088088090       0.99522569656785975       0.77007206157758135     
  0.88488488488488493       0.99516089746373437       0.76806205017129980     
  0.88888888888888884       0.99509787699153174       0.76604444311897812     
  0.89289289289289286       0.99503664823496762       0.76401926037346957     
  0.89689689689689689       0.99497728840441502       0.76198652196254524     
  0.90090090090090091       0.99491980499667476       0.75994624798869781     
  0.90490490490490494       0.99486427868028005       0.75789845862894112     
  0.90890890890890896       0.99481071097383034       0.75584317413461199     
  0.91291291291291288       0.99475918631601712       0.75378041483116964     
  0.91691691691691690       0.99470969984826452       0.75171020111799358     
  0.92092092092092093       0.99466234012395249       0.74963255346818269     
  0.92492492492492495       0.99461709542821120       0.74754749242835361     
  0.92892892892892898       0.99457405882763839       0.74545503861843632     
  0.93293293293293289       0.99453321124876359       0.74335521273147021     
  0.93693693693693691       0.99449465067869003       0.74124803553340046     
  0.94094094094094094       0.99445835021876761       0.73913352786287123     
  0.94494494494494496       0.99442441309687934       0.73701171063102144     
  0.94894894894894899       0.99439280420097731       0.73488260482127599     
  0.95295295295295290       0.99436363226026625       0.73274623148913998     
  0.95695695695695693       0.99433685359355861       0.73060261176198882     
  0.96096096096096095       0.99431258273833401       0.72845176683886093     
  0.96496496496496498       0.99429076696003182       0.72629371799024722     
  0.96896896896896900       0.99427152697246679       0.72412848655788020     
  0.97297297297297303       0.99425480053734161       0.72195609395452465     
  0.97697697697697694       0.99424071483200671       0.71977656166376347     
  0.98098098098098097       0.99422919777806251       0.71758991123978799     
  0.98498498498498499       0.99422038311389938       0.71539616430718200     
  0.98898898898898902       0.99421418872864198       0.71319534256071038     
  0.99299299299299304       0.99421075502127731       0.71098746776510235     
  0.99699699699699695       0.99420998952816397       0.70877256175483849     
   1.0010010010010011       0.99421203935484770       0.70655064643393239     
   1.0050050050050050       0.99421680138760160       0.70432174377571666     
   1.0090090090090089       0.99422442971155467       0.70208587582262261     
   1.0130130130130131       0.99423481047776963       0.69984306468596524     
   1.0170170170170170       0.99424810439694100       0.69759333254572309     
   1.0210210210210211       0.99426418697556596       0.69533670165031780     
   1.0250250250250250       0.99428322530319990       0.69307319431639725     
   1.0290290290290289       0.99430508416829444       0.69080283292861089     
   1.0330330330330331       0.99432993685159488       0.68852563993939231     
   1.0370370370370370       0.99435763755792539       0.68624163786873360     
   1.0410410410410411       0.99438836511988937       0.68395084930396588     
   1.0450450450450450       0.99442196365314695       0.68165329689953280     
   1.0490490490490489       0.99445861679382386       0.67934900337676996     
   1.0530530530530531       0.99449815893274962       0.67703799152367639     
   1.0570570570570570       0.99454077780741401       0.67472028419469277     
   1.0610610610610611       0.99458629865571002       0.67239590431047247     
   1.0650650650650650       0.99463491211927402       0.67006487485765720     
   1.0690690690690692       0.99468643530593015       0.66772721888864850     
   1.0730730730730731       0.99474106036741905       0.66538295952137927     
   1.0770770770770770       0.99479859720795238       0.66303211993908673     
   1.0810810810810811       0.99485923808710175       0.66067472339008138     
   1.0850850850850851       0.99492278696713332       0.65831079318751895     
   1.0890890890890892       0.99498943419491959       0.65594035270916762     
   1.0930930930930931       0.99505897949108801       0.65356342539717938     
   1.0970970970970970       0.99513160912938559       0.65118003475785569     
   1.1011011011011012       0.99520712030888325       0.64879020436141710     
   1.1051051051051051       0.99528569274160428       0.64639395784176923     
   1.1091091091091092       0.99536712338854405       0.64399131889626848     
   1.1131131131131131       0.99545158240752107       0.64158231128548826     
   1.1171171171171170       0.99553886897435206       0.63916695883298480     
   1.1211211211211212       0.99562914052008689       0.63674528542506059     
   1.1251251251251251       0.99572220135971257       0.63431731501052790     
   1.1291291291291292       0.99581819232012747       0.63188307160047219     
   1.1331331331331331       0.99591692621183714       0.62944257926801572     
   1.1371371371371370       0.99601852318053297       0.62699586214807856     
   1.1411411411411412       0.99612280827587185       0.62454294443713887     
   1.1451451451451451       0.99622987610845271       0.62208385039299618     
   1.1491491491491492       0.99633956831773474       0.61961860433452864     
   1.1531531531531531       0.99645194883155430       0.61714723064145538     
   1.1571571571571571       0.99656688066015131       0.61466975375409227     
   1.1611611611611612       0.99668439107386075       0.61218619817311382     
   1.1651651651651651       0.99680436993672916       0.60969658845930685     
   1.1691691691691692       0.99692680143713064       0.60720094923333146     
   1.1731731731731732       0.99705160838275164       0.60469930517547543     
   1.1771771771771771       0.99717872459440315       0.60219168102540976     
   1.1811811811811812       0.99730811263732955       0.59967810158194490     
   1.1851851851851851       0.99743964800505769       0.59715859170278607     
   1.1891891891891893       0.99757334073145743       0.59463317630428669     
   1.1931931931931932       0.99770899913923972       0.59210188036120104     
   1.1971971971971973       0.99784668919445896       0.58956472890643952     
   1.2012012012012012       0.99798614230940785       0.58702174703081855     
   1.2052052052052051       0.99812748993063460       0.58447295988281511     
   1.2092092092092093       0.99827037577499889       0.58191839266831502     
   1.2132132132132132       0.99841500749746992       0.57935807065036715     
   1.2172172172172173       0.99856092915919137       0.57679201914892964     
   1.2212212212212212       0.99870843649770102       0.57422026354062339     
   1.2252252252252251       0.99885696075180075       0.57164282925847876     
   1.2292292292292293       0.99900689909507812       0.56905974179168362     
   1.2332332332332332       0.99915755530969341       0.56647102668533400     
   1.2372372372372373       0.99930944295481505       0.56387670954017777     
   1.2412412412412412       0.99946172214481144       0.56127681601236523     
   1.2452452452452452       0.99961503962231835       0.55867137181319193     
   1.2492492492492493       0.99976839378911908       0.55606040270884771     
   1.2532532532532532       0.99992258337194306       0.55344393452015839     
   1.2572572572572573        1.0000764250279428       0.55082199312233371     
   1.2612612612612613        1.0002308906270938       0.54819460444470980     
   1.2652652652652652        1.0003845927406851       0.54556179447049202     
   1.2692692692692693        1.0005387001740773       0.54292358923649942     
   1.2732732732732732        1.0006915965015044       0.54028001483290677     
   1.2772772772772774        1.0008446742238191       0.53763109740298687     
   1.2812812812812813        1.0009960601201575       0.53497686314285187     
   1.2852852852852852        1.0011474004831518       0.53231733830119210     
   1.2892892892892893        1.0012965342705040       0.52965254917902038     
   1.2932932932932932        1.0014453953926277       0.52698252212940966     
   1.2972972972972974        1.0015915003706570       0.52430728355723166     
   1.3013013013013013        1.0017371087002573       0.52162685991889790     
   1.3053053053053052        1.0018793758912767       0.51894127772209575     
   1.3093093093093093        1.0020209295497040       0.51625056352552856     
   1.3133133133133132        1.0021585212630784       0.51355474393865164     
   1.3173173173173174        1.0022951942399621       0.51085384562140879     
   1.3213213213213213        1.0024272486341124       0.50814789528396931     
   1.3253253253253254        1.0025581960826611       0.50543691968646431     
   1.3293293293293293        1.0026838327331282       0.50272094563872183     
   1.3333333333333333        1.0028081971640888       0.50000000000000033     
   1.3373373373373374        1.0029265238312992       0.49727410967872421     
   1.3413413413413413        1.0030434425784271       0.49454330163221866     
   1.3453453453453454        1.0031535632812050       0.49180760286644143     
   1.3493493493493494        1.0032621773699639       0.48906704043571680     
   1.3533533533533533        1.0033632020548884       0.48632164144246692     
   1.3573573573573574        1.0034626662690114       0.48357143303694439     
   1.3613613613613613        1.0035537217958432       0.48081644241696458     
   1.3653653653653655        1.0036432164291660       0.47805669682763607     
   1.3693693693693694        1.0037234597605025       0.47529222356109019     
   1.3733733733733733        1.0038022039063821       0.47252304995621203     
   1.3773773773773774        1.0038708366897766       0.46974920339837073     
   1.3813813813813813        1.0039381033129309       0.46697071131914814     
   1.3853853853853855        1.0039943891842971       0.46418760119606600     
   1.3893893893893894        1.0040495218127672       0.46139990055231739     
   1.3933933933933933        1.0040928053941303       0.45860763695649082     
   1.3973973973973974        1.0041352371252907       0.45581083802230099     
   1.4014014014014013        1.0041649657262677       0.45300953140831446     
   1.4054054054054055        1.0041942396763794       0.45020374481767350     
   1.4094094094094094        1.0042099877875186       0.44739350599782696     
   1.4134134134134133        1.0042257797629326       0.44457884274025250     
   1.4174174174174174        1.0042272758696449       0.44175978288018319     
   1.4214214214214214        1.0042294192578378       0.43893635429633082     
   1.4254254254254255        1.0042165727396510       0.43610858491061116     
   1.4294294294294294        1.0042050829603884       0.43327650268786849     
   1.4334334334334333        1.0041780244801501       0.43044013563559824     
   1.4374374374374375        1.0041531349720072       0.42759951180366951     
   1.4414414414414414        1.0041122472205164       0.42475465928404799     
   1.4454454454454455        1.0040744340117731       0.42190560621051937     
   1.4494494494494494        1.0040203901551368       0.41905238075840973     
   1.4534534534534536        1.0039704054831495       0.41619501114430768     
   1.4574574574574575        1.0039042109124878       0.41333352562578418     
   1.4614614614614614        1.0038431173113540       0.41046795250111390     
   1.4654654654654655        1.0037661543034930       0.40759832010899610     
   1.4694694694694694        1.0036953593923221       0.40472465682827363     
   1.4734734734734736        1.0036094345227058       0.40184699107765148     
   1.4774774774774775        1.0035307263921749       0.39896535131541649     
   1.4814814814814814        1.0034381200628062       0.39607976603915679     
   1.4854854854854855        1.0033537026478072       0.39319026378547872     
   1.4894894894894894        1.0032572199923997       0.39029687312972589     
   1.4934934934934936        1.0031697482273958       0.38739962268569328     
   1.4974974974974975        1.0030727706050513       0.38449854110534909     
   1.5015015015015014        1.0029853832344888       0.38159365707854875     
   1.5055055055055055        1.0028919202578417       0.37868499933275013     
   1.5095095095095095        1.0028082696616112       0.37577259663273255     
   1.5135135135135136        1.0027230086626318       0.37285647778030873     
   1.5175175175175175        1.0026472869311629       0.36993667161404314     
   1.5215215215215214        1.0025756388925364       0.36701320700896550     
   1.5255255255255256        1.0025125971569075       0.36408611287628412     
   1.5295295295295295        1.0024607373640766       0.36115541816310132     
   1.5335335335335336        1.0024156977905836       0.35822115185212744     
   1.5375375375375375        1.0023905927815444       0.35528334296139380     
   1.5415415415415414        1.0023694564014800       0.35234202054396474     
   1.5455455455455456        1.0023788730891272       0.34939721368765114     
   1.5495495495495495        1.0023881074146950       0.34644895151472355     
   1.5535535535535536        1.0024405939497383       0.34349726318162310     
   1.5575575575575575        1.0024872059192715       0.34054217787867375     
   1.5615615615615615        1.0025920907819736       0.33758372482979260     
   1.5655655655655656        1.0026835732532653       0.33462193329220158     
   1.5695695695695695        1.0028509117513407       0.33165683255613898     
   1.5735735735735736        1.0029951655113145       0.32868845194456903     
   1.5775775775775776        1.0032356575240633       0.32571682081289088     
   1.5815815815815817        1.0034408841237505       0.32274196854864945     
   1.5855855855855856        1.0037657545139562       0.31976392457124525     
   1.5895895895895895        1.0040403159024274       0.31678271833164295     
   1.5935935935935936        1.0044611525370959       0.31379837931207866     
   1.5975975975975976        1.0048133924002141       0.31081093702577139     
   1.6016016016016017        1.0053419346900063       0.30782042101662782     
   1.6056056056056056        1.0057799587037701       0.30482686085895305     
   1.6096096096096095        1.0064278351355955       0.30183028615715729     
   1.6136136136136137        1.0069592527780329       0.29883072654546011     
   1.6176176176176176        1.0077376657816302       0.29582821168760254     
   1.6216216216216217        1.0083692911180899       0.29282277127655032     
   1.6256256256256256        1.0092886448491638       0.28981443503420135     
   1.6296296296296295        1.0100261688339711       0.28680323271109065     
   1.6336336336336337        1.0110956472949877       0.28378919408609704     
   1.6376376376376376        1.0119432829321169       0.28077234896614933     
   1.6416416416416417        1.0131703797741853       0.27775272718593036     
   1.6456456456456456        1.0141305036196291       0.27473035860758332     
   1.6496496496496496        1.0155205106432610       0.27170527312041282     
   1.6536536536536537        1.0165933166256191       0.26867750064059459     
   1.6576576576576576        1.0181487758592689       0.26564707111087615     
   1.6616616616616617        1.0193319640731233       0.26261401450028199     
   1.6656656656656657        1.0210520970106354       0.25957836080381591     
   1.6696696696696696        1.0223406343424364       0.25654014004216519     
   1.6736736736736737        1.0242207362912974       0.25349938226140467     
   1.6776776776776776        1.0256067140869625       0.25045611753269870     
   1.6816816816816818        1.0276375228516632       0.24741037595200283     
   1.6856856856856857        1.0291101610127906       0.24436218763976714     
   1.6896896896896898        1.0312771800983536       0.24131158274063927     
   1.6936936936936937        1.0328230177165278       0.23825859142316480     
   1.6976976976976976        1.0351057536858057       0.23520324387949043     
   1.7017017017017018        1.0367090798187557       0.23214557032506186     
   1.7057057057057057        1.0390801636610050       0.22908560099833006     
   1.7097097097097098        1.0407237619191563       0.22602336616044894     
   1.7137137137137137        1.0431478560899490       0.22295889609497727     
   1.7177177177177176        1.0448141491325718       0.21989222110757800     
   1.7217217217217218        1.0472465428841624       0.21682337152571932     
   1.7257257257257257        1.0489192421546818       0.21375237769837560     
   1.7297297297297298        1.0513039892841856       0.21067926999572606     
   1.7337337337337337        1.0529704310441346       0.20760407880885565     
   1.7377377377377377        1.0552377766183487       0.20452683454945109     
   1.7417417417417418        1.0568921813079153       0.20144756764950522     
   1.7457457457457457        1.0589551834375424       0.19836630856101312     
   1.7497497497497498        1.0606025491590378       0.19528308775567005     
   1.7537537537537538        1.0623530391709479       0.19219793572457314     
   1.7577577577577577        1.0640149319214334       0.18911088297791637     
   1.7617617617617618        1.0653155803918692       0.18602196004469188     
   1.7657657657657657        1.0670396192798879       0.18293119747238676     
   1.7697697697697699        1.0677178576326505       0.17983862582668017     
   1.7737737737737738        1.0695772011099358       0.17674427569114179     
   1.7777777777777777        1.0694276678280341       0.17364817766693028     
   1.7817817817817818        1.0715336142206060       0.17055036237248988     
   1.7857857857857857        1.0702753878083457       0.16745086044324664     
   1.7897897897897899        1.0728354153569313       0.16434970253130635     
   1.7937937937937938        1.0700878193284058       0.16124691930515228     
   1.7977977977977977        1.0733357372678216       0.15814254144934106     
   1.8018018018018018        1.0687898002978795       0.15503659966419786     
   1.8058058058058057        1.0728759495108073       0.15192912466551589     
   1.8098098098098099        1.0662556040447446       0.14882014718424907     
   1.8138138138138138        1.0713315803547232       0.14570969796621130     
   1.8178178178178179        1.0623374805852219       0.14259780777177095     
   1.8218218218218218        1.0685745150675947       0.13948450737554591     
   1.8258258258258258        1.0568870693327708       0.13636982756610005     
   1.8298298298298299        1.0644725924911267       0.13325379914563965     
   1.8338338338338338        1.0497565153599613       0.13013645292970785     
   1.8378378378378379        1.0588899990949971       0.12701781974687870     
   1.8418418418418419        1.0407992532480690       0.12389793043845529     
   1.8458458458458458        1.0516880021676998       0.12077681585816115     
   1.8498498498498499        1.0298705136315323       0.11765450687183837     
   1.8538538538538538        1.0427259297961211       0.11453103435714140     
   1.8578578578578580        1.0168276827804705       0.11140642920322855     
   1.8618618618618619        1.0318622570689358       0.10828072231046192     
   1.8658658658658658        1.0015306604479308       0.10515394459009815     
   1.8698698698698699        1.0189556748951913       0.10202612696398421     
   1.8738738738738738       0.98384231647381093        9.8897300364250137E-002
   1.8778778778778780        1.0038660790458542        9.5767495733004110E-002
   1.8818818818818819       0.96362907900045813        9.2636744022027262E-002
   1.8858858858858858       0.98645547920339993        8.9505076192466795E-002
   1.8898898898898899       0.94076163732672147        8.6372523214528804E-002
   1.8938938938938938       0.96658886057696225        8.3239116067172991E-002
   1.8978978978978980       0.91511572594843638        8.0104885737807094E-002
   1.9019019019019019       0.94413503287257539        7.6969863221979185E-002
   1.9059059059059058       0.88657296300606336        7.3834079523072429E-002
   1.9099099099099099       0.91896748923784721        7.0697565651994948E-002
   1.9139139139139139       0.85502172913414942        6.7560352626878470E-002
   1.9179179179179180       0.89096528559990851        6.4422471472768014E-002
   1.9219219219219219       0.82035808182223002        6.1283953221316440E-002
   1.9259259259259258       0.86001394381822505        5.8144828910476183E-002
   1.9299299299299300       0.78248670435097378        5.5005129584193228E-002
   1.9339339339339339       0.82600637947423017        5.1864886292100981E-002
   1.9379379379379380       0.74132188913186936        4.8724130089211899E-002
   1.9419419419419419       0.78884385467955176        4.5582892035611673E-002
   1.9459459459459461       0.69678855486360081        4.2441203196148525E-002
   1.9499499499499500       0.74843695644387087        3.9299094640131337E-002
   1.9539539539539539       0.64882329640051761        3.6156597441019275E-002
   1.9579579579579580       0.70470660124842133        3.3013742676113601E-002
   1.9619619619619619       0.59737546595243862        2.9870561426253450E-002
   1.9659659659659661       0.65758506639781167        2.6727084775504926E-002
   1.9699699699699700       0.54240828421442644        2.3583343810856781E-002
   1.9739739739739739       0.60701704853156735        2.0439369621911660E-002
   1.9779779779779780       0.48389998019797492        1.7295193300577764E-002
   1.9819819819819819       0.55296074944972784        1.4150845940762258E-002
   1.9859859859859861       0.42184495885189027        1.1006358638064652E-002
   1.9899899899899900       0.49538898921009028        7.8617624894684063E-003
   1.9939939939939939       0.35625499599544236        4.7170885930325071E-003
   1.9979979979979980       0.43429034634866148        1.5723680475848198E-003
   2.0020020020020022       0.28716046060027245       -1.5723680475845747E-003
   2.0060060060060061       0.36967032522749488       -4.7170885930322625E-003
   2.0100100100100100       0.21461156460113076       -7.8617624894681600E-003
   2.0140140140140139       0.30155255254281021       -1.1006358638064406E-002
   2.0180180180180178       0.13867963479675496       -1.4150845940762012E-002
   2.0220220220220222       0.22998002646002064       -1.7295193300577522E-002
   2.0260260260260261        5.9458331607705174E-002  -2.0439369621911417E-002
   2.0300300300300300       0.15501666109407952       -2.3583343810856538E-002
   2.0340340340340339       -2.2935937056320858E-002  -2.6727084775504683E-002
   2.0380380380380378        7.6751313419476941E-002  -2.9870561426253207E-002
   2.0420420420420422      -0.10837090627971481       -3.3013742676113789E-002
   2.0460460460460461       -4.6772680525441071E-003  -3.6156597441019026E-002
   2.0500500500500500      -0.19672984901218307       -3.9299094640131087E-002
   2.0540540540540539       -8.9049535239264191E-002  -4.2441203196148275E-002
   2.0580580580580579      -0.28788034766217263       -4.5582892035610979E-002
   2.0620620620620622      -0.17611865042157618       -4.8724130089212093E-002
   2.0660660660660661      -0.38166217133540220       -5.1864886292100738E-002
   2.0700700700700700      -0.26560791551658725       -5.5005129584192979E-002
   2.0740740740740740      -0.47788653219538235       -5.8144828910475933E-002
   2.0780780780780779      -0.35720821059418312       -6.1283953221315746E-002
   2.0820820820820822      -0.57633555415980942       -6.4422471472768209E-002
   2.0860860860860861      -0.45057488136408691       -6.7560352626878220E-002
   2.0900900900900901      -0.67676153455703369       -7.0697565651994698E-002
   2.0940940940940940      -0.54532427827670982       -7.3834079523071736E-002
   2.0980980980980979      -0.77888687047869298       -7.6969863221978935E-002
   2.1021021021021022      -0.64103009758506946       -8.0104885737806844E-002
   2.1061061061061062      -0.88240387588019698       -8.3239116067172741E-002
   2.1101101101101101      -0.73721799327178594       -8.6372523214528554E-002
   2.1141141141141140      -0.98697435781607845       -8.9505076192466101E-002
   2.1181181181181179      -0.83335955628566016       -9.2636744022027012E-002
   2.1221221221221223       -1.0922308262329978       -9.5767495733003860E-002
   2.1261261261261262      -0.92886533363024426       -9.8897300364249888E-002
   2.1301301301301301       -1.1977781266790732      -0.10202612696398396     
   2.1341341341341340       -1.0230742220284490      -0.10515394459009790     
   2.1381381381381384       -1.3031950954795415      -0.10828072231046167     
   2.1421421421421423       -1.1152385848261706      -0.11140642920322831     
   2.1461461461461462       -1.4080380440725890      -0.11453103435714115     
   2.1501501501501501       -1.2045057642366670      -0.11765450687183812     
   2.1541541541541540       -1.5118441264692821      -0.12077681585816090     
   2.1581581581581584       -1.2899038277382908      -0.12389793043845504     
   2.1621621621621623       -1.6140920510608281      -0.12701781974687892     
   2.1661661661661662       -1.3704468288533465      -0.13013645292970763     
   2.1701701701701701       -1.7137277654576635      -0.13325379914563942     
   2.1741741741741740       -1.4464068035293942      -0.13636982756609983     
   2.1781781781781784       -1.8048665662078176      -0.13948450737554569     
   2.1821821821821823       -1.5311954759333384      -0.14259780777177072     
   2.1861861861861862       -1.8456674027865818      -0.14570969796621108     
   2.1901901901901901       -1.8318702877024642      -0.14882014718424885     
   2.1941941941941940       -1.5079782979162910      -0.15192912466551567     
   2.1981981981981984       -1.7975467684122997      -0.15503659966419808     
   2.2022022022022023       -1.4340469260058666      -0.15814254144934084     
   2.2062062062062062       -1.7228884777957663      -0.16124691930515206     
   2.2102102102102101       -1.3814166140779525      -0.16434970253130612     
   2.2142142142142140       -1.6486131738934353      -0.16745086044324597     
   2.2182182182182184       -1.3349390022497427      -0.17055036237248966     
   2.2222222222222223       -1.5796214549654424      -0.17364817766693005     
   2.2262262262262262       -1.2928304163854938      -0.17674427569114157     
   2.2302302302302301       -1.5161102146342198      -0.17983862582667995     
   2.2342342342342341       -1.2546899744612769      -0.18293119747238654     
   2.2382382382382384       -1.4577992576796637      -0.18602196004469207     
   2.2422422422422423       -1.2202555150566887      -0.18911088297791614     
   2.2462462462462462       -1.4043837055927357      -0.19219793572457292     
   2.2502502502502502       -1.1892851666606270      -0.19528308775566983     
   2.2542542542542541       -1.3555719525206620      -0.19836630856101248     
   2.2582582582582584       -1.1615471216743989      -0.20144756764950500     
   2.2622622622622623       -1.3110874589365400      -0.20452683454945086     
   2.2662662662662663       -1.1368182538084752      -0.20760407880885542     
   2.2702702702702702       -1.2706678248245542      -0.21067926999572584     
   2.2742742742742741       -1.1148834321177004      -0.21375237769837538     
   2.2782782782782784       -1.2340637816888711      -0.21682337152571909     
   2.2822822822822824       -1.0955349616849723      -0.21989222110757778     
   2.2862862862862863       -1.2010382473570631      -0.22295889609497704     
   2.2902902902902902       -1.0785721372303156      -0.22602336616044871     
   2.2942942942942941       -1.1713654300422141      -0.22908560099832984     
   2.2982982982982985       -1.0638009228758867      -0.23214557032506164     
   2.3023023023023024       -1.1448299669005562      -0.23520324387949024     
   2.3063063063063063       -1.0510337784718784      -0.23825859142316458     
   2.3103103103103102       -1.1212260650558410      -0.24131158274063905     
   2.3143143143143141       -1.0400896793433110      -0.24436218763976694     
   2.3183183183183185       -1.1003565816413501      -0.24741037595200260     
   2.3223223223223224       -1.0307944044940616      -0.25045611753269847     
   2.3263263263263263       -1.0820319634959823      -0.25349938226140445     
   2.3303303303303302       -1.0229811553799752      -0.25654014004216497     
   2.3343343343343341       -1.0660690123528909      -0.25957836080381524     
   2.3383383383383385       -1.0164914818499022      -0.26261401450028221     
   2.3423423423423424       -1.0522895548571127      -0.26564707111087593     
   2.3463463463463463       -1.0111763611312488      -0.26867750064059437     
   2.3503503503503502       -1.0405192216633425      -0.27170527312041259     
   2.3543543543543541       -1.0068971771330153      -0.27473035860758266     
   2.3583583583583585       -1.0305865940417496      -0.27775272718593058     
   2.3623623623623624       -1.0035263473940144      -0.28077234896614911     
   2.3663663663663663       -1.0223229191552021      -0.28378919408609682     
   2.3703703703703702       -1.0009474490379133      -0.28680323271108998     
   2.3743743743743742       -1.0155624547176383      -0.28981443503420068     
   2.3783783783783785      -0.99905484803166267      -0.29282277127655010     
   2.3823823823823824       -1.0101433484327051      -0.29582821168760237     
   2.3863863863863863      -0.99775296257760404      -0.29883072654545989     
   2.3903903903903903       -1.0059088531488525      -0.30183028615715662     
   2.3943943943943946      -0.99695535292331516      -0.30482686085895327     
   2.3983983983983985       -1.0027086525834319      -0.30782042101662760     
   2.4024024024024024      -0.99658381661540862      -0.31081093702577117     
   2.4064064064064064       -1.0004001079413751      -0.31379837931207849     
   2.4104104104104103      -0.99656760882686490      -0.31678271833164234     
   2.4144144144144146      -0.99884930524913851      -0.31976392457124503     
   2.4184184184184185      -0.99684283559481979      -0.32274196854864923     
   2.4224224224224224      -0.99793185139817553      -0.32571682081289072     
   2.4264264264264264      -0.99735173531016486      -0.32868845194456880     
   2.4304304304304303      -0.99753659585698540      -0.33165683255613876     
   2.4344344344344346      -0.99802746917162066      -0.33462193329220136     
   2.4384384384384385      -0.99758899976103654      -0.33758372482979238     
   2.4424424424424425      -0.99880614840722859      -0.34054217787867352     
   2.4464464464464464      -0.99799330721881641      -0.34349726318162288     
   2.4504504504504503      -0.99965875950216232      -0.34644895151472338     
   2.4544544544544546      -0.99864902183455484      -0.34939721368765092     
   2.4584584584584586       -1.0005661237631569      -0.35234202054396457     
   2.4624624624624625      -0.99947342961100205      -0.35528334296139358     
   2.4664664664664664       -1.0015028907027455      -0.35822115185212722     
   2.4704704704704703       -1.0004033841746649      -0.36115541816310109     
   2.4744744744744747       -1.0024424735708621      -0.36408611287628395     
   2.4784784784784786       -1.0013880853158799      -0.36701320700896528     
   2.4824824824824825       -1.0033620270879464      -0.36993667161404292     
   2.4864864864864864       -1.0023851437641542      -0.37285647778030850     
   2.4904904904904903       -1.0042428672707062      -0.37577259663273233     
   2.4944944944944947       -1.0033604083572609      -0.37868499933275035     
   2.4984984984984986       -1.0050695437631056      -0.38159365707854853     
   2.5025025025025025       -1.0042875214687306      -0.38449854110534887     
   2.5065065065065064       -1.0058294719923266      -0.38739962268569306     
   2.5105105105105103       -1.0051468066207796      -0.39029687312972527     
   2.5145145145145147       -1.0065130259420818      -0.39319026378547894     
   2.5185185185185186       -1.0059241142157538      -0.39607976603915657     
   2.5225225225225225       -1.0071134485980582      -0.39896535131541627     
   2.5265265265265264       -1.0066098938535095      -0.40184699107765126     
   2.5305305305305303       -1.0076265839154037      -0.40472465682827302     
   2.5345345345345347       -1.0071984480208334      -0.40759832010899633     
   2.5385385385385386       -1.0080505363474317      -0.41046795250111373     
   2.5425425425425425       -1.0076872687226979      -0.41333352562578402     
   2.5465465465465464       -1.0083853369547418      -0.41619501114430751     
   2.5505505505505504       -1.0080764369268784      -0.41905238075840956     
   2.5545545545545547       -1.0086326238938963      -0.42190560621051959     
   2.5585585585585586       -1.0083680902931340      -0.42475465928404776     
   2.5625625625625625       -1.0087953407891563      -0.42759951180366890     
   2.5665665665665665       -1.0085659606297577      -0.43044013563559802     
   2.5705705705705704       -1.0088774586057501      -0.43327650268786827     
   2.5745745745745747       -1.0086749755762452      -0.43610858491061100     
   2.5785785785785786       -1.0088837243676538      -0.43893635429633066     
   2.5825825825825826       -1.0087009131780180      -0.44175978288018303     
   2.5865865865865865       -1.0088194593005240      -0.44457884274025233     
   2.5905905905905904       -1.0086499561348132      -0.44739350599782673     
   2.5945945945945947       -1.0086904614663055      -0.45020374481767333     
   2.5985985985985987       -1.0085287361130384      -0.45300953140831385     
   2.6026026026026026       -1.0085026230324814      -0.45581083802230121     
   2.6066066066066065       -1.0083441692056210      -0.45860763695649065     
   2.6106106106106104       -1.0082617508360976      -0.46139990055231678     
   2.6146146146146148       -1.0081032349463601      -0.46418760119606622     
   2.6186186186186187       -1.0079736845163714      -0.46697071131914791     
   2.6226226226226226       -1.0078125744490940      -0.46974920339837051     
   2.6266266266266265       -1.0076442440862852      -0.47252304995621180     
   2.6306306306306309       -1.0074787361109183      -0.47529222356109002     
   2.6346346346346348       -1.0072789841049714      -0.47805669682763591     
   2.6386386386386387       -1.0071079011656610      -0.48081644241696481     
   2.6426426426426426       -1.0068831874495356      -0.48357143303694416     
   2.6466466466466465       -1.0067059020497005      -0.48632164144246637     
   2.6506506506506509       -1.0064618510126315      -0.48906704043571703     
   2.6546546546546548       -1.0062781895496047      -0.49180760286644165     
   2.6586586586586587       -1.0060196613185231      -0.49454330163221849     
   2.6626626626626626       -1.0058298146470821      -0.49727410967872404     
   2.6666666666666665       -1.0055609795969158      -0.49999999999999972     
   2.6706706706706709       -1.0053654218778785      -0.50272094563872161     
   2.6746746746746748       -1.0050898347535364      -0.50543691968646454     
   2.6786786786786787       -1.0048892516470516      -0.50814789528396909     
   2.6826826826826826       -1.0046099228609124      -0.51085384562140823     
   2.6866866866866865       -1.0044051493960118      -0.51355474393865141     
   2.6906906906906909       -1.0041246119870035      -0.51625056352552878     
   2.6946946946946948       -1.0039165797465524      -0.51894127772209564     
   2.6986986986986987       -1.0036369511680336      -0.52162685991889768     
   2.7027027027027026       -1.0034266445549649      -0.52430728355723144     
   2.7067067067067065       -1.0031496826198112      -0.52698252212940910     
   2.7107107107107109       -1.0029381031746092      -0.52965254917902060     
   2.7147147147147148       -1.0026652563310123      -0.53231733830119188     
   2.7187187187187187       -1.0024533944761149      -0.53497686314285131     
   2.7227227227227226       -1.0021858464215943      -0.53763109740298709     
   2.7267267267267266       -1.0019746596721069      -0.54028001483290666     
   2.7307307307307309       -1.0017133685370923      -0.54292358923649919     
   2.7347347347347348       -1.0015037652367018      -0.54556179447049191     
   2.7387387387387387       -1.0012494978560138      -0.54819460444470958     
   2.7427427427427427       -1.0010423257094936      -0.55082199312233360     
   2.7467467467467466       -1.0007956873262325      -0.55344393452015828     
   2.7507507507507509       -1.0005917258760493      -0.55606040270884749     
   2.7547547547547548       -1.0003531857512189      -0.55867137181319182     
   2.7587587587587588       -1.0001531421060668      -0.56127681601236501     
   2.7627627627627627      -0.99992305552593697      -0.56387670954017755     
   2.7667667667667666      -0.99972756273580732      -0.56647102668533345     
   2.7707707707707709      -0.99950618974372074      -0.56905974179168384     
   2.7747747747747749      -0.99931580718266710      -0.57164282925847854     
   2.7787787787787788      -0.99910332855373529      -0.57422026354062317     
   2.7827827827827827      -0.99891854392554802      -0.57679201914892952     
   2.7867867867867866      -0.99871507467743914      -0.57935807065036660     
   2.7907907907907910      -0.99853630717117614      -0.58191839266831491     
   2.7947947947947949      -0.99834190802247857      -0.58447295988281489     
   2.7987987987987988      -0.99816951237533258      -0.58702174703081833     
   2.8028028028028027      -0.99798419933166138      -0.58956472890643896     
   2.8068068068068066      -0.99781847027906234      -0.59210188036120082     
   2.8108108108108110      -0.99764222268027392      -0.59463317630428647     
   2.8148148148148149      -0.99748339983113887      -0.59715859170278585     
   2.8188188188188188      -0.99731616721157779      -0.59967810158194468     
   2.8228228228228227      -0.99716444009065286      -0.60219168102540921     
   2.8268268268268266      -0.99700614771320772      -0.60469930517547521     
   2.8308308308308310      -0.99686166058871317      -0.60720094923333168     
   2.8348348348348349      -0.99671221421100342      -0.60969658845930674     
   2.8388388388388388      -0.99657507105892651      -0.61218619817311326     
   2.8428428428428427      -0.99643436088733051      -0.61466975375409216     
   2.8468468468468466      -0.99630462982445867      -0.61714723064145482     
   2.8508508508508510      -0.99617253366729763      -0.61961860433452842     
   2.8548548548548549      -0.99605025144265602      -0.62208385039299596     
   2.8588588588588588      -0.99592663752212218      -0.62454294443713865     
   2.8628628628628627      -0.99581181336351776      -0.62699586214807834     
   2.8668668668668666      -0.99569654239142469      -0.62944257926801550     
   2.8708708708708710      -0.99558916183738677      -0.63188307160047208     
   2.8748748748748749      -0.99548208897397905      -0.63431731501052735     
   2.8788788788788788      -0.99538211702537949      -0.63674528542506048     
   2.8828828828828827      -0.99528309323145736      -0.63916695883298458     
   2.8868868868868871      -0.99519047751953804      -0.64158231128548815     
   2.8908908908908910      -0.99509935085795953      -0.64399131889626826     
   2.8948948948948949      -0.99501402407799133      -0.64639395784176901     
   2.8988988988988988      -0.99493064063598402      -0.64879020436141721     
   2.9029029029029028      -0.99485252306462024      -0.65118003475785557     
   2.9069069069069071      -0.99477672767665937      -0.65356342539717915     
   2.9109109109109110      -0.99470572900605891      -0.65594035270916740     
   2.9149149149149149      -0.99463736597504204      -0.65831079318751873     
   2.9189189189189189      -0.99457338716589272      -0.66067472339008115     
   2.9229229229229228      -0.99451230051332928      -0.66303211993908662     
   2.9269269269269271      -0.99445523524309043      -0.66538295952137938     
   2.9309309309309310      -0.99440126922678596      -0.66772721888864839     
   2.9349349349349350      -0.99435100502059115      -0.67006487485765742     
   2.9389389389389389      -0.99430400425271304      -0.67239590431047236     
   2.9429429429429428      -0.99426042365637501      -0.67472028419469232     
   2.9469469469469471      -0.99422023322234088      -0.67703799152367616     
   2.9509509509509511      -0.99418321449975899      -0.67934900337676973     
   2.9549549549549550      -0.99414968012401450      -0.68165329689953269     
   2.9589589589589589      -0.99411909795870468      -0.68395084930396566     
   2.9629629629629628      -0.99409206586238108      -0.68624163786873338     
   2.9669669669669672      -0.99406779194189554      -0.68852563993939209     
   2.9709709709709711      -0.99404710885985592      -0.69080283292861111     
   2.9749749749749750      -0.99402901212656958      -0.69307319431639702     
   2.9789789789789789      -0.99401452525481859      -0.69533670165031769     
   2.9829829829829828      -0.99400247226803407      -0.69759333254572287     
   2.9869869869869872      -0.99399402900286871      -0.69984306468596547     
   2.9909909909909911      -0.99398788416419892      -0.70208587582262250     
   2.9949949949949950      -0.99398533200753403      -0.70432174377571644     
   2.9989989989989989      -0.99398495756952565      -0.70655064643393228     
   3.0030030030030028      -0.99398814403972191      -0.70877256175483805     
   3.0070070070070072      -0.99399340043203677      -0.71098746776510247     
   3.0110110110110111      -0.99400217281761571      -0.71319534256071015     
   3.0150150150150150      -0.99401291824268345      -0.71539616430718178     
   3.0190190190190189      -0.99402712304483198      -0.71758991123978788     
   3.0230230230230228      -0.99404321366170334      -0.71977656166376336     
   3.0270270270270272      -0.99406269669649705      -0.72195609395452442     
   3.0310310310310311      -0.99408398637184126      -0.72412848655788031     
   3.0350350350350350      -0.99410859257143402      -0.72629371799024711     
   3.0390390390390389      -0.99413493294299571      -0.72845176683886070     
   3.0430430430430429      -0.99416450600304029      -0.73060261176198871     
   3.0470470470470472      -0.99419574636762964      -0.73274623148913987     
   3.0510510510510511      -0.99423012861660154      -0.73488260482127588     
   3.0550550550550550      -0.99426611574189416      -0.73701171063102133     
   3.0590590590590589      -0.99430514791971503      -0.73913352786287101     
   3.0630630630630629      -0.99434572596675697      -0.74124803553339991     
   3.0670670670670672      -0.99438924702140641      -0.74335521273147032     
   3.0710710710710711      -0.99443425752858816      -0.74545503861843621     
   3.0750750750750750      -0.99448210431612283      -0.74754749242835339     
   3.0790790790790790      -0.99453138604745484      -0.74963255346818258     
   3.0830830830830829      -0.99458339326170409      -0.75171020111799314     
   3.0870870870870872      -0.99463678209510087      -0.75378041483116953     
   3.0910910910910911      -0.99469278215566759      -0.75584317413461222     
   3.0950950950950951      -0.99475011096047639      -0.75789845862894101     
   3.0990990990990990      -0.99480993384944394      -0.75994624798869759     
   3.1031031031031029      -0.99487103249564668      -0.76198652196254535     
   3.1071071071071072      -0.99493450561137220      -0.76401926037346968     
   3.1111111111111112      -0.99499920092200123      -0.76604444311897801     
   3.1151151151151151      -0.99506614901118207      -0.76806205017129969     
   3.1191191191191190      -0.99513426473360977      -0.77007206157758090     
   3.1231231231231229      -0.99520450986535514      -0.77207445746008596     
   3.1271271271271273      -0.99527586661900069      -0.77406921801639050     
   3.1311311311311312      -0.99534922812760041      -0.77605632351957909     
   3.1351351351351351      -0.99542364346984025      -0.77803575431843974     
   3.1391391391391390      -0.99549993793728808      -0.78000749083765863     
   3.1431431431431434      -0.99557722642673652      -0.78197151357801342     
   3.1471471471471473      -0.99565626768268034      -0.78392780311656574     
   3.1511511511511512      -0.99573624092427282      -0.78587634010685492     
   3.1551551551551551      -0.99581784007568275      -0.78781710527908644     
   3.1591591591591590      -0.99590030682735842      -0.78975007944032583     
   3.1631631631631634      -0.99598427233406894      -0.79167524347468532     
   3.1671671671671673      -0.99606903863315277      -0.79359257834351493     
   3.1711711711711712      -0.99615517644066065      -0.79550206508559018     
   3.1751751751751751      -0.99624204566683172      -0.79740368481729929     
   3.1791791791791790      -0.99633015929096302      -0.79929741873283011     
   3.1831831831831834      -0.99641893239004453      -0.80118324810435748     
   3.1871871871871873      -0.99650882307362509      -0.80306115428222580     
   3.1911911911911912      -0.99659929873262665      -0.80493111869513456     
   3.1951951951951951      -0.99669076562363046      -0.80679312285032412     
   3.1991991991991990      -0.99678274048429139      -0.80864714833375495     
   3.2032032032032034      -0.99687558079519334      -0.81049317681029209     
   3.2072072072072073      -0.99696884967553412      -0.81233119002388610     
   3.2112112112112112      -0.99706285894591806      -0.81416116979775310     
   3.2152152152152151      -0.99715721509185806      -0.81598309803455449     
   3.2192192192192191      -0.99725218742271970      -0.81779695671657726     
   3.2232232232232234      -0.99734742280097721      -0.81960272790591171     
   3.2272272272272273      -0.99744315112366544      -0.82140039374462503     
   3.2312312312312312      -0.99753905668479315      -0.82318993645494509     
   3.2352352352352352      -0.99763533306083740      -0.82497133833943015     
   3.2392392392392391      -0.99773169907880976      -0.82674458178114651     
   3.2432432432432434      -0.99782831500858582      -0.82850964924384241     
   3.2472472472472473      -0.99792493142108085      -0.83026652327212114     
   3.2512512512512513      -0.99802167817712906      -0.83201518649161355     
   3.2552552552552552      -0.99811833491221458      -0.83375562160915107     
   3.2592592592592591      -0.99821500391108875      -0.83548781141293604     
   3.2632632632632634      -0.99831149129022767      -0.83721173877271049     
   3.2672672672672673      -0.99840787445396950      -0.83892738663992716     
   3.2712712712712713      -0.99850398357271020      -0.84063473804791811     
   3.2752752752752752      -0.99859987373006842      -0.84233377611206173     
   3.2792792792792791      -0.99869539685206743      -0.84402448402995045     
   3.2832832832832834      -0.99879058813629884      -0.84570684508155636     
   3.2872872872872874      -0.99888531912177669      -0.84738084262939606     
   3.2912912912912913      -0.99897960741349712      -0.84904646011869733     
   3.2952952952952952      -0.99907334215252763      -0.85070368107756111     
   3.2992992992992991      -0.99916652551228247      -0.85235248911712369     
   3.3033033033033035      -0.99925906237803730      -0.85399286793172058     
   3.3073073073073074      -0.99935094149595538      -0.85562480129904661     
   3.3113113113113113      -0.99944208178268890      -0.85724827308031681     
   3.3153153153153152      -0.99953246044098876      -0.85886326722042616     
   3.3193193193193191      -0.99962200885455832      -0.86046976774810746     
   3.3233233233233235      -0.99971069441045568      -0.86206775877609132     
   3.3273273273273274      -0.99979845952661561      -0.86365722450126015     
   3.3313313313313313      -0.99988526338686012      -0.86523814920480790     
   3.3353353353353352      -0.99997105814652798      -0.86681051725239255     
   3.3393393393393391       -1.0000557962506791      -0.86837431309429247     
   3.3433433433433435       -1.0001394384316953      -0.86992952126555956     
   3.3473473473473474       -1.0002219317517902      -0.87147612638617244     
   3.3513513513513513       -1.0003032444753839      -0.87301411316118827     
   3.3553553553553552       -1.0003833195111067      -0.87454346638089397     
   3.3593593593593591       -1.0004621317293374      -0.87606417092095756     
   3.3633633633633635       -1.0005396210041326      -0.87757621174257716     
   3.3673673673673674       -1.0006157679996679      -0.87907957389262847     
   3.3713713713713713       -1.0006905105560167      -0.88057424250381433     
   3.3753753753753752       -1.0007638344168841      -0.88206020279481123     
   3.3793793793793796       -1.0008356763098949      -0.88353744007041513     
   3.3833833833833835       -1.0009060264354932      -0.88500593972168740     
   3.3873873873873874       -1.0009748212247338      -0.88646568722609875     
   3.3913913913913913       -1.0010420548025147      -0.88791666814767278     
   3.3953953953953953       -1.0011076640333594      -0.88935886813712972     
   3.3993993993993996       -1.0011716465140490      -0.89079227293202790     
   3.4034034034034035       -1.0012339401954000      -0.89221686835690339     
   3.4074074074074074       -1.0012945457600919      -0.89363264032341194     
   3.4114114114114114       -1.0013534028175117      -0.89503957483046781     
   3.4154154154154153       -1.0014105148266548      -0.89643765796438168     
   3.4194194194194196       -1.0014658235633804      -0.89782687589899912     
   3.4234234234234235       -1.0015193350040215      -0.89920721489583688     
   3.4274274274274275       -1.0015709935333743      -0.90057866130421815     
   3.4314314314314314       -1.0016208074406883      -0.90194120156140900     
   3.4354354354354353       -1.0016687241040658      -0.90329482219275192     
   3.4394394394394396       -1.0017147539672788      -0.90463950981179775     
   3.4434434434434436       -1.0017588477331349      -0.90597525112043964     
   3.4474474474474475       -1.0018010178829302      -0.90730203290904421     
   3.4514514514514514       -1.0018412187259027      -0.90861984205658186     
   3.4554554554554553       -1.0018794646905107      -0.90992866553075646     
   3.4594594594594597       -1.0019157139378774      -0.91122849038813580     
   3.4634634634634636       -1.0019499827888316      -0.91251930377427593     
   3.4674674674674675       -1.0019822334510164      -0.91380109292385281     
   3.4714714714714714       -1.0020124841159292      -0.91507384516078560     
   3.4754754754754753       -1.0020407011909853      -0.91633754789836286     
   3.4794794794794797       -1.0020669047236186      -0.91759218863936631     
   3.4834834834834836       -1.0020910654560744      -0.91883775497619591     
   3.4874874874874875       -1.0021132052930883      -0.92007423459099136     
   3.4914914914914914       -1.0021332994101688      -0.92130161525575383     
   3.4954954954954953       -1.0021513715857580      -0.92251988483246850     
   3.4994994994994997       -1.0021674014960846      -0.92372903127322248     
   3.5035035035035036       -1.0021814148216110      -0.92492904262032472     
   3.5075075075075075       -1.0021933957758251      -0.92611990700642566     
   3.5115115115115114       -1.0022033719800747      -0.92730161265463207     
   3.5155155155155153       -1.0022113321958708      -0.92847414787862559     
   3.5195195195195197       -1.0022173060168411      -0.92963750108277710     
   3.5235235235235236       -1.0022212867636409      -0.93079166076226205     
   3.5275275275275275       -1.0022233060242105      -0.93193661550317375     
   3.5315315315315314       -1.0022233616446974      -0.93307235398263721     
   3.5355355355355353       -1.0022214872129487      -0.93419886496891946     
   3.5395395395395397       -1.0022176849910962      -0.93531613732154262     
   3.5435435435435436       -1.0022119907288698      -0.93642415999139206     
   3.5475475475475475       -1.0022044111122210      -0.93752292202082732     
   3.5515515515515514       -1.0021949839578879      -0.93861241254378924     
   3.5555555555555554       -1.0021837202974622      -0.93969262078590843     
   3.5595595595595597       -1.0021706600531155      -0.94076353606461116     
   3.5635635635635636       -1.0021558184767114      -0.94182514778922477     
   3.5675675675675675       -1.0021392375873230      -0.94287744546108421     
   3.5715715715715715       -1.0021209367598869      -0.94392041867363274     
   3.5755755755755754       -1.0021009601118509      -0.94495405711252811     
   3.5795795795795797       -1.0020793309952882      -0.94597835055574231     
   3.5835835835835836       -1.0020560955923892      -0.94699328887366330     
   3.5875875875875876       -1.0020312811378191      -0.94799886202919548     
   3.5915915915915915       -1.0020049358078817      -0.94899506007785894     
   3.5955955955955954       -1.0019770905550611      -0.94998187316788696     
   3.5995995995995997       -1.0019477955025013      -0.95095929154032532     
   3.6036036036036037       -1.0019170851752397      -0.95192730552912663     
   3.6076076076076076       -1.0018850115649356      -0.95288590556124664     
   3.6116116116116115       -1.0018516125829435      -0.95383508215674029     
   3.6156156156156154       -1.0018169420088785      -0.95477482592885354     
   3.6196196196196198       -1.0017810409594292      -0.95570512758411708     
   3.6236236236236237       -1.0017439648511759      -0.95662597792243798     
   3.6276276276276276       -1.0017057578913262      -0.95753736783719101     
   3.6316316316316315       -1.0016664769399470      -0.95843928831530878     
   3.6356356356356359       -1.0016261691225685      -0.95933173043737030     
   3.6396396396396398       -1.0015848925811617      -0.96021468537768961     
   3.6436436436436437       -1.0015426971411041      -0.96108814440440271     
   3.6476476476476476       -1.0014996421007472      -0.96195209887955480     
   3.6516516516516515       -1.0014557797158721      -0.96280654025918444     
   3.6556556556556559       -1.0014111702942556      -0.96365146009340885     
   3.6596596596596598       -1.0013658682418847      -0.96448685002650714     
   3.6636636636636637       -1.0013199347491042      -0.96531270179700357     
   3.6676676676676676       -1.0012734260497465      -0.96612900723774797     
   3.6716716716716715       -1.0012264041179868      -0.96693575827599820     
   3.6756756756756759       -1.0011789265454474      -0.96773294693349898     
   3.6796796796796798       -1.0011310561782183      -0.96852056532655983     
   3.6836836836836837       -1.0010828513685428      -0.96929860566613557     
   3.6876876876876876       -1.0010343758861304      -0.97006706025790090     
   3.6916916916916915       -1.0009856883125121      -0.97082592150232783     
   3.6956956956956959       -1.0009368533396026      -0.97157518189476044     
   3.6996996996996998       -1.0008879292292692      -0.97231483402548924     
   3.7037037037037037       -1.0008389815927716      -0.97304487057982392     
   3.7077077077077076       -1.0007900678528385      -0.97376528433816678     
   3.7117117117117115       -1.0007412543850895      -0.97447606817608323     
   3.7157157157157159       -1.0006925975593000      -0.97517721506437227     
   3.7197197197197198       -1.0006441638957151      -0.97586871806913611     
   3.7237237237237237       -1.0005960089506654      -0.97655057035184933     
   3.7277277277277276       -1.0005481983393969      -0.97722276516942586     
   3.7317317317317316       -1.0005007874867269      -0.97788529587428519     
   3.7357357357357359       -1.0004538395083207      -0.97853815591441973     
   3.7397397397397398       -1.0004074110176167      -0.97918133883345804     
   3.7437437437437437       -1.0003615603988456      -0.97981483827072935     
   3.7477477477477477       -1.0003163471105190      -0.98043864796132674     
   3.7517517517517516       -1.0002718226615184      -0.98105276173616807     
   3.7557557557557559       -1.0002280506600094      -0.98165717352205806     
   3.7597597597597598       -1.0001850740860510      -0.98225187734174813     
   3.7637637637637638       -1.0001429610267476      -0.98283686731399489     
   3.7677677677677677       -1.0001017461511128      -0.98341213765361879     
   3.7717717717717716       -1.0000614996157520      -0.98397768267156138     
   3.7757757757757759       -1.0000222512893016      -0.98453349677494195     
   3.7797797797797799      -0.99998406717085886      -0.98507957446711136     
   3.7837837837837838      -0.99994698044506591      -0.98561591034770824     
   3.7877877877877877      -0.99991104138448994      -0.98614249911271146     
   3.7917917917917916      -0.99987630009391937      -0.98665933555449192     
   3.7957957957957960      -0.99984277456792181      -0.98716641456186571     
   3.7997997997997999      -0.99981054954618465      -0.98766373112014327     
   3.8038038038038038      -0.99977959163622621      -0.98815128031117960     
   3.8078078078078077      -0.99975003776982219      -0.98862905731342254     
   3.8118118118118116      -0.99972178810558143      -0.98909705740196108     
   3.8158158158158160      -0.99969504044532620      -0.98955527594857173     
   3.8198198198198199      -0.99966962845772411      -0.99000370842176366     
   3.8238238238238238      -0.99964579707996781      -0.99044235038682449     
   3.8278278278278277      -0.99962334398163788      -0.99087119750586350     
   3.8318318318318316      -0.99960250865711608      -0.99129024553785516     
   3.8358358358358360      -0.99958313019794054      -0.99169949033868066     
   3.8398398398398399      -0.99956533658357338      -0.99209892786116838     
   3.8438438438438438      -0.99954914307724718      -0.99248855415513493     
   3.8478478478478477      -0.99953440325866205      -0.99286836536742351     
   3.8518518518518516      -0.99952149327456630      -0.99323835774194280     
   3.8558558558558560      -0.99950979490500080      -0.99359852761970280     
   3.8598598598598599      -0.99950023860466752      -0.99394887143885202     
   3.8638638638638638      -0.99949156645955450      -0.99428938573471282     
   3.8678678678678677      -0.99948537537383020      -0.99462006713981466     
   3.8718718718718717      -0.99947974692699992      -0.99494091238392857     
   3.8758758758758760      -0.99947683093604911      -0.99525191829409909     
   3.8798798798798799      -0.99947434183398332      -0.99555308179467450     
   3.8838838838838838      -0.99947446232747394      -0.99584439990733942     
   3.8878878878878878      -0.99947532691099294      -0.99612586975114281     
   3.8918918918918921      -0.99947806776965176      -0.99639748854252641     
   3.8958958958958960      -0.99948262579574554      -0.99665925359535279     
   3.8998998998998999      -0.99948741794401819      -0.99691116232093191     
   3.9039039039039038      -0.99949606528873658      -0.99715321222804643     
   3.9079079079079078      -0.99950231011295021      -0.99738540092297623     
   3.9119119119119121      -0.99951531141560757      -0.99760772610952264     
   3.9159159159159160      -0.99952263679414510      -0.99782018558903074     
   3.9199199199199199      -0.99953980219675120      -0.99802277726041111     
   3.9239239239239239      -0.99954844173046820      -0.99821549912016083     
   3.9279279279279278      -0.99956871526101976      -0.99839834926238302     
   3.9319319319319321      -0.99957991507411637      -0.99857132587880604     
   3.9359359359359360      -0.99960102539097495      -0.99873442725880057     
   3.9399399399399400      -0.99961727197350969      -0.99888765178939798     
   3.9439439439439439      -0.99963569940741781      -0.99903099795530448     
   3.9479479479479478      -0.99966049015702529      -0.99916446433891781     
   3.9519519519519521      -0.99967201365919423      -0.99928804962034024     
   3.9559559559559561      -0.99970897750284504      -0.99940175257739150     
   3.9599599599599600      -0.99970985752798391      -0.99950557208562174     
   3.9639639639639639      -0.99976136535002613      -0.99959950711832180     
   3.9679679679679678      -0.99974979850555801      -0.99968355674653397     
   3.9719719719719722      -0.99981559408894238      -0.99975772013906072     
   3.9759759759759761      -0.99979298393117799      -0.99982199656247328     
   3.9799799799799800      -0.99986874489036648      -0.99987638538111856     
   3.9839839839839839      -0.99984238217259269      -0.99992088605712559     
   3.9879879879879878      -0.99991361937572021      -0.99995549815041107     
   3.9919919919919922      -0.99991062171841427      -0.99998022131868336     
   3.9959959959959961      -0.99992420435727380      -0.99999505531744570     
   4.0000000000000000       -1.0000000000000000       -1.0000000000000000     
