   0.0000000000000000        1.0000000000000000       0.99999999999999989     
   4.0040040040040040E-003  0.99942650075335948       0.99999505531744592     
   8.0080080080080079E-003  0.99999397456670402       0.99998022131868325     
   1.2012012012012012E-002  0.99946839564516476       0.99995549815041107     
   1.6016016016016016E-002  0.99989295451383853       0.99992088605712559     
   2.0020020020020020E-002  0.99955619614360625       0.99987638538111856     
   2.4024024024024024E-002  0.99981218748227141       0.99982199656247328     
   2.8028028028028028E-002  0.99965378125345383       0.99975772013906072     
   3.2032032032032032E-002  0.99977647950612514       0.99968355674653397     
   3.6036036036036036E-002  0.99974830765297651       0.99959950711832180     
   4.0040040040040040E-002  0.99978853678329538       0.99950557208562174     
   4.4044044044044044E-002  0.99984078182629665       0.99940175257739161     
   4.8048048048048048E-002  0.99984256500932733       0.99928804962034012     
   5.2052052052052052E-002  0.99993665934556164       0.99916446433891792     
   5.6056056056056056E-002  0.99993081144858942       0.99903099795530459     
   6.0060060060060060E-002   1.0000415727909058       0.99888765178939798     
   6.4064064064064064E-002   1.0000462896451054       0.99873442725880068     
   6.8068068068068074E-002   1.0001597401251596       0.99857132587880615     
   7.2072072072072071E-002   1.0001836090248399       0.99839834926238324     
   7.6076076076076082E-002   1.0002936617582321       0.99821549912016094     
   8.0080080080080079E-002   1.0003389515890868       0.99802277726041122     
   8.4084084084084090E-002   1.0004443552725244       0.99782018558903074     
   8.8088088088088087E-002   1.0005097355086359       0.99760772610952264     
   9.2092092092092098E-002   1.0006117482355710       0.99738540092297623     
   9.6096096096096095E-002   1.0006942253670301       0.99715321222804643     
  0.10010010010010011        1.0007950565625099       0.99691116232093191     
  0.10410410410410410        1.0008911974370505       0.99665925359535279     
  0.10810810810810811        1.0009930846448192       0.99639748854252641     
  0.11211211211211211        1.0010996919971171       0.99612586975114281     
  0.11611611611611612        1.0012044367859740       0.99584439990733964     
  0.12012012012012012        1.0013188491600034       0.99555308179467450     
  0.12412412412412413        1.0014276516513096       0.99525191829409887     
  0.12812812812812813        1.0015478118710845       0.99494091238392868     
  0.13213213213213212        1.0016612787880406       0.99462006713981466     
  0.13613613613613615        1.0017856768647462       0.99428938573471282     
  0.14014014014014015        1.0019039154527962       0.99394887143885213     
  0.14414414414414414        1.0020314769301628       0.99359852761970280     
  0.14814814814814814        1.0021542186266688       0.99323835774194291     
  0.15215215215215216        1.0022841816311507       0.99286836536742373     
  0.15615615615615616        1.0024109031089432       0.99248855415513493     
  0.16016016016016016        1.0025427074203839       0.99209892786116838     
  0.16416416416416416        1.0026727331178789       0.99169949033868066     
  0.16816816816816818        1.0028059314553917       0.99129024553785539     
  0.17217217217217218        1.0029385118263476       0.99087119750586361     
  0.17617617617617617        1.0030727054054891       0.99044235038682449     
  0.18018018018018017        1.0032070715124761       0.99000370842176388     
  0.18418418418418420        1.0033418676761994       0.98955527594857196     
  0.18818818818818819        1.0034772655019333       0.98909705740196130     
  0.19219219219219219        1.0036122532369001       0.98862905731342254     
  0.19619619619619619        1.0037479622177707       0.98815128031117949     
  0.20020020020020021        1.0038827010220810       0.98766373112014327     
  0.20420420420420421        1.0040180414762598       0.98716641456186571     
  0.20820820820820821        1.0041520592229671       0.98665933555449203     
  0.21221221221221220        1.0042863922581540       0.98614249911271146     
  0.21621621621621623        1.0044191885706937       0.98561591034770846     
  0.22022022022022023        1.0045519119019550       0.98507957446711159     
  0.22422422422422422        1.0046829644979576       0.98453349677494206     
  0.22822822822822822        1.0048135064340014       0.98397768267156138     
  0.23223223223223224        1.0049422782632873       0.98341213765361868     
  0.23623623623623624        1.0050700910551607       0.98283686731399489     
  0.24024024024024024        1.0051960372812931       0.98225187734174813     
  0.24424424424424424        1.0053205913610210       0.98165717352205828     
  0.24824824824824826        1.0054431654504867       0.98105276173616818     
  0.25225225225225223        1.0055639443310160       0.98043864796132674     
  0.25625625625625625        1.0056826027547654       0.97981483827072957     
  0.26026026026026028        1.0057990995249300       0.97918133883345804     
  0.26426426426426425        1.0059133053728455       0.97853815591441973     
  0.26826826826826827        1.0060250199641716       0.97788529587428519     
  0.27227227227227230        1.0061342451647586       0.97722276516942586     
  0.27627627627627627        1.0062406830978536       0.97655057035184956     
  0.28028028028028029        1.0063444098107770       0.97586871806913633     
  0.28428428428428426        1.0064450812217653       0.97517721506437238     
  0.28828828828828829        1.0065428024668277       0.97447606817608334     
  0.29229229229229231        1.0066372222461772       0.97376528433816700     
  0.29629629629629628        1.0067284417890265       0.97304487057982403     
  0.30030030030030030        1.0068161296670364       0.97231483402548924     
  0.30430430430430433        1.0069003620288344       0.97157518189476044     
  0.30830830830830830        1.0069808430456757       0.97082592150232794     
  0.31231231231231232        1.0070576127146111       0.97006706025790113     
  0.31631631631631629        1.0071304180255969       0.96929860566613568     
  0.32032032032032032        1.0071992589667995       0.96852056532656006     
  0.32432432432432434        1.0072639261310965       0.96773294693349898     
  0.32832832832832831        1.0073243814101485       0.96693575827599854     
  0.33233233233233234        1.0073804549466474       0.96612900723774819     
  0.33633633633633636        1.0074320759866791       0.96531270179700357     
  0.34034034034034033        1.0074791079435328       0.96448685002650714     
  0.34434434434434436        1.0075214541400810       0.96365146009340885     
  0.34834834834834832        1.0075590041155253       0.96280654025918455     
  0.35235235235235235        1.0075916427377309       0.96195209887955491     
  0.35635635635635637        1.0076192780459747       0.96108814440440293     
  0.36036036036036034        1.0076417837375709       0.96021468537768961     
  0.36436436436436437        1.0076590796837150       0.95933173043737041     
  0.36836836836836839        1.0076710342657640       0.95843928831530878     
  0.37237237237237236        1.0076775739800858       0.95753736783719101     
  0.37637637637637639        1.0076785664482277       0.95662597792243798     
  0.38038038038038036        1.0076739412630138       0.95570512758411708     
  0.38438438438438438        1.0076635686050095       0.95477482592885377     
  0.38838838838838841        1.0076473773026497       0.95383508215674051     
  0.39239239239239238        1.0076252426076115       0.95288590556124697     
  0.39639639639639640        1.0075970911128425       0.95192730552912663     
  0.40040040040040042        1.0075628043563001       0.95095929154032544     
  0.40440440440440439        1.0075223058421106       0.94998187316788707     
  0.40840840840840842        1.0074754838145032       0.94899506007785894     
  0.41241241241241239        1.0074222585161265       0.94799886202919548     
  0.41641641641641641        1.0073625247427758       0.94699328887366341     
  0.42042042042042044        1.0072961997727206       0.94597835055574242     
  0.42442442442442441        1.0072231844221926       0.94495405711252856     
  0.42842842842842843        1.0071433935896192       0.94392041867363297     
  0.43243243243243246        1.0070567333696772       0.94287744546108421     
  0.43643643643643643        1.0069631170058495       0.94182514778922499     
  0.44044044044044045        1.0068624550472383       0.94076353606461094     
  0.44444444444444442        1.0067546598373800       0.93969262078590843     
  0.44844844844844844        1.0066396455668654       0.93861241254378935     
  0.45245245245245247        1.0065173243881103       0.93752292202082743     
  0.45645645645645644        1.0063876133925973       0.93642415999139239     
  0.46046046046046046        1.0062504251570792       0.93531613732154295     
  0.46446446446446449        1.0061056790407237       0.93419886496891991     
  0.46846846846846846        1.0059532885430922       0.93307235398263733     
  0.47247247247247248        1.0057931747794471       0.93193661550317397     
  0.47647647647647645        1.0056252525476135       0.93079166076226205     
  0.48048048048048048        1.0054494443285908       0.92963750108277710     
  0.48448448448448450        1.0052656664769963       0.92847414787862570     
  0.48848848848848847        1.0050738425602443       0.92730161265463229     
  0.49249249249249250        1.0048738906449761       0.92611990700642588     
  0.49649649649649652        1.0046657352009065       0.92492904262032505     
  0.50050050050050054        1.0044492960762552       0.92372903127322259     
  0.50450450450450446        1.0042244985358022       0.92251988483246872     
  0.50850850850850848        1.0039912642120397       0.92130161525575405     
  0.51251251251251251        1.0037495191159220       0.92007423459099136     
  0.51651651651651653        1.0034991866181511       0.91883775497619602     
  0.52052052052052056        1.0032401934682595       0.91759218863936653     
  0.52452452452452447        1.0029724646964158       0.91633754789836308     
  0.52852852852852850        1.0026959278097267       0.91507384516078605     
  0.53253253253253252        1.0024105093999320       0.91380109292385314     
  0.53653653653653655        1.0021161377652517       0.91251930377427604     
  0.54054054054054057        1.0018127409526785       0.91122849038813569     
  0.54454454454454460        1.0015002480903505       0.90992866553075669     
  0.54854854854854851        1.0011785885738327       0.90861984205658186     
  0.55255255255255253        1.0008476923986118       0.90730203290904443     
  0.55655655655655656        1.0005074902072990       0.90597525112043986     
  0.56056056056056058        1.0001579128944216       0.90463950981179786     
  0.56456456456456461       0.99979889225679708       0.90329482219275237     
  0.56856856856856852       0.99943036011130992       0.90194120156140967     
  0.57257257257257255       0.99905224932672920       0.90057866130421826     
  0.57657657657657657       0.99866449265617829       0.89920721489583666     
  0.58058058058058060       0.99826702396917777       0.89782687589899912     
  0.58458458458458462       0.99785977695962835       0.89643765796438168     
  0.58858858858858853       0.99744268643726186       0.89503957483046792     
  0.59259259259259256       0.99701568703260612       0.89363264032341216     
  0.59659659659659658       0.99657871444494917       0.89221686835690384     
  0.60060060060060061       0.99613170422974240       0.89079227293202834     
  0.60460460460460463       0.99567459293366134       0.88935886813713039     
  0.60860860860860866       0.99520731701930598       0.88791666814767300     
  0.61261261261261257       0.99472981384568604       0.88646568722609853     
  0.61661661661661660       0.99424202076013946       0.88500593972168740     
  0.62062062062062062       0.99374387590467272       0.88353744007041513     
  0.62462462462462465       0.99323531748560867       0.88206020279481145     
  0.62862862862862867       0.99271628440314430       0.88057424250381455     
  0.63263263263263259       0.99218671569473860       0.87907957389262892     
  0.63663663663663661       0.99164655099732735       0.87757621174257761     
  0.64064064064064064       0.99109573015065389       0.87606417092095823     
  0.64464464464464466       0.99053419350926408       0.87454346638089420     
  0.64864864864864868       0.98996188168625365       0.87301411316118804     
  0.65265265265265260       0.98937873573628421       0.87147612638617244     
  0.65665665665665662       0.98878469701738891       0.86992952126555978     
  0.66066066066066065       0.98817970726792925       0.86837431309429269     
  0.66466466466466467       0.98756370856346187       0.86681051725239278     
  0.66866866866866870       0.98693664331035436       0.86523814920480835     
  0.67267267267267272       0.98629845427556018       0.86365722450126059     
  0.67667667667667664       0.98564908451822197       0.86206775877609154     
  0.68068068068068066       0.98498847747211582       0.86046976774810768     
  0.68468468468468469       0.98431657683415785       0.85886326722042616     
  0.68868868868868871       0.98363332668206804       0.85724827308031681     
  0.69269269269269274       0.98293867133573076       0.85562480129904683     
  0.69669669669669665       0.98223255549563804       0.85399286793172080     
  0.70070070070070067       0.98151492409002639       0.85235248911712413     
  0.70470470470470470       0.98078572242266993       0.85070368107756156     
  0.70870870870870872       0.98004489601578193       0.84904646011869800     
  0.71271271271271275       0.97929239075849761       0.84738084262939628     
  0.71671671671671666       0.97852815275299565       0.84570684508155602     
  0.72072072072072069       0.97775212845737725       0.84402448402995045     
  0.72472472472472471       0.97696426454017815       0.84233377611206173     
  0.72872872872872874       0.97616450801345533       0.84063473804791822     
  0.73273273273273276       0.97535280609904806       0.83892738663992727     
  0.73673673673673679       0.97452910634925738       0.83721173877271082     
  0.74074074074074070       0.97369335652675360       0.83548781141293649     
  0.74474474474474472       0.97284550471163356       0.83375562160915173     
  0.74874874874874875       0.97198549919559163       0.83201518649161366     
  0.75275275275275277       0.97111328857518842       0.83026652327212069     
  0.75675675675675680       0.97022882166010349       0.82850964924384218     
  0.76076076076076071       0.96933204755311242       0.82674458178114663     
  0.76476476476476474       0.96842291557160753       0.82497133833943037     
  0.76876876876876876       0.96750137531537461       0.82318993645494531     
  0.77277277277277279       0.96656737660011172       0.82140039374462548     
  0.77677677677677681       0.96562086951435322       0.81960272790591149     
  0.78078078078078073       0.96466180436355820       0.81779695671657793     
  0.78478478478478475       0.96369013171769025       0.81598309803455460     
  0.78878878878878878       0.96270580236433456       0.81416116979775299     
  0.79279279279279280       0.96170876734843769       0.81233119002388599     
  0.79679679679679682       0.96069897793301184       0.81049317681029232     
  0.80080080080080085       0.95967638563243751       0.80864714833375506     
  0.80480480480480476       0.95864094217933815       0.80679312285032445     
  0.80880880880880879       0.95759259955285547       0.80493111869513490     
  0.81281281281281281       0.95653130995036861       0.80306115428222591     
  0.81681681681681684       0.95545702581192471       0.80118324810435759     
  0.82082082082082086       0.95436969979573116       0.79929741873283022     
  0.82482482482482478       0.95326928479970297       0.79740368481729917     
  0.82882882882882880       0.95215573393988784       0.79550206508558996     
  0.83283283283283283       0.95102900056988626       0.79359257834351515     
  0.83683683683683685       0.94988903826150495       0.79167524347468543     
  0.84084084084084088       0.94873580082265740       0.78975007944032627     
  0.84484484484484490       0.94756924227973882       0.78781710527908688     
  0.84884884884884881       0.94638931689444949       0.78587634010685514     
  0.85285285285285284       0.94519597914748044       0.78392780311656585     
  0.85685685685685686       0.94398918375461682       0.78197151357801298     
  0.86086086086086089       0.94276888565145400       0.78000749083765841     
  0.86486486486486491       0.94153504000898447       0.77803575431843952     
  0.86886886886886883       0.94028760221916852       0.77605632351957921     
  0.87287287287287285       0.93902652791016450       0.77406921801639061     
  0.87687687687687688       0.93775177293262824       0.77207445746008641     
  0.88088088088088090       0.93646329337465750       0.77007206157758135     
  0.88488488488488493       0.93516104554878066       0.76806205017129980     
  0.88888888888888884       0.93384498600665844       0.76604444311897812     
  0.89289289289289286       0.93251507152668045       0.76401926037346957     
  0.89689689689689689       0.93117125912851195       0.76198652196254524     
  0.90090090090090091       0.92981350606124935       0.75994624798869781     
  0.90490490490490494       0.92844176981780979       0.75789845862894112     
  0.90890890890890896       0.92705600812366296       0.75584317413461199     
  0.91291291291291288       0.92565617895102359       0.75378041483116964     
  0.91691691691691690       0.92424224050823700       0.75171020111799358     
  0.92092092092092093       0.92281415125367983       0.74963255346818269     
  0.92492492492492495       0.92137186988584041       0.74754749242835361     
  0.92892892892892898       0.91991535535695945       0.74545503861843632     
  0.93293293293293289       0.91844456686374487       0.74335521273147021     
  0.93693693693693691       0.91695946386075478       0.74124803553340046     
  0.94094094094094094       0.91546000605182742       0.73913352786287123     
  0.94494494494494496       0.91394615340309038       0.73701171063102144     
  0.94894894894894899       0.91241786613516762       0.73488260482127599     
  0.95295295295295290       0.91087510473580924       0.73274623148913998     
  0.95695695695695693       0.90931782995288202       0.73060261176198882     
  0.96096096096096095       0.90774600280657447       0.72845176683886093     
  0.96496496496496498       0.90615958458321277       0.72629371799024722     
  0.96896896896896900       0.90455853684704235       0.72412848655788020     
  0.97297297297297303       0.90294282143482152       0.72195609395452465     
  0.97697697697697694       0.90131240046722527       0.71977656166376347     
  0.98098098098098097       0.89966723634417567       0.71758991123978799     
  0.98498498498498499       0.89800729175591221       0.71539616430718200     
  0.98898898898898902       0.89633252967901433       0.71319534256071038     
  0.99299299299299304       0.89464291338716606       0.71098746776510235     
  0.99699699699699695       0.89293840644783540       0.70877256175483849     
   1.0010010010010011       0.89121897273277495       0.70655064643393239     
   1.0050050050050050       0.88948457641532042       0.70432174377571666     
   1.0090090090090089       0.88773518198064272       0.70208587582262261     
   1.0130130130130131       0.88597075422365135       0.69984306468596524     
   1.0170170170170170       0.88419125825901401       0.69759333254572309     
   1.0210210210210211       0.88239665951965252       0.69533670165031780     
   1.0250250250250250       0.88058692376652303       0.69307319431639725     
   1.0290290290290289       0.87876201708770418       0.69080283292861089     
   1.0330330330330331       0.87692190590794650       0.68852563993939231     
   1.0370370370370370       0.87506655698833113       0.68624163786873360     
   1.0410410410410411       0.87319593743561064       0.68395084930396588     
   1.0450450450450450       0.87131001470241776       0.68165329689953280     
   1.0490490490490489       0.86940875659639394       0.67934900337676996     
   1.0530530530530531       0.86749213128095715       0.67703799152367639     
   1.0570570570570570       0.86556010728421606       0.67472028419469277     
   1.0610610610610611       0.86361265350027283       0.67239590431047247     
   1.0650650650650650       0.86164973919795718       0.67006487485765720     
   1.0690690690690692       0.85967133402261242       0.66772721888864850     
   1.0730730730730731       0.85767740800470837       0.66538295952137927     
   1.0770770770770770       0.85566793156203669       0.66303211993908673     
   1.0810810810810811       0.85364287550828311       0.66067472339008138     
   1.0850850850850851       0.85160221105553902       0.65831079318751895     
   1.0890890890890892       0.84954590982289979       0.65594035270916762     
   1.0930930930930931       0.84747394383925212       0.65356342539717938     
   1.0970970970970970       0.84538628555191231       0.65118003475785569     
   1.1011011011011012       0.84328290782967885       0.64879020436141710     
   1.1051051051051051       0.84116378397150016       0.64639395784176923     
   1.1091091091091092       0.83902888770982331       0.64399131889626848     
   1.1131131131131131       0.83687819321923751       0.64158231128548826     
   1.1171171171171170       0.83471167512015187       0.63916695883298480     
   1.1211211211211212       0.83252930848739182       0.63674528542506059     
   1.1251251251251251       0.83033106885421093       0.63431731501052790     
   1.1291291291291292       0.82811693222084093       0.63188307160047219     
   1.1331331331331331       0.82588687505882452       0.62944257926801572     
   1.1371371371371370       0.82364087431951705       0.62699586214807856     
   1.1411411411411412       0.82137890743873254       0.62454294443713887     
   1.1451451451451451       0.81910095234521030       0.62208385039299618     
   1.1491491491491492       0.81680698746554881       0.61961860433452864     
   1.1531531531531531       0.81449699173264845       0.61714723064145538     
   1.1571571571571571       0.81217094459090178       0.61466975375409227     
   1.1611611611611612       0.80982882600465023       0.61218619817311382     
   1.1651651651651651       0.80747061646359020       0.60969658845930685     
   1.1691691691691692       0.80509629699124996       0.60720094923333146     
   1.1731731731731732       0.80270584915062415       0.60469930517547543     
   1.1771771771771771       0.80029925505262289       0.60219168102540976     
   1.1811811811811812       0.79787649736198718       0.59967810158194490     
   1.1851851851851851       0.79543755930565796       0.59715859170278607     
   1.1891891891891893       0.79298242467898061       0.59463317630428669     
   1.1931931931931932       0.79051107785399322       0.59210188036120104     
   1.1971971971971973       0.78802350378592190       0.58956472890643952     
   1.2012012012012012       0.78551968802135641       0.58702174703081855     
   1.2052052052052051       0.78299961670507134       0.58447295988281511     
   1.2092092092092093       0.78046327658802017       0.58191839266831502     
   1.2132132132132132       0.77791065503456358       0.57935807065036715     
   1.2172172172172173       0.77534174003017930       0.57679201914892964     
   1.2212212212212212       0.77275652018918317       0.57422026354062339     
   1.2252252252252251       0.77015498476205912       0.57164282925847876     
   1.2292292292292293       0.76753712364375082       0.56905974179168362     
   1.2332332332332332       0.76490292738053112       0.56647102668533400     
   1.2372372372372373       0.76225238717892552       0.56387670954017777     
   1.2412412412412412       0.75958549491203153       0.56127681601236523     
   1.2452452452452452       0.75690224312918863       0.55867137181319193     
   1.2492492492492493       0.75420262506156233       0.55606040270884771     
   1.2532532532532532       0.75148663463279552       0.55344393452015839     
   1.2572572572572573       0.74875426646353571       0.55082199312233371     
   1.2612612612612613       0.74600551588343944       0.54819460444470980     
   1.2652652652652652       0.74324037893421058       0.54556179447049202     
   1.2692692692692693       0.74045885238340348       0.54292358923649942     
   1.2732732732732732       0.73766093372548325       0.54028001483290677     
   1.2772772772772774       0.73484662119794020       0.53763109740298687     
   1.2812812812812813       0.73201591377977671       0.53497686314285187     
   1.2852852852852852       0.72916881121060695       0.53231733830119210     
   1.2892892892892893       0.72630531398575604       0.52965254917902038     
   1.2932932932932932       0.72342542337927895       0.52698252212940966     
   1.2972972972972974       0.72052914143458113       0.52430728355723166     
   1.3013013013013013       0.71761647099256420       0.52162685991889790     
   1.3053053053053052       0.71468741567641458       0.51894127772209575     
   1.3093093093093093       0.71174197992635402       0.51625056352552856     
   1.3133133133133132       0.70878016897690432       0.51355474393865164     
   1.3173173173173174       0.70580198890015933       0.51085384562140879     
   1.3213213213213213       0.70280744657332517       0.50814789528396931     
   1.3253253253253254       0.69979654973297079       0.50543691968646431     
   1.3293293293293293       0.69676930693005967       0.50272094563872183     
   1.3333333333333333       0.69372572759829298       0.50000000000000033     
   1.3373373373373374       0.69066582199311455       0.49727410967872421     
   1.3413413413413413       0.68758960127804958       0.49454330163221866     
   1.3453453453453454       0.68449707744331201       0.49180760286644143     
   1.3493493493493494       0.68138826341500125       0.48906704043571680     
   1.3533533533533533       0.67826317294784477       0.48632164144246692     
   1.3573573573573574       0.67512182076334759       0.48357143303694439     
   1.3613613613613613       0.67196422240982956       0.48081644241696458     
   1.3653653653653655       0.66879039443715116       0.47805669682763607     
   1.3693693693693694       0.66560035421550601       0.47529222356109019     
   1.3733733733733733       0.66239412015623567       0.47252304995621203     
   1.3773773773773774       0.65917171147872722       0.46974920339837073     
   1.3813813813813813       0.65593314848916762       0.46697071131914814     
   1.3853853853853855       0.65267845228233767       0.46418760119606600     
   1.3893893893893894       0.64940764509297144       0.46139990055231739     
   1.3933933933933933       0.64612074991609558       0.45860763695649082     
   1.3973973973973974       0.64281779094915870       0.45581083802230099     
   1.4014014014014013       0.63949879311071478       0.45300953140831446     
   1.4054054054054055       0.63616378259571027       0.45020374481767350     
   1.4094094094094094       0.63281278626765680       0.44739350599782696     
   1.4134134134134133       0.62944583235459484       0.44457884274025250     
   1.4174174174174174       0.62606294968425757       0.44175978288018319     
   1.4214214214214214       0.62266416855442774       0.43893635429633082     
   1.4254254254254255       0.61924951977378062       0.43610858491061116     
   1.4294294294294294       0.61581903574784624       0.43327650268786849     
   1.4334334334334333       0.61237274927997931       0.43044013563559824     
   1.4374374374374375       0.60891069492319116       0.42759951180366951     
   1.4414414414414414       0.60543290748574918       0.42475465928404799     
   1.4454454454454455       0.60193942371006803       0.42190560621051937     
   1.4494494494494494       0.59843028041544677       0.41905238075840973     
   1.4534534534534536       0.59490551657835034       0.41619501114430768     
   1.4574574574574575       0.59136517103042785       0.41333352562578418     
   1.4614614614614614       0.58780928503020569       0.41046795250111390     
   1.4654654654654655       0.58423789941738435       0.40759832010899610     
   1.4694694694694694       0.58065105778470449       0.40472465682827363     
   1.4734734734734736       0.57704880296903771       0.40184699107765148     
   1.4774774774774775       0.57343118095455026       0.39896535131541649     
   1.4814814814814814       0.56979823655672812       0.39607976603915679     
   1.4854854854854855       0.56615001821451472       0.39319026378547872     
   1.4894894894894894       0.56248657269447744       0.39029687312972589     
   1.4934934934934936       0.55880795096111380       0.38739962268569328     
   1.4974974974974975       0.55511420169405923       0.38449854110534909     
   1.5015015015015014       0.55140537846307791       0.38159365707854875     
   1.5055055055055055       0.54768153181063961       0.37868499933275013     
   1.5095095095095095       0.54394271800217053       0.37577259663273255     
   1.5135135135135136       0.54018898937851711       0.37285647778030873     
   1.5175175175175175       0.53642040500390153       0.36993667161404314     
   1.5215215215215214       0.53263701893653304       0.36701320700896550     
   1.5255255255255256       0.52883889315768473       0.36408611287628412     
   1.5295295295295295       0.52502608334268919       0.36115541816310132     
   1.5335335335335336       0.52119865452600167       0.35822115185212744     
   1.5375375375375375       0.51735666387752954       0.35528334296139380     
   1.5415415415415414       0.51350017964211625       0.35234202054396474     
   1.5455455455455456       0.50962926033584433       0.34939721368765114     
   1.5495495495495495       0.50574397759589862       0.34644895151472355     
   1.5535535535535536       0.50184439110624257       0.34349726318162310     
   1.5575575575575575       0.49793057610732167       0.34054217787867375     
   1.5615615615615615       0.49400259323816487       0.33758372482979260     
   1.5655655655655656       0.49006052158718666       0.33462193329220158     
   1.5695695695695695       0.48610442249589103       0.33165683255613898     
   1.5735735735735736       0.48213437918466434       0.32868845194456903     
   1.5775775775775776       0.47815045339912537       0.32571682081289088     
   1.5815815815815817       0.47415273282120984       0.32274196854864945     
   1.5855855855855856       0.47014127924973514       0.31976392457124525     
   1.5895895895895895       0.46611618521044879       0.31678271833164295     
   1.5935935935935936       0.46207751214423104       0.31379837931207866     
   1.5975975975975976       0.45802535786362453       0.31081093702577139     
   1.6016016016016017       0.45395978297158235       0.30782042101662782     
   1.6056056056056056       0.44988089108020540       0.30482686085895305     
   1.6096096096096095       0.44578874139597097       0.30183028615715729     
   1.6136136136136137       0.44168344392326880       0.29883072654546011     
   1.6176176176176176       0.43756505582411187       0.29582821168760254     
   1.6216216216216217       0.43343369417928296       0.29282277127655032     
   1.6256256256256256       0.42928941335676307       0.28981443503420135     
   1.6296296296296295       0.42513233830192920       0.28680323271109065     
   1.6336336336336337       0.42096251972406468       0.28378919408609704     
   1.6376376376376376       0.41678009133960581       0.28077234896614933     
   1.6416416416416417       0.41258509920437253       0.27775272718593036     
   1.6456456456456456       0.40837768684628994       0.27473035860758332     
   1.6496496496496496       0.40415789452625911       0.27170527312041282     
   1.6536536536536537       0.39992587677543096       0.26867750064059459     
   1.6576576576576576       0.39568166675337202       0.26564707111087615     
   1.6616616616616617       0.39142543135658120       0.26261401450028199     
   1.6656656656656657       0.38715719515185926       0.25957836080381591     
   1.6696696696696696       0.38287713895447556       0.25654014004216519     
   1.6736736736736737       0.37858527704009576       0.25349938226140467     
   1.6776776776776776       0.37428180591030524       0.25045611753269870     
   1.6816816816816818       0.36996672762045901       0.24741037595200283     
   1.6856856856856857       0.36564025636493624       0.24436218763976714     
   1.6896896896896898       0.36130237979292840       0.24131158274063927     
   1.6936936936936937       0.35695333206385743       0.23825859142316480     
   1.6976976976976976       0.35259308395030992       0.23520324387949043     
   1.7017017017017018       0.34822189214366556       0.23214557032506186     
   1.7057057057057057       0.34383970775491018       0.22908560099833006     
   1.7097097097097098       0.33944681289991457       0.22602336616044894     
   1.7137137137137137       0.33504313589651047       0.22295889609497727     
   1.7177177177177176       0.33062898753618386       0.21989222110757800     
   1.7217217217217218       0.32620426983152367       0.21682337152571932     
   1.7257257257257257       0.32176932589425628       0.21375237769837560     
   1.7297297297297298       0.31732402750324573       0.21067926999572606     
   1.7337337337337337       0.31286875416531529       0.20760407880885565     
   1.7377377377377377       0.30840334304314526       0.20452683454945109     
   1.7417417417417418       0.30392821458210706       0.20144756764950522     
   1.7457457457457457       0.29944316645316904       0.19836630856101312     
   1.7497497497497498       0.29494866509205003       0.19528308775567005     
   1.7537537537537538       0.29044446326907991       0.19219793572457314     
   1.7577577577577577       0.28593107901129911       0.18911088297791637     
   1.7617617617617618       0.28140821420487416       0.18602196004469188     
   1.7657657657657657       0.27687644465981748       0.18293119747238676     
   1.7697697697697699       0.27233541477837275       0.17983862582668017     
   1.7737737737737738       0.26778576497754136       0.17674427569114179     
   1.7777777777777777       0.26322707491811731       0.17364817766693028     
   1.7817817817817818       0.25866005712176432       0.17055036237248988     
   1.7857857857857857       0.25408421855174224       0.16745086044324664     
   1.7897897897897899       0.24950035204591006       0.16434970253130635     
   1.7937937937937938       0.24490788317604900       0.16124691930515228     
   1.7977977977977977       0.24030769405990862       0.15814254144934106     
   1.8018018018018018       0.23569911940904351       0.15503659966419786     
   1.8058058058058057       0.23108314037243141       0.15192912466551589     
   1.8098098098098099       0.22645899052425375       0.14882014718424907     
   1.8138138138138138       0.22182776061529505       0.14570969796621130     
   1.8178178178178179       0.21718857196769376       0.14259780777177095     
   1.8218218218218218       0.21254263635039239       0.13948450737554591     
   1.8258258258258258       0.20788895085789236       0.13636982756610005     
   1.8298298298298299       0.20322886055956246       0.13325379914563965     
   1.8338338338338338       0.19856122546945926       0.13013645292970785     
   1.8378378378378379       0.19388753711786755       0.12701781974687870     
   1.8418418418418419       0.18920650470071909       0.12389793043845529     
   1.8458458458458458       0.18451978025080579       0.12077681585816115     
   1.8498498498498499       0.17982590752600155       0.11765450687183837     
   1.8538538538538538       0.17512671397604884       0.11453103435714140     
   1.8578578578578580       0.17042056243323717       0.11140642920322855     
   1.8618618618618619       0.16570947153036009       0.10828072231046192     
   1.8658658658658658       0.16099160684757138       0.10515394459009815     
   1.8698698698698699       0.15626919478241746       0.10202612696398421     
   1.8738738738738738       0.15154018654177329        9.8897300364250137E-002
   1.8778778778778780       0.14680703363233766        9.5767495733004110E-002
   1.8818818818818819       0.14206745503428464        9.2636744022027262E-002
   1.8858858858858858       0.13732414539877463        8.9505076192466795E-002
   1.8898898898898899       0.13257457297582081        8.6372523214528804E-002
   1.8938938938938938       0.12782169419454303        8.3239116067172991E-002
   1.8978978978978980       0.12306270752551020        8.0104885737807094E-002
   1.9019019019019019       0.11830085029180588        7.6969863221979185E-002
   1.9059059059059058       0.11353303171763059        7.3834079523072429E-002
   1.9099099099099099       0.10876278947794958        7.0697565651994948E-002
   1.9139139139139139       0.10398672382007702        6.7560352626878470E-002
   1.9179179179179180        9.9208692403363150E-002   6.4422471472768014E-002
   1.9219219219219219        9.4424966685774506E-002   6.1283953221316440E-002
   1.9259259259259258        8.9639743922436399E-002   5.8144828910476183E-002
   1.9299299299299300        8.4848947098330227E-002   5.5005129584193228E-002
   1.9339339339339339        8.0057132429191519E-002   5.1864886292100981E-002
   1.9379379379379380        7.5259855113304089E-002   4.8724130089211899E-002
   1.9419419419419419        7.0462049189069328E-002   4.5582892035611673E-002
   1.9459459459459461        6.5658883396561687E-002   4.2441203196148525E-002
   1.9499499499499500        6.0855687668500157E-002   3.9299094640131337E-002
   1.9539539539539539        5.6047226561271979E-002   3.6156597441019275E-002
   1.9579579579579580        5.1239242863974931E-002   3.3013742676113601E-002
   1.9619619619619619        4.6426080505348473E-002   2.9870561426253450E-002
   1.9659659659659661        4.1613910631813737E-002   2.6727084775504926E-002
   1.9699699699699700        3.6796641753748617E-002   2.3583343810856781E-002
   1.9739739739739739        3.1980887010916045E-002   2.0439369621911660E-002
   1.9779779779779780        2.7160106839559228E-002   1.7295193300577764E-002
   1.9819819819819819        2.2341367442908627E-002   1.4150845940762258E-002
   1.9859859859859861        1.7517672008818874E-002   1.1006358638064652E-002
   1.9899899899899900        1.2696545072784910E-002   7.8617624894684063E-003
   1.9939939939939939        7.8705357161071455E-003   4.7170885930325071E-003
   1.9979979979979980        3.0476004575250887E-003   1.5723680475848198E-003
   2.0020020020020022       -1.7800722269732626E-003  -1.5723680475845747E-003
   2.0060060060060061       -6.6043897963248520E-003  -4.7170885930322625E-003
   2.0100100100100100       -1.1432617869625947E-002  -7.8617624894681600E-003
   2.0140140140140139       -1.6257124555779628E-002  -1.1006358638064406E-002
   2.0180180180180178       -2.1084742407802712E-002  -1.4150845940762012E-002
   2.0220220220220222       -2.5908294735681056E-002  -1.7295193300577522E-002
   2.0260260260260261       -3.0734183155829643E-002  -2.0439369621911417E-002
   2.0300300300300300       -3.5555673736139104E-002  -2.3583343810856538E-002
   2.0340340340340339       -4.0378749281929818E-002  -2.6727084775504683E-002
   2.0380380380380378       -4.5197123121826339E-002  -2.9870561426253207E-002
   2.0420420420420422       -5.0016393206001777E-002  -3.3013742676113789E-002
   2.0460460460460461       -5.4830727852875072E-002  -3.6156597441019026E-002
   2.0500500500500500       -5.9645362727037819E-002  -3.9299094640131087E-002
   2.0540540540540539       -6.4454902701852793E-002  -4.2441203196148275E-002
   2.0580580580580579       -6.9264221856280103E-002  -4.5582892035610979E-002
   2.0620620620620622       -7.4068327808085463E-002  -4.8724130089212093E-002
   2.0660660660660661       -7.8871732114931273E-002  -5.1864886292100738E-002
   2.0700700700700700       -8.3669815228632413E-002  -5.5005129584192979E-002
   2.0740740740740740       -8.8466734390798357E-002  -5.8144828910475933E-002
   2.0780780780780779       -9.3258220153505336E-002  -6.1283953221315746E-002
   2.0820820820820822       -9.8048090368101692E-002  -6.4422471472768209E-002
   2.0860860860860861      -0.10283240637696338       -6.7560352626878220E-002
   2.0900900900900901      -0.10761466423104285       -7.0697565651994698E-002
   2.0940940940940940      -0.11239123764229313       -7.3834079523071736E-002
   2.0980980980980979      -0.11716531918246691       -7.6969863221978935E-002
   2.1021021021021022      -0.12193357667905383       -8.0104885737806844E-002
   2.1061061061061062      -0.12669891762412594       -8.3239116067172741E-002
   2.1101101101101101      -0.13145828584910851       -8.6372523214528554E-002
   2.1141141141141140      -0.13621432198968741       -8.9505076192466101E-002
   2.1181181181181179      -0.14096422803490505       -9.2636744022027012E-002
   2.1221221221221223      -0.14571039565510269       -9.5767495733003860E-002
   2.1261261261261262      -0.15045026754365398       -9.8897300364249888E-002
   2.1301301301301301      -0.15518600384231485      -0.10202612696398396     
   2.1341341341341340      -0.15991527099753486      -0.10515394459009790     
   2.1381381381381384      -0.16464001450571733      -0.10828072231046167     
   2.1421421421421423      -0.16935810820586503      -0.11140642920322831     
   2.1461461461461462      -0.17407129919938460      -0.11453103435714115     
   2.1501501501501501      -0.17877765301792711      -0.11765450687183812     
   2.1541541541541540      -0.18347873392400299      -0.12077681585816090     
   2.1581581581581584      -0.18817278415548855      -0.12389793043845504     
   2.1621621621621623      -0.19286119995260914      -0.12701781974687892     
   2.1661661661661662      -0.19754238602416563      -0.13013645292970763     
   2.1701701701701701      -0.20221758463435302      -0.13325379914563942     
   2.1741741741741740      -0.20688534950288334      -0.13636982756609983     
   2.1781781781781784      -0.21154678217560297      -0.13948450737554569     
   2.1821821821821823      -0.21620057271077842      -0.14259780777177072     
   2.1861861861861862      -0.22084769439780846      -0.14570969796621108     
   2.1901901901901901      -0.22548696175097610      -0.14882014718424885     
   2.1941941941941940      -0.23011923147161545      -0.15192912466551567     
   2.1981981981981984      -0.23474343143075541      -0.15503659966419808     
   2.2022022022022023      -0.23936031262681581      -0.15814254144934084     
   2.2062062062062062      -0.24396890595769047      -0.16124691930515206     
   2.2102102102102101      -0.24856986683778526      -0.16434970253130612     
   2.2142142142142140      -0.25316231961143087      -0.16745086044324597     
   2.2182182182182184      -0.25774683348412925      -0.17055036237248966     
   2.2222222222222223      -0.26232261739084500      -0.17364817766693005     
   2.2262262262262262      -0.26689016298632745      -0.17674427569114157     
   2.2302302302302301      -0.27144875563631771      -0.17983862582667995     
   2.2342342342342341      -0.27599881741622029      -0.18293119747238654     
   2.2382382382382384      -0.28053970262704742      -0.18602196004469207     
   2.2422422422422423      -0.28507177108223913      -0.18911088297791614     
   2.2462462462462462      -0.28959443915324534      -0.19219793572457292     
   2.2502502502502502      -0.29410801108933415      -0.19528308775566983     
   2.2542542542542541      -0.29861195906318821      -0.19836630856101248     
   2.2582582582582584      -0.30310653787359848      -0.20144756764950500     
   2.2622622622622623      -0.30759126978512441      -0.20452683454945086     
   2.2662662662662663      -0.31206636571163343      -0.20760407880885542     
   2.2702702702702702      -0.31653139282407577      -0.21067926999572584     
   2.2742742742742741      -0.32098652320473836      -0.21375237769837538     
   2.2782782782782784      -0.32543136423362190      -0.21682337152571909     
   2.2822822822822824      -0.32986605373805222      -0.21989222110757778     
   2.2862862862862863      -0.33429023506278971      -0.22295889609497704     
   2.2902902902902902      -0.33870401591480059      -0.22602336616044871     
   2.2942942942942941      -0.34310707177820854      -0.22908560099832984     
   2.2982982982982985      -0.34749948396584524      -0.23214557032506164     
   2.3023023023023024      -0.35188095666172226      -0.23520324387949024     
   2.3063063063063063      -0.35625154813475657      -0.23825859142316458     
   2.3103103103103102      -0.36061098818368664      -0.24131158274063905     
   2.3143143143143141      -0.36495931503865853      -0.24436218763976694     
   2.3183183183183185      -0.36929628135220255      -0.24741037595200260     
   2.3223223223223224      -0.37362190800512868      -0.25045611753269847     
   2.3263263263263263      -0.37793596803856716      -0.25349938226140445     
   2.3303303303303302      -0.38223846738545164      -0.25654014004216497     
   2.3343343343343341      -0.38652919727925178      -0.25957836080381524     
   2.3383383383383385      -0.39080815084455628      -0.26261401450028221     
   2.3423423423423424      -0.39507513555473361      -0.26564707111087593     
   2.3463463463463463      -0.39933013362798259      -0.26867750064059437     
   2.3503503503503502      -0.40357296704553630      -0.27170527312041259     
   2.3543543543543541      -0.40780360880624383      -0.27473035860758266     
   2.3583583583583585      -0.41202189386584864      -0.27775272718593058     
   2.3623623623623624      -0.41622778749697487      -0.28077234896614911     
   2.3663663663663663      -0.42042113627511657      -0.28378919408609682     
   2.3703703703703702      -0.42460189906526624      -0.28680323271108998     
   2.3743743743743742      -0.42876993286801418      -0.28981443503420068     
   2.3783783783783785      -0.43292519130260626      -0.29282277127655010     
   2.3823823823823824      -0.43706754074321919      -0.29582821168760237     
   2.3863863863863863      -0.44119693058486398      -0.29883072654545989     
   2.3903903903903903      -0.44531323565143621      -0.30183028615715662     
   2.3943943943943946      -0.44941640200976296      -0.30482686085895327     
   2.3983983983983985      -0.45350631212311499      -0.30782042101662760     
   2.4024024024024024      -0.45758290951430303      -0.31081093702577117     
   2.4064064064064064      -0.46164608357633363      -0.31379837931207849     
   2.4104104104104103      -0.46569577597260536      -0.31678271833164234     
   2.4144144144144146      -0.46973188240532393      -0.31976392457124503     
   2.4184184184184185      -0.47375434327466065      -0.32274196854864923     
   2.4224224224224224      -0.47776306005012220      -0.32571682081289072     
   2.4264264264264264      -0.48175797238647339      -0.32868845194456880     
   2.4304304304304303      -0.48573898704784735      -0.33165683255613876     
   2.4344344344344346      -0.48970604339210350      -0.33462193329220136     
   2.4384384384384385      -0.49365905306610669      -0.33758372482979238     
   2.4424424424424425      -0.49759795551810831      -0.34054217787867352     
   2.4464464464464464      -0.50152266691904002      -0.34349726318162288     
   2.4504504504504503      -0.50543312714090471      -0.34644895151472338     
   2.4544544544544546      -0.50932925656652817      -0.34939721368765092     
   2.4584584584584586      -0.51321099577756624      -0.35234202054396457     
   2.4624624624624625      -0.51707826909707588      -0.35528334296139358     
   2.4664664664664664      -0.52093101806058451      -0.35822115185212722     
   2.4704704704704703      -0.52476917069491058      -0.36115541816310109     
   2.4744744744744747      -0.52859266969712004      -0.36408611287628395     
   2.4784784784784786      -0.53240144659181954      -0.36701320700896528     
   2.4824824824824825      -0.53619544541327635      -0.36993667161404292     
   2.4864864864864864      -0.53997460100426320      -0.37285647778030850     
   2.4904904904904903      -0.54373885888393092      -0.37577259663273233     
   2.4944944944944947      -0.54748815705629938      -0.37868499933275035     
   2.4984984984984986      -0.55122244264865583      -0.38159365707854853     
   2.5025025025025025      -0.55494165668885487      -0.38449854110534887     
   2.5065065065065064      -0.55864574801427114      -0.38739962268569306     
   2.5105105105105103      -0.56233466055588766      -0.39029687312972527     
   2.5145145145145147      -0.56600834494456498      -0.39319026378547894     
   2.5185185185185186      -0.56966674790796978      -0.39607976603915657     
   2.5225225225225225      -0.57330982193771263      -0.39896535131541627     
   2.5265265265265264      -0.57693751646383451      -0.40184699107765126     
   2.5305305305305303      -0.58054978589193607      -0.40472465682827302     
   2.5345345345345347      -0.58414658227041472      -0.40759832010899633     
   2.5385385385385386      -0.58772786195993165      -0.41046795250111373     
   2.5425425425425425      -0.59129357955191597      -0.41333352562578402     
   2.5465465465465464      -0.59484369339260246      -0.41619501114430751     
   2.5505505505505504      -0.59837816054844450      -0.41905238075840956     
   2.5545545545545547      -0.60189694137261485      -0.42190560621051959     
   2.5585585585585586      -0.60539999534471700      -0.42475465928404776     
   2.5625625625625625      -0.60888728483830856      -0.42759951180366890     
   2.5665665665665665      -0.61235877168938335      -0.43044013563559802     
   2.5705705705705704      -0.61581442029847755      -0.43327650268786827     
   2.5745745745745747      -0.61925419480546728      -0.43610858491061100     
   2.5785785785785786      -0.62267806163853567      -0.43893635429633066     
   2.5825825825825826      -0.62608598719244513      -0.44175978288018303     
   2.5865865865865865      -0.62947793991857415      -0.44457884274025233     
   2.5905905905905904      -0.63285388842046308      -0.44739350599782673     
   2.5945945945945947      -0.63621380316381604      -0.45020374481767333     
   2.5985985985985987      -0.63955765491720118      -0.45300953140831385     
   2.6026026026026026      -0.64288541614796246      -0.45581083802230121     
   2.6066066066066065      -0.64619705974786434      -0.45860763695649065     
   2.6106106106106104      -0.64949256016991919      -0.46139990055231678     
   2.6146146146146148      -0.65277189238879962      -0.46418760119606622     
   2.6186186186186187      -0.65603503282438391      -0.46697071131914791     
   2.6226226226226226      -0.65928195849520577      -0.46974920339837051     
   2.6266266266266265      -0.66251264776677332      -0.47252304995621180     
   2.6306306306306309      -0.66572707966341793      -0.47529222356109002     
   2.6346346346346348      -0.66892523447294838      -0.47805669682763591     
   2.6386386386386387      -0.67210709318821260      -0.48081644241696481     
   2.6426426426426426      -0.67527263799419968      -0.48357143303694416     
   2.6466466466466465      -0.67842185181560211      -0.48632164144246637     
   2.6506506506506509      -0.68155471870793927      -0.48906704043571703     
   2.6546546546546548      -0.68467122349155474      -0.49180760286644165     
   2.6586586586586587      -0.68777135206454076      -0.49454330163221849     
   2.6626626626626626      -0.69085509110707266      -0.49727410967872404     
   2.6666666666666665      -0.69392242833075146      -0.49999999999999972     
   2.6706706706706709      -0.69697335224005730      -0.50272094563872161     
   2.6746746746746748      -0.70000785233010387      -0.50543691968646454     
   2.6786786786786787      -0.70302591889437616      -0.50814789528396909     
   2.6826826826826826      -0.70602754318072858      -0.51085384562140823     
   2.6866866866866865      -0.70901271723653481      -0.51355474393865141     
   2.6906906906906909      -0.71198143403097336      -0.51625056352552878     
   2.6946946946946948      -0.71493368733034868      -0.51894127772209564     
   2.6986986986986987      -0.71786947179322014      -0.52162685991889768     
   2.7027027027027026      -0.72078878287000259      -0.52430728355723144     
   2.7067067067067065      -0.72369161687627137      -0.52698252212940910     
   2.7107107107107109      -0.72657797091186405      -0.52965254917902060     
   2.7147147147147148      -0.72944784291668296      -0.53231733830119188     
   2.7187187187187187      -0.73230123160542593      -0.53497686314285131     
   2.7227227227227226      -0.73513813650939452      -0.53763109740298709     
   2.7267267267267266      -0.73795855792371923      -0.54028001483290666     
   2.7307307307307309      -0.74076249693800833      -0.54292358923649919     
   2.7347347347347348      -0.74354995539354485      -0.54556179447049191     
   2.7387387387387387      -0.74632093590505566      -0.54819460444470958     
   2.7427427427427427      -0.74907544182585373      -0.55082199312233360     
   2.7467467467467466      -0.75181347726256631      -0.55344393452015828     
   2.7507507507507509      -0.75453504704659402      -0.55606040270884749     
   2.7547547547547548      -0.75724015674327039      -0.55867137181319182     
   2.7587587587587588      -0.75992881262834056      -0.56127681601236501     
   2.7627627627627627      -0.76260102169272781      -0.56387670954017755     
   2.7667667667667666      -0.76525679162299942      -0.56647102668533345     
   2.7707707707707709      -0.76789613080268015      -0.56905974179168384     
   2.7747747747747749      -0.77051904829588125      -0.57164282925847854     
   2.7787787787787788      -0.77312555384591009      -0.57422026354062317     
   2.7827827827827827      -0.77571565786141361      -0.57679201914892952     
   2.7867867867867866      -0.77828937141287957      -0.57935807065036660     
   2.7907907907907910      -0.78084670622077468      -0.58191839266831491     
   2.7947947947947949      -0.78338767465041259      -0.58447295988281489     
   2.7987987987987988      -0.78591228970168658      -0.58702174703081833     
   2.8028028028028027      -0.78842056500267033      -0.58956472890643896     
   2.8068068068068066      -0.79091251480063240      -0.59210188036120082     
   2.8108108108108110      -0.79338815395466133      -0.59463317630428647     
   2.8148148148148149      -0.79584749792771903      -0.59715859170278585     
   2.8188188188188188      -0.79829056277851895      -0.59967810158194468     
   2.8228228228228227      -0.80071736515442882      -0.60219168102540921     
   2.8268268268268266      -0.80312792228277696      -0.60469930517547521     
   2.8308308308308310      -0.80552225196446470      -0.60720094923333168     
   2.8348348348348349      -0.80790037256483704      -0.60969658845930674     
   2.8388388388388388      -0.81026230300789981      -0.61218619817311326     
   2.8428428428428427      -0.81260806276685504      -0.61466975375409216     
   2.8468468468468466      -0.81493767185884136      -0.61714723064145482     
   2.8508508508508510      -0.81725115083521904      -0.61961860433452842     
   2.8548548548548549      -0.81954852077677698      -0.62208385039299596     
   2.8588588588588588      -0.82182980328382138      -0.62454294443713865     
   2.8628628628628627      -0.82409502047181094      -0.62699586214807834     
   2.8668668668668666      -0.82634419496129308      -0.62944257926801550     
   2.8708708708708710      -0.82857734987393994      -0.63188307160047208     
   2.8748748748748749      -0.83079450882236572      -0.63431731501052735     
   2.8788788788788788      -0.83299569590654510      -0.63674528542506048     
   2.8828828828828827      -0.83518093570353180      -0.63916695883298458     
   2.8868868868868871      -0.83735025326425561      -0.64158231128548815     
   2.8908908908908910      -0.83950367410315030      -0.64399131889626826     
   2.8948948948948949      -0.84164122419533038      -0.64639395784176901     
   2.8988988988988988      -0.84376292996613778      -0.64879020436141721     
   2.9029029029029028      -0.84586881828869964      -0.65118003475785557     
   2.9069069069069071      -0.84795891647339194      -0.65356342539717915     
   2.9109109109109110      -0.85003325226579673      -0.65594035270916740     
   2.9149149149149149      -0.85209185383607133      -0.65831079318751873     
   2.9189189189189189      -0.85413474977731840      -0.66067472339008115     
   2.9229229229229228      -0.85616196909485676      -0.66303211993908662     
   2.9269269269269271      -0.85817354120502043      -0.66538295952137938     
   2.9309309309309310      -0.86016949592431702      -0.66772721888864839     
   2.9349349349349350      -0.86214986346867606      -0.67006487485765742     
   2.9389389389389389      -0.86411467444247880      -0.67239590431047236     
   2.9429429429429428      -0.86606395983828632      -0.67472028419469232     
   2.9469469469469471      -0.86799775102571675      -0.67703799152367616     
   2.9509509509509511      -0.86991607975167606      -0.67934900337676973     
   2.9549549549549550      -0.87181897812906317      -0.68165329689953269     
   2.9589589589589589      -0.87370647863753803      -0.68395084930396566     
   2.9629629629629628      -0.87557861411202220      -0.68624163786873338     
   2.9669669669669672      -0.87743541774404155      -0.68852563993939209     
   2.9709709709709711      -0.87927692306999161      -0.69080283292861111     
   2.9749749749749750      -0.88110316397308441      -0.69307319431639702     
   2.9789789789789789      -0.88291417467136157      -0.69533670165031769     
   2.9829829829829828      -0.88470998972026971      -0.69759333254572287     
   2.9869869869869872      -0.88649064400039213      -0.69984306468596547     
   2.9909909909909911      -0.88825617272069091      -0.70208587582262250     
   2.9949949949949950      -0.89000661140592430      -0.70432174377571644     
   2.9989989989989989      -0.89174199590059433      -0.70655064643393228     
   3.0030030030030028      -0.89346236235601328      -0.70877256175483805     
   3.0070070070070072      -0.89516774723499393      -0.71098746776510247     
   3.0110110110110111      -0.89685818729854028      -0.71319534256071015     
   3.0150150150150150      -0.89853371961130724      -0.71539616430718178     
   3.0190190190190189      -0.90019438152788556      -0.71758991123978788     
   3.0230230230230228      -0.90184021069907117      -0.71977656166376336     
   3.0270270270270272      -0.90347124505770759      -0.72195609395452442     
   3.0310310310310311      -0.90508752282580196      -0.72412848655788031     
   3.0350350350350350      -0.90668908249989921      -0.72629371799024711     
   3.0390390390390389      -0.90827596285906709      -0.72845176683886070     
   3.0430430430430429      -0.90984820294978297      -0.73060261176198871     
   3.0470470470470472      -0.91140584209481146      -0.73274623148913987     
   3.0510510510510511      -0.91294891987758697      -0.73488260482127588     
   3.0550550550550550      -0.91447747615200103      -0.73701171063102133     
   3.0590590590590589      -0.91599155102626828      -0.73913352786287101     
   3.0630630630630629      -0.91749118487363590      -0.74124803553339991     
   3.0670670670670672      -0.91897641831572852      -0.74335521273147032     
   3.0710710710710711      -0.92044729223418709      -0.74545503861843621     
   3.0750750750750750      -0.92190384775348000      -0.74754749242835339     
   3.0790790790790790      -0.92334612625349255      -0.74963255346818258     
   3.0830830830830829      -0.92477416935179513      -0.75171020111799314     
   3.0870870870870872      -0.92618801891718394      -0.75378041483116953     
   3.0910910910910911      -0.92758771705140908      -0.75584317413461222     
   3.0950950950950951      -0.92897330610367435      -0.75789845862894101     
   3.0990990990990990      -0.93034482865181001      -0.75994624798869759     
   3.1031031031031029      -0.93170232751775550      -0.76198652196254535     
   3.1071071071071072      -0.93304584574816007      -0.76401926037346968     
   3.1111111111111112      -0.93437542663086282      -0.76604444311897801     
   3.1151151151151151      -0.93569111367490054      -0.76806205017129969     
   3.1191191191191190      -0.93699295062803001      -0.77007206157758090     
   3.1231231231231229      -0.93828098145608518      -0.77207445746008596     
   3.1271271271271273      -0.93955525036160992      -0.77406921801639050     
   3.1311311311311312      -0.94081580176248480      -0.77605632351957909     
   3.1351351351351351      -0.94206268031177709      -0.77803575431843974     
   3.1391391391391390      -0.94329593087550700      -0.78000749083765863     
   3.1431431431431434      -0.94451559855387557      -0.78197151357801342     
   3.1471471471471473      -0.94572172865797832      -0.78392780311656574     
   3.1511511511511512      -0.94691436673264462      -0.78587634010685492     
   3.1551551551551551      -0.94809355853183053      -0.78781710527908644     
   3.1591591591591590      -0.94925935004337891      -0.78975007944032583     
   3.1631631631631634      -0.95041178746273469      -0.79167524347468532     
   3.1671671671671673      -0.95155091722005147      -0.79359257834351493     
   3.1711711711711712      -0.95267678595173566      -0.79550206508559018     
   3.1751751751751751      -0.95378944053046300      -0.79740368481729929     
   3.1791791791791790      -0.95488892803392134      -0.79929741873283011     
   3.1831831831831834      -0.95597529577844675      -0.80118324810435748     
   3.1871871871871873      -0.95704859128417519      -0.80306115428222580     
   3.1911911911911912      -0.95810886231317749      -0.80493111869513456     
   3.1951951951951951      -0.95915615683005284      -0.80679312285032412     
   3.1991991991991990      -0.96019052304563191      -0.80864714833375495     
   3.2032032032032034      -0.96121200937184048      -0.81049317681029209     
   3.2072072072072073      -0.96222066447224841      -0.81233119002388610     
   3.2112112112112112      -0.96321653720982658      -0.81416116979775310     
   3.2152152152152151      -0.96419967670582118      -0.81598309803455449     
   3.2192192192192191      -0.96517013227882853      -0.81779695671657726     
   3.2232232232232234      -0.96612795351367198      -0.81960272790591171     
   3.2272272272272273      -0.96707319019003091      -0.82140039374462503     
   3.2312312312312312      -0.96800589236316203      -0.82318993645494509     
   3.2352352352352352      -0.96892611028017550      -0.82497133833943015     
   3.2392392392392391      -0.96983389447456336      -0.82674458178114651     
   3.2432432432432434      -0.97072929566813304      -0.82850964924384241     
   3.2472472472472473      -0.97161236488134051      -0.83026652327212114     
   3.2512512512512513      -0.97248315331891111      -0.83201518649161355     
   3.2552552552552552      -0.97334171249789225      -0.83375562160915107     
   3.2592592592592591      -0.97418809411514151      -0.83548781141293604     
   3.2632632632632634      -0.97502235019478023      -0.83721173877271049     
   3.2672672672672673      -0.97584453293606677      -0.83892738663992716     
   3.2712712712712713      -0.97665469488149237      -0.84063473804791811     
   3.2752752752752752      -0.97745288874409364      -0.84233377611206173     
   3.2792792792792791      -0.97823916759677221      -0.84402448402995045     
   3.2832832832832834      -0.97901358467891386      -0.84570684508155636     
   3.2872872872872874      -0.97977619360654544      -0.84738084262939606     
   3.2912912912912913      -0.98052704815925018      -0.84904646011869733     
   3.2952952952952952      -0.98126620250948338      -0.85070368107756111     
   3.2992992992992991      -0.98199371099224420      -0.85235248911712369     
   3.3033033033033035      -0.98270962835022035      -0.85399286793172058     
   3.3073073073073074      -0.98341400949051594      -0.85562480129904661     
   3.3113113113113113      -0.98410690974026005      -0.85724827308031681     
   3.3153153153153152      -0.98478838459691154      -0.85886326722042616     
   3.3193193193193191      -0.98545848998657759      -0.86046976774810746     
   3.3233233233233235      -0.98611728201696169      -0.86206775877609132     
   3.3273273273273274      -0.98676481722794396      -0.86365722450126015     
   3.3313313313313313      -0.98740115235905856      -0.86523814920480790     
   3.3353353353353352      -0.98802634457896743      -0.86681051725239255     
   3.3393393393393391      -0.98864045128234257      -0.86837431309429247     
   3.3433433433433435      -0.98924353028187084      -0.86992952126555956     
   3.3473473473473474      -0.98983563965232646      -0.87147612638617244     
   3.3513513513513513      -0.99041683786597201      -0.87301411316118827     
   3.3553553553553552      -0.99098718370419936      -0.87454346638089397     
   3.3593593593593591      -0.99154673631487766      -0.87606417092095756     
   3.3633633633633635      -0.99209555521384551      -0.87757621174257716     
   3.3673673673673674      -0.99263370024136321      -0.87907957389262847     
   3.3713713713713713      -0.99316123167650228      -0.88057424250381433     
   3.3753753753753752      -0.99367821006988155      -0.88206020279481123     
   3.3793793793793796      -0.99418469649303653      -0.88353744007041513     
   3.3833833833833835      -0.99468075222667618      -0.88500593972168740     
   3.3873873873873874      -0.99516643916378378      -0.88646568722609875     
   3.3913913913913913      -0.99564181933741891      -0.88791666814767278     
   3.3953953953953953      -0.99610695548988160      -0.88935886813712972     
   3.3993993993993996      -0.99656191043231679      -0.89079227293202790     
   3.4034034034034035      -0.99700674778201803      -0.89221686835690339     
   3.4074074074074074      -0.99744153115856848      -0.89363264032341194     
   3.4114114114114114      -0.99786632507650130      -0.89503957483046781     
   3.4154154154154153      -0.99828119400008020      -0.89643765796438168     
   3.4194194194194196      -0.99868620335852132      -0.89782687589899912     
   3.4234234234234235      -0.99908141850429355      -0.89920721489583688     
   3.4274274274274275      -0.99946690579249131      -0.90057866130421815     
   3.4314314314314314      -0.99984273151598102      -0.90194120156140900     
   3.4354354354354353       -1.0002089629592918      -0.90329482219275192     
   3.4394394394394396       -1.0005656674178198      -0.90463950981179775     
   3.4434434434434436       -1.0009129131002623      -0.90597525112043964     
   3.4474474474474475       -1.0012507683775538      -0.90730203290904421     
   3.4514514514514514       -1.0015793023677031      -0.90861984205658186     
   3.4554554554554553       -1.0018985846014847      -0.90992866553075646     
   3.4594594594594597       -1.0022086850816905      -0.91122849038813580     
   3.4634634634634636       -1.0025096745940687      -0.91251930377427593     
   3.4674674674674675       -1.0028016239929112      -0.91380109292385281     
   3.4714714714714714       -1.0030846054232900      -0.91507384516078560     
   3.4754754754754753       -1.0033586905512277      -0.91633754789836286     
   3.4794794794794797       -1.0036239529914981      -0.91759218863936631     
   3.4834834834834836       -1.0038804651796320      -0.91883775497619591     
   3.4874874874874875       -1.0041283023113594      -0.92007423459099136     
   3.4914914914914914       -1.0043675375531884      -0.92130161525575383     
   3.4954954954954953       -1.0045982477865056      -0.92251988483246850     
   3.4994994994994997       -1.0048205068825466      -0.92372903127322248     
   3.5035035035035036       -1.0050343934964678      -0.92492904262032472     
   3.5075075075075075       -1.0052399822015134      -0.92611990700642566     
   3.5115115115115114       -1.0054373534854197      -0.92730161265463207     
   3.5155155155155153       -1.0056265826581352      -0.92847414787862559     
   3.5195195195195197       -1.0058077520542219      -0.92963750108277710     
   3.5235235235235236       -1.0059809378086653      -0.93079166076226205     
   3.5275275275275275       -1.0061462240552148      -0.93193661550317375     
   3.5315315315315314       -1.0063036879137073      -0.93307235398263721     
   3.5355355355355353       -1.0064534151891846      -0.93419886496891946     
   3.5395395395395397       -1.0065954842357718      -0.93531613732154262     
   3.5435435435435436       -1.0067299823038465      -0.93642415999139206     
   3.5475475475475475       -1.0068569893373673      -0.93752292202082732     
   3.5515515515515514       -1.0069765936931494      -0.93861241254378924     
   3.5555555555555554       -1.0070888773787097      -0.93969262078590843     
   3.5595595595595597       -1.0071939293966450      -0.94076353606461116     
   3.5635635635635636       -1.0072918344139836      -0.94182514778922477     
   3.5675675675675675       -1.0073826814980549      -0.94287744546108421     
   3.5715715715715715       -1.0074665586851348      -0.94392041867363274     
   3.5755755755755754       -1.0075435544220916      -0.94495405711252811     
   3.5795795795795797       -1.0076137609119715      -0.94597835055574231     
   3.5835835835835836       -1.0076772652284254      -0.94699328887366330     
   3.5875875875875876       -1.0077341645774587      -0.94799886202919548     
   3.5915915915915915       -1.0077845439015349      -0.94899506007785894     
   3.5955955955955954       -1.0078285062069776      -0.94998187316788696     
   3.5995995995995997       -1.0078661336349413      -0.95095929154032532     
   3.6036036036036037       -1.0078975356404141      -0.95192730552912663     
   3.6076076076076076       -1.0079227911080926      -0.95288590556124664     
   3.6116116116116115       -1.0079420162959734      -0.95383508215674029     
   3.6156156156156154       -1.0079552867537869      -0.95477482592885354     
   3.6196196196196198       -1.0079627254247343      -0.95570512758411708     
   3.6236236236236237       -1.0079644050137282      -0.95662597792243798     
   3.6276276276276276       -1.0079604543148049      -0.95753736783719101     
   3.6316316316316315       -1.0079509438218026      -0.95843928831530878     
   3.6356356356356359       -1.0079360071423993      -0.95933173043737030     
   3.6396396396396398       -1.0079157155920910      -0.96021468537768961     
   3.6436436436436437       -1.0078902040915776      -0.96108814440440271     
   3.6476476476476476       -1.0078595482757315      -0.96195209887955480     
   3.6516516516516515       -1.0078238803140522      -0.96280654025918444     
   3.6556556556556559       -1.0077832847086632      -0.96365146009340885     
   3.6596596596596598       -1.0077378858487724      -0.96448685002650714     
   3.6636636636636637       -1.0076877827481019      -0.96531270179700357     
   3.6676676676676676       -1.0076330857954221      -0.96612900723774797     
   3.6716716716716715       -1.0075739154067118      -0.96693575827599820     
   3.6756756756756759       -1.0075103606072351      -0.96773294693349898     
   3.6796796796796798       -1.0074425707429167      -0.96852056532655983     
   3.6836836836836837       -1.0073706062492662      -0.96929860566613557     
   3.6876876876876876       -1.0072946520878927      -0.97006706025790090     
   3.6916916916916915       -1.0072147341366233      -0.97082592150232783     
   3.6956956956956959       -1.0071310780755911      -0.97157518189476044     
   3.6996996996996998       -1.0070436713098554      -0.97231483402548924     
   3.7037037037037037       -1.0069527824956195      -0.97304487057982392     
   3.7077077077077076       -1.0068583605653787      -0.97376528433816678     
   3.7117117117117115       -1.0067607142348101      -0.97447606817608323     
   3.7157157157157159       -1.0066597603161735      -0.97517721506437227     
   3.7197197197197198       -1.0065558373635144      -0.97586871806913611     
   3.7237237237237237       -1.0064488444435551      -0.97655057035184933     
   3.7277277277277276       -1.0063391309138114      -0.97722276516942586     
   3.7317317317317316       -1.0062266022923645      -0.97788529587428519     
   3.7357357357357359       -1.0061115887769481      -0.97853815591441973     
   3.7397397397397398       -1.0059940381472643      -0.97918133883345804     
   3.7437437437437437       -1.0058742198474284      -0.97981483827072935     
   3.7477477477477477       -1.0057521708380790      -0.98043864796132674     
   3.7517517517517516       -1.0056280476725377      -0.98105276173616807     
   3.7557557557557559       -1.0055020332743498      -0.98165717352205806     
   3.7597597597597598       -1.0053741107260705      -0.98225187734174813     
   3.7637637637637638       -1.0052446713321066      -0.98283686731399489     
   3.7677677677677677       -1.0051134623011655      -0.98341213765361879     
   3.7717717717717716       -1.0049811432424141      -0.98397768267156138     
   3.7757757757757759       -1.0048471705219382      -0.98453349677494195     
   3.7797797797797799       -1.0047125181434895      -0.98507957446711136     
   3.7837837837837838       -1.0045763184516565      -0.98561591034770824     
   3.7877877877877877       -1.0044398751665606      -0.98614249911271146     
   3.7917917917917916       -1.0043020038077359      -0.98665933555449192     
   3.7957957957957960       -1.0041643019164133      -0.98716641456186571     
   3.7997997997997999       -1.0040253387049434      -0.98766373112014327     
   3.8038038038038038       -1.0038868936690137      -0.98815128031117960     
   3.8078078078078077       -1.0037474487606970      -0.98862905731342254     
   3.8118118118118116       -1.0036087523607586      -0.98909705740196108     
   3.8158158158158160       -1.0034694714661212      -0.98955527594857173     
   3.8198198198198199       -1.0033309867545943      -0.99000370842176366     
   3.8238238238238238       -1.0031925537525019      -0.99044235038682449     
   3.8278278278278277       -1.0030547131883658      -0.99087119750586350     
   3.8318318318318316       -1.0029178477188332      -0.99129024553785516     
   3.8358358358358360       -1.0027810579097505      -0.99169949033868066     
   3.8398398398398399       -1.0026465046960329      -0.99209892786116838     
   3.8438438438438438       -1.0025111613761881      -0.99248855415513493     
   3.8478478478478477       -1.0023796670646312      -0.99286836536742351     
   3.8518518518518516       -1.0022461844074002      -0.99323835774194280     
   3.8558558558558560       -1.0021184573086448      -0.99359852761970280     
   3.8598598598598599       -1.0019873166921116      -0.99394887143885202     
   3.8638638638638638       -1.0018639649472905      -0.99428938573471282     
   3.8678678678678677       -1.0017357868687302      -0.99462006713981466     
   3.8718718718718717       -1.0016172320129044      -0.99494091238392857     
   3.8758758758758760       -1.0014928727139449      -0.99525191829409909     
   3.8798798798798799       -1.0013792393349763      -0.99555308179467450     
   3.8838838838838838       -1.0012599084846263      -0.99584439990733942     
   3.8878878878878878       -1.0011508976601462      -0.99612586975114281     
   3.8918918918918921       -1.0010382838335763      -0.99639748854252641     
   3.8958958958958960       -1.0009330505699829      -0.99665925359535279     
   3.8998998998998999       -1.0008294257968404      -0.99691116232093191     
   3.9039039039039038       -1.0007264997680894      -0.99715321222804643     
   3.9079079079079078       -1.0006347510600457      -0.99738540092297623     
   3.9119119119119121       -1.0005320677604308      -0.99760772610952264     
   3.9159159159159160       -1.0004555710139544      -0.99782018558903074     
   3.9199199199199199       -1.0003507175477571      -0.99802277726041111     
   3.9239239239239239       -1.0002929280591490      -0.99821549912016083     
   3.9279279279279278       -1.0001837518308823      -0.99839834926238302     
   3.9319319319319321       -1.0001473406740493      -0.99857132587880604     
   3.9359359359359360       -1.0000331119169952      -0.99873442725880057     
   3.9399399399399400       -1.0000184422727243      -0.99888765178939798     
   3.9439439439439439      -0.99990178165595067      -0.99903099795530448     
   3.9479479479479478      -0.99990452437975963      -0.99916446433891781     
   3.9519519519519521      -0.99979426162229290      -0.99928804962034024     
   3.9559559559559561      -0.99980205542088219      -0.99940175257739150     
   3.9599599599599600      -0.99971699051210383      -0.99950557208562174     
   3.9639639639639639      -0.99970537222816869      -0.99959950711832180     
   3.9679679679679678      -0.99967841495689092      -0.99968355674653397     
   3.9719719719719722      -0.99960698169972850      -0.99975772013906072     
   3.9759759759759761      -0.99968807902557566      -0.99982199656247328     
   3.9799799799799800      -0.99949934467040902      -0.99987638538111856     
   3.9839839839839839      -0.99975350776351568      -0.99992088605712559     
   3.9879879879879878      -0.99937978134919203      -0.99995549815041107     
   3.9919919919919922      -0.99987299888330805      -0.99998022131868336     
   3.9959959959959961      -0.99926575440962828      -0.99999505531744570     
   4.0000000000000000       -1.0000000000000000       -1.0000000000000000     
