   0.0000000000000000        1.0000000000000000       0.99999999999999989     
   4.0040040040040040E-003  0.99942361635321819       0.99999505531744592     
   8.0080080080080079E-003  0.99999346218801144       0.99998022131868325     
   1.2012012012012012E-002  0.99947545459927378       0.99995549815041107     
   1.6016016016016016E-002  0.99993231533882088       0.99992088605712559     
   2.0020020020020020E-002  0.99958285468727170       0.99987638538111856     
   2.4024024024024024E-002  0.99988318357163442       0.99982199656247328     
   2.8028028028028028E-002  0.99970669049975558       0.99975772013906072     
   3.2032032032032032E-002  0.99987372923692153       0.99968355674653397     
   3.6036036036036036E-002  0.99983085903165547       0.99959950711832180     
   4.0040040040040040E-002  0.99990919865173011       0.99950557208562174     
   4.4044044044044044E-002  0.99995385420703042       0.99940175257739161     
   4.8048048048048048E-002  0.99998547126772852       0.99928804962034012     
   5.2052052052052052E-002   1.0000795146231169       0.99916446433891792     
   5.6056056056056056E-002   1.0000956540301724       0.99903099795530459     
   6.0060060060060060E-002   1.0002125924351617       0.99888765178939798     
   6.4064064064064064E-002   1.0002330245020623       0.99873442725880068     
   6.8068068068068074E-002   1.0003569279392002       0.99857132587880615     
   7.2072072072072071E-002   1.0003920892581410       0.99839834926238324     
   7.6076076076076082E-002   1.0005149372827169       0.99821549912016094     
   8.0080080080080079E-002   1.0005687423870382       0.99802277726041122     
   8.4084084084084090E-002   1.0006876935099165       0.99782018558903074     
   8.8088088088088087E-002   1.0007600525883718       0.99760772610952264     
   9.2092092092092098E-002   1.0008752214307117       0.99738540092297623     
   9.6096096096096095E-002   1.0009639463457760       0.99715321222804643     
  0.10010010010010011        1.0010768222311486       0.99691116232093191     
  0.10410410410410410        1.0011789089547920       0.99665925359535279     
  0.10810810810810811        1.0012913503681382       0.99639748854252641     
  0.11211211211211211        1.0014037484002498       0.99612586975114281     
  0.11611611611611612        1.0015174204691222       0.99584439990733964     
  0.12012012012012012        1.0016374288778274       0.99555308179467450     
  0.12412412412412413        1.0017535471463983       0.99525191829409887     
  0.12812812812812813        1.0018789648808633       0.99494091238392868     
  0.13213213213213212        1.0019982309222379       0.99462006713981466     
  0.13613613613613615        1.0021273612397334       0.99428938573471282     
  0.14014014014014015        1.0022500049903182       0.99394887143885213     
  0.14414414414414414        1.0023815850553630       0.99359852761970280     
  0.14814814814814814        1.0025074558664731       0.99323835774194291     
  0.15215215215215216        1.0026405578848463       0.99286836536742373     
  0.15615615615615616        1.0027692280944269       0.99248855415513493     
  0.16016016016016016        1.0029031594713635       0.99209892786116838     
  0.16416416416416416        1.0030340203611712       0.99169949033868066     
  0.16816816816816818        1.0031682372013284       0.99129024553785539     
  0.17217217217217218        1.0033005777160591       0.99087119750586361     
  0.17617617617617617        1.0034346172209427       0.99044235038682449     
  0.18018018018018017        1.0035676829746660       0.99000370842176388     
  0.18418418418418420        1.0037011152230479       0.98955527594857196     
  0.18818818818818819        1.0038341488987925       0.98909705740196130     
  0.19219219219219219        1.0039665456941649       0.98862905731342254     
  0.19619619619619619        1.0040988118327199       0.98815128031117949     
  0.20020020020020021        1.0042297292599487       0.98766373112014327     
  0.20420420420420421        1.0043605272266727       0.98716641456186571     
  0.20820820820820821        1.0044894981994665       0.98665933555449203     
  0.21221221221221220        1.0046181664864111       0.98614249911271146     
  0.21621621621621623        1.0047447000471088       0.98561591034770846     
  0.22022022022022023        1.0048706152383458       0.98507957446711159     
  0.22422422422422422        1.0049942000608614       0.98453349677494206     
  0.22822822822822822        1.0051167728125887       0.98397768267156138     
  0.23223223223223224        1.0052368825811848       0.98341213765361868     
  0.23623623623623624        1.0053555519983755       0.98283686731399489     
  0.24024024024024024        1.0054716514899729       0.98225187734174813     
  0.24424424424424424        1.0055858796666872       0.98165717352205828     
  0.24824824824824826        1.0056974305716817       0.98105276173616818     
  0.25225225225225223        1.0058066972865907       0.98043864796132674     
  0.25625625625625625        1.0059131630488138       0.97981483827072957     
  0.26026026026026028        1.0060169617552934       0.97918133883345804     
  0.26426426426426425        1.0061178115622686       0.97853815591441973     
  0.26826826826826827        1.0062156460013671       0.97788529587428519     
  0.27227227227227230        1.0063103574684023       0.97722276516942586     
  0.27627627627627627        1.0064017397365166       0.97655057035184956     
  0.28028028028028029        1.0064898007675127       0.97586871806913633     
  0.28428428428428426        1.0065742497040602       0.97517721506437238     
  0.28828828828828829        1.0066551595251316       0.97447606817608334     
  0.29229229229229231        1.0067322003107715       0.97376528433816700     
  0.29629629629629628        1.0068054696683046       0.97304487057982403     
  0.30030030030030030        1.0068746334712866       0.97231483402548924     
  0.30430430430430433        1.0069397848586286       0.97157518189476044     
  0.30830830830830830        1.0070006089796317       0.97082592150232794     
  0.31231231231231232        1.0070571759610494       0.97006706025790113     
  0.31631631631631629        1.0071092044157599       0.96929860566613568     
  0.32032032032032032        1.0071567311724980       0.96852056532656006     
  0.32432432432432434        1.0071995148322603       0.96773294693349898     
  0.32832832832832831        1.0072375557611943       0.96693575827599854     
  0.33233233233233234        1.0072706528277160       0.96612900723774819     
  0.33633633633633636        1.0072987717227682       0.96531270179700357     
  0.34034034034034033        1.0073217482635546       0.96448685002650714     
  0.34434434434434436        1.0073395178302984       0.96365146009340885     
  0.34834834834834832        1.0073519477873387       0.96280654025918455     
  0.35235235235235235        1.0073589494350768       0.96195209887955491     
  0.35635635635635637        1.0073604147946646       0.96108814440440293     
  0.36036036036036034        1.0073562384870278       0.96021468537768961     
  0.36436436436436437        1.0073463304801884       0.95933173043737041     
  0.36836836836836839        1.0073305739992251       0.95843928831530878     
  0.37237237237237236        1.0073088911602055       0.95753736783719101     
  0.37637637637637639        1.0072811595720248       0.95662597792243798     
  0.38038038038038036        1.0072473085184495       0.95570512758411708     
  0.38438438438438438        1.0072072143442552       0.95477482592885377     
  0.38838838838838841        1.0071608096348084       0.95383508215674051     
  0.39239239239239238        1.0071079727030661       0.95288590556124697     
  0.39639639639639640        1.0070486366611717       0.95192730552912663     
  0.40040040040040042        1.0069826839787925       0.95095929154032544     
  0.40440440440440439        1.0069100464956520       0.94998187316788707     
  0.40840840840840842        1.0068306121281068       0.94899506007785894     
  0.41241241241241239        1.0067443104550113       0.94799886202919548     
  0.41641641641641641        1.0066510354080556       0.94699328887366341     
  0.42042042042042044        1.0065507139457113       0.94597835055574242     
  0.42442442442442441        1.0064432460437152       0.94495405711252856     
  0.42842842842842843        1.0063285561335222       0.94392041867363297     
  0.43243243243243246        1.0062065498917510       0.94287744546108421     
  0.43643643643643643        1.0060771496122585       0.94182514778922499     
  0.44044044044044045        1.0059402661017169       0.94076353606461094     
  0.44444444444444442        1.0057958200718258       0.93969262078590843     
  0.44844844844844844        1.0056437267767411       0.93861241254378935     
  0.45245245245245247        1.0054839059663001       0.93752292202082743     
  0.45645645645645644        1.0053162766350132       0.93642415999139239     
  0.46046046046046046        1.0051407581825371       0.93531613732154295     
  0.46446446446446449        1.0049572726729490       0.93419886496891991     
  0.46846846846846846        1.0047657397101510       0.93307235398263733     
  0.47247247247247248        1.0045660838312431       0.93193661550317397     
  0.47647647647647645        1.0043582253134071       0.93079166076226205     
  0.48048048048048048        1.0041420906642959       0.92963750108277710     
  0.48448448448448450        1.0039176012058006       0.92847414787862570     
  0.48848848848848847        1.0036846850137593       0.92730161265463229     
  0.49249249249249250        1.0034432647280063       0.92611990700642588     
  0.49649649649649652        1.0031932696866350       0.92492904262032505     
  0.50050050050050054        1.0029346240297963       0.92372903127322259     
  0.50450450450450446        1.0026672581384375       0.92251988483246872     
  0.50850850850850848        1.0023910977565840       0.92130161525575405     
  0.51251251251251251        1.0021060741618142       0.92007423459099136     
  0.51651651651651653        1.0018121147410497       0.91883775497619602     
  0.52052052052052056        1.0015091515809429       0.91759218863936653     
  0.52452452452452447        1.0011971137003786       0.91633754789836308     
  0.52852852852852850        1.0008759339520148       0.91507384516078605     
  0.53253253253253252        1.0005455429395684       0.91380109292385314     
  0.53653653653653655        1.0002058742701552       0.91251930377427604     
  0.54054054054054057       0.99985686006113061       0.91122849038813569     
  0.54454454454454460       0.99949843468292210       0.90992866553075669     
  0.54854854854854851       0.99913053168143362       0.90861984205658186     
  0.55255255255255253       0.99875308621066627       0.90730203290904443     
  0.55655655655655656       0.99836603315405736       0.90597525112043986     
  0.56056056056056058       0.99796930847394594       0.90463950981179786     
  0.56456456456456461       0.99756284830039632       0.90329482219275237     
  0.56856856856856852       0.99714658942823886       0.90194120156140967     
  0.57257257257257255       0.99672046914762225       0.90057866130421826     
  0.57657657657657657       0.99628442510608173       0.89920721489583666     
  0.58058058058058060       0.99583839567424637       0.89782687589899912     
  0.58458458458458462       0.99538231936675026       0.89643765796438168     
  0.58858858858858853       0.99491613556340597       0.89503957483046792     
  0.59259259259259256       0.99443978365357155       0.89363264032341216     
  0.59659659659659658       0.99395320396387810       0.89221686835690384     
  0.60060060060060061       0.99345633675914413       0.89079227293202834     
  0.60460460460460463       0.99294912325905527       0.88935886813713039     
  0.60860860860860866       0.99243150459829355       0.88791666814767300     
  0.61261261261261257       0.99190342284381094       0.88646568722609853     
  0.61661661661661660       0.99136481998902992       0.88500593972168740     
  0.62062062062062062       0.99081563890943425       0.88353744007041513     
  0.62462462462462465       0.99025582244145449       0.88206020279481145     
  0.62862862862862867       0.98968531423649209       0.88057424250381455     
  0.63263263263263259       0.98910405795470457       0.87907957389262892     
  0.63663663663663661       0.98851199799582734       0.87757621174257761     
  0.64064064064064064       0.98790907882197487       0.87606417092095823     
  0.64464464464464466       0.98729524555758763       0.87454346638089420     
  0.64864864864864868       0.98667044344347354       0.87301411316118804     
  0.65265265265265260       0.98603461830828554       0.87147612638617244     
  0.65665665665665662       0.98538771614750620       0.86992952126555978     
  0.66066066066066065       0.98472968347590673       0.86837431309429269     
  0.66466466466466467       0.98406046701954109       0.86681051725239278     
  0.66866866866866870       0.98338001396303265       0.86523814920480835     
  0.67267267267267272       0.98268827173930251       0.86365722450126059     
  0.67667667667667664       0.98198518818791847       0.86206775877609154     
  0.68068068068068066       0.98127071142582134       0.86046976774810768     
  0.68468468468468469       0.98054478993354044       0.85886326722042616     
  0.68868868868868871       0.97980737249036676       0.85724827308031681     
  0.69269269269269274       0.97905840820451340       0.85562480129904683     
  0.69669669669669665       0.97829784649730200       0.85399286793172080     
  0.70070070070070067       0.97752563709189166       0.85235248911712413     
  0.70470470470470470       0.97674173003277287       0.85070368107756156     
  0.70870870870870872       0.97594607564576707       0.84904646011869800     
  0.71271271271271275       0.97513862458112976       0.84738084262939628     
  0.71671671671671666       0.97431932775553065       0.84570684508155602     
  0.72072072072072069       0.97348813640907939       0.84402448402995045     
  0.72472472472472471       0.97264500203790905       0.84233377611206173     
  0.72872872872872874       0.97178987645748505       0.84063473804791822     
  0.73273273273273276       0.97092271173253719       0.83892738663992727     
  0.73673673673673679       0.97004346024075350       0.83721173877271082     
  0.74074074074074070       0.96915207460510000       0.83548781141293649     
  0.74474474474474472       0.96824850775370463       0.83375562160915173     
  0.74874874874874875       0.96733271285797262       0.83201518649161366     
  0.75275275275275277       0.96640464338590548       0.83026652327212069     
  0.75675675675675680       0.96546425304820105       0.82850964924384218     
  0.76076076076076071       0.96451149584334617       0.82674458178114663     
  0.76476476476476474       0.96354632601283341       0.82497133833943037     
  0.76876876876876876       0.96256869807737955       0.82318993645494531     
  0.77277277277277279       0.96157856680151899       0.82140039374462548     
  0.77677677677677681       0.96057588722096088       0.81960272790591149     
  0.78078078078078073       0.95956061461627895       0.81779695671657793     
  0.78478478478478475       0.95853270453193784       0.81598309803455460     
  0.78878878878878878       0.95749211275835400       0.81416116979775299     
  0.79279279279279280       0.95643879534342557       0.81233119002388599     
  0.79679679679679682       0.95537270858205281       0.81049317681029232     
  0.80080080080080085       0.95429380902116878       0.80864714833375506     
  0.80480480480480476       0.95320205345559705       0.80679312285032445     
  0.80880880880880879       0.95209739892778600       0.80493111869513490     
  0.81281281281281281       0.95097980272880545       0.80306115428222591     
  0.81681681681681684       0.94984922239391056       0.80118324810435759     
  0.82082082082082086       0.94870561570759393       0.79929741873283022     
  0.82482482482482478       0.94754894069600648       0.79740368481729917     
  0.82882882882882880       0.94637915563511499       0.79550206508558996     
  0.83283283283283283       0.94519621904087237       0.79359257834351515     
  0.83683683683683685       0.94400008967961702       0.79167524347468543     
  0.84084084084084088       0.94279072655677687       0.78975007944032627     
  0.84484484484484490       0.94156808892880905       0.78781710527908688     
  0.84884884884884881       0.94033213629108103       0.78587634010685514     
  0.85285285285285284       0.93908282839073687       0.78392780311656585     
  0.85685685685685686       0.93782012521431057       0.78197151357801298     
  0.86086086086086089       0.93654398700104324       0.78000749083765841     
  0.86486486486486491       0.93525437423061930       0.77803575431843952     
  0.86886886886886883       0.93395124763658177       0.77605632351957921     
  0.87287287287287285       0.93263456819451118       0.77406921801639061     
  0.87687687687687688       0.93130429713526253       0.77207445746008641     
  0.88088088088088090       0.92996039593380064       0.77007206157758135     
  0.88488488488488493       0.92860282632208535       0.76806205017129980     
  0.88888888888888884       0.92723155027871895       0.76604444311897812     
  0.89289289289289286       0.92584653004130602       0.76401926037346957     
  0.89689689689689689       0.92444772809707654       0.76198652196254524     
  0.90090090090090091       0.92303510719460113       0.75994624798869781     
  0.90490490490490494       0.92160863033544693       0.75789845862894112     
  0.90890890890890896       0.92016826078522351       0.75584317413461199     
  0.91291291291291288       0.91871396206625289       0.75378041483116964     
  0.91691691691691690       0.91724569796801003       0.75171020111799358     
  0.92092092092092093       0.91576343254072057       0.74963255346818269     
  0.92492492492492495       0.91426713010523508       0.74754749242835361     
  0.92892892892892898       0.91275675524757505       0.74545503861843632     
  0.93293293293293289       0.91123227282820074       0.74335521273147021     
  0.93693693693693691       0.90969364797747776       0.74124803553340046     
  0.94094094094094094       0.90814084610445422       0.73913352786287123     
  0.94494494494494496       0.90657383289309046       0.73701171063102144     
  0.94894894894894899       0.90499257431065216       0.73488260482127599     
  0.95295295295295290       0.90339703660464765       0.73274623148913998     
  0.95695695695695693       0.90178718631089361       0.73060261176198882     
  0.96096096096096095       0.90016299025106183       0.72845176683886093     
  0.96496496496496498       0.89852441554051277       0.72629371799024722     
  0.96896896896896900       0.89687142958639632       0.72412848655788020     
  0.97297297297297303       0.89520400009526369       0.72195609395452465     
  0.97697697697697694       0.89352209507170421       0.71977656166376347     
  0.98098098098098097       0.89182568282575991       0.71758991123978799     
  0.98498498498498499       0.89011473197207713       0.71539616430718200     
  0.98898898898898902       0.88838921143713911       0.71319534256071038     
  0.99299299299299304       0.88664909045890283       0.71098746776510235     
  0.99699699699699695       0.88489433859386990       0.70877256175483849     
   1.0010010010010011       0.88312492571719170       0.70655064643393239     
   1.0050050050050050       0.88134082202959996       0.70432174377571666     
   1.0090090090090089       0.87954199805793509       0.70208587582262261     
   1.0130130130130131       0.87772842466197820       0.69984306468596524     
   1.0170170170170170       0.87590007303536821       0.69759333254572309     
   1.0210210210210211       0.87405691471236713       0.69533670165031780     
   1.0250250250250250       0.87219892156911483       0.69307319431639725     
   1.0290290290290289       0.87032606583037142       0.69080283292861089     
   1.0330330330330331       0.86843832007107147       0.68852563993939231     
   1.0370370370370370       0.86653565722306747       0.68624163786873360     
   1.0410410410410411       0.86461805057696339       0.68395084930396588     
   1.0450450450450450       0.86268547378887317       0.68165329689953280     
   1.0490490490490489       0.86073790088249791       0.67934900337676996     
   1.0530530530530531       0.85877530625594067       0.67703799152367639     
   1.0570570570570570       0.85679766468399055       0.67472028419469277     
   1.0610610610610611       0.85480495132500267       0.67239590431047247     
   1.0650650650650650       0.85279714172339005       0.67006487485765720     
   1.0690690690690692       0.85077421181655088       0.66772721888864850     
   1.0730730730730731       0.84873613793759140       0.66538295952137927     
   1.0770770770770770       0.84668289682225917       0.66303211993908673     
   1.0810810810810811       0.84461446561194897       0.66067472339008138     
   1.0850850850850851       0.84253082186057149       0.65831079318751895     
   1.0890890890890892       0.84043194353788764       0.65594035270916762     
   1.0930930930930931       0.83831780903629505       0.65356342539717938     
   1.0970970970970970       0.83618839717447979       0.65118003475785569     
   1.1011011011011012       0.83404368720413280       0.64879020436141710     
   1.1051051051051051       0.83188365881388648       0.64639395784176923     
   1.1091091091091092       0.82970829213601205       0.64399131889626848     
   1.1131131131131131       0.82751756775056995       0.64158231128548826     
   1.1171171171171170       0.82531146669213473       0.63916695883298480     
   1.1211211211211212       0.82308997045412158       0.63674528542506059     
   1.1251251251251251       0.82085306099556266       0.63431731501052790     
   1.1291291291291292       0.81860072074558898       0.63188307160047219     
   1.1331331331331331       0.81633293261026230       0.62944257926801572     
   1.1371371371371370       0.81404967997719602       0.62699586214807856     
   1.1411411411411412       0.81175094672245163       0.62454294443713887     
   1.1451451451451451       0.80943671721529287       0.62208385039299618     
   1.1491491491491492       0.80710697632513773       0.61961860433452864     
   1.1531531531531531       0.80476170942644221       0.61714723064145538     
   1.1571571571571571       0.80240090240569228       0.61466975375409227     
   1.1611611611611612       0.80002454166643810       0.61218619817311382     
   1.1651651651651651       0.79763261413630260       0.60969658845930685     
   1.1691691691691692       0.79522510727215678       0.60720094923333146     
   1.1731731731731732       0.79280200906716924       0.60469930517547543     
   1.1771771771771771       0.79036330805606503       0.60219168102540976     
   1.1811811811811812       0.78790899332228181       0.59967810158194490     
   1.1851851851851851       0.78543905450324147       0.59715859170278607     
   1.1891891891891893       0.78295348179764168       0.59463317630428669     
   1.1931931931931932       0.78045226597072326       0.59210188036120104     
   1.1971971971971973       0.77793539836171099       0.58956472890643952     
   1.2012012012012012       0.77540287088903326       0.58702174703081855     
   1.2052052052052051       0.77285467605796210       0.58447295988281511     
   1.2092092092092093       0.77029080696569996       0.58191839266831502     
   1.2132132132132132       0.76771125730931744       0.57935807065036715     
   1.2172172172172173       0.76511602139058832       0.57679201914892964     
   1.2212212212212212       0.76250509412432976       0.57422026354062339     
   1.2252252252252251       0.75987847104286743       0.57164282925847876     
   1.2292292292292293       0.75723614830488206       0.56905974179168362     
   1.2332332332332332       0.75457812269939817       0.56647102668533400     
   1.2372372372372373       0.75190439165522538       0.56387670954017777     
   1.2412412412412412       0.74921495324435605       0.56127681601236523     
   1.2452452452452452       0.74650980619214158       0.55867137181319193     
   1.2492492492492493       0.74378894987988853       0.55606040270884771     
   1.2532532532532532       0.74105238435603304       0.55344393452015839     
   1.2572572572572573       0.73830011033758458       0.55082199312233371     
   1.2612612612612613       0.73553212922270605       0.54819460444470980     
   1.2652652652652652       0.73274844309053322       0.54556179447049202     
   1.2692692692692693       0.72994905471565252       0.54292358923649942     
   1.2732732732732732       0.72713396756575566       0.54028001483290677     
   1.2772772772772774       0.72430318581858821       0.53763109740298687     
   1.2812812812812813       0.72145671435678282       0.53497686314285187     
   1.2852852852852852       0.71859455878801559       0.53231733830119210     
   1.2892892892892893       0.71571672543613818       0.52965254917902038     
   1.2932932932932932       0.71282322136555254       0.52698252212940966     
   1.2972972972972974       0.70991405436747013       0.52430728355723166     
   1.3013013013013013       0.70698923298979888       0.52162685991889790     
   1.3053053053053052       0.70404876651708637       0.51894127772209575     
   1.3093093093093093       0.70109266500749945       0.51625056352552856     
   1.3133133133133132       0.69812093926464891       0.51355474393865164     
   1.3173173173173174       0.69513360088370257       0.51085384562140879     
   1.3213213213213213       0.69213066221275787       0.50814789528396931     
   1.3253253253253254       0.68911213641069113       0.50543691968646431     
   1.3293293293293293       0.68607803739514206       0.50272094563872183     
   1.3333333333333333       0.68302837991538190       0.50000000000000033     
   1.3373373373373374       0.67996317948320728       0.49727410967872421     
   1.3413413413413413       0.67688245246493628       0.49454330163221866     
   1.3453453453453454       0.67378621599062338       0.49180760286644143     
   1.3493493493493494       0.67067448807028163       0.48906704043571680     
   1.3533533533533533       0.66754728747569858       0.48632164144246692     
   1.3573573573573574       0.66440463388726034       0.48357143303694439     
   1.3613613613613613       0.66124654774122549       0.48081644241696458     
   1.3653653653653655       0.65807305041510611       0.47805669682763607     
   1.3693693693693694       0.65488416403150695       0.47529222356109019     
   1.3733733733733733       0.65167991169195860       0.47252304995621203     
   1.3773773773773774       0.64846031722626607       0.46974920339837073     
   1.3813813813813813       0.64522540548708651       0.46697071131914814     
   1.3853853853853855       0.64197520203110481       0.46418760119606600     
   1.3893893893893894       0.63870973348953630       0.46139990055231739     
   1.3933933933933933       0.63542902716422844       0.45860763695649082     
   1.3973973973973974       0.63213311149285012       0.45581083802230099     
   1.4014014014014013       0.62882201553908268       0.45300953140831446     
   1.4054054054054055       0.62549576957556940       0.45020374481767350     
   1.4094094094094094       0.62215440444260872       0.44739350599782696     
   1.4134134134134133       0.61879795227717538       0.44457884274025250     
   1.4174174174174174       0.61542644570877181       0.44175978288018319     
   1.4214214214214214       0.61203991876914776       0.43893635429633082     
   1.4254254254254255       0.60863840588703133       0.43610858491061116     
   1.4294294294294294       0.60522194302079746       0.43327650268786849     
   1.4334334334334333       0.60179056640541917       0.43044013563559824     
   1.4374374374374375       0.59834431395954080       0.42759951180366951     
   1.4414414414414414       0.59488322372788571       0.42475465928404799     
   1.4454454454454455       0.59140733562527614       0.42190560621051937     
   1.4494494494494494       0.58791668950557396       0.41905238075840973     
   1.4534534534534536       0.58441132731850665       0.41619501114430768     
   1.4574574574574575       0.58089129072166379       0.41333352562578418     
   1.4614614614614614       0.57735662374188024       0.41046795250111390     
   1.4654654654654655       0.57380736982945435       0.40759832010899610     
   1.4694694694694694       0.57024357513479684       0.40472465682827363     
   1.4734734734734736       0.56666528488332890       0.40184699107765148     
   1.4774774774774775       0.56307254740070978       0.39896535131541649     
   1.4814814814814814       0.55946540966224134       0.39607976603915679     
   1.4854854854854855       0.55584392222680357       0.39319026378547872     
   1.4894894894894894       0.55220813378538891       0.39029687312972589     
   1.4934934934934936       0.54855809719567405       0.38739962268569328     
   1.4974974974974975       0.54489386281970609       0.38449854110534909     
   1.5015015015015014       0.54121548588866486       0.38159365707854875     
   1.5055055055055055       0.53752301837883765       0.37868499933275013     
   1.5095095095095095       0.53381651798051089       0.37577259663273255     
   1.5135135135135136       0.53009603821322104       0.37285647778030873     
   1.5175175175175175       0.52636163932493396       0.36993667161404314     
   1.5215215215215214       0.52261337629094284       0.36701320700896550     
   1.5255255255255256       0.51885131203083823       0.36408611287628412     
   1.5295295295295295       0.51507550286901482       0.36115541816310132     
   1.5335335335335336       0.51128601452877498       0.35822115185212744     
   1.5375375375375375       0.50748290455472078       0.35528334296139380     
   1.5415415415415414       0.50366624162731288       0.35234202054396474     
   1.5455455455455456       0.49983608435669641       0.34939721368765114     
   1.5495495495495495       0.49599250455898419       0.34644895151472355     
   1.5535535535535536       0.49213556172539141       0.34349726318162310     
   1.5575575575575575       0.48826533101546088       0.34054217787867375     
   1.5615615615615615       0.48438187258258336       0.33758372482979260     
   1.5655655655655656       0.48048526517162843       0.33462193329220158     
   1.5695695695695695       0.47657556933960232       0.33165683255613898     
   1.5735735735735736       0.47265286769823711       0.32868845194456903     
   1.5775775775775776       0.46871722090394707       0.32571682081289088     
   1.5815815815815817       0.46476871576279410       0.32274196854864945     
   1.5855855855855856       0.46080741267397102       0.31976392457124525     
   1.5895895895895895       0.45683340301838921       0.31678271833164295     
   1.5935935935935936       0.45284674652132173       0.31379837931207866     
   1.5975975975975976       0.44884753958014412       0.31081093702577139     
   1.6016016016016017       0.44483584076082500       0.30782042101662782     
   1.6056056056056056       0.44081175198897976       0.30482686085895305     
   1.6096096096096095       0.43677533010751379       0.30183028615715729     
   1.6136136136136137       0.43272668316241047       0.29883072654546011     
   1.6176176176176176       0.42866586562051928       0.29582821168760254     
   1.6216216216216217       0.42459299233208020       0.29282277127655032     
   1.6256256256256256       0.42050811463354137       0.28981443503420135     
   1.6296296296296295       0.41641135496777015       0.28680323271109065     
   1.6336336336336337       0.41230276067162230       0.28378919408609704     
   1.6376376376376376       0.40818246268760805       0.28077234896614933     
   1.6416416416416417       0.40405050335397596       0.27775272718593036     
   1.6456456456456456       0.39990702315423321       0.27473035860758332     
   1.6496496496496496       0.39575205828262400       0.27170527312041282     
   1.6536536536536537       0.39158575995667655       0.26867750064059459     
   1.6576576576576576       0.38740815691660790       0.26564707111087615     
   1.6616616616616617       0.38321941247772889       0.26261401450028199     
   1.6656656656656657       0.37901954643155833       0.25957836080381591     
   1.6696696696696696       0.37480873574658669       0.25654014004216519     
   1.6736736736736737       0.37058698956442493       0.25349938226140467     
   1.6776776776776776       0.36635450027658012       0.25045611753269870     
   1.6816816816816818       0.36211126444317487       0.24741037595200283     
   1.6856856856856857       0.35785749188779858       0.24436218763976714     
   1.6896896896896898       0.35359316440129612       0.24131158274063927     
   1.6936936936936937       0.34931851151445220       0.23825859142316480     
   1.6976976976976976       0.34503349777695758       0.23520324387949043     
   1.7017017017017018       0.34073837499682569       0.23214557032506186     
   1.7057057057057057       0.33643308769669611       0.22908560099833006     
   1.7097097097097098       0.33211791285769376       0.22602336616044894     
   1.7137137137137137       0.32779277184351840       0.22295889609497727     
   1.7177177177177176       0.32345797006309135       0.21989222110757800     
   1.7217217217217218       0.31911340220933826       0.21682337152571932     
   1.7257257257257257       0.31475940576735534       0.21375237769837560     
   1.7297297297297298       0.31039584483167965       0.21067926999572606     
   1.7337337337337337       0.30602309304237080       0.20760407880885565     
   1.7377377377377377       0.30164097951461188       0.20452683454945109     
   1.7417417417417418       0.29724991859098032       0.20144756764950522     
   1.7457457457457457       0.29284969953390261       0.19836630856101312     
   1.7497497497497498       0.28844078244454485       0.19528308775567005     
   1.7537537537537538       0.28402291132640384       0.19219793572457314     
   1.7577577577577577       0.27959659764465949       0.18911088297791637     
   1.7617617617617618       0.27516153416371447       0.18602196004469188     
   1.7657657657657657       0.27071828990906560       0.18293119747238676     
   1.7697697697697699       0.26626649981019451       0.17983862582668017     
   1.7737737737737738       0.26180679728182282       0.17674427569114179     
   1.7777777777777777       0.25733875216543523       0.17364817766693028     
   1.7817817817817818       0.25286306976783685       0.17055036237248988     
   1.7857857857857857       0.24837924689132310       0.16745086044324664     
   1.7897897897897899       0.24388806895187126       0.16434970253130635     
   1.7937937937937938       0.23938895102387400       0.16124691930515228     
   1.7977977977977977       0.23488276760220511       0.15814254144934106     
   1.8018018018018018       0.23036884257004497       0.15503659966419786     
   1.8058058058058057       0.22584814925913227       0.15192912466551589     
   1.8098098098098099       0.22131991008977100       0.14882014718424907     
   1.8138138138138138       0.21678520780853769       0.14570969796621130     
   1.8178178178178179       0.21224315226351606       0.14259780777177095     
   1.8218218218218218       0.20769494704082581       0.13948450737554591     
   1.8258258258258258       0.20313957744566585       0.13636982756610005     
   1.8298298298298299       0.19857838019551596       0.13325379914563965     
   1.8338338338338338       0.19401020320413365       0.13013645292970785     
   1.8378378378378379       0.18943652949186782       0.12701781974687870     
   1.8418418418418419       0.18485605584659764       0.12389793043845529     
   1.8458458458458458       0.18027042564594381       0.12077681585816115     
   1.8498498498498499       0.17567816993383106       0.11765450687183837     
   1.8538538538538538       0.17108110737456800       0.11453103435714140     
   1.8578578578578580       0.16647758778063904       0.11140642920322855     
   1.8618618618618619       0.16186962088669257       0.10828072231046192     
   1.8658658658658658       0.15725535894496354       0.10515394459009815     
   1.8698698698698699       0.15263701936274010       0.10202612696398421     
   1.8738738738738738       0.14801253970577133        9.8897300364250137E-002
   1.8778778778778780       0.14338436242255018        9.5767495733004110E-002
   1.8818818818818819       0.13875019253039664        9.2636744022027262E-002
   1.8858858858858858       0.13411271558262033        8.9505076192466795E-002
   1.8898898898898899       0.12946938553206105        8.6372523214528804E-002
   1.8938938938938938       0.12482314970340067        8.3239116067172991E-002
   1.8978978978978980       0.12017119191835897        8.0104885737807094E-002
   1.9019019019019019       0.11551674042747284        7.6969863221979185E-002
   1.9059059059059058       0.11085668943155443        7.3834079523072429E-002
   1.9099099099099099       0.10619456760951813        7.0697565651994948E-002
   1.9139139139139139       0.10152695978159827        6.7560352626878470E-002
   1.9179179179179180        9.6857714739059922E-002   6.4422471472768014E-002
   1.9219219219219219        9.2183088072842298E-002   6.1283953221316440E-002
   1.9259259259259258        8.7507268357051513E-002   5.8144828910476183E-002
   1.9299299299299300        8.2826162225495978E-002   5.5005129584193228E-002
   1.9339339339339339        7.8144317467468249E-002   5.1864886292100981E-002
   1.9379379379379380        7.3457272392942793E-002   4.8724130089211899E-002
   1.9419419419419419        6.8769952945156504E-002   4.5582892035611673E-002
   1.9459459459459461        6.4077510376108024E-002   4.2441203196148525E-002
   1.9499499499499500        5.9385266941292349E-002   3.9299094640131337E-002
   1.9539539539539539        5.4687969036153833E-002   3.6156597441019275E-002
   1.9579579579579580        4.9991352287884074E-002   3.3013742676113601E-002
   1.9619619619619619        4.5289741706965411E-002   2.9870561426253450E-002
   1.9659659659659661        4.0589301902356163E-002   2.6727084775504926E-002
   1.9699699699699700        3.5883921611131964E-002   2.3583343810856781E-002
   1.9739739739739739        3.1180208185092463E-002   2.0439369621911660E-002
   1.9779779779779780        2.6471601311839385E-002   1.7295193300577764E-002
   1.9819819819819819        2.1765162313420031E-002   1.4150845940762258E-002
   1.9859859859859861        1.7053872492330736E-002   1.1006358638064652E-002
   1.9899899899899900        1.2345252604593833E-002   7.8617624894684063E-003
   1.9939939939939939        7.6318284965303049E-003   4.7170885930325071E-003
   1.9979979979979980        2.9215544636441984E-003   1.5723680475848198E-003
   2.0020020020020022       -1.7934068795868565E-003  -1.5723680475845747E-003
   2.0060060060060061       -6.5049603616961276E-003  -4.7170885930322625E-003
   2.0100100100100100       -1.1220407224385946E-002  -7.8617624894681600E-003
   2.0140140140140139       -1.5932115191389228E-002  -1.1006358638064406E-002
   2.0180180180180178       -2.0646950475817147E-002  -1.4150845940762012E-002
   2.0220220220220222       -2.5357736195428346E-002  -1.7295193300577522E-002
   2.0260260260260261       -3.0070904232938407E-002  -2.0439369621911417E-002
   2.0300300300300300       -3.4779722870973633E-002  -2.3583343810856538E-002
   2.0340340340340339       -3.9490208511889786E-002  -2.6727084775504683E-002
   2.0380380380380378       -4.4196085413121478E-002  -2.9870561426253207E-002
   2.0420420420420422       -4.8902990006331887E-002  -3.3013742676113789E-002
   2.0460460460460461       -5.3605105254394096E-002  -3.6156597441019026E-002
   2.0500500500500500       -5.8307702053054168E-002  -3.9299094640131087E-002
   2.0540540540540539       -6.3005395998190938E-002  -4.2441203196148275E-002
   2.0580580580580579       -6.7703089168844335E-002  -4.5582892035610979E-002
   2.0620620620620622       -7.2395795425921172E-002  -4.8724130089212093E-002
   2.0660660660660661       -7.7088049171580450E-002  -5.1864886292100738E-002
   2.0700700700700700       -8.1775235306217234E-002  -5.5005129584192979E-002
   2.0740740740740740       -8.6461531419064985E-002  -5.8144828910475933E-002
   2.0780780780780779       -9.1142672478331160E-002  -6.1283953221315746E-002
   2.0820820820820822       -9.5822495446226480E-002  -6.4422471472768209E-002
   2.0860860860860861      -0.10049706659921628       -6.7560352626878220E-002
   2.0900900900900901      -0.10516990026569066       -7.0697565651994698E-002
   2.0940940940940940      -0.10983737566638686       -7.3834079523071736E-002
   2.0980980980980979      -0.11450270294728518       -7.6969863221978935E-002
   2.1021021021021022      -0.11916255595878721       -8.0104885737806844E-002
   2.1061061061061062      -0.12381985913118686       -8.3239116067172741E-002
   2.1101101101101101      -0.12847156275807509       -8.6372523214528554E-002
   2.1141141141141140      -0.13312032382867806       -8.9505076192466101E-002
   2.1181181181181179      -0.13776335116286911       -9.2636744022027012E-002
   2.1221221221221223      -0.14240305224327288       -9.5767495733003860E-002
   2.1261261261261262      -0.14703687689851780       -9.8897300364249888E-002
   2.1301301301301301      -0.15166700057843058      -0.10202612696398396     
   2.1341341341341340      -0.15629109711098363      -0.10515394459009790     
   2.1381381381381384      -0.16091112682780770      -0.10828072231046167     
   2.1421421421421423      -0.16552497114313364      -0.11140642920322831     
   2.1461461461461462      -0.17013439154704685      -0.11453103435714115     
   2.1501501501501501      -0.17473746129267007      -0.11765450687183812     
   2.1541541541541540      -0.17933575860642975      -0.12077681585816090     
   2.1581581581581584      -0.18392753355108815      -0.12389793043845504     
   2.1621621621621623      -0.18851419592383134      -0.12701781974687892     
   2.1661661661661662      -0.19309415832312471      -0.13013645292970763     
   2.1701701701701701      -0.19766867617749487      -0.13325379914563942     
   2.1741741741741740      -0.20223631112624255      -0.13636982756609983     
   2.1781781781781784      -0.20679817749822352      -0.13948450737554569     
   2.1821821821821823      -0.21135297326976260      -0.14259780777177072     
   2.1861861861861862      -0.21590168414065869      -0.14570969796621108     
   2.1901901901901901      -0.22044313251331846      -0.14882014718424885     
   2.1941941941941940      -0.22497818713337417      -0.15192912466551567     
   2.1981981981981984      -0.22950578370436908      -0.15503659966419808     
   2.2022022022022023      -0.23402668490757747      -0.15814254144934084     
   2.2062062062062062      -0.23853992939456109      -0.16124691930515206     
   2.2102102102102101      -0.24304618390426458      -0.16434970253130612     
   2.2142142142142140      -0.24754458043478006      -0.16745086044324597     
   2.2182182182182184      -0.25203569915971918      -0.17055036237248966     
   2.2222222222222223      -0.25651875654878092      -0.17364817766693005     
   2.2262262262262262      -0.26099425486929756      -0.17674427569114157     
   2.2302302302302301      -0.26546148688532845      -0.17983862582667995     
   2.2342342342342341      -0.26992088492947808      -0.18293119747238654     
   2.2382382382382384      -0.27437181054881921      -0.18602196004469207     
   2.2422422422422423      -0.27881463345819330      -0.18911088297791614     
   2.2462462462462462      -0.28324877710839613      -0.19219793572457292     
   2.2502502502502502      -0.28767455529349828      -0.19528308775566983     
   2.2542542542542541      -0.29209144708559942      -0.19836630856101248     
   2.2582582582582584      -0.29649971647065787      -0.20144756764950500     
   2.2622622622622623      -0.30089889242062823      -0.20452683454945086     
   2.2662662662662663      -0.30528919467776611      -0.20760407880885542     
   2.2702702702702702      -0.30967019691731962      -0.21067926999572584     
   2.2742742742742741      -0.31404207969003844      -0.21375237769837538     
   2.2782782782782784      -0.31840445666697637      -0.21682337152571909     
   2.2822822822822824      -0.32275747378294012      -0.21989222110757778     
   2.2862862862862863      -0.32710078045120322      -0.22295889609497704     
   2.2902902902902902      -0.33143449212433657      -0.22602336616044871     
   2.2942942942942941      -0.33575829012393099      -0.22908560099832984     
   2.2982982982982985      -0.34007226314587441      -0.23214557032506164     
   2.3023023023023024      -0.34437612097283027      -0.23520324387949024     
   2.3063063063063063      -0.34866992889381954      -0.23825859142316458     
   2.3103103103103102      -0.35295342206034075      -0.24131158274063905     
   2.3143143143143141      -0.35722664535959192      -0.24436218763976694     
   2.3183183183183185      -0.36148935654455278      -0.24741037595200260     
   2.3223223223223224      -0.36574158279026325      -0.25045611753269847     
   2.3263263263263263      -0.36998310198020140      -0.25349938226140445     
   2.3303303303303302      -0.37421392597928660      -0.25654014004216497     
   2.3343343343343341      -0.37843385060004708      -0.25957836080381524     
   2.3383383383383385      -0.38264287453775037      -0.26261401450028221     
   2.3423423423423424      -0.38684080957692990      -0.26564707111087593     
   2.3463463463463463      -0.39102764314645683      -0.26867750064059437     
   2.3503503503503502      -0.39520320126679903      -0.27170527312041259     
   2.3543543543543541      -0.39936746178913601      -0.27473035860758266     
   2.3583583583583585      -0.40352026343303182      -0.27775272718593058     
   2.3623623623623624      -0.40766157596712360      -0.28077234896614911     
   2.3663663663663663      -0.41179124945236856      -0.28378919408609682     
   2.3703703703703702      -0.41590924689583275      -0.28680323271108998     
   2.3743743743743742      -0.42001542850279705      -0.28981443503420068     
   2.3783783783783785      -0.42410975168336479      -0.29282277127655010     
   2.3823823823823824      -0.42819208573373424      -0.29582821168760237     
   2.3863863863863863      -0.43226238349161350      -0.29883072654545989     
   2.3903903903903903      -0.43632052241886143      -0.30183028615715662     
   2.3943943943943946      -0.44036645168021915      -0.30482686085895327     
   2.3983983983983985      -0.44440005609197064      -0.30782042101662760     
   2.4024024024024024      -0.44842128193374114      -0.31081093702577117     
   2.4064064064064064      -0.45243002066619664      -0.31379837931207849     
   2.4104104104104103      -0.45642621637242586      -0.31678271833164234     
   2.4144144144144146      -0.46040976653701154      -0.31976392457124503     
   2.4184184184184185      -0.46438061364694516      -0.32274196854864923     
   2.4224224224224224      -0.46833866066936231      -0.32571682081289072     
   2.4264264264264264      -0.47228384901749609      -0.32868845194456880     
   2.4304304304304303      -0.47621608666934484      -0.33165683255613876     
   2.4344344344344346      -0.48013531441765112      -0.33462193329220136     
   2.4384384384384385      -0.48404144484080347      -0.33758372482979238     
   2.4424424424424425      -0.48793441850335223      -0.34054217787867352     
   2.4464464464464464      -0.49181415222725589      -0.34349726318162288     
   2.4504504504504503      -0.49568058668745257      -0.34644895151472338     
   2.4544544544544546      -0.49953364263954997      -0.34939721368765092     
   2.4584584584584586      -0.50337326116020320      -0.35234202054396457     
   2.4624624624624625      -0.50719936666964927      -0.35528334296139358     
   2.4664664664664664      -0.51101190089609849      -0.35822115185212722     
   2.4704704704704703      -0.51481079169096466      -0.36115541816310109     
   2.4744744744744747      -0.51859598164748066      -0.36408611287628395     
   2.4784784784784786      -0.52236740184563835      -0.36701320700896528     
   2.4824824824824825      -0.52612499592532191      -0.36993667161404292     
   2.4864864864864864      -0.52986869801919356      -0.37285647778030850     
   2.4904904904904903      -0.53359845296759023      -0.37577259663273233     
   2.4944944944944947      -0.53731419780296219      -0.37868499933275035     
   2.4984984984984986      -0.54101587869561418      -0.38159365707854853     
   2.5025025025025025      -0.54470343544471034      -0.38449854110534887     
   2.5065065065065064      -0.54837681565886565      -0.38739962268569306     
   2.5105105105105103      -0.55203596178787429      -0.39029687312972527     
   2.5145145145145147      -0.55568082296857046      -0.39319026378547894     
   2.5185185185185186      -0.55931134419982109      -0.39607976603915657     
   2.5225225225225225      -0.56292747622056183      -0.39896535131541627     
   2.5265265265265264      -0.56652916648955498      -0.40184699107765126     
   2.5305305305305303      -0.57011636740779270      -0.40472465682827302     
   2.5345345345345347      -0.57368902881527484      -0.40759832010899633     
   2.5385385385385386      -0.57724710482291974      -0.41046795250111373     
   2.5425425425425425      -0.58079054758220805      -0.41333352562578402     
   2.5465465465465464      -0.58431931295137229      -0.41619501114430751     
   2.5505505505505504      -0.58783335533112258      -0.41905238075840956     
   2.5545545545545547      -0.59133263235531086      -0.42190560621051959     
   2.5585585585585586      -0.59481710061792992      -0.42475465928404776     
   2.5625625625625625      -0.59828671954889179      -0.42759951180366890     
   2.5665665665665665      -0.60174144788479211      -0.43044013563559802     
   2.5705705705705704      -0.60518124686523544      -0.43327650268786827     
   2.5745745745745747      -0.60860607732312855      -0.43610858491061100     
   2.5785785785785786      -0.61201590231550862      -0.43893635429633066     
   2.5825825825825826      -0.61541068472892990      -0.44175978288018303     
   2.5865865865865865      -0.61879038944051068      -0.44457884274025233     
   2.5905905905905904      -0.62215498135077718      -0.44739350599782673     
   2.5945945945945947      -0.62550442715517163      -0.45020374481767333     
   2.5985985985985987      -0.62883869373096013      -0.45300953140831385     
   2.6026026026026026      -0.63215774958634308      -0.45581083802230121     
   2.6066066066066065      -0.63546156354008132      -0.45860763695649065     
   2.6106106106106104      -0.63875010590427783      -0.46139990055231678     
   2.6146146146146148      -0.64202334740553857      -0.46418760119606622     
   2.6186186186186187      -0.64528126014817322      -0.46697071131914791     
   2.6226226226226226      -0.64852381673426185      -0.46974920339837051     
   2.6266266266266265      -0.65175099104616763      -0.47252304995621180     
   2.6306306306306309      -0.65496275753008371      -0.47529222356109002     
   2.6346346346346348      -0.65815909183015209      -0.47805669682763591     
   2.6386386386386387      -0.66133997020610868      -0.48081644241696481     
   2.6426426426426426      -0.66450537004577115      -0.48357143303694416     
   2.6466466466466465      -0.66765526939245667      -0.48632164144246637     
   2.6506506506506509      -0.67078964735797675      -0.48906704043571703     
   2.6546546546546548      -0.67390848373973122      -0.49180760286644165     
   2.6586586586586587      -0.67701175935248425      -0.49454330163221849     
   2.6626626626626626      -0.68009945571856800      -0.49727410967872404     
   2.6666666666666665      -0.68317155533348950      -0.49999999999999972     
   2.6706706706706709      -0.68622804141561511      -0.50272094563872161     
   2.6746746746746748      -0.68926889811798409      -0.50543691968646454     
   2.6786786786786787      -0.69229411032627997      -0.50814789528396909     
   2.6826826826826826      -0.69530366382700881      -0.51085384562140823     
   2.6866866866866865      -0.69829754514458087      -0.51355474393865141     
   2.6906906906906909      -0.70127574167417550      -0.51625056352552878     
   2.6946946946946948      -0.70423824155042924      -0.51894127772209564     
   2.6986986986986987      -0.70718503375178410      -0.52162685991889768     
   2.7027027027027026      -0.71011610799466340      -0.52430728355723144     
   2.7067067067067065      -0.71303145481484487      -0.52698252212940910     
   2.7107107107107109      -0.71593106548214602      -0.52965254917902060     
   2.7147147147147148      -0.71881493206332581      -0.53231733830119188     
   2.7187187187187187      -0.72168304735323507      -0.53497686314285131     
   2.7227227227227226      -0.72453540492291368      -0.53763109740298709     
   2.7267267267267266      -0.72737199906392236      -0.54028001483290666     
   2.7307307307307309      -0.73019282482460068      -0.54292358923649919     
   2.7347347347347348      -0.73299787796493454      -0.54556179447049191     
   2.7387387387387387      -0.73578715498337122      -0.54819460444470958     
   2.7427427427427427      -0.73856065308008112      -0.55082199312233360     
   2.7467467467467466      -0.74131837017627245      -0.55344393452015828     
   2.7507507507507509      -0.74406030488412211      -0.55606040270884749     
   2.7547547547547548      -0.74678645652014863      -0.55867137181319182     
   2.7587587587587588      -0.74949682508043192      -0.56127681601236501     
   2.7627627627627627      -0.75219141124929512      -0.56387670954017755     
   2.7667667667667666      -0.75487021637871232      -0.56647102668533345     
   2.7707707707707709      -0.75753324249329779      -0.56905974179168384     
   2.7747747747747749      -0.76018049227301943      -0.57164282925847854     
   2.7787787787787788      -0.76281196905530069      -0.57422026354062317     
   2.7827827827827827      -0.76542767682033730      -0.57679201914892952     
   2.7867867867867866      -0.76802762019095250      -0.57935807065036660     
   2.7907907907907910      -0.77061180441995503      -0.58191839266831491     
   2.7947947947947949      -0.77318023538826386      -0.58447295988281489     
   2.7987987987987988      -0.77573291959386392      -0.58702174703081833     
   2.8028028028028027      -0.77826986414860577      -0.58956472890643896     
   2.8068068068068066      -0.78079107676840975      -0.59210188036120082     
   2.8108108108108110      -0.78329656576906426      -0.59463317630428647     
   2.8148148148148149      -0.78578634005740644      -0.59715859170278585     
   2.8188188188188188      -0.78826040912637174      -0.59967810158194468     
   2.8228228228228227      -0.79071878304693743      -0.60219168102540921     
   2.8268268268268266      -0.79316147246262425      -0.60469930517547521     
   2.8308308308308310      -0.79558848858203435      -0.60720094923333168     
   2.8348348348348349      -0.79799984317296835      -0.60969658845930674     
   2.8388388388388388      -0.80039554855543027      -0.61218619817311326     
   2.8428428428428427      -0.80277561759547622      -0.61466975375409216     
   2.8468468468468466      -0.80514006369858826      -0.61714723064145482     
   2.8508508508508510      -0.80748890080336400      -0.61961860433452842     
   2.8548548548548549      -0.80982214337517244      -0.62208385039299596     
   2.8588588588588588      -0.81213980639976413      -0.62454294443713865     
   2.8628628628628627      -0.81444190537715155      -0.62699586214807834     
   2.8668668668668666      -0.81672845631520119      -0.62944257926801550     
   2.8708708708708710      -0.81899947572369258      -0.63188307160047208     
   2.8748748748748749      -0.82125498060794466      -0.63431731501052735     
   2.8788788788788788      -0.82349498846301594      -0.63674528542506048     
   2.8828828828828827      -0.82571951726740522      -0.63916695883298458     
   2.8868868868868871      -0.82792858547736892      -0.64158231128548815     
   2.8908908908908910      -0.83012221202072389      -0.64399131889626826     
   2.8948948948948949      -0.83230041629126417      -0.64639395784176901     
   2.8988988988988988      -0.83446321814269764      -0.64879020436141721     
   2.9029029029029028      -0.83661063788313628      -0.65118003475785557     
   2.9069069069069071      -0.83874269626919495      -0.65356342539717915     
   2.9109109109109110      -0.84085941450054602      -0.65594035270916740     
   2.9149149149149149      -0.84296081421419244      -0.65831079318751873     
   2.9189189189189189      -0.84504691747907934      -0.66067472339008115     
   2.9229229229229228      -0.84711774679056295      -0.66303211993908662     
   2.9269269269269271      -0.84917332506506460      -0.66538295952137938     
   2.9309309309309310      -0.85121367563475336      -0.66772721888864839     
   2.9349349349349350      -0.85323882224223313      -0.67006487485765742     
   2.9389389389389389      -0.85524878903545620      -0.67239590431047236     
   2.9429429429429428      -0.85724360056243720      -0.67472028419469232     
   2.9469469469469471      -0.85922328176641205      -0.67703799152367616     
   2.9509509509509511      -0.86118785798056308      -0.67934900337676973     
   2.9549549549549550      -0.86313735492344668      -0.68165329689953269     
   2.9589589589589589      -0.86507179869371997      -0.68395084930396566     
   2.9629629629629628      -0.86699121576585036      -0.68624163786873338     
   2.9669669669669672      -0.86889563298483641      -0.68852563993939209     
   2.9709709709709711      -0.87078507756221513      -0.69080283292861111     
   2.9749749749749750      -0.87265957707075825      -0.69307319431639702     
   2.9789789789789789      -0.87451915944081404      -0.69533670165031769     
   2.9829829829829828      -0.87636385295494734      -0.69759333254572287     
   2.9869869869869872      -0.87819368624464589      -0.69984306468596547     
   2.9909909909909911      -0.88000868828488177      -0.70208587582262250     
   2.9949949949949950      -0.88180888839121574      -0.70432174377571644     
   2.9989989989989989      -0.88359431621424900      -0.70655064643393228     
   3.0030030030030028      -0.88536500173716060      -0.70877256175483805     
   3.0070070070070072      -0.88712097527001910      -0.71098746776510247     
   3.0110110110110111      -0.88886226744779817      -0.71319534256071015     
   3.0150150150150150      -0.89058890922449752      -0.71539616430718178     
   3.0190190190190189      -0.89230093187169501      -0.71758991123978788     
   3.0230230230230228      -0.89399836697242696      -0.71977656166376336     
   3.0270270270270272      -0.89568124642033042      -0.72195609395452442     
   3.0310310310310311      -0.89734960241323092      -0.72412848655788031     
   3.0350350350350350      -0.89900346745294157      -0.72629371799024711     
   3.0390390390390389      -0.90064287433848589      -0.72845176683886070     
   3.0430430430430429      -0.90226785616663485      -0.73060261176198871     
   3.0470470470470472      -0.90387844632468706      -0.73274623148913987     
   3.0510510510510511      -0.90547467849183150      -0.73488260482127588     
   3.0550550550550550      -0.90705658663139610      -0.73701171063102133     
   3.0590590590590589      -0.90862420499313212      -0.73913352786287101     
   3.0630630630630629      -0.91017756810483985      -0.74124803553339991     
   3.0670670670670672      -0.91171671077567440      -0.74335521273147032     
   3.0710710710710711      -0.91324166808704887      -0.74545503861843621     
   3.0750750750750750      -0.91475247539706050      -0.74754749242835339     
   3.0790790790790790      -0.91624916833058401      -0.74963255346818258     
   3.0830830830830829      -0.91773178278491618      -0.75171020111799314     
   3.0870870870870872      -0.91920035491895569      -0.75378041483116953     
   3.0910910910910911      -0.92065492116017356      -0.75584317413461222     
   3.0950950950950951      -0.92209551819278501      -0.75789845862894101     
   3.0990990990990990      -0.92352218296613486      -0.75994624798869759     
   3.1031031031031029      -0.92493495268178472      -0.76198652196254535     
   3.1071071071071072      -0.92633386480339119      -0.76401926037346968     
   3.1111111111111112      -0.92771895704263962      -0.76604444311897801     
   3.1151151151151151      -0.92909026737067124      -0.76806205017129969     
   3.1191191191191190      -0.93044783400283892      -0.77007206157758090     
   3.1231231231231229      -0.93179169541169038      -0.77207445746008596     
   3.1271271271271273      -0.93312189031055814      -0.77406921801639050     
   3.1311311311311312      -0.93443845766807032      -0.77605632351957909     
   3.1351351351351351      -0.93574143669063703      -0.77803575431843974     
   3.1391391391391390      -0.93703086683839876      -0.78000749083765863     
   3.1431431431431434      -0.93830678780673960      -0.78197151357801342     
   3.1471471471471473      -0.93956923954350624      -0.78392780311656574     
   3.1511511511511512      -0.94081826222976017      -0.78587634010685492     
   3.1551551551551551      -0.94205389629802283      -0.78781710527908644     
   3.1591591591591590      -0.94327618241255473      -0.78975007944032583     
   3.1631631631631634      -0.94448516148829276      -0.79167524347468532     
   3.1671671671671673      -0.94568087467105999      -0.79359257834351493     
   3.1711711711711712      -0.94686336335672761      -0.79550206508559018     
   3.1751751751751751      -0.94803266917188489      -0.79740368481729929     
   3.1791791791791790      -0.94918883399265019      -0.79929741873283011     
   3.1831831831831834      -0.95033189992643774      -0.80118324810435748     
   3.1871871871871873      -0.95146190932972374      -0.80306115428222580     
   3.1911911911911912      -0.95257890479166540      -0.80493111869513456     
   3.1951951951951951      -0.95368292915002184      -0.80679312285032412     
   3.1991991991991990      -0.95477402547748058      -0.80864714833375495     
   3.2032032032032034      -0.95585223709483491      -0.81049317681029209     
   3.2072072072072073      -0.95691760756095789      -0.81233119002388610     
   3.2112112112112112      -0.95797018068227346      -0.81416116979775310     
   3.2152152152152151      -0.95901000050736029      -0.81598309803455449     
   3.2192192192192191      -0.96003711133174074      -0.81779695671657726     
   3.2232232232232234      -0.96105155769807882      -0.81960272790591171     
   3.2272272272272273      -0.96205338439536481      -0.82140039374462503     
   3.2312312312312312      -0.96304263646557031      -0.82318993645494509     
   3.2352352352352352      -0.96401935919646087      -0.82497133833943015     
   3.2392392392392391      -0.96498359813535806      -0.82674458178114651     
   3.2432432432432434      -0.96593539907509063      -0.82850964924384241     
   3.2472472472472473      -0.96687480807516724      -0.83026652327212114     
   3.2512512512512513      -0.96780187144080621      -0.83201518649161355     
   3.2552552552552552      -0.96871663575129519      -0.83375562160915107     
   3.2592592592592591      -0.96961914783265879      -0.83548781141293604     
   3.2632632632632634      -0.97050945479226436      -0.83721173877271049     
   3.2672672672672673      -0.97138760398652702      -0.83892738663992716     
   3.2712712712712713      -0.97225364305985840      -0.84063473804791811     
   3.2752752752752752      -0.97310761990987427      -0.84233377611206173     
   3.2792792792792791      -0.97394958272759957      -0.84402448402995045     
   3.2832832832832834      -0.97477957996397169      -0.84570684508155636     
   3.2872872872872874      -0.97559766036674700      -0.84738084262939606     
   3.2912912912912913      -0.97640387295368869      -0.84904646011869733     
   3.2952952952952952      -0.97719826703989587      -0.85070368107756111     
   3.2992992992992991      -0.97798089222490925      -0.85235248911712369     
   3.3033033033033035      -0.97875179840223547      -0.85399286793172058     
   3.3073073073073074      -0.97951103576964782      -0.85562480129904661     
   3.3113113113113113      -0.98025865481054930      -0.85724827308031681     
   3.3153153153153152      -0.98099470633892938      -0.85886326722042616     
   3.3193193193193191      -0.98171924144001099      -0.86046976774810746     
   3.3233233233233235      -0.98243231156350341      -0.86206775877609132     
   3.3273273273273274      -0.98313396840885281      -0.86365722450126015     
   3.3313313313313313      -0.98382426408245061      -0.86523814920480790     
   3.3353353353353352      -0.98450325091094892      -0.86681051725239255     
   3.3393393393393391      -0.98517098167972805      -0.86837431309429247     
   3.3433433433433435      -0.98582750935639141      -0.86992952126555956     
   3.3473473473473474      -0.98647288742873152      -0.87147612638617244     
   3.3513513513513513      -0.98710716952007937      -0.87301411316118827     
   3.3553553553553552      -0.98773040984488425      -0.87454346638089397     
   3.3593593593593591      -0.98834266269838988      -0.87606417092095756     
   3.3633633633633635      -0.98894398304633824      -0.87757621174257716     
   3.3673673673673674      -0.98953442587396800      -0.87907957389262847     
   3.3713713713713713      -0.99011404692278393      -0.88057424250381433     
   3.3753753753753752      -0.99068290188863795      -0.88206020279481123     
   3.3793793793793796      -0.99124104731241136      -0.88353744007041513     
   3.3833833833833835      -0.99178853962448443      -0.88500593972168740     
   3.3873873873873874      -0.99232543618704161      -0.88646568722609875     
   3.3913913913913913      -0.99285179419309311      -0.88791666814767278     
   3.3953953953953953      -0.99336767184543029      -0.88935886813712972     
   3.3993993993993996      -0.99387312713296461      -0.89079227293202790     
   3.4034034034034035      -0.99436821911474471      -0.89221686835690339     
   3.4074074074074074      -0.99485300661507192      -0.89363264032341194     
   3.4114114114114114      -0.99532754956020109      -0.89503957483046781     
   3.4154154154154153      -0.99579190765654346      -0.89643765796438168     
   3.4194194194194196      -0.99624614170282155      -0.89782687589899912     
   3.4234234234234235      -0.99669031234241845      -0.89920721489583688     
   3.4274274274274275      -0.99712448124528630      -0.90057866130421815     
   3.4314314314314314      -0.99754871005541867      -0.90194120156140900     
   3.4354354354354353      -0.99796306130579626      -0.90329482219275192     
   3.4394394394394396      -0.99836759771365047      -0.90463950981179775     
   3.4434434434434436      -0.99876238265989337      -0.90597525112043964     
   3.4474474474474475      -0.99914748001614651      -0.90730203290904421     
   3.4514514514514514      -0.99952295399009861      -0.90861984205658186     
   3.4554554554554553      -0.99988886969610380      -0.90992866553075646     
   3.4594594594594597       -1.0002452921432801      -0.91122849038813580     
   3.4634634634634636       -1.0005922877817046      -0.91251930377427593     
   3.4674674674674675       -1.0009299223955694      -0.91380109292385281     
   3.4714714714714714       -1.0012582638643250      -0.91507384516078560     
   3.4754754754754753       -1.0015773787246423      -0.91633754789836286     
   3.4794794794794797       -1.0018873363739482      -0.91759218863936631     
   3.4834834834834836       -1.0021882040891559      -0.91883775497619591     
   3.4874874874874875       -1.0024800528615678      -0.92007423459099136     
   3.4914914914914914       -1.0027629507150553      -0.92130161525575383     
   3.4954954954954953       -1.0030369702883213      -0.92251988483246850     
   3.4994994994994997       -1.0033021803884645      -0.92372903127322248     
   3.5035035035035036       -1.0035586553210927      -0.92492904262032472     
   3.5075075075075075       -1.0038064647547895      -0.92611990700642566     
   3.5115115115115114       -1.0040456846342722      -0.92730161265463207     
   3.5155155155155153       -1.0042763856236294      -0.92847414787862559     
   3.5195195195195197       -1.0044986452173283      -0.92963750108277710     
   3.5235235235235236       -1.0047125352790249      -0.93079166076226205     
   3.5275275275275275       -1.0049181346878240      -0.93193661550317375     
   3.5315315315315314       -1.0051155167945043      -0.93307235398263721     
   3.5355355355355353       -1.0053047616094597      -0.93419886496891946     
   3.5395395395395397       -1.0054859443523494      -0.93531613732154262     
   3.5435435435435436       -1.0056591458146693      -0.93642415999139206     
   3.5475475475475475       -1.0058244435664088      -0.93752292202082732     
   3.5515515515515514       -1.0059819187312415      -0.93861241254378924     
   3.5555555555555554       -1.0061316518077605      -0.93969262078590843     
   3.5595595595595597       -1.0062737237123638      -0.94076353606461116     
   3.5635635635635636       -1.0064082185324228      -0.94182514778922477     
   3.5675675675675675       -1.0065352163693815      -0.94287744546108421     
   3.5715715715715715       -1.0066548056103628      -0.94392041867363274     
   3.5755755755755754       -1.0067670649064613      -0.94495405711252811     
   3.5795795795795797       -1.0068720876549053      -0.94597835055574231     
   3.5835835835835836       -1.0069699504561729      -0.94699328887366330     
   3.5875875875875876       -1.0070607523517607      -0.94799886202919548     
   3.5915915915915915       -1.0071445674148536      -0.94899506007785894     
   3.5955955955955954       -1.0072215007868224      -0.94998187316788696     
   3.5995995995995997       -1.0072916237763481      -0.95095929154032532     
   3.6036036036036037       -1.0073550477719864      -0.95192730552912663     
   3.6076076076076076       -1.0074118414625193      -0.95288590556124664     
   3.6116116116116115       -1.0074621221682860      -0.95383508215674029     
   3.6156156156156154       -1.0075059566485502      -0.95477482592885354     
   3.6196196196196198       -1.0075434672057335      -0.95570512758411708     
   3.6236236236236237       -1.0075747200808185      -0.95662597792243798     
   3.6276276276276276       -1.0075998407993327      -0.95753736783719101     
   3.6316316316316315       -1.0076188973847187      -0.95843928831530878     
   3.6356356356356359       -1.0076320158608232      -0.95933173043737030     
   3.6396396396396398       -1.0076392693595897      -0.96021468537768961     
   3.6436436436436437       -1.0076407806056489      -0.96108814440440271     
   3.6476476476476476       -1.0076366321973740      -0.96195209887955480     
   3.6516516516516515       -1.0076269380736076      -0.96280654025918444     
   3.6556556556556559       -1.0076117963826128      -0.96365146009340885     
   3.6596596596596598       -1.0075913072375167      -0.96448685002650714     
   3.6636636636636637       -1.0075655898712021      -0.96531270179700357     
   3.6676676676676676       -1.0075347241232024      -0.96612900723774797     
   3.6716716716716715       -1.0074988569764498      -0.96693575827599820     
   3.6756756756756759       -1.0074580412857950      -0.96773294693349898     
   3.6796796796796798       -1.0074124582230051      -0.96852056532655983     
   3.6836836836836837       -1.0073621280784091      -0.96929860566613557     
   3.6876876876876876       -1.0073072707005921      -0.97006706025790090     
   3.6916916916916915       -1.0072478707050621      -0.97082592150232783     
   3.6956956956956959       -1.0071841882286017      -0.97157518189476044     
   3.6996996996996998       -1.0071161725174234      -0.97231483402548924     
   3.7037037037037037       -1.0070441213581105      -0.97304487057982392     
   3.7077077077077076       -1.0069679542648824      -0.97376528433816678     
   3.7117117117117115       -1.0068879974851168      -0.97447606817608323     
   3.7157157157157159       -1.0068041540701271      -0.97517721506437227     
   3.7197197197197198       -1.0067167611264825      -0.97586871806913611     
   3.7237237237237237       -1.0066257274028267      -0.97655057035184933     
   3.7277277277277276       -1.0065313738987260      -0.97722276516942586     
   3.7317317317317316       -1.0064336471978528      -0.97788529587428519     
   3.7357357357357359       -1.0063328146418573      -0.97853815591441973     
   3.7397397397397398       -1.0062289034521363      -0.97918133883345804     
   3.7437437437437437       -1.0061220797976242      -0.97981483827072935     
   3.7477477477477477       -1.0060125029759719      -0.98043864796132674     
   3.7517517517517516       -1.0059001832922392      -0.98105276173616807     
   3.7557557557557559       -1.0057854690816064      -0.98165717352205806     
   3.7597597597597598       -1.0056681570546320      -0.98225187734174813     
   3.7637637637637638       -1.0055488406630786      -0.98283686731399489     
   3.7677677677677677       -1.0054270511139740      -0.98341213765361879     
   3.7717717717717716       -1.0053036718319146      -0.98397768267156138     
   3.7757757757757759       -1.0051779337974232      -0.98453349677494195     
   3.7797797797797799       -1.0050510307755409      -0.98507957446711136     
   3.7837837837837838       -1.0049218919531686      -0.98561591034770824     
   3.7877877877877877       -1.0047919992540446      -0.98614249911271146     
   3.7917917917917916       -1.0046600307154636      -0.98665933555449192     
   3.7957957957957960       -1.0045276715868925      -0.98716641456186571     
   3.7997997997997999       -1.0043934731920858      -0.98766373112014327     
   3.8038038038038038       -1.0042591544940742      -0.98815128031117960     
   3.8078078078078077       -1.0041233594237311      -0.98862905731342254     
   3.8118118118118116       -1.0039875668466089      -0.98909705740196108     
   3.8158158158158160       -1.0038508444995626      -0.98955527594857173     
   3.8198198198198199       -1.0037140407015928      -0.99000370842176366     
   3.8238238238238238       -1.0035770958242323      -0.99044235038682449     
   3.8278278278278277       -1.0034397229767165      -0.99087119750586350     
   3.8318318318318316       -1.0033032885492337      -0.99129024553785516     
   3.8358358358358360       -1.0031657786581651      -0.99169949033868066     
   3.8398398398398399       -1.0030305994875448      -0.99209892786116838     
   3.8438438438438438       -1.0028933957650235      -0.99248855415513493     
   3.8478478478478477       -1.0027601991349315      -0.99286836536742351     
   3.8518518518518516       -1.0026237917173524      -0.99323835774194280     
   3.8558558558558560       -1.0024932415438761      -0.99359852761970280     
   3.8598598598598599       -1.0023582212800803      -0.99394887143885202     
   3.8638638638638638       -1.0022308530702881      -0.99428938573471282     
   3.8678678678678677       -1.0020979849072693      -0.99462006713981466     
   3.8718718718718717       -1.0019741210834696      -0.99494091238392857     
   3.8758758758758760       -1.0018444355744287      -0.99525191829409909     
   3.8798798798798799       -1.0017240853367773      -0.99555308179467450     
   3.8838838838838838       -1.0015989807383974      -0.99584439990733942     
   3.8878878878878878       -1.0014817363727972      -0.99612586975114281     
   3.8918918918918921       -1.0013630736133916      -0.99639748854252641     
   3.8958958958958960       -1.0012480279705818      -0.99665925359535279     
   3.8998998998998999       -1.0011381854661190      -0.99691116232093191     
   3.9039039039039038       -1.0010239136540051      -0.99715321222804643     
   3.9079079079079078       -1.0009257471515585      -0.99738540092297623     
   3.9119119119119121       -1.0008104206706385      -0.99760772610952264     
   3.9159159159159160       -1.0007270447664913      -0.99782018558903074     
   3.9199199199199199       -1.0006087777573476      -0.99802277726041111     
   3.9239239239239239       -1.0005430523107630      -0.99821549912016083     
   3.9279279279279278       -1.0004206134349645      -0.99839834926238302     
   3.9319319319319321       -1.0003741861706574      -0.99857132587880604     
   3.9359359359359360       -1.0002482360175333      -0.99873442725880057     
   3.9399399399399400       -1.0002199773317606      -0.99888765178939798     
   3.9439439439439439       -1.0000949879270220      -0.99903099795530448     
   3.9479479479479478       -1.0000786864257709      -0.99916446433891781     
   3.9519519519519521      -0.99996562353495766      -0.99928804962034024     
   3.9559559559559561      -0.99994694972035469      -0.99940175257739150     
   3.9599599599599600      -0.99986657100063736      -0.99950557208562174     
   3.9639639639639639      -0.99981966725912830      -0.99959950711832180     
   3.9679679679679678      -0.99980576974536939      -0.99968355674653397     
   3.9719719719719722      -0.99969057019601704      -0.99975772013906072     
   3.9759759759759761      -0.99979146876013725      -0.99982199656247328     
   3.9799799799799800      -0.99955430012842683      -0.99987638538111856     
   3.9839839839839839      -0.99982883133450018      -0.99992088605712559     
   3.9879879879879878      -0.99941151673707396      -0.99995549815041107     
   3.9919919919919922      -0.99991264444972017      -0.99998022131868336     
   3.9959959959959961      -0.99928400624024905      -0.99999505531744570     
   4.0000000000000000       -1.0000000000000000       -1.0000000000000000     
