   0.0000000000000000        1.0000000000000000       0.99999999999999989     
   4.0040040040040040E-003  0.99984719798092747       0.99999505531744592     
   8.0080080080080079E-003  0.99999825695549982       0.99998022131868325     
   1.2012012012012012E-002  0.99987367095860247       0.99995549815041107     
   1.6016016016016016E-002  0.99999316288478812       0.99992088605712559     
   2.0020020020020020E-002  0.99990466227002950       0.99987638538111856     
   2.4024024024024024E-002  0.99998924269401412       0.99982199656247328     
   2.8028028028028028E-002  0.99994462184257227       0.99975772013906072     
   3.2032032032032032E-002  0.99999580699609303       0.99968355674653397     
   3.6036036036036036E-002  0.99998859967290621       0.99959950711832180     
   4.0040040040040040E-002   1.0000151607044547       0.99950557208562174     
   4.4044044044044044E-002   1.0000345219613007       0.99940175257739161     
   4.8048048048048048E-002   1.0000473980955717       0.99928804962034012     
   5.2052052052052052E-002   1.0000819839464761       0.99916446433891792     
   5.6056056056056056E-002   1.0000910611162490       0.99903099795530459     
   6.0060060060060060E-002   1.0001317412998771       0.99888765178939798     
   6.4064064064064064E-002   1.0001438502727409       0.99873442725880068     
   6.8068068068068074E-002   1.0001849247702814       0.99857132587880615     
   7.2072072072072071E-002   1.0002034026116744       0.99839834926238324     
   7.6076076076076082E-002   1.0002423887001730       0.99821549912016094     
   8.0080080080080079E-002   1.0002677810595804       0.99802277726041122     
   8.4084084084084090E-002   1.0003044146432636       0.99782018558903074     
   8.8088088088088087E-002   1.0003356099428280       0.99760772610952264     
   9.2092092092092098E-002   1.0003707208104919       0.99738540092297623     
   9.6096096096096095E-002   1.0004059780201673       0.99715321222804643     
  0.10010010010010011        1.0004406279143587       0.99691116232093191     
  0.10410410410410410        1.0004782567891450       0.99665925359535279     
  0.10810810810810811        1.0005132523689608       0.99639748854252641     
  0.11211211211211211        1.0005519334721764       0.99612586975114281     
  0.11611611611611612        1.0005876570279788       0.99584439990733964     
  0.12012012012012012        1.0006265003100163       0.99555308179467450     
  0.12412412412412413        1.0006629397752447       0.99525191829409887     
  0.12812812812812813        1.0007014028550543       0.99494091238392868     
  0.13213213213213212        1.0007382696009095       0.99462006713981466     
  0.13613613613613615        1.0007760310284504       0.99428938573471282     
  0.14014014014014015        1.0008128892427692       0.99394887143885213     
  0.14414414414414414        1.0008497336246149       0.99359852761970280     
  0.14814814814814814        1.0008861023552946       0.99323835774194291     
  0.15215215215215216        1.0009218408272025       0.99286836536742373     
  0.15615615615615616        1.0009572574962633       0.99248855415513493     
  0.16016016016016016        1.0009916854466019       0.99209892786116838     
  0.16416416416416416        1.0010257354662715       0.99169949033868066     
  0.16816816816816818        1.0010586190041197       0.99129024553785539     
  0.17217217217217218        1.0010909419755891       0.99087119750586361     
  0.17617617617617617        1.0011220217636023       0.99044235038682449     
  0.18018018018018017        1.0011523052778726       0.99000370842176388     
  0.18418418418418420        1.0011813081309417       0.98955527594857196     
  0.18818818818818819        1.0012092771459811       0.98909705740196130     
  0.19219219219219219        1.0012359289120951       0.98862905731342254     
  0.19619619619619619        1.0012613356957736       0.98815128031117949     
  0.20020020020020021        1.0012853719078276       0.98766373112014327     
  0.20420420420420421        1.0013079888953944       0.98716641456186571     
  0.20820820820820821        1.0013291620381140       0.98665933555449203     
  0.21221221221221220        1.0013487777251440       0.98614249911271146     
  0.21621621621621623        1.0013668612159641       0.98561591034770846     
  0.22022022022022023        1.0013832787117098       0.98507957446711159     
  0.22422422422422422        1.0013980685894632       0.98453349677494206     
  0.22822822822822822        1.0014111060022910       0.98397768267156138     
  0.23223223223223224        1.0014224210414953       0.98341213765361868     
  0.23623623623623624        1.0014319125007014       0.98283686731399489     
  0.24024024024024024        1.0014395935853360       0.98225187734174813     
  0.24424424424424424        1.0014453907777618       0.98165717352205828     
  0.24824824824824826        1.0014493001448594       0.98105276173616818     
  0.25225225225225223        1.0014512733992609       0.98043864796132674     
  0.25625625625625625        1.0014512938725257       0.97981483827072957     
  0.26026026026026028        1.0014493332326990       0.97918133883345804     
  0.26426426426426425        1.0014453679184561       0.97853815591441973     
  0.26826826826826827        1.0014393834223017       0.97788529587428519     
  0.27227227227227230        1.0014313548913387       0.97722276516942586     
  0.27627627627627627        1.0014212768190942       0.97655057035184956     
  0.28028028028028029        1.0014091271587628       0.97586871806913633     
  0.28428428428428426        1.0013949058595055       0.97517721506437238     
  0.28828828828828829        1.0013785964256394       0.97447606817608334     
  0.29229229229229231        1.0013602021909334       0.97376528433816700     
  0.29629629629629628        1.0013397134114279       0.97304487057982403     
  0.30030030030030030        1.0013171359708950       0.97231483402548924     
  0.30430430430430433        1.0012924672039631       0.97157518189476044     
  0.30830830830830830        1.0012657152943674       0.97082592150232794     
  0.31231231231231232        1.0012368843918695       0.97006706025790113     
  0.31631631631631629        1.0012059853333866       0.96929860566613568     
  0.32032032032032032        1.0011730283228100       0.96852056532656006     
  0.32432432432432434        1.0011380273226032       0.96773294693349898     
  0.32832832832832831        1.0011009979662275       0.96693575827599854     
  0.33233233233233234        1.0010619576328834       0.96612900723774819     
  0.33633633633633636        1.0010209267862253       0.96531270179700357     
  0.34034034034034033        1.0009779265677656       0.96448685002650714     
  0.34434434434434436        1.0009329816187094       0.96365146009340885     
  0.34834834834834832        1.0008861170438501       0.96280654025918455     
  0.35235235235235235        1.0008373613114201       0.96195209887955491     
  0.35635635635635637        1.0007867433714503       0.96108814440440293     
  0.36036036036036034        1.0007342952993774       0.96021468537768961     
  0.36436436436436437        1.0006800498013051       0.95933173043737041     
  0.36836836836836839        1.0006240422589170       0.95843928831530878     
  0.37237237237237236        1.0005663090177652       0.95753736783719101     
  0.37637637637637639        1.0005068885623511       0.95662597792243798     
  0.38038038038038036        1.0004458206435953       0.95570512758411708     
  0.38438438438438438        1.0003831467360498       0.95477482592885377     
  0.38838838838838841        1.0003189096694924       0.95383508215674051     
  0.39239239239239238        1.0002531538128285       0.95288590556124697     
  0.39639639639639640        1.0001859248419858       0.95192730552912663     
  0.40040040040040042        1.0001172697954994       0.95095929154032544     
  0.40440440440440439        1.0000472370016262       0.94998187316788707     
  0.40840840840840842       0.99997587594226478       0.94899506007785894     
  0.41241241241241239       0.99990323739914289       0.94799886202919548     
  0.41641641641641641       0.99982937313665332       0.94699328887366341     
  0.42042042042042044       0.99975433609631503       0.94597835055574242     
  0.42442442442442441       0.99967818016493160       0.94495405711252856     
  0.42842842842842843       0.99960096020314371       0.94392041867363297     
  0.43243243243243246       0.99952273202980135       0.94287744546108421     
  0.43643643643643643       0.99944355224347614       0.94182514778922499     
  0.44044044044044045       0.99936347832454908       0.94076353606461094     
  0.44444444444444442       0.99928256844024654       0.93969262078590843     
  0.44844844844844844       0.99920088150284025       0.93861241254378935     
  0.45245245245245247       0.99911847705625456       0.93752292202082743     
  0.45645645645645644       0.99903541524195871       0.93642415999139239     
  0.46046046046046046       0.99895175676125747       0.93531613732154295     
  0.46446446446446449       0.99886756280322875       0.93419886496891991     
  0.46846846846846846       0.99878289500595496       0.93307235398263733     
  0.47247247247247248       0.99869781541353608       0.93193661550317397     
  0.47647647647647645       0.99861238639986050       0.93079166076226205     
  0.48048048048048048       0.99852667067643952       0.92963750108277710     
  0.48448448448448450       0.99844073116948273       0.92847414787862570     
  0.48848848848848847       0.99835463104679223       0.92730161265463229     
  0.49249249249249250       0.99826843361814410       0.92611990700642588     
  0.49649649649649652       0.99818220231202170       0.92492904262032505     
  0.50050050050050054       0.99809600063825099       0.92372903127322259     
  0.50450450450450446       0.99800989211560598       0.92251988483246872     
  0.50850850850850848       0.99792394027004383       0.92130161525575405     
  0.51251251251251251       0.99783820853059324       0.92007423459099136     
  0.51651651651651653       0.99775276028445947       0.91883775497619602     
  0.52052052052052056       0.99766765871438845       0.91759218863936653     
  0.52452452452452447       0.99758296687236714       0.91633754789836308     
  0.52852852852852850       0.99749874755270207       0.91507384516078605     
  0.53253253253253252       0.99741506331666807       0.91380109292385314     
  0.53653653653653655       0.99733197640675686       0.91251930377427604     
  0.54054054054054057       0.99724954875347804       0.91122849038813569     
  0.54454454454454460       0.99716784189547558       0.90992866553075669     
  0.54854854854854851       0.99708691698908170       0.90861984205658186     
  0.55255255255255253       0.99700683472622798       0.90730203290904443     
  0.55655655655655656       0.99692765534870087       0.90597525112043986     
  0.56056056056056058       0.99684943858396391       0.90463950981179786     
  0.56456456456456461       0.99677224362940975       0.90329482219275237     
  0.56856856856856852       0.99669612910693073       0.90194120156140967     
  0.57257257257257255       0.99662115305951671       0.90057866130421826     
  0.57657657657657657       0.99654737288250317       0.89920721489583666     
  0.58058058058058060       0.99647484534711250       0.89782687589899912     
  0.58458458458458462       0.99640362651652137       0.89643765796438168     
  0.58858858858858853       0.99633377177777660       0.89503957483046792     
  0.59259259259259256       0.99626533576187415       0.89363264032341216     
  0.59659659659659658       0.99619837237460152       0.89221686835690384     
  0.60060060060060061       0.99613293471096065       0.89079227293202834     
  0.60460460460460463       0.99606907510006748       0.88935886813713039     
  0.60860860860860866       0.99600684501934822       0.88791666814767300     
  0.61261261261261257       0.99594629513533461       0.88646568722609853     
  0.61661661661661660       0.99588747522268373       0.88500593972168740     
  0.62062062062062062       0.99583043420775719       0.88353744007041513     
  0.62462462462462465       0.99577522008587671       0.88206020279481145     
  0.62862862862862867       0.99572187997202444       0.88057424250381455     
  0.63263263263263259       0.99567046001281867       0.87907957389262892     
  0.63663663663663661       0.99562100545234500       0.87757621174257761     
  0.64064064064064064       0.99557356051715873       0.87606417092095823     
  0.64464464464464466       0.99552816851800019       0.87454346638089420     
  0.64864864864864868       0.99548487171559619       0.87301411316118804     
  0.65265265265265260       0.99544371143356503       0.87147612638617244     
  0.65665665665665662       0.99540472791478118       0.86992952126555978     
  0.66066066066066065       0.99536796044980203       0.86837431309429269     
  0.66466466466466467       0.99533344721926287       0.86681051725239278     
  0.66866866866866870       0.99530122544098798       0.86523814920480835     
  0.67267267267267272       0.99527133120126232       0.86365722450126059     
  0.67667667667667664       0.99524379959633158       0.86206775877609154     
  0.68068068068068066       0.99521866458512631       0.86046976774810768     
  0.68468468468468469       0.99519595912721603       0.85886326722042616     
  0.68868868868868871       0.99517571502000746       0.85724827308031681     
  0.69269269269269274       0.99515796306137749       0.85562480129904683     
  0.69669669669669665       0.99514273286524912       0.85399286793172080     
  0.70070070070070067       0.99513005304860735       0.85235248911712413     
  0.70470470470470470       0.99511995103067197       0.85070368107756156     
  0.70870870870870872       0.99511245321718633       0.84904646011869800     
  0.71271271271271275       0.99510758482067474       0.84738084262939628     
  0.71671671671671666       0.99510537003998467       0.84570684508155602     
  0.72072072072072069       0.99510583184310286       0.84402448402995045     
  0.72472472472472471       0.99510899206790704       0.84233377611206173     
  0.72872872872872874       0.99511487158263412       0.84063473804791822     
  0.73273273273273276       0.99512349004618017       0.83892738663992727     
  0.73673673673673679       0.99513486609499446       0.83721173877271082     
  0.74074074074074070       0.99514901717669035       0.83548781141293649     
  0.74474474474474472       0.99516595969748800       0.83375562160915173     
  0.74874874874874875       0.99518570889716529       0.83201518649161366     
  0.75275275275275277       0.99520827895981656       0.83026652327212069     
  0.75675675675675680       0.99523368291415781       0.82850964924384218     
  0.76076076076076071       0.99526193274882124       0.82674458178114663     
  0.76476476476476474       0.99529303928497403       0.82497133833943037     
  0.76876876876876876       0.99532701231777865       0.82318993645494531     
  0.77277277277277279       0.99536386048618708       0.82140039374462548     
  0.77677677677677681       0.99540359139704804       0.81960272790591149     
  0.78078078078078073       0.99544621152426127       0.81779695671657793     
  0.78478478478478475       0.99549172630630534       0.81598309803455460     
  0.78878878878878878       0.99554014006369185       0.81416116979775299     
  0.79279279279279280       0.99559145608887378       0.81233119002388599     
  0.79679679679679682       0.99564567656737146       0.81049317681029232     
  0.80080080080080085       0.99570280265697608       0.80864714833375506     
  0.80480480480480476       0.99576283444715397       0.80679312285032445     
  0.80880880880880879       0.99582577096752800       0.80493111869513490     
  0.81281281281281281       0.99589161024175976       0.80306115428222591     
  0.81681681681681684       0.99596034920230803       0.80118324810435759     
  0.82082082082082086       0.99603198380897240       0.79929741873283022     
  0.82482482482482478       0.99610650893878672       0.79740368481729917     
  0.82882882882882880       0.99618391850666643       0.79550206508558996     
  0.83283283283283283       0.99626420536241778       0.79359257834351515     
  0.83683683683683685       0.99634736138912283       0.79167524347468543     
  0.84084084084084088       0.99643337746215344       0.78975007944032627     
  0.84484484484484490       0.99652224344759510       0.78781710527908688     
  0.84884884884884881       0.99661394826411598       0.78587634010685514     
  0.85285285285285284       0.99670847981353905       0.78392780311656585     
  0.85685685685685686       0.99680582505413651       0.78197151357801298     
  0.86086086086086089       0.99690596997807779       0.78000749083765841     
  0.86486486486486491       0.99700889958753158       0.77803575431843952     
  0.86886886886886883       0.99711459802506996       0.77605632351957921     
  0.87287287287287285       0.99722304835189479       0.77406921801639061     
  0.87687687687687688       0.99733423288283496       0.77207445746008641     
  0.88088088088088090       0.99744813280064892       0.77007206157758135     
  0.88488488488488493       0.99756472857256606       0.76806205017129980     
  0.88888888888888884       0.99768399957913145       0.76604444311897812     
  0.89289289289289286       0.99780592442319760       0.76401926037346957     
  0.89689689689689689       0.99793048077210855       0.76198652196254524     
  0.90090090090090091       0.99805764539419595       0.75994624798869781     
  0.90490490490490494       0.99818739420651947       0.75789845862894112     
  0.90890890890890896       0.99831970225560029       0.75584317413461199     
  0.91291291291291288       0.99845454366794750       0.75378041483116964     
  0.91691691691691690       0.99859189187049668       0.75171020111799358     
  0.92092092092092093       0.99873171921209203       0.74963255346818269     
  0.92492492492492495       0.99887399749736150       0.74754749242835361     
  0.92892892892892898       0.99901869740244276       0.74545503861843632     
  0.93293293293293289       0.99916578904713105       0.74335521273147021     
  0.93693693693693691       0.99931524156987328       0.74124803553340046     
  0.94094094094094094       0.99946702340509042       0.73913352786287123     
  0.94494494494494496       0.99962110215532396       0.73701171063102144     
  0.94894894894894899       0.99977744468629459       0.73488260482127599     
  0.95295295295295290       0.99993601698474810       0.73274623148913998     
  0.95695695695695693        1.0000967845108750       0.73060261176198882     
  0.96096096096096095        1.0002597116469811       0.72845176683886093     
  0.96496496496496498        1.0004247624022975       0.72629371799024722     
  0.96896896896896900        1.0005918997229148       0.72412848655788020     
  0.97297297297297303        1.0007610860935789       0.72195609395452465     
  0.97697697697697694        1.0009322831543259       0.71977656166376347     
  0.98098098098098097        1.0011054519336706       0.71758991123978799     
  0.98498498498498499        1.0012805526611435       0.71539616430718200     
  0.98898898898898902        1.0014575451352958       0.71319534256071038     
  0.99299299299299304        1.0016363881601851       0.71098746776510235     
  0.99699699699699695        1.0018170402871240       0.70877256175483849     
   1.0010010010010011        1.0019994590884120       0.70655064643393239     
   1.0050050050050050        1.0021836017927066       0.70432174377571666     
   1.0090090090090089        1.0023694248686772       0.70208587582262261     
   1.0130130130130131        1.0025568843364783       0.69984306468596524     
   1.0170170170170170        1.0027459354491801       0.69759333254572309     
   1.0210210210210211        1.0029365332690467       0.69533670165031780     
   1.0250250250250250        1.0031286318888408       0.69307319431639725     
   1.0290290290290289        1.0033221852864107       0.69080283292861089     
   1.0330330330330331        1.0035171467137378       0.68852563993939231     
   1.0370370370370370        1.0037134690859943       0.68624163786873360     
   1.0410410410410411        1.0039111047165341       0.68395084930396588     
   1.0450450450450450        1.0041100057885617       0.68165329689953280     
   1.0490490490490489        1.0043101236925702       0.67934900337676996     
   1.0530530530530531        1.0045114098129559       0.67703799152367639     
   1.0570570570570570        1.0047138149595987       0.67472028419469277     
   1.0610610610610611        1.0049172897386280       0.67239590431047247     
   1.0650650650650650        1.0051217843223605       0.67006487485765720     
   1.0690690690690692        1.0053272489029832       0.66772721888864850     
   1.0730730730730731        1.0055336330724047       0.66538295952137927     
   1.0770770770770770        1.0057408865275421       0.66303211993908673     
   1.0810810810810811        1.0059489586679660       0.66067472339008138     
   1.0850850850850851        1.0061577988052228       0.65831079318751895     
   1.0890890890890892        1.0063673560836583       0.65594035270916762     
   1.0930930930930931        1.0065775797511138       0.65356342539717938     
   1.0970970970970970        1.0067884189139231       0.65118003475785569     
   1.1011011011011012        1.0069998227478123       0.64879020436141710     
   1.1051051051051051        1.0072117405195722       0.64639395784176923     
   1.1091091091091092        1.0074241216674180       0.64399131889626848     
   1.1131131131131131        1.0076369157191896       0.64158231128548826     
   1.1171171171171170        1.0078500724360206       0.63916695883298480     
   1.1211211211211212        1.0080635419859560       0.63674528542506059     
   1.1251251251251251        1.0082772747068089       0.63431731501052790     
   1.1291291291291292        1.0084912214661981       0.63188307160047219     
   1.1331331331331331        1.0087053333952674       0.62944257926801572     
   1.1371371371371370        1.0089195624938034       0.62699586214807856     
   1.1411411411411412        1.0091338609101619       0.62454294443713887     
   1.1451451451451451        1.0093481818657282       0.62208385039299618     
   1.1491491491491492        1.0095624788308546       0.61961860433452864     
   1.1531531531531531        1.0097767067140770       0.61714723064145538     
   1.1571571571571571        1.0099908205515913       0.61466975375409227     
   1.1611611611611612        1.0102047771105851       0.61218619817311382     
   1.1651651651651651        1.0104185333288709       0.60969658845930685     
   1.1691691691691692        1.0106320482915128       0.60720094923333146     
   1.1731731731731732        1.0108452811726552       0.60469930517547543     
   1.1771771771771771        1.0110581936635497       0.60219168102540976     
   1.1811811811811812        1.0112707475016083       0.59967810158194490     
   1.1851851851851851        1.0114829073917042       0.59715859170278607     
   1.1891891891891893        1.0116946381051239       0.59463317630428669     
   1.1931931931931932        1.0119059077960755       0.59210188036120104     
   1.1971971971971973        1.0121166845572065       0.58956472890643952     
   1.2012012012012012        1.0123269404793811       0.58702174703081855     
   1.2052052052052051        1.0125366474070803       0.58447295988281511     
   1.2092092092092093        1.0127457818298664       0.58191839266831502     
   1.2132132132132132        1.0129543198901221       0.57935807065036715     
   1.2172172172172173        1.0131622429523042       0.57679201914892964     
   1.2212212212212212        1.0133695318563190       0.57422026354062339     
   1.2252252252252251        1.0135761734172710       0.57164282925847876     
   1.2292292292292293        1.0137821536817984       0.56905974179168362     
   1.2332332332332332        1.0139874654660268       0.56647102668533400     
   1.2372372372372373        1.0141921005403585       0.56387670954017777     
   1.2412412412412412        1.0143960583073994       0.56127681601236523     
   1.2452452452452452        1.0145993368517161       0.55867137181319193     
   1.2492492492492493        1.0148019427450705       0.55606040270884771     
   1.2532532532532532        1.0150038809076540       0.55344393452015839     
   1.2572572572572573        1.0152051657322310       0.55082199312233371     
   1.2612612612612613        1.0154058095530072       0.54819460444470980     
   1.2652652652652652        1.0156058352233617       0.54556179447049202     
   1.2692692692692693        1.0158052630798027       0.54292358923649942     
   1.2732732732732732        1.0160041250894398       0.54028001483290677     
   1.2772772772772774        1.0162024501840385       0.53763109740298687     
   1.2812812812812813        1.0164002801044023       0.53497686314285187     
   1.2852852852852852        1.0165976529704068       0.53231733830119210     
   1.2892892892892893        1.0167946209559540       0.52965254917902038     
   1.2932932932932932        1.0169912319555539       0.52698252212940966     
   1.2972972972972974        1.0171875492266562       0.52430728355723166     
   1.3013013013013013        1.0173836310107354       0.52162685991889790     
   1.3053053053053052        1.0175795522808337       0.51894127772209575     
   1.3093093093093093        1.0177753821734188       0.51625056352552856     
   1.3133133133133132        1.0179712079717826       0.51355474393865164     
   1.3173173173173174        1.0181671101949534       0.51085384562140879     
   1.3213213213213213        1.0183631890771976       0.50814789528396931     
   1.3253253253253254        1.0185595369756490       0.50543691968646431     
   1.3293293293293293        1.0187562675154356       0.50272094563872183     
   1.3333333333333333        1.0189534853189830       0.50000000000000033     
   1.3373373373373374        1.0191513178482612       0.49727410967872421     
   1.3413413413413413        1.0193498822680198       0.49454330163221866     
   1.3453453453453454        1.0195493202512551       0.49180760286644143     
   1.3493493493493494        1.0197497618101454       0.48906704043571680     
   1.3533533533533533        1.0199513630242316       0.48632164144246692     
   1.3573573573573574        1.0201542667536274       0.48357143303694439     
   1.3613613613613613        1.0203586435796688       0.48081644241696458     
   1.3653653653653655        1.0205646492996727       0.47805669682763607     
   1.3693693693693694        1.0207724689825701       0.47529222356109019     
   1.3733733733733733        1.0209822709631575       0.47252304995621203     
   1.3773773773773774        1.0211942544935251       0.46974920339837073     
   1.3813813813813813        1.0214086003019298       0.46697071131914814     
   1.3853853853853855        1.0216255213070777       0.46418760119606600     
   1.3893893893893894        1.0218452096599240       0.46139990055231739     
   1.3933933933933933        1.0220678915279975       0.45860763695649082     
   1.3973973973973974        1.0222937696200809       0.45581083802230099     
   1.4014014014014013        1.0225230819768663       0.45300953140831446     
   1.4054054054054055        1.0227560409289240       0.45020374481767350     
   1.4094094094094094        1.0229928951006477       0.44739350599782696     
   1.4134134134134133        1.0232338644425742       0.44457884274025250     
   1.4174174174174174        1.0234792068686582       0.44175978288018319     
   1.4214214214214214        1.0237291478925044       0.43893635429633082     
   1.4254254254254255        1.0239839522544791       0.43610858491061116     
   1.4294294294294294        1.0242438489991899       0.43327650268786849     
   1.4334334334334333        1.0245091067908463       0.43044013563559824     
   1.4374374374374375        1.0247799553672536       0.42759951180366951     
   1.4414414414414414        1.0250566643351124       0.42475465928404799     
   1.4454454454454455        1.0253394602370240       0.42190560621051937     
   1.4494494494494494        1.0256286103535912       0.41905238075840973     
   1.4534534534534536        1.0259243336179851       0.41619501114430768     
   1.4574574574574575        1.0262268907587762       0.41333352562578418     
   1.4614614614614614        1.0265364884787018       0.41046795250111390     
   1.4654654654654655        1.0268533755378590       0.40759832010899610     
   1.4694694694694694        1.0271777413570196       0.40472465682827363     
   1.4734734734734736        1.0275098167363081       0.40184699107765148     
   1.4774774774774775        1.0278497674733398       0.39896535131541649     
   1.4814814814814814        1.0281978003257892       0.39607976603915679     
   1.4854854854854855        1.0285540495042564       0.39319026378547872     
   1.4894894894894894        1.0289186912544095       0.39029687312972589     
   1.4934934934934936        1.0292918199375269       0.38739962268569328     
   1.4974974974974975        1.0296735725035222       0.38449854110534909     
   1.5015015015015014        1.0300639953259769       0.38159365707854875     
   1.5055055055055055        1.0304631767218444       0.37868499933275013     
   1.5095095095095095        1.0308711043869867       0.37577259663273255     
   1.5135135135135136        1.0312878092725599       0.37285647778030873     
   1.5175175175175175        1.0317132087726792       0.36993667161404314     
   1.5215215215215214        1.0321472648844159       0.36701320700896550     
   1.5255255255255256        1.0325898136769691       0.36408611287628412     
   1.5295295295295295        1.0330407366922647       0.36115541816310132     
   1.5335335335335336        1.0334997742549297       0.35822115185212744     
   1.5375375375375375        1.0339667151083998       0.35528334296139380     
   1.5415415415415414        1.0344411901644011       0.35234202054396474     
   1.5455455455455456        1.0349228822846190       0.34939721368765114     
   1.5495495495495495        1.0354112966021611       0.34644895151472355     
   1.5535535535535536        1.0359059962845325       0.34349726318162310     
   1.5575575575575575        1.0364063442368072       0.34054217787867375     
   1.5615615615615615        1.0369117692501049       0.33758372482979260     
   1.5655655655655656        1.0374214742946855       0.33462193329220158     
   1.5695695695695695        1.0379347389131075       0.33165683255613898     
   1.5735735735735736        1.0384505877491799       0.32868845194456903     
   1.5775775775775776        1.0389681351179785       0.32571682081289088     
   1.5815815815815817        1.0394862079985900       0.32274196854864945     
   1.5855855855855856        1.0400037395594695       0.31976392457124525     
   1.5895895895895895        1.0405193390680783       0.31678271833164295     
   1.5935935935935936        1.0410317432568843       0.31379837931207866     
   1.5975975975975976        1.0415393229881329       0.31081093702577139     
   1.6016016016016017        1.0420406022989666       0.30782042101662782     
   1.6056056056056056        1.0425336929875824       0.30482686085895305     
   1.6096096096096095        1.0430168902975381       0.30183028615715729     
   1.6136136136136137        1.0434880245873532       0.29883072654546011     
   1.6176176176176176        1.0439451517448510       0.29582821168760254     
   1.6216216216216217        1.0443857990314287       0.29282277127655032     
   1.6256256256256256        1.0448077602168007       0.28981443503420135     
   1.6296296296296295        1.0452082499488882       0.28680323271109065     
   1.6336336336336337        1.0455847826102840       0.28378919408609704     
   1.6376376376376376        1.0459342369925830       0.28077234896614933     
   1.6416416416416417        1.0462538390897844       0.27775272718593036     
   1.6456456456456456        1.0465401143921780       0.27473035860758332     
   1.6496496496496496        1.0467899816747639       0.27170527312041282     
   1.6536536536536537        1.0469996037268288       0.26867750064059459     
   1.6576576576576576        1.0471655850960728       0.26564707111087615     
   1.6616616616616617        1.0472836952340259       0.26261401450028199     
   1.6656656656656657        1.0473502243903852       0.25957836080381591     
   1.6696696696696696        1.0473605407696174       0.25654014004216519     
   1.6736736736736737        1.0473106799205396       0.25349938226140467     
   1.6776776776776776        1.0471956066464858       0.25045611753269870     
   1.6816816816816818        1.0470109914954506       0.24741037595200283     
   1.6856856856856857        1.0467513909513289       0.24436218763976714     
   1.6896896896896898        1.0464121458279256       0.24131158274063927     
   1.6936936936936937        1.0459874039642325       0.23825859142316480     
   1.6976976976976976        1.0454721740554891       0.23520324387949043     
   1.7017017017017018        1.0448601991397291       0.23214557032506186     
   1.7057057057057057        1.0441461549403397       0.22908560099833006     
   1.7097097097097098        1.0433233881350017       0.22602336616044894     
   1.7137137137137137        1.0423862419925281       0.22295889609497727     
   1.7177177177177176        1.0413276802760596       0.21989222110757800     
   1.7217217217217218        1.0401417154906709       0.21682337152571932     
   1.7257257257257257        1.0388209473202354       0.21375237769837560     
   1.7297297297297298        1.0373590601458009       0.21067926999572606     
   1.7337337337337337        1.0357483141485715       0.20760407880885565     
   1.7377377377377377        1.0339820689339865       0.20452683454945109     
   1.7417417417417418        1.0320522758079584       0.20144756764950522     
   1.7457457457457457        1.0299519734171012       0.19836630856101312     
   1.7497497497497498        1.0276728411255356       0.19528308775567005     
   1.7537537537537538        1.0252076006831918       0.19219793572457314     
   1.7577577577577577        1.0225477029406376       0.18911088297791637     
   1.7617617617617618        1.0196855568713912       0.18602196004469188     
   1.7657657657657657        1.0166124348448653       0.18293119747238676     
   1.7697697697697699        1.0133204371027680       0.17983862582668017     
   1.7737737737737738        1.0098007141894803       0.17674427569114179     
   1.7777777777777777        1.0060450615182925       0.17364817766693028     
   1.7817817817817818        1.0020445710108081       0.17055036237248988     
   1.7857857857857857       0.99779073702716548       0.16745086044324664     
   1.7897897897897899       0.99327466243715268       0.16434970253130635     
   1.7937937937937938       0.98848754429126751       0.16124691930515228     
   1.7977977977977977       0.98342057207250277       0.15814254144934106     
   1.8018018018018018       0.97806464941172511       0.15503659966419786     
   1.8058058058058057       0.97241113380006594       0.15192912466551589     
   1.8098098098098099       0.96645063973846079       0.14882014718424907     
   1.8138138138138138       0.96017477940924045       0.14570969796621130     
   1.8178178178178179       0.95357388318974601       0.14259780777177095     
   1.8218218218218218       0.94663990941969089       0.13948450737554591     
   1.8258258258258258       0.93936291044283449       0.13636982756610005     
   1.8298298298298299       0.93173528645257686       0.13325379914563965     
   1.8338338338338338       0.92374681933561364       0.13013645292970785     
   1.8378378378378379       0.91539045047873946       0.12701781974687870     
   1.8418418418418419       0.90665570079999502       0.12389793043845529     
   1.8458458458458458       0.89753615525430230       0.12077681585816115     
   1.8498498498498499       0.88802108562820381       0.11765450687183837     
   1.8538538538538538       0.87810482523347377       0.11453103435714140     
   1.8578578578578580       0.86777641135122507       0.11140642920322855     
   1.8618618618618619       0.85703103222480603       0.10828072231046192     
   1.8658658658658658       0.84585750848318098       0.10515394459009815     
   1.8698698698698699       0.83425199102957581       0.10202612696398421     
   1.8738738738738738       0.82220310535543184        9.8897300364250137E-002
   1.8778778778778780       0.80970807326873084        9.5767495733004110E-002
   1.8818818818818819       0.79675535072941372        9.2636744022027262E-002
   1.8858858858858858       0.78334333856783067        8.9505076192466795E-002
   1.8898898898898899       0.76946035333778873        8.6372523214528804E-002
   1.8938938938938938       0.75510608222799569        8.3239116067172991E-002
   1.8978978978978980       0.74026873745997834        8.0104885737807094E-002
   1.9019019019019019       0.72494939846585948        7.6969863221979185E-002
   1.9059059059059058       0.70913621359167323        7.3834079523072429E-002
   1.9099099099099099       0.69283175825818655        7.0697565651994948E-002
   1.9139139139139139       0.67602416321993208        6.7560352626878470E-002
   1.9179179179179180       0.65871760077893182        6.4422471472768014E-002
   1.9219219219219219       0.64090023666804052        6.1283953221316440E-002
   1.9259259259259258       0.62257793737027356        5.8144828910476183E-002
   1.9299299299299300       0.60373896292983265        5.5005129584193228E-002
   1.9339339339339339       0.58439096694737314        5.1864886292100981E-002
   1.9379379379379380       0.56452237037482400        4.8724130089211899E-002
   1.9419419419419419       0.54414270170265933        4.5582892035611673E-002
   1.9459459459459461       0.52324061717696357        4.2441203196148525E-002
   1.9499499499499500       0.50182760195348652        3.9299094640131337E-002
   1.9539539539539539       0.47989263030573431        3.6156597441019275E-002
   1.9579579579579580       0.45744921897216118        3.3013742676113601E-002
   1.9619619619619619       0.43448675192428859        2.9870561426253450E-002
   1.9659659659659661       0.41102084465583749        2.6727084775504926E-002
   1.9699699699699700       0.38704139207228333        2.3583343810856781E-002
   1.9739739739739739       0.36256616694355565        2.0439369621911660E-002
   1.9779779779779780       0.33758568657981947        1.7295193300577764E-002
   1.9819819819819819       0.31211992997825511        1.4150845940762258E-002
   1.9859859859859861       0.28616015927468558        1.1006358638064652E-002
   1.9899899899899900       0.25972859815465243        7.8617624894684063E-003
   1.9939939939939939       0.23281738773276278        4.7170885930325071E-003
   1.9979979979979980       0.20545102334106766        1.5723680475848198E-003
   2.0020020020020022       0.17762267234322379       -1.5723680475845747E-003
   2.0060060060060061       0.14935911404838548       -4.7170885930322625E-003
   2.0100100100100100       0.12065471084280535       -7.8617624894681600E-003
   2.0140140140140139        9.1538501797474234E-002  -1.1006358638064406E-002
   2.0180180180180178        6.2006287310303269E-002  -1.4150845940762012E-002
   2.0220220220220222        3.2089186012302595E-002  -1.7295193300577522E-002
   2.0260260260260261        1.7850410034247145E-003  -2.0439369621911417E-002
   2.0300300300300300       -2.8874026026143015E-002  -2.3583343810856538E-002
   2.0340340340340339       -5.9885342588529983E-002  -2.6727084775504683E-002
   2.0380380380380378       -9.1214735318499218E-002  -2.9870561426253207E-002
   2.0420420420420422      -0.12285750537431163       -3.3013742676113789E-002
   2.0460460460460461      -0.15477736958997557       -3.6156597441019026E-002
   2.0500500500500500      -0.18696737816777972       -3.9299094640131087E-002
   2.0540540540540539      -0.21938909145716984       -4.2441203196148275E-002
   2.0580580580580579      -0.25203320936611295       -4.5582892035610979E-002
   2.0620620620620622      -0.28485912275553199       -4.8724130089212093E-002
   2.0660660660660661      -0.31785504779839530       -5.1864886292100738E-002
   2.0700700700700700      -0.35097812175660420       -5.5005129584192979E-002
   2.0740740740740740      -0.38421394322398666       -5.8144828910475933E-002
   2.0780780780780779      -0.41751730735594134       -6.1283953221315746E-002
   2.0820820820820822      -0.45087106675384869       -6.4422471472768209E-002
   2.0860860860860861      -0.48422754133221424       -6.7560352626878220E-002
   2.0900900900900901      -0.51756669147582968       -7.0697565651994698E-002
   2.0940940940940940      -0.55083819920814492       -7.3834079523071736E-002
   2.0980980980980979      -0.58401900225856551       -7.6969863221978935E-002
   2.1021021021021022      -0.61705596530878593       -8.0104885737806844E-002
   2.1061061061061062      -0.64992287643920477       -8.3239116067172741E-002
   2.1101101101101101      -0.68256355200793906       -8.6372523214528554E-002
   2.1141141141141140      -0.71494847353526270       -8.9505076192466101E-002
   2.1181181181181179      -0.74701808740979248       -9.2636744022027012E-002
   2.1221221221221223      -0.77873935275911943       -9.5767495733003860E-002
   2.1261261261261262      -0.81004890182379030       -9.8897300364249888E-002
   2.1301301301301301      -0.84090988644381692      -0.10202612696398396     
   2.1341341341341340      -0.87125454280146086      -0.10515394459009790     
   2.1381381381381384      -0.90104185557899141      -0.10828072231046167     
   2.1421421421421423      -0.93019889821658219      -0.11140642920322831     
   2.1461461461461462      -0.95867998867334281      -0.11453103435714115     
   2.1501501501501501      -0.98640595640708495      -0.11765450687183812     
   2.1541541541541540       -1.0133256775390289      -0.12077681585816090     
   2.1581581581581584       -1.0393521559845826      -0.12389793043845504     
   2.1621621621621623       -1.0644276190999185      -0.12701781974687892     
   2.1661661661661662       -1.0884549506822903      -0.13013645292970763     
   2.1701701701701701       -1.1113678814596470      -0.13325379914563942     
   2.1741741741741740       -1.1330558090923073      -0.13636982756609983     
   2.1781781781781784       -1.1534410605408121      -0.13948450737554569     
   2.1821821821821823       -1.1723945181037088      -0.14259780777177072     
   2.1861861861861862       -1.1898226658805424      -0.14570969796621108     
   2.1901901901901901       -1.2055709574011590      -0.14882014718424885     
   2.1941941941941940       -1.2195249809487125      -0.15192912466551567     
   2.1981981981981984       -1.2314994137858415      -0.15503659966419808     
   2.2022022022022023       -1.2413633136139437      -0.15814254144934084     
   2.2062062062062062       -1.2489211296017342      -0.16124691930515206     
   2.2102102102102101       -1.2540899787899835      -0.16434970253130612     
   2.2142142142142140       -1.2567918897945156      -0.16745086044324597     
   2.2182182182182184       -1.2571910959218520      -0.17055036237248966     
   2.2222222222222223       -1.2554181932037201      -0.17364817766693005     
   2.2262262262262262       -1.2519609463215873      -0.17674427569114157     
   2.2302302302302301       -1.2473504192205946      -0.17983862582667995     
   2.2342342342342341       -1.2418752358568590      -0.18293119747238654     
   2.2382382382382384       -1.2358393520770714      -0.18602196004469207     
   2.2422422422422423       -1.2293770969357760      -0.18911088297791614     
   2.2462462462462462       -1.2226690640808016      -0.19219793572457292     
   2.2502502502502502       -1.2157758493729578      -0.19528308775566983     
   2.2542542542542541       -1.2088139853534057      -0.19836630856101248     
   2.2582582582582584       -1.2018084201810013      -0.20144756764950500     
   2.2622622622622623       -1.1948392313778669      -0.20452683454945086     
   2.2662662662662663       -1.1879135151128712      -0.20760407880885542     
   2.2702702702702702       -1.1810885619760625      -0.21067926999572584     
   2.2742742742742741       -1.1743623084576411      -0.21375237769837538     
   2.2782782782782784       -1.1677766372802905      -0.21682337152571909     
   2.2822822822822824       -1.1613248534715788      -0.21989222110757778     
   2.2862862862862863       -1.1550377928003306      -0.22295889609497704     
   2.2902902902902902       -1.1489065352110315      -0.22602336616044871     
   2.2942942942942941       -1.1429537283338038      -0.22908560099832984     
   2.2982982982982985       -1.1371696201906802      -0.23214557032506164     
   2.3023023023023024       -1.1315705459579852      -0.23520324387949024     
   2.3063063063063063       -1.1261467410731723      -0.23825859142316458     
   2.3103103103103102       -1.1209095926613657      -0.24131158274063905     
   2.3143143143143141       -1.1158497642970486      -0.24436218763976694     
   2.3183183183183185       -1.1109747054039665      -0.24741037595200260     
   2.3223223223223224       -1.1062757754350090      -0.25045611753269847     
   2.3263263263263263       -1.1017572580929571      -0.25349938226140445     
   2.3303303303303302       -1.0974113316294605      -0.25654014004216497     
   2.3343343343343341       -1.0932397264448814      -0.25957836080381524     
   2.3383383383383385       -1.0892354860575355      -0.26261401450028221     
   2.3423423423423424       -1.0853982788366519      -0.26564707111087593     
   2.3463463463463463       -1.0817220118471433      -0.26867750064059437     
   2.3503503503503502       -1.0782046920967800      -0.27170527312041259     
   2.3543543543543541       -1.0748410597204252      -0.27473035860758266     
   2.3583583583583585       -1.0716277931739053      -0.27775272718593058     
   2.3623623623623624       -1.0685604184504964      -0.28077234896614911     
   2.3663663663663663       -1.0656345579872497      -0.28378919408609682     
   2.3703703703703702       -1.0628464623562832      -0.28680323271108998     
   2.3743743743743742       -1.0601909344865827      -0.28981443503420068     
   2.3783783783783785       -1.0576648891067642      -0.29282277127655010     
   2.3823823823823824       -1.0552624977156404      -0.29582821168760237     
   2.3863863863863863       -1.0529812787586914      -0.29883072654545989     
   2.3903903903903903       -1.0508149393662618      -0.30183028615715662     
   2.3943943943943946       -1.0487615357231268      -0.30482686085895327     
   2.3983983983983985       -1.0468144518721705      -0.30782042101662760     
   2.4024024024024024       -1.0449722213854049      -0.31081093702577117     
   2.4064064064064064       -1.0432280225984507      -0.31379837931207849     
   2.4104104104104103       -1.0415808107211533      -0.31678271833164234     
   2.4144144144144146       -1.0400236571274795      -0.31976392457124503     
   2.4184184184184185       -1.0385558865960061      -0.32274196854864923     
   2.4224224224224224       -1.0371705459363172      -0.32571682081289072     
   2.4264264264264264       -1.0358672830412567      -0.32868845194456880     
   2.4304304304304303       -1.0346391877493502      -0.33165683255613876     
   2.4344344344344346       -1.0334861877145760      -0.33462193329220136     
   2.4384384384384385       -1.0324014743818748      -0.33758372482979238     
   2.4424424424424425       -1.0313852136511306      -0.34054217787867352     
   2.4464464464464464       -1.0304307460087343      -0.34349726318162288     
   2.4504504504504503       -1.0295384403680443      -0.34644895151472338     
   2.4544544544544546       -1.0287018241199808      -0.34939721368765092     
   2.4584584584584586       -1.0279214364369986      -0.35234202054396457     
   2.4624624624624625       -1.0271910219373179      -0.35528334296139358     
   2.4664664664664664       -1.0265112614236260      -0.35822115185212722     
   2.4704704704704703       -1.0258761400505256      -0.36115541816310109     
   2.4744744744744747       -1.0252864546251945      -0.36408611287628395     
   2.4784784784784786       -1.0247364482806478      -0.36701320700896528     
   2.4824824824824825       -1.0242270111386116      -0.36993667161404292     
   2.4864864864864864       -1.0237526565508428      -0.37285647778030850     
   2.4904904904904903       -1.0233143480100406      -0.37577259663273233     
   2.4944944944944947       -1.0229068769462932      -0.37868499933275035     
   2.4984984984984986       -1.0225312627045826      -0.38159365707854853     
   2.5025025025025025       -1.0221825788401351      -0.38449854110534887     
   2.5065065065065064       -1.0218618852521777      -0.38739962268569306     
   2.5105105105105103       -1.0215645384390086      -0.39029687312972527     
   2.5145145145145147       -1.0212916255573898      -0.39319026378547894     
   2.5185185185185186       -1.0210387841026720      -0.39607976603915657     
   2.5225225225225225       -1.0208071169943207      -0.39896535131541627     
   2.5265265265265264       -1.0205925385408787      -0.40184699107765126     
   2.5305305305305303       -1.0203961575157001      -0.40472465682827302     
   2.5345345345345347       -1.0202141589461107      -0.40759832010899633     
   2.5385385385385386       -1.0200476489994519      -0.41046795250111373     
   2.5425425425425425       -1.0198930757916056      -0.41333352562578402     
   2.5465465465465464       -1.0197515357138995      -0.41619501114430751     
   2.5505505505505504       -1.0196197310861828      -0.41905238075840956     
   2.5545545545545547       -1.0194987424616573      -0.42190560621051959     
   2.5585585585585586       -1.0193855165914294      -0.42475465928404776     
   2.5625625625625625       -1.0192811131652686      -0.42759951180366890     
   2.5665665665665665       -1.0191827128227866      -0.43044013563559802     
   2.5705705705705704       -1.0190913502492629      -0.43327650268786827     
   2.5745745745745747       -1.0190044289545570      -0.43610858491061100     
   2.5785785785785786       -1.0189229552399139      -0.43893635429633066     
   2.5825825825825826       -1.0188445441470801      -0.44175978288018303     
   2.5865865865865865       -1.0187701709508217      -0.44457884274025233     
   2.5905905905905904       -1.0186976507123380      -0.44739350599782673     
   2.5945945945945947       -1.0186279256155537      -0.45020374481767333     
   2.5985985985985987       -1.0185589992107396      -0.45300953140831385     
   2.6026026026026026       -1.0184917790625139      -0.45581083802230121     
   2.6066066066066065       -1.0184244457661262      -0.45860763695649065     
   2.6106106106106104       -1.0183578712008421      -0.46139990055231678     
   2.6146146146146148       -1.0182904017449730      -0.46418760119606622     
   2.6186186186186187       -1.0182228729268892      -0.46697071131914791     
   2.6226226226226226       -1.0181537859075713      -0.46974920339837051     
   2.6266266266266265       -1.0180839395423622      -0.47252304995621180     
   2.6306306306306309       -1.0180119790860489      -0.47529222356109002     
   2.6346346346346348       -1.0179386667240136      -0.47805669682763591     
   2.6386386386386387       -1.0178627815088872      -0.48081644241696481     
   2.6426426426426426       -1.0177850491491096      -0.48357143303694416     
   2.6466466466466465       -1.0177043726051105      -0.48632164144246637     
   2.6506506506506509       -1.0176214416157756      -0.48906704043571703     
   2.6546546546546548       -1.0175352735485588      -0.49180760286644165     
   2.6586586586586587       -1.0174465228059579      -0.49454330163221849     
   2.6626626626626626       -1.0173543121988577      -0.49727410967872404     
   2.6666666666666665       -1.0172592615554374      -0.49999999999999972     
   2.6706706706706709       -1.0171605906015084      -0.50272094563872161     
   2.6746746746746748       -1.0170588855439673      -0.50543691968646454     
   2.6786786786786787       -1.0169534549186574      -0.50814789528396909     
   2.6826826826826826       -1.0168448523521978      -0.51085384562140823     
   2.6866866866866865       -1.0167324676693226      -0.51355474393865141     
   2.6906906906906909       -1.0166168229104122      -0.51625056352552878     
   2.6946946946946948       -1.0164973821074172      -0.51894127772209564     
   2.6986986986986987       -1.0163746369558131      -0.52162685991889768     
   2.7027027027027026       -1.0162481189992700      -0.52430728355723144     
   2.7067067067067065       -1.0161182907493549      -0.52698252212940910     
   2.7107107107107109       -1.0159847451004913      -0.52965254917902060     
   2.7147147147147148       -1.0158479166095089      -0.53231733830119188     
   2.7187187187187187       -1.0157074537498796      -0.53497686314285131     
   2.7227227227227226       -1.0155637644143045      -0.53763109740298709     
   2.7267267267267266       -1.0154165472948757      -0.54028001483290666     
   2.7307307307307309       -1.0152661848427724      -0.54292358923649919     
   2.7347347347347348       -1.0151124210480409      -0.54556179447049191     
   2.7387387387387387       -1.0149556141734173      -0.54819460444470958     
   2.7427427427427427       -1.0147955489453404      -0.55082199312233360     
   2.7467467467467466       -1.0146325606778657      -0.55344393452015828     
   2.7507507507507509       -1.0144664706363853      -0.55606040270884749     
   2.7547547547547548       -1.0142975924000408      -0.55867137181319182     
   2.7587587587587588       -1.0141257799131946      -0.56127681601236501     
   2.7627627627627627       -1.0139513262518633      -0.56387670954017755     
   2.7667667667667666       -1.0137741144932826      -0.56647102668533345     
   2.7707707707707709       -1.0135944183489543      -0.56905974179168384     
   2.7747747747747749       -1.0134121468154282      -0.57164282925847854     
   2.7787787787787788       -1.0132275553723917      -0.57422026354062317     
   2.7827827827827827       -1.0130405759890135      -0.57679201914892952     
   2.7867867867867866       -1.0128514470015968      -0.57935807065036660     
   2.7907907907907910       -1.0126601206520447      -0.58191839266831491     
   2.7947947947947949       -1.0124668192353834      -0.58447295988281489     
   2.7987987987987988       -1.0122715128518460      -0.58702174703081833     
   2.8028028028028027       -1.0120744087061337      -0.58956472890643896     
   2.8068068068068066       -1.0118754925496642      -0.59210188036120082     
   2.8108108108108110       -1.0116749574688879      -0.59463317630428647     
   2.8148148148148149       -1.0114728028468081      -0.59715859170278585     
   2.8188188188188188       -1.0112692086921118      -0.59967810158194468     
   2.8228228228228227       -1.0110641861713641      -0.60219168102540921     
   2.8268268268268266       -1.0108579030161704      -0.60469930517547521     
   2.8308308308308310       -1.0106503805670100      -0.60720094923333168     
   2.8348348348348349       -1.0104417751417494      -0.60969658845930674     
   2.8388388388388388       -1.0102321168825839      -0.61218619817311326     
   2.8428428428428427       -1.0100215514380497      -0.61466975375409216     
   2.8468468468468466       -1.0098101163255511      -0.61714723064145482     
   2.8508508508508510       -1.0095979473316028      -0.61961860433452842     
   2.8548548548548549       -1.0093850882884361      -0.62208385039299596     
   2.8588588588588588       -1.0091716657978020      -0.62454294443713865     
   2.8628628628628627       -1.0089577288203617      -0.62699586214807834     
   2.8668668668668666       -1.0087433954798075      -0.62944257926801550     
   2.8708708708708710       -1.0085287190732850      -0.63188307160047208     
   2.8748748748748749       -1.0083138098203630      -0.63431731501052735     
   2.8788788788788788       -1.0080987243816961      -0.63674528542506048     
   2.8828828828828827       -1.0078835657214535      -0.63916695883298458     
   2.8868868868868871       -1.0076683932817327      -0.64158231128548815     
   2.8908908908908910       -1.0074533031961828      -0.64399131889626826     
   2.8948948948948949       -1.0072383569294348      -0.64639395784176901     
   2.8988988988988988       -1.0070236444451324      -0.64879020436141721     
   2.9029029029029028       -1.0068092286981101      -0.65118003475785557     
   2.9069069069069071       -1.0065951937943829      -0.65356342539717915     
   2.9109109109109110       -1.0063816036826772      -0.65594035270916740     
   2.9149149149149149       -1.0061685372399929      -0.65831079318751873     
   2.9189189189189189       -1.0059560588345928      -0.66067472339008115     
   2.9229229229229228       -1.0057442423964569      -0.66303211993908662     
   2.9269269269269271       -1.0055331525470295      -0.66538295952137938     
   2.9309309309309310       -1.0053228585876792      -0.66772721888864839     
   2.9349349349349350       -1.0051134249070541      -0.67006487485765742     
   2.9389389389389389       -1.0049049166583948      -0.67239590431047236     
   2.9429429429429428       -1.0046973977432079      -0.67472028419469232     
   2.9469469469469471       -1.0044909293303164      -0.67703799152367616     
   2.9509509509509511       -1.0042855746389276      -0.67934900337676973     
   2.9549549549549550       -1.0040813912499857      -0.68165329689953269     
   2.9589589589589589       -1.0038784413283668      -0.68395084930396566     
   2.9629629629629628       -1.0036767791390928      -0.68624163786873338     
   2.9669669669669672       -1.0034764657551287      -0.68852563993939209     
   2.9709709709709711       -1.0032775522054223      -0.69080283292861111     
   2.9749749749749750       -1.0030800983044887      -0.69307319431639702     
   2.9789789789789789       -1.0028841522182770      -0.69533670165031769     
   2.9829829829829828       -1.0026897722093395      -0.69759333254572287     
   2.9869869869869872       -1.0024970037753007      -0.69984306468596547     
   2.9909909909909911       -1.0023059036513204      -0.70208587582262250     
   2.9949949949949950       -1.0021165146859063      -0.70432174377571644     
   2.9989989989989989       -1.0019288920222180      -0.70655064643393228     
   3.0030030030030028       -1.0017430761092321      -0.70877256175483805     
   3.0070070070070072       -1.0015591202701331      -0.71098746776510247     
   3.0110110110110111       -1.0013770627761058      -0.71319534256071015     
   3.0150150150150150       -1.0011969550873931      -0.71539616430718178     
   3.0190190190190189       -1.0010188332847936      -0.71758991123978788     
   3.0230230230230228       -1.0008427470646686      -0.71977656166376336     
   3.0270270270270272       -1.0006687303520601      -0.72195609395452442     
   3.0310310310310311       -1.0004968309280660      -0.72412848655788031     
   3.0350350350350350       -1.0003270808683764      -0.72629371799024711     
   3.0390390390390389       -1.0001595258548235      -0.72845176683886070     
   3.0430430430430429      -0.99999419613853147      -0.73060261176198871     
   3.0470470470470472      -0.99983113543589708      -0.73274623148913987     
   3.0510510510510511      -0.99967037209406373      -0.73488260482127588     
   3.0550550550550550      -0.99951194789867714      -0.73701171063102133     
   3.0590590590590589      -0.99935588936247777      -0.73913352786287101     
   3.0630630630630629      -0.99920223621163640      -0.74124803553339991     
   3.0670670670670672      -0.99905101333797208      -0.74335521273147032     
   3.0710710710710711      -0.99890225827670209      -0.74545503861843621     
   3.0750750750750750      -0.99875599429309081      -0.74754749242835339     
   3.0790790790790790      -0.99861225684323729      -0.74963255346818258     
   3.0830830830830829      -0.99847106747203540      -0.75171020111799314     
   3.0870870870870872      -0.99833245962442996      -0.75378041483116953     
   3.0910910910910911      -0.99819645311678362      -0.75584317413461222     
   3.0950950950950951      -0.99806307930757643      -0.75789845862894101     
   3.0990990990990990      -0.99793235642351830      -0.75994624798869759     
   3.1031031031031029      -0.99780431361739197      -0.76198652196254535     
   3.1071071071071072      -0.99767896757400076      -0.76401926037346968     
   3.1111111111111112      -0.99755634523923253      -0.76604444311897801     
   3.1151151151151151      -0.99743646169367961      -0.76806205017129969     
   3.1191191191191190      -0.99731934177620341      -0.77007206157758090     
   3.1231231231231229      -0.99720499886519776      -0.77207445746008596     
   3.1271271271271273      -0.99709345571546038      -0.77406921801639050     
   3.1311311311311312      -0.99698472400479010      -0.77605632351957909     
   3.1351351351351351      -0.99687882434761155      -0.77803575431843974     
   3.1391391391391390      -0.99677576678778890      -0.78000749083765863     
   3.1431431431431434      -0.99667556971612115      -0.78197151357801342     
   3.1471471471471473      -0.99657824157321684      -0.78392780311656574     
   3.1511511511511512      -0.99648379850117796      -0.78587634010685492     
   3.1551551551551551      -0.99639224729727249      -0.78781710527908644     
   3.1591591591591590      -0.99630360188558642      -0.78975007944032583     
   3.1631631631631634      -0.99621786734885176      -0.79167524347468532     
   3.1671671671671673      -0.99613505546252479      -0.79359257834351493     
   3.1711711711711712      -0.99605516951141015      -0.79550206508559018     
   3.1751751751751751      -0.99597821910678763      -0.79740368481729929     
   3.1791791791791790      -0.99590420574693050      -0.79929741873283011     
   3.1831831831831834      -0.99583313684283548      -0.80118324810435748     
   3.1871871871871873      -0.99576501210848367      -0.80306115428222580     
   3.1911911911911912      -0.99569983671381068      -0.80493111869513456     
   3.1951951951951951      -0.99563760860572403      -0.80679312285032412     
   3.1991991991991990      -0.99557833067639157      -0.80864714833375495     
   3.2032032032032034      -0.99552199906843752      -0.81049317681029209     
   3.2072072072072073      -0.99546861441504886      -0.81233119002388610     
   3.2112112112112112      -0.99541817101546337      -0.81416116979775310     
   3.2152152152152151      -0.99537066724233958      -0.81598309803455449     
   3.2192192192192191      -0.99532609551355655      -0.81779695671657726     
   3.2232232232232234      -0.99528445197494675      -0.81960272790591171     
   3.2272272272272273      -0.99524572710528969      -0.82140039374462503     
   3.2312312312312312      -0.99520991481251919      -0.82318993645494509     
   3.2352352352352352      -0.99517700363871497      -0.82497133833943015     
   3.2392392392392391      -0.99514698523300471      -0.82674458178114651     
   3.2432432432432434      -0.99511984618846205      -0.82850964924384241     
   3.2472472472472473      -0.99509557589337982      -0.83026652327212114     
   3.2512512512512513      -0.99507415896925455      -0.83201518649161355     
   3.2552552552552552      -0.99505558254197990      -0.83375562160915107     
   3.2592592592592591      -0.99503982926181567      -0.83548781141293604     
   3.2632632632632634      -0.99502688397591099      -0.83721173877271049     
   3.2672672672672673      -0.99501672735346325      -0.83892738663992716     
   3.2712712712712713      -0.99500934197410784      -0.84063473804791811     
   3.2752752752752752      -0.99500470650074924      -0.84233377611206173     
   3.2792792792792791      -0.99500280126623208      -0.84402448402995045     
   3.2832832832832834      -0.99500360291243972      -0.84570684508155636     
   3.2872872872872874      -0.99500708965426210      -0.84738084262939606     
   3.2912912912912913      -0.99501323609353720      -0.84904646011869733     
   3.2952952952952952      -0.99502201810953805      -0.85070368107756111     
   3.2992992992992991      -0.99503340828563180      -0.85235248911712369     
   3.3033033033033035      -0.99504738029002837      -0.85399286793172058     
   3.3073073073073074      -0.99506390467851291      -0.85562480129904661     
   3.3113113113113113      -0.99508295292698989      -0.85724827308031681     
   3.3153153153153152      -0.99510449358237107      -0.85886326722042616     
   3.3193193193193191      -0.99512849595509056      -0.86046976774810746     
   3.3233233233233235      -0.99515492658631199      -0.86206775877609132     
   3.3273273273273274      -0.99518375264152970      -0.86365722450126015     
   3.3313313313313313      -0.99521493868661959      -0.86523814920480790     
   3.3353353353353352      -0.99524844976764004      -0.86681051725239255     
   3.3393393393393391      -0.99528424848764252      -0.86837431309429247     
   3.3433433433433435      -0.99532229781286974      -0.86992952126555956     
   3.3473473473473474      -0.99536255841908650      -0.87147612638617244     
   3.3513513513513513      -0.99540499122789716      -0.87301411316118827     
   3.3553553553553552      -0.99544955501885679      -0.87454346638089397     
   3.3593593593593591      -0.99549620871450017      -0.87606417092095756     
   3.3633633633633635      -0.99554490923564998      -0.87757621174257716     
   3.3673673673673674      -0.99559561356261383      -0.87907957389262847     
   3.3713713713713713      -0.99564827678720669      -0.88057424250381433     
   3.3753753753753752      -0.99570285400300318      -0.88206020279481123     
   3.3793793793793796      -0.99575929853539691      -0.88353744007041513     
   3.3833833833833835      -0.99581756364654073      -0.88500593972168740     
   3.3873873873873874      -0.99587760095015565      -0.88646568722609875     
   3.3913913913913913      -0.99593936194380173      -0.88791666814767278     
   3.3953953953953953      -0.99600279659123558      -0.88935886813712972     
   3.3993993993993996      -0.99606785469806081      -0.89079227293202790     
   3.4034034034034035      -0.99613448465026166      -0.89221686835690339     
   3.4074074074074074      -0.99620263463398306      -0.89363264032341194     
   3.4114114114114114      -0.99627225152834709      -0.89503957483046781     
   3.4154154154154153      -0.99634328199245503      -0.89643765796438168     
   3.4194194194194196      -0.99641567148090504      -0.89782687589899912     
   3.4234234234234235      -0.99648936521449483      -0.89920721489583688     
   3.4274274274274275      -0.99656430731128043      -0.90057866130421815     
   3.4314314314314314      -0.99664044165144683      -0.90194120156140900     
   3.4354354354354353      -0.99671771111149665      -0.90329482219275192     
   3.4394394394394396      -0.99679605833462770      -0.90463950981179775     
   3.4434434434434436      -0.99687542505875792      -0.90597525112043964     
   3.4474474474474475      -0.99695575280090654      -0.90730203290904421     
   3.4514514514514514      -0.99703698226997550      -0.90861984205658186     
   3.4554554554554553      -0.99711905396470668      -0.90992866553075646     
   3.4594594594594597      -0.99720190768988692      -0.91122849038813580     
   3.4634634634634636      -0.99728548304981723      -0.91251930377427593     
   3.4674674674674675      -0.99736971906224436      -0.91380109292385281     
   3.4714714714714714      -0.99745455457922794      -0.91507384516078560     
   3.4754754754754753      -0.99753992795153079      -0.91633754789836286     
   3.4794794794794797      -0.99762577740986669      -0.91759218863936631     
   3.4834834834834836      -0.99771204078514819      -0.91883775497619591     
   3.4874874874874875      -0.99779865582361282      -0.92007423459099136     
   3.4914914914914914      -0.99788555998148742      -0.92130161525575383     
   3.4954954954954953      -0.99797269067062733      -0.92251988483246850     
   3.4994994994994997      -0.99805998511825322      -0.92372903127322248     
   3.5035035035035036      -0.99814738056394359      -0.92492904262032472     
   3.5075075075075075      -0.99823481415206605      -0.92611990700642566     
   3.5115115115115114      -0.99832222312198915      -0.92730161265463207     
   3.5155155155155153      -0.99840954468982257      -0.92847414787862559     
   3.5195195195195197      -0.99849671625597447      -0.92963750108277710     
   3.5235235235235236      -0.99858367529807412      -0.93079166076226205     
   3.5275275275275275      -0.99867035953439098      -0.93193661550317375     
   3.5315315315315314      -0.99875670686941043      -0.93307235398263721     
   3.5355355355355353      -0.99884265552958307      -0.93419886496891946     
   3.5395395395395397      -0.99892814402342678      -0.93531613732154262     
   3.5435435435435436      -0.99901311126050696      -0.93642415999139206     
   3.5475475475475475      -0.99909749654725155      -0.93752292202082732     
   3.5515515515515514      -0.99918123965568151      -0.93861241254378924     
   3.5555555555555554      -0.99926428087249264      -0.93969262078590843     
   3.5595595595595597      -0.99934656104980357      -0.94076353606461116     
   3.5635635635635636      -0.99942802162351541      -0.94182514778922477     
   3.5675675675675675      -0.99950860471388381      -0.94287744546108421     
   3.5715715715715715      -0.99958825311339305      -0.94392041867363274     
   3.5755755755755754      -0.99966691040628475      -0.94495405711252811     
   3.5795795795795797      -0.99974452094041111      -0.94597835055574231     
   3.5835835835835836      -0.99982102994935695      -0.94699328887366330     
   3.5875875875875876      -0.99989638357608712      -0.94799886202919548     
   3.5915915915915915      -0.99997052887227167      -0.94899506007785894     
   3.5955955955955954       -1.0000434139723513      -0.94998187316788696     
   3.5995995995995997       -1.0001149879678315      -0.95095929154032532     
   3.6036036036036037       -1.0001852011631918      -0.95192730552912663     
   3.6076076076076076       -1.0002540049435642      -0.95288590556124664     
   3.6116116116116115       -1.0003213519295473      -0.95383508215674029     
   3.6156156156156154       -1.0003871960473985      -0.95477482592885354     
   3.6196196196196198       -1.0004514923957086      -0.95570512758411708     
   3.6236236236236237       -1.0005141976637804      -0.95662597792243798     
   3.6276276276276276       -1.0005752696368031      -0.95753736783719101     
   3.6316316316316315       -1.0006346679660485      -0.95843928831530878     
   3.6356356356356359       -1.0006923533017040      -0.95933173043737030     
   3.6396396396396398       -1.0007482884896783      -0.96021468537768961     
   3.6436436436436437       -1.0008024371718964      -0.96108814440440271     
   3.6476476476476476       -1.0008547656830564      -0.96195209887955480     
   3.6516516516516515       -1.0009052407749985      -0.96280654025918444     
   3.6556556556556559       -1.0009538324574985      -0.96365146009340885     
   3.6596596596596598       -1.0010005108457172      -0.96448685002650714     
   3.6636636636636637       -1.0010452496740896      -0.96531270179700357     
   3.6676676676676676       -1.0010880228165080      -0.96612900723774797     
   3.6716716716716715       -1.0011288076501657      -0.96693575827599820     
   3.6756756756756759       -1.0011675822090447      -0.96773294693349898     
   3.6796796796796798       -1.0012043274509663      -0.96852056532655983     
   3.6836836836836837       -1.0012390260750132      -0.96929860566613557     
   3.6876876876876876       -1.0012716622687228      -0.97006706025790090     
   3.6916916916916915       -1.0013022241942220      -0.97082592150232783     
   3.6956956956956959       -1.0013306987129198      -0.97157518189476044     
   3.6996996996996998       -1.0013570802907485      -0.97231483402548924     
   3.7037037037037037       -1.0013813579443789      -0.97304487057982392     
   3.7077077077077076       -1.0014035331527689      -0.97376528433816678     
   3.7117117117117115       -1.0014235967230551      -0.97447606817608323     
   3.7157157157157159       -1.0014415576553428      -0.97517721506437227     
   3.7197197197197198       -1.0014574084692365      -0.97586871806913611     
   3.7237237237237237       -1.0014711655879709      -0.97655057035184933     
   3.7277277277277276       -1.0014828240715410      -0.97722276516942586     
   3.7317317317317316       -1.0014924064974837      -0.97788529587428519     
   3.7357357357357359       -1.0014999125696662      -0.97853815591441973     
   3.7397397397397398       -1.0015053683561113      -0.97918133883345804     
   3.7437437437437437       -1.0015087818339135      -0.97981483827072935     
   3.7477477477477477       -1.0015101779988773      -0.98043864796132674     
   3.7517517517517516       -1.0015095788339841      -0.98105276173616807     
   3.7557557557557559       -1.0015070016777252      -0.98165717352205806     
   3.7597597597597598       -1.0015024896133655      -0.98225187734174813     
   3.7637637637637638       -1.0014960450972772      -0.98283686731399489     
   3.7677677677677677       -1.0014877397959852      -0.98341213765361879     
   3.7717717717717716       -1.0014775542259877      -0.98397768267156138     
   3.7757757757757759       -1.0014655940745776      -0.98453349677494195     
   3.7797797797797799       -1.0014518148750804      -0.98507957446711136     
   3.7837837837837838       -1.0014363559429917      -0.98561591034770824     
   3.7877877877877877       -1.0014191526166183      -0.98614249911271146     
   3.7917917917917916       -1.0014003669398481      -0.98665933555449192     
   3.7957957957957960       -1.0013799321426096      -0.98716641456186571     
   3.7997997997997999       -1.0013580063185910      -0.98766373112014327     
   3.8038038038038038       -1.0013345563489524      -0.98815128031117960     
   3.8078078078078077       -1.0013096904895453      -0.98862905731342254     
   3.8118118118118116       -1.0012834645162665      -0.98909705740196108     
   3.8158158158158160       -1.0012558729439378      -0.98955527594857173     
   3.8198198198198199       -1.0012271300907742      -0.99000370842176366     
   3.8238238238238238       -1.0011970444382818      -0.99044235038682449     
   3.8278278278278277       -1.0011660573409598      -0.99087119750586350     
   3.8318318318318316       -1.0011337332675834      -0.99129024553785516     
   3.8358358358358360       -1.0011007777062659      -0.99169949033868066     
   3.8398398398398399       -1.0010665054954508      -0.99209892786116838     
   3.8438438438438438       -1.0010318463246997      -0.99248855415513493     
   3.8478478478478477       -1.0009959639323187      -0.99286836536742351     
   3.8518518518518516       -1.0009598395971508      -0.99323835774194280     
   3.8558558558558560       -1.0009227445157609      -0.99359852761970280     
   3.8598598598598599       -1.0008853559274684      -0.99394887143885202     
   3.8638638638638638       -1.0008475082553934      -0.99428938573471282     
   3.8678678678678677       -1.0008090214244068      -0.99462006713981466     
   3.8718718718718717       -1.0007709267798302      -0.99494091238392857     
   3.8758758758758760       -1.0007315019446783      -0.99525191829409909     
   3.8798798798798799       -1.0006936607743502      -0.99555308179467450     
   3.8838838838838838       -1.0006535213678647      -0.99584439990733942     
   3.8878878878878878       -1.0006163331981144      -0.99612586975114281     
   3.8918918918918921       -1.0005758816639940      -0.99639748854252641     
   3.8958958958958960       -1.0005395044083611      -0.99665925359535279     
   3.8998998998998999       -1.0004994743882256      -0.99691116232093191     
   3.9039039039039038       -1.0004636636672228      -0.99715321222804643     
   3.9079079079079078       -1.0004252652708971      -0.99738540092297623     
   3.9119119119119121       -1.0003892588249583      -0.99760772610952264     
   3.9159159159159160       -1.0003542272812285      -0.99782018558903074     
   3.9199199199199199       -1.0003167894368257      -0.99802277726041111     
   3.9239239239239239       -1.0002871992333711      -0.99821549912016083     
   3.9279279279279278       -1.0002469792613360      -0.99839834926238302     
   3.9319319319319321       -1.0002246669232340      -0.99857132587880604     
   3.9359359359359360       -1.0001810103963649      -0.99873442725880057     
   3.9399399399399400       -1.0001665140587828      -0.99888765178939798     
   3.9439439439439439       -1.0001207349690342      -0.99903099795530448     
   3.9479479479479478       -1.0001118730646061      -0.99916446433891781     
   3.9519519519519521       -1.0000686860504635      -0.99928804962034024     
   3.9559559559559561       -1.0000592964349526      -0.99940175257739150     
   3.9599599599599600       -1.0000276429701398      -0.99950557208562174     
   3.9639639639639639       -1.0000074714138714      -0.99959950711832180     
   3.9679679679679678      -0.99999961180013441      -0.99968355674653397     
   3.9719719719719722      -0.99995642590915046      -0.99975772013906072     
   3.9759759759759761      -0.99998464560815725      -0.99982199656247328     
   3.9799799799799800      -0.99990829635021383      -0.99987638538111856     
   3.9839839839839839      -0.99998126078314642      -0.99992088605712559     
   3.9879879879879878      -0.99986487811923430      -0.99995549815041107     
   3.9919919919919922      -0.99999236556353321      -0.99998022131868336     
   3.9959959959959961      -0.99981727864738590      -0.99999505531744570     
   4.0000000000000000       -1.0000000000000000       -1.0000000000000000     
