   0.0000000000000000        1.0000000000000000       0.99999999999999989     
   4.0040040040040040E-003   1.0003717312370324       0.99999505531744592     
   8.0080080080080079E-003  0.99999901753647447       0.99998022131868325     
   1.2012012012012012E-002   1.0004642929109475       0.99995549815041107     
   1.6016016016016016E-002   1.0004690148169924       0.99992088605712559     
   2.0020020020020020E-002   1.0006449772243251       0.99987638538111856     
   2.4024024024024024E-002   1.0008481680560959       0.99982199656247328     
   2.8028028028028028E-002   1.0008769763347125       0.99975772013906072     
   3.2032032032032032E-002   1.0011661197973878       0.99968355674653397     
   3.6036036036036036E-002   1.0011334394988496       0.99959950711832180     
   4.0040040040040040E-002   1.0014420423289614       0.99950557208562174     
   4.4044044044044044E-002   1.0013963590821924       0.99940175257739161     
   4.8048048048048048E-002   1.0016878516105783       0.99928804962034012     
   5.2052052052052052E-002   1.0016538378837005       0.99916446433891792     
   5.6056056056056056E-002   1.0019105286051813       0.99903099795530459     
   6.0060060060060060E-002   1.0018981395752311       0.99888765178939798     
   6.4064064064064064E-002   1.0021137605828192       0.99873442725880068     
   6.8068068068068074E-002   1.0021243133684838       0.99857132587880615     
   7.2072072072072071E-002   1.0022990877867617       0.99839834926238324     
   7.6076076076076082E-002   1.0023292361477261       0.99821549912016094     
   8.0080080080080079E-002   1.0024666945832694       0.99802277726041122     
   8.4084084084084090E-002   1.0025109541813189       0.99782018558903074     
   8.8088088088088087E-002   1.0026159478343655       0.99760772610952264     
   9.2092092092092098E-002   1.0026682367853352       0.99738540092297623     
   9.6096096096096095E-002   1.0027457577012460       0.99715321222804643     
  0.10010010010010011        1.0028002786082770       0.99691116232093191     
  0.10410410410410410        1.0028548144849501       0.99665925359535279     
  0.10810810810810811        1.0029065050601189       0.99639748854252641     
  0.11211211211211211        1.0029417397721758       0.99612586975114281     
  0.11611611611611612        1.0029864490158946       0.99584439990733964     
  0.12012012012012012        1.0030051786077541       0.99555308179467450     
  0.12412412412412413        1.0030396759693236       0.99525191829409887     
  0.12812812812812813        1.0030438518790341       0.99494091238392868     
  0.13213213213213212        1.0030657421904046       0.99462006713981466     
  0.13613613613613615        1.0030565819159794       0.99428938573471282     
  0.14014014014014015        1.0030641752540930       0.99394887143885213     
  0.14414414414414414        1.0030423031087858       0.99359852761970280     
  0.14814814814814814        1.0030344688982713       0.99323835774194291     
  0.15215215215215216        1.0030000571655868       0.99286836536742373     
  0.15615615615615616        1.0029760809549855       0.99248855415513493     
  0.16016016016016016        1.0029289828902450       0.99209892786116838     
  0.16416416416416416        1.0028884449763753       0.99169949033868066     
  0.16816816816816818        1.0028283038180568       0.99129024553785539     
  0.17217217217217218        1.0027709804569809       0.99087119750586361     
  0.17617617617617617        1.0026973150051584       0.99044235038682449     
  0.18018018018018017        1.0026231023991561       0.99000370842176388     
  0.18418418418418420        1.0025353710566633       0.98955527594857196     
  0.18818818818818819        1.0024442295109959       0.98909705740196130     
  0.19219219219219219        1.0023418758452938       0.98862905731342254     
  0.19619619619619619        1.0022337907756278       0.98815128031117949     
  0.20020020020020021        1.0021162740226071       0.98766373112014327     
  0.20420420420420421        1.0019912303982417       0.98716641456186571     
  0.20820820820820821        1.0018580442251483       0.98665933555449203     
  0.21221221221221220        1.0017160112829031       0.98614249911271146     
  0.21621621621621623        1.0015666937757544       0.98561591034770846     
  0.22022022022022023        1.0014076172587145       0.98507957446711159     
  0.22422422422422422        1.0012417546407755       0.98453349677494206     
  0.22822822822822822        1.0010655542933962       0.98397768267156138     
  0.23223223223223224        1.0008827804017104       0.98341213765361868     
  0.23623623623623624        1.0006893509224737       0.98283686731399489     
  0.24024024024024024        1.0004893440188949       0.98225187734174813     
  0.24424424424424424        1.0002785580971467       0.98165717352205828     
  0.24824824824824826        1.0000610361942743       0.98105276173616818     
  0.25225225225225223       0.99983274862266780       0.98043864796132674     
  0.25625625625625625       0.99959746417275275       0.97981483827072957     
  0.26026026026026028       0.99935151632645691       0.97918133883345804     
  0.26426426426426425       0.99909825085363602       0.97853815591441973     
  0.26826826826826827       0.99883447506483736       0.97788529587428519     
  0.27227227227227230       0.99856303411267022       0.97722276516942586     
  0.27627627627627627       0.99828125765038356       0.97655057035184956     
  0.28028028028028029       0.99799146626002011       0.97586871806913633     
  0.28428428428428426       0.99769151475941797       0.97517721506437238     
  0.28828828828828829       0.99738321358025450       0.97447606817608334     
  0.29229229229229231       0.99706491386069263       0.97376528433816700     
  0.29629629629629628       0.99673795591679559       0.97304487057982403     
  0.30030030030030030       0.99640113819203713       0.97231483402548924     
  0.30430430430430433       0.99605538627620183       0.97157518189476044     
  0.30830830830830830       0.99569988580065039       0.97082592150232794     
  0.31231231231231232       0.99533521043709883       0.97006706025790113     
  0.31631631631631629       0.99496086865486089       0.96929860566613568     
  0.32032032032032032       0.99457714655568885       0.96852056532656006     
  0.32432432432432434       0.99418381182926796       0.96773294693349898     
  0.32832832832832831       0.99378092476460744       0.96693575827599854     
  0.33233233233233234       0.99336845276152896       0.96612900723774819     
  0.33633633633633636       0.99294628676501717       0.96531270179700357     
  0.34034034034034033       0.99251454057650557       0.96448685002650714     
  0.34434434434434436       0.99207298541386923       0.96365146009340885     
  0.34834834834834832       0.99162183547222293       0.96280654025918455     
  0.35235235235235235       0.99116078430937693       0.96195209887955491     
  0.35635635635635637       0.99069010816156122       0.96108814440440293     
  0.36036036036036034       0.99020945737810173       0.96021468537768961     
  0.36436436436436437       0.98971913936341915       0.95933173043737041     
  0.36836836836836839       0.98921878846700195       0.95843928831530878     
  0.37237237237237236       0.98870871933751225       0.95753736783719101     
  0.37637637637637639       0.98818857094367429       0.95662597792243798     
  0.38038038038038036       0.98765864745728649       0.95570512758411708     
  0.38438438438438438       0.98711860730742262       0.95477482592885377     
  0.38838838838838841       0.98656873181629479       0.95383508215674051     
  0.39239239239239238       0.98600870881335734       0.95288590556124697     
  0.39639639639639640       0.98543878886365488       0.95192730552912663     
  0.40040040040040042       0.98485869511114754       0.95095929154032544     
  0.40440440440440439       0.98426864306517303       0.94998187316788707     
  0.40840840840840842       0.98366839389972627       0.94899506007785894     
  0.41241241241241239       0.98305812658697955       0.94799886202919548     
  0.41641641641641641       0.98243764059856953       0.94699328887366341     
  0.42042042042042044       0.98180707899932429       0.94597835055574242     
  0.42442442442442441       0.98116627803598233       0.94495405711252856     
  0.42842842842842843       0.98051534699833331       0.94392041867363297     
  0.43243243243243246       0.97985415615443627       0.94287744546108421     
  0.43643643643643643       0.97918278414416993       0.94182514778922499     
  0.44044044044044045       0.97850113173271980       0.94076353606461094     
  0.44444444444444442       0.97780925061410262       0.93969262078590843     
  0.44844844844844844       0.97710706812450532       0.93861241254378935     
  0.45245245245245247       0.97639461296944696       0.93752292202082743     
  0.45645645645645644       0.97567183501282106       0.93642415999139239     
  0.46046046046046046       0.97493874393537694       0.93531613732154295     
  0.46446446446446449       0.97419530817969247       0.93419886496891991     
  0.46846846846846846       0.97344152219292857       0.93307235398263733     
  0.47247247247247248       0.97267736929036619       0.93193661550317397     
  0.47647647647647645       0.97190283218244156       0.93079166076226205     
  0.48048048048048048       0.97111790569127054       0.92963750108277710     
  0.48448448448448450       0.97032256391792415       0.92847414787862570     
  0.48848848848848847       0.96951681022100944       0.92730161265463229     
  0.49249249249249250       0.96870061281184683       0.92611990700642588     
  0.49649649649649652       0.96787398103360112       0.92492904262032505     
  0.50050050050050054       0.96703687950987138       0.92372903127322259     
  0.50450450450450446       0.96618932143326652       0.92251988483246872     
  0.50850850850850848       0.96533126973515204       0.92130161525575405     
  0.51251251251251251       0.96446273972006014       0.92007423459099136     
  0.51651651651651653       0.96358369414175438       0.91883775497619602     
  0.52052052052052056       0.96269414904568473       0.91759218863936653     
  0.52452452452452447       0.96179406817684965       0.91633754789836308     
  0.52852852852852850       0.96088346727883689       0.91507384516078605     
  0.53253253253253252       0.95996231195132575       0.91380109292385314     
  0.53653653653653655       0.95903061687954883       0.91251930377427604     
  0.54054054054054057       0.95808835011843596       0.91122849038813569     
  0.54454454454454460       0.95713552478190822       0.90992866553075669     
  0.54854854854854851       0.95617211176010097       0.90861984205658186     
  0.55255255255255253       0.95519812228469259       0.90730203290904443     
  0.55655655655655656       0.95421353028057054       0.90597525112043986     
  0.56056056056056058       0.95321834494941382       0.90463950981179786     
  0.56456456456456461       0.95221254330711125       0.90329482219275237     
  0.56856856856856852       0.95119613250537693       0.90194120156140967     
  0.57257257257257255       0.95016909259734028       0.90057866130421826     
  0.57657657657657657       0.94913142876131762       0.89920721489583666     
  0.58058058058058060       0.94808312395293026       0.89782687589899912     
  0.58458458458458462       0.94702418152322521       0.89643765796438168     
  0.58858858858858853       0.94595458713936020       0.89503957483046792     
  0.59259259259259256       0.94487434251798152       0.89363264032341216     
  0.59659659659659658       0.94378343581136614       0.89221686835690384     
  0.60060060060060061       0.94268186732257397       0.89079227293202834     
  0.60460460460460463       0.94156962744386408       0.88935886813713039     
  0.60860860860860866       0.94044671529844170       0.88791666814767300     
  0.61261261261261257       0.93931312326798877       0.88646568722609853     
  0.61661661661661660       0.93816884953076818       0.88500593972168740     
  0.62062062062062062       0.93701388821205200       0.88353744007041513     
  0.62462462462462465       0.93584823677239015       0.88206020279481145     
  0.62862862862862867       0.93467189084705837       0.88057424250381455     
  0.63263263263263259       0.93348484739210935       0.87907957389262892     
  0.63663663663663661       0.93228710333662768       0.87757621174257761     
  0.64064064064064064       0.93107865532716516       0.87606417092095823     
  0.64464464464464466       0.92985950139101603       0.87454346638089420     
  0.64864864864864868       0.92862963803955123       0.87301411316118804     
  0.65265265265265260       0.92738906422502787       0.87147612638617244     
  0.65665665665665662       0.92613777647609175       0.86992952126555978     
  0.66066066066066065       0.92487577451959579       0.86837431309429269     
  0.66466466466466467       0.92360305503198148       0.86681051725239278     
  0.66866866866866870       0.92231961838682353       0.86523814920480835     
  0.67267267267267272       0.92102546151764020       0.86365722450126059     
  0.67667667667667664       0.91972058533827572       0.86206775877609154     
  0.68068068068068066       0.91840498712867980       0.86046976774810768     
  0.68468468468468469       0.91707866825634354       0.85886326722042616     
  0.68868868868868871       0.91574162641878498       0.85724827308031681     
  0.69269269269269274       0.91439386336850492       0.85562480129904683     
  0.69669669669669665       0.91303537727539508       0.85399286793172080     
  0.70070070070070067       0.91166617022431762       0.85235248911712413     
  0.70470470470470470       0.91028624089800081       0.85070368107756156     
  0.70870870870870872       0.90889559167496248       0.84904646011869800     
  0.71271271271271275       0.90749422177887928       0.84738084262939628     
  0.71671671671671666       0.90608213385517133       0.84570684508155602     
  0.72072072072072069       0.90465932768617496       0.84402448402995045     
  0.72472472472472471       0.90322580616746417       0.84233377611206173     
  0.72872872872872874       0.90178156964914946       0.84063473804791822     
  0.73273273273273276       0.90032662126847152       0.83892738663992727     
  0.73673673673673679       0.89886096194550047       0.83721173877271082     
  0.74074074074074070       0.89738459505725943       0.83548781141293649     
  0.74474474474474472       0.89589752209058893       0.83375562160915173     
  0.74874874874874875       0.89439974666555777       0.83201518649161366     
  0.75275275275275277       0.89289127082849051       0.83026652327212069     
  0.75675675675675680       0.89137209844968046       0.82850964924384218     
  0.76076076076076071       0.88984223212473501       0.82674458178114663     
  0.76476476476476474       0.88830167598413123       0.82497133833943037     
  0.76876876876876876       0.88675043316062574       0.82318993645494531     
  0.77277277277277279       0.88518850805673976       0.82140039374462548     
  0.77677677677677681       0.88361590432909110       0.81960272790591149     
  0.78078078078078073       0.88203262666522397       0.81779695671657793     
  0.78478478478478475       0.88043867923186803       0.81598309803455460     
  0.78878878878878878       0.87883406701509115       0.81416116979775299     
  0.79279279279279280       0.87721879467801089       0.81233119002388599     
  0.79679679679679682       0.87559286751876686       0.81049317681029232     
  0.80080080080080085       0.87395629068360958       0.80864714833375506     
  0.80480480480480476       0.87230906979592604       0.80679312285032445     
  0.80880880880880879       0.87065121047260829       0.80493111869513490     
  0.81281281281281281       0.86898271867487942       0.80306115428222591     
  0.81681681681681684       0.86730360047872246       0.80118324810435759     
  0.82082082082082086       0.86561386219497138       0.79929741873283022     
  0.82482482482482478       0.86391351034824693       0.79740368481729917     
  0.82882882882882880       0.86220255160986325       0.79550206508558996     
  0.83283283283283283       0.86048099294380354       0.79359257834351515     
  0.83683683683683685       0.85874884139173258       0.79167524347468543     
  0.84084084084084088       0.85700610434890989       0.78975007944032627     
  0.84484484484484490       0.85525278923621195       0.78781710527908688     
  0.84884884884884881       0.85348890387328502       0.78587634010685514     
  0.85285285285285284       0.85171445606806906       0.78392780311656585     
  0.85685685685685686       0.84992945405885378       0.78197151357801298     
  0.86086086086086089       0.84813390604754246       0.78000749083765841     
  0.86486486486486491       0.84632782068640167       0.77803575431843952     
  0.86886886886886883       0.84451120657728163       0.77605632351957921     
  0.87287287287287285       0.84268407278276747       0.77406921801639061     
  0.87687687687687688       0.84084642830981515       0.77207445746008641     
  0.88088088088088090       0.83899828262857989       0.77007206157758135     
  0.88488488488488493       0.83713964515552153       0.76806205017129980     
  0.88888888888888884       0.83527052576645444       0.76604444311897812     
  0.89289289289289286       0.83339093429104760       0.76401926037346957     
  0.89689689689689689       0.83150088100959385       0.76198652196254524     
  0.90090090090090091       0.82960037616809701       0.75994624798869781     
  0.90490490490490494       0.82768943045077459       0.75789845862894112     
  0.90890890890890896       0.82576805452257784       0.75584317413461199     
  0.91291291291291288       0.82383625947162953       0.75378041483116964     
  0.91691691691691690       0.82189405638402269       0.75171020111799358     
  0.92092092092092093       0.81994145675223207       0.74963255346818269     
  0.92492492492492495       0.81797847208528862       0.74754749242835361     
  0.92892892892892898       0.81600511428087763       0.74545503861843632     
  0.93293293293293289       0.81402139527246564       0.74335521273147021     
  0.93693693693693691       0.81202732736408800       0.74124803553340046     
  0.94094094094094094       0.81002292291492883       0.73913352786287123     
  0.94494494494494496       0.80800819463676721       0.73701171063102144     
  0.94894894894894899       0.80598315531556119       0.73488260482127599     
  0.95295295295295290       0.80394781807243487       0.73274623148913998     
  0.95695695695695693       0.80190219612104074       0.73060261176198882     
  0.96096096096096095       0.79984630299358095       0.72845176683886093     
  0.96496496496496498       0.79778015233220678       0.72629371799024722     
  0.96896896896896900       0.79570375808204830       0.72412848655788020     
  0.97297297297297303       0.79361713431446634       0.72195609395452465     
  0.97697697697697694       0.79152029538942981       0.71977656166376347     
  0.98098098098098097       0.78941325580816624       0.71758991123978799     
  0.98498498498498499       0.78729603034742823       0.71539616430718200     
  0.98898898898898902       0.78516863393894065       0.71319534256071038     
  0.99299299299299304       0.78303108177818848       0.71098746776510235     
  0.99699699699699695       0.78088338922800149       0.70877256175483849     
   1.0010010010010011       0.77872557190452796       0.70655064643393239     
   1.0050050050050050       0.77655764560231721       0.70432174377571666     
   1.0090090090090089       0.77437962636007163       0.70208587582262261     
   1.0130130130130131       0.77219153040467248       0.69984306468596524     
   1.0170170170170170       0.76999337419922509       0.69759333254572309     
   1.0210210210210211       0.76778517440357452       0.69533670165031780     
   1.0250250250250250       0.76556694790701485       0.69307319431639725     
   1.0290290290290289       0.76333871180299440       0.69080283292861089     
   1.0330330330330331       0.76110048340871672       0.68852563993939231     
   1.0370370370370370       0.75885228025188667       0.68624163786873360     
   1.0410410410410411       0.75659412007926674       0.68395084930396588     
   1.0450450450450450       0.75432602085349032       0.68165329689953280     
   1.0490490490490489       0.75204800075244449       0.67934900337676996     
   1.0530530530530531       0.74976007817437618       0.67703799152367639     
   1.0570570570570570       0.74746227172978685       0.67472028419469277     
   1.0610610610610611       0.74515460025322122       0.67239590431047247     
   1.0650650650650650       0.74283708278920757       0.67006487485765720     
   1.0690690690690692       0.74050973860927816       0.66772721888864850     
   1.0730730730730731       0.73817258719332079       0.66538295952137927     
   1.0770770770770770       0.73582564825053642       0.66303211993908673     
   1.0810810810810811       0.73346894169742882       0.66067472339008138     
   1.0850850850850851       0.73110248768154640       0.65831079318751895     
   1.0890890890890892       0.72872630655716908       0.65594035270916762     
   1.0930930930930931       0.72634041891087420       0.65356342539717938     
   1.0970970970970970       0.72394484553578586       0.65118003475785569     
   1.1011011011011012       0.72153960745817891       0.64879020436141710     
   1.1051051051051051       0.71912472591100229       0.64639395784176923     
   1.1091091091091092       0.71670022236089115       0.64399131889626848     
   1.1131131131131131       0.71426611848151411       0.64158231128548826     
   1.1171171171171170       0.71182243618049101       0.63916695883298480     
   1.1211211211211212       0.70936919757302752       0.63674528542506059     
   1.1251251251251251       0.70690642500832013       0.63431731501052790     
   1.1291291291291292       0.70443414104385571       0.63188307160047219     
   1.1331331331331331       0.70195236847096343       0.62944257926801572     
   1.1371371371371370       0.69946113029007018       0.62699586214807856     
   1.1411411411411412       0.69696044973515248       0.62454294443713887     
   1.1451451451451451       0.69445035025016244       0.62208385039299618     
   1.1491491491491492       0.69193085551219358       0.61961860433452864     
   1.1531531531531531       0.68940198940922581       0.61714723064145538     
   1.1571571571571571       0.68686377606188265       0.61466975375409227     
   1.1611611611611612       0.68431623980260081       0.61218619817311382     
   1.1651651651651651       0.68175940519590217       0.60969658845930685     
   1.1691691691691692       0.67919329701901521       0.60720094923333146     
   1.1731731731731732       0.67661794028068467       0.60469930517547543     
   1.1771771771771771       0.67403336020317572       0.60219168102540976     
   1.1811811811811812       0.67143958223972711       0.59967810158194490     
   1.1851851851851851       0.66883663205781319       0.59715859170278607     
   1.1891891891891893       0.66622453555535699       0.59463317630428669     
   1.1931931931931932       0.66360331884513535       0.59210188036120104     
   1.1971971971971973       0.66097300826989291       0.58956472890643952     
   1.2012012012012012       0.65833363038771220       0.58702174703081855     
   1.2052052052052051       0.65568521198623531       0.58447295988281511     
   1.2092092092092093       0.65302778006875706       0.58191839266831502     
   1.2132132132132132       0.65036136186783666       0.57935807065036715     
   1.2172172172172173       0.64768598483180151       0.57679201914892964     
   1.2212212212212212       0.64500167663807406       0.57422026354062339     
   1.2252252252252251       0.64230846517974416       0.57164282925847876     
   1.2292292292292293       0.63960637857897173       0.56905974179168362     
   1.2332332332332332       0.63689544517325303       0.56647102668533400     
   1.2372372372372373       0.63417569352928715       0.56387670954017777     
   1.2412412412412412       0.63144715242851890       0.56127681601236523     
   1.2452452452452452       0.62870985088193754       0.55867137181319193     
   1.2492492492492493       0.62596381811435409       0.55606040270884771     
   1.2532532532532532       0.62320908358075755       0.55344393452015839     
   1.2572572572572573       0.62044567694861519       0.55082199312233371     
   1.2612612612612613       0.61767362811657323       0.54819460444470980     
   1.2652652652652652       0.61489296719393005       0.54556179447049202     
   1.2692692692692693       0.61210372452258843       0.54292358923649942     
   1.2732732732732732       0.60930593065273109       0.54028001483290677     
   1.2772772772772774       0.60649961636907090       0.53763109740298687     
   1.2812812812812813       0.60368481266158325       0.53497686314285187     
   1.2852852852852852       0.60086155075731851       0.53231733830119210     
   1.2892892892892893       0.59802986208478792       0.52965254917902038     
   1.2932932932932932       0.59518977831289688       0.52698252212940966     
   1.2972972972972974       0.59234133130725486       0.52430728355723166     
   1.3013013013013013       0.58948455317813309       0.52162685991889790     
   1.3053053053053052       0.58661947622662347       0.51894127772209575     
   1.3093093093093093       0.58374613300388289       0.51625056352552856     
   1.3133133133133132       0.58086455624464328       0.51355474393865164     
   1.3173173173173174       0.57797477894052263       0.51085384562140879     
   1.3213213213213213       0.57507683425779244       0.50814789528396931     
   1.3253253253253254       0.57217075562817776       0.50543691968646431     
   1.3293293293293293       0.56925657664710805       0.50272094563872183     
   1.3333333333333333       0.56633433118617160       0.50000000000000033     
   1.3373373373373374       0.56340405326724641       0.49727410967872421     
   1.3413413413413413       0.56046577720168733       0.49454330163221866     
   1.3453453453453454       0.55751953743473803       0.49180760286644143     
   1.3493493493493494       0.55456536871762852       0.48906704043571680     
   1.3533533533533533       0.55160330591544271       0.48632164144246692     
   1.3573573573573574       0.54863338421967378       0.48357143303694439     
   1.3613613613613613       0.54565563891119395       0.48081644241696458     
   1.3653653653653655       0.54267010562250884       0.47805669682763607     
   1.3693693693693694       0.53967682004560980       0.47529222356109019     
   1.3733733733733733       0.53667581825523514       0.47252304995621203     
   1.3773773773773774       0.53366713634908836       0.46974920339837073     
   1.3813813813813813       0.53065081084593990       0.46697071131914814     
   1.3853853853853855       0.52762687824293730       0.46418760119606600     
   1.3893893893893894       0.52459537550541779       0.46139990055231739     
   1.3933933933933933       0.52155633952266323       0.45860763695649082     
   1.3973973973973974       0.51850980771002542       0.45581083802230099     
   1.4014014014014013       0.51545581734038914       0.45300953140831446     
   1.4054054054054055       0.51239440628368438       0.45020374481767350     
   1.4094094094094094       0.50932561218640782       0.44739350599782696     
   1.4134134134134133       0.50624947337899973       0.44457884274025250     
   1.4174174174174174       0.50316602786984554       0.44175978288018319     
   1.4214214214214214       0.50007531445749331       0.43893635429633082     
   1.4254254254254255       0.49697737149843518       0.43610858491061116     
   1.4294294294294294       0.49387223826893983       0.43327650268786849     
   1.4334334334334333       0.49075995345737711       0.43044013563559824     
   1.4374374374374375       0.48764055682979512       0.42759951180366951     
   1.4414414414414414       0.48451408738729451       0.42475465928404799     
   1.4454454454454455       0.48138058540071016       0.42190560621051937     
   1.4494494494494494       0.47824009016126012       0.41905238075840973     
   1.4534534534534536       0.47509264246310667       0.41619501114430768     
   1.4574574574574575       0.47193828186088177       0.41333352562578418     
   1.4614614614614614       0.46877704969482742       0.41046795250111390     
   1.4654654654654655       0.46560898575144682       0.40759832010899610     
   1.4694694694694694       0.46243413194483585       0.40472465682827363     
   1.4734734734734736       0.45925252825610441       0.40184699107765148     
   1.4774774774774775       0.45606421720693957       0.39896535131541649     
   1.4814814814814814       0.45286923892906650       0.39607976603915679     
   1.4854854854854855       0.44966763659255454       0.39319026378547872     
   1.4894894894894894       0.44645945042783475       0.39029687312972589     
   1.4934934934934936       0.44324472430248191       0.38739962268569328     
   1.4974974974974975       0.44002349848442607       0.38449854110534909     
   1.5015015015015014       0.43679581759768249       0.38159365707854875     
   1.5055055055055055       0.43356172187558728       0.37868499933275013     
   1.5095095095095095       0.43032125676903765       0.37577259663273255     
   1.5135135135135136       0.42707446239197139       0.37285647778030873     
   1.5175175175175175       0.42382138510608502       0.36993667161404314     
   1.5215215215215214       0.42056206480628155       0.36701320700896550     
   1.5255255255255256       0.41729654886470846       0.36408611287628412     
   1.5295295295295295       0.41402487684035660       0.36115541816310132     
   1.5335335335335336       0.41074709723378566       0.35822115185212744     
   1.5375375375375375       0.40746324913117948       0.35528334296139380     
   1.5415415415415414       0.40417338230074823       0.35234202054396474     
   1.5455455455455456       0.40087753519579389       0.34939721368765114     
   1.5495495495495495       0.39757575901605929       0.34644895151472355     
   1.5535535535535536       0.39426809139510693       0.34349726318162310     
   1.5575575575575575       0.39095458515657416       0.34054217787867375     
   1.5615615615615615       0.38763527689655941       0.33758372482979260     
   1.5655655655655656       0.38431022128777337       0.33462193329220158     
   1.5695695695695695       0.38097945363564223       0.33165683255613898     
   1.5735735735735736       0.37764303072485167       0.32868845194456903     
   1.5775775775775776       0.37430098627623432       0.32571682081289088     
   1.5815815815815817       0.37095337949262752       0.32274196854864945     
   1.5855855855855856       0.36760024216974824       0.31976392457124525     
   1.5895895895895895       0.36424163628426015       0.31678271833164295     
   1.5935935935935936       0.36087759131304437       0.31379837931207866     
   1.5975975975975976       0.35750817241874139       0.31081093702577139     
   1.6016016016016017       0.35413340630509321       0.30782042101662782     
   1.6056056056056056       0.35075336179713906       0.30482686085895305     
   1.6096096096096095       0.34736806230235112       0.30183028615715729     
   1.6136136136136137       0.34397758085756236       0.29883072654546011     
   1.6176176176176176       0.34058193697283196       0.29582821168760254     
   1.6216216216216217       0.33718120852881633       0.29282277127655032     
   1.6256256256256256       0.33377541044882986       0.28981443503420135     
   1.6296296296296295       0.33036462618271401       0.28680323271109065     
   1.6336336336336337       0.32694886527825717       0.28378919408609704     
   1.6376376376376376       0.32352821758500483       0.28077234896614933     
   1.6416416416416417       0.32010268637457012       0.27775272718593036     
   1.6456456456456456       0.31667236884488809       0.27473035860758332     
   1.6496496496496496       0.31323726096523608       0.27170527312041282     
   1.6536536536536537       0.30979746836306610       0.26867750064059459     
   1.6576576576576576       0.30635297853870314       0.26564707111087615     
   1.6616616616616617       0.30290390677828927       0.26261401450028199     
   1.6656656656656657       0.29945023078982069       0.25957836080381591     
   1.6696696696696696       0.29599207691234980       0.25654014004216519     
   1.6736736736736737       0.29252941156367457       0.25349938226140467     
   1.6776776776776776       0.28906237371347288       0.25045611753269870     
   1.6816816816816818       0.28559091679777404       0.24741037595200283     
   1.6856856856856857       0.28211519419804304       0.24436218763976714     
   1.6896896896896898       0.27863514446254406       0.24131158274063927     
   1.6936936936936937       0.27515093739061547       0.23825859142316480     
   1.6976976976976976       0.27166249450006402       0.23520324387949043     
   1.7017017017017018       0.26817000426214260       0.23214557032506186     
   1.7057057057057057       0.26467336876099029       0.22908560099833006     
   1.7097097097097098       0.26117279766635021       0.22602336616044894     
   1.7137137137137137       0.25766817093959771       0.22295889609497727     
   1.7177177177177176       0.25415972227418548       0.21989222110757800     
   1.7217217217217218       0.25064730650687145       0.21682337152571932     
   1.7257257257257257       0.24713118450626592       0.21375237769837560     
   1.7297297297297298       0.24361118264157736       0.21067926999572606     
   1.7337337337337337       0.24008759246323724       0.20760407880885565     
   1.7377377377377377       0.23656020815922946       0.20452683454945109     
   1.7417417417417418       0.23302935585395571       0.20144756764950522     
   1.7457457457457457       0.22949479343887549       0.19836630856101312     
   1.7497497497497498       0.22595688592139437       0.19528308775567005     
   1.7537537537537538       0.22241535034760906       0.19219793572457314     
   1.7577577577577577       0.21887059536617318       0.18911088297791637     
   1.7617617617617618       0.21532229216271762       0.18602196004469188     
   1.7657657657657657       0.21177089826760190       0.18293119747238676     
   1.7697697697697699       0.20821603349136672       0.17983862582668017     
   1.7737737737737738       0.20465821000211806       0.17674427569114179     
   1.7777777777777777       0.20109699018771482       0.17364817766693028     
   1.7817817817817818       0.19753294715899550       0.17055036237248988     
   1.7857857857857857       0.19396557926734603       0.16745086044324664     
   1.7897897897897899       0.19039552745318974       0.16434970253130635     
   1.7937937937937938       0.18682221881890571       0.16124691930515228     
   1.7977977977977977       0.18324636963517996       0.15814254144934106     
   1.8018018018018018       0.17966732791280887       0.15503659966419786     
   1.8058058058058057       0.17608589339765465       0.15192912466551589     
   1.8098098098098099       0.17250132650689148       0.14882014718424907     
   1.8138138138138138       0.16891451927888498       0.14570969796621130     
   1.8178178178178179       0.16532463534886069       0.14259780777177095     
   1.8218218218218218       0.16173266856261284       0.13948450737554591     
   1.8258258258258258       0.15813767587539515       0.13636982756610005     
   1.8298298298298299       0.15454076317427931       0.13325379914563965     
   1.8338338338338338       0.15094087010773427       0.13013645292970785     
   1.8378378378378379       0.14733922557339904       0.12701781974687870     
   1.8418418418418419       0.14373464054358709       0.12389793043845529     
   1.8458458458458458       0.14012847864188754       0.12077681585816115     
   1.8498498498498499       0.13651941004518225       0.11765450687183837     
   1.8538538538538538       0.13290894556812644       0.11453103435714140     
   1.8578578578578580       0.12929560172326376       0.11140642920322855     
   1.8618618618618619       0.12568104972654809       0.10828072231046192     
   1.8658658658658658       0.12206363881683426       0.10515394459009815     
   1.8698698698698699       0.11844521455250800       0.10202612696398421     
   1.8738738738738738       0.11482394456842310        9.8897300364250137E-002
   1.8778778778778780       0.11120186341220069        9.5767495733004110E-002
   1.8818818818818819       0.10757694209465697        9.2636744022027262E-002
   1.8858858858858858       0.10395141946736769        8.9505076192466795E-002
   1.8898898898898899       0.10032305425188083        8.6372523214528804E-002
   1.8938938938938938        9.6694305534527278E-002   8.3239116067172991E-002
   1.8978978978978980        9.3062703496575458E-002   8.0104885737807094E-002
   1.9019019019019019        8.9430943938454688E-002   7.6969863221979185E-002
   1.9059059059059058        8.5796311740291689E-002   7.3834079523072429E-002
   1.9099099099099099        8.2161756359619947E-002   7.0697565651994948E-002
   1.9139139139139139        7.8524300198810709E-002   6.7560352626878470E-002
   1.9179179179179180        7.4887163675288762E-002   6.4422471472768014E-002
   1.9219219219219219        7.1247089235215319E-002   6.1283953221316440E-002
   1.9259259259259258        6.7607585793970013E-002   5.8144828910476183E-002
   1.9299299299299300        6.3965098196543363E-002   5.5005129584193228E-002
   1.9339339339339339        6.0323441482896700E-002   5.1864886292100981E-002
   1.9379379379379380        5.6678745243671141E-002   4.8724130089211899E-002
   1.9419419419419419        5.3035148188201410E-002   4.5582892035611673E-002
   1.9459459459459461        4.9388447174050790E-002   4.2441203196148525E-002
   1.9499499499499500        4.5743121847450295E-002   3.9299094640131337E-002
   1.9539539539539539        4.2094619236910817E-002   3.6156597441019275E-002
   1.9579579579579580        3.8447776694180737E-002   3.3013742676113601E-002
   1.9619619619619619        3.4797674940493489E-002   2.9870561426253450E-002
   1.9659659659659661        3.1149525054083391E-002   2.6727084775504926E-002
   1.9699699699699700        2.7498025850893355E-002   2.3583343810856781E-002
   1.9739739739739739        2.3848777132434440E-002   2.0439369621911660E-002
   1.9779779779779780        2.0196081382310077E-002   1.7295193300577764E-002
   1.9819819819819819        1.6545940789471834E-002   1.4150845940762258E-002
   1.9859859859859861        1.2892248604196056E-002   1.1006358638064652E-002
   1.9899899899899900        9.2414211058064414E-003   7.8617624894684063E-003
   1.9939939939939939        5.5869333248665743E-003   4.7170885930325071E-003
   1.9979979979979980        1.9356131824412850E-003   1.5723680475848198E-003
   2.0020020020020022       -1.7194307482922713E-003  -1.5723680475845747E-003
   2.0060060060060061       -5.3711946080969800E-003  -4.7170885930322625E-003
   2.0100100100100100       -9.0261285565268919E-003  -7.8617624894681600E-003
   2.0140140140140139       -1.2677667704868039E-002  -1.1006358638064406E-002
   2.0180180180180178       -1.6331920034516213E-002  -1.4150845940762012E-002
   2.0220220220220222       -1.9982789853316873E-002  -1.7295193300577522E-002
   2.0260260260260261       -2.3636035599721557E-002  -2.0439369621911417E-002
   2.0300300300300300       -2.7285978128877172E-002  -2.3583343810856538E-002
   2.0340340340340339       -3.0938001110187043E-002  -2.6727084775504683E-002
   2.0380380380380378       -3.4586808108489124E-002  -2.9870561426253207E-002
   2.0420420420420422       -3.8237411141599571E-002  -3.3013742676113789E-002
   2.0460460460460461       -4.1884879234056580E-002  -3.6156597441019026E-002
   2.0500500500500500       -4.5533865773429084E-002  -3.9299094640131087E-002
   2.0540540540540539       -4.9179790300078956E-002  -4.2441203196148275E-002
   2.0580580580580579       -5.2826962618909991E-002  -4.5582892035610979E-002
   2.0620620620620622       -5.6471137344536980E-002  -4.8724130089212093E-002
   2.0660660660660661       -6.0116296501316932E-002  -5.1864886292100738E-002
   2.0700700700700700       -6.3758513786037863E-002  -5.5005129584192979E-002
   2.0740740740740740       -6.7401459701751792E-002  -5.8144828910475933E-002
   2.0780780780780779       -7.1041510681980100E-002  -6.1283953221315746E-002
   2.0820820820820822       -7.4682042220981473E-002  -6.4422471472768209E-002
   2.0860860860860861       -7.8319716978645690E-002  -6.7560352626878220E-002
   2.0900900900900901       -8.1957632028996821E-002  -7.0697565651994698E-002
   2.0940940940940940       -8.5592719748911403E-002  -7.3834079523071736E-002
   2.0980980980980979       -8.9227815302150570E-002  -7.6969863221978935E-002
   2.1021021021021022       -9.2860104418189843E-002  -8.0104885737806844E-002
   2.1061061061061062       -9.6492176648548450E-002  -8.3239116067172741E-002
   2.1101101101101101      -0.10012145497930119       -8.6372523214528554E-002
   2.1141141141141140      -0.10375029932235666       -8.9505076192466101E-002
   2.1181181181181179      -0.10737635419693800       -9.2636744022027012E-002
   2.1221221221221223      -0.11100176542765007       -9.5767495733003860E-002
   2.1261261261261262      -0.11462438380233737       -9.8897300364249888E-002
   2.1301301301301301      -0.11824615611239853      -0.10202612696398396     
   2.1341341341341340      -0.12186512467874920      -0.10515394459009790     
   2.1381381381381384      -0.12548305175315436      -0.10828072231046167     
   2.1421421421421423      -0.12909815703823679      -0.11140642920322831     
   2.1461461461461462      -0.13271203213097305      -0.11453103435714115     
   2.1501501501501501      -0.13632306059032734      -0.11765450687183812     
   2.1541541541541540      -0.13993267659907516      -0.12077681585816090     
   2.1581581581581584      -0.14353941470298595      -0.12389793043845504     
   2.1621621621621623      -0.14714456424272232      -0.12701781974687892     
   2.1661661661661662      -0.15074679855636389      -0.13013645292970763     
   2.1701701701701701      -0.15434727403176199      -0.13325379914563942     
   2.1741741741741740      -0.15794479128973962      -0.13636982756609983     
   2.1781781781781784      -0.16154038496626141      -0.13948450737554569     
   2.1821821821821823      -0.16513297214204600      -0.14259780777177072     
   2.1861861861861862      -0.16872347621563588      -0.14570969796621108     
   2.1901901901901901      -0.17231092058635317      -0.14882014718424885     
   2.1941941941941940      -0.17589612725164394      -0.15192912466551567     
   2.1981981981981984      -0.17947821645864809      -0.15503659966419808     
   2.2022022022022023      -0.18305791797560764      -0.15814254144934084     
   2.2062062062062062      -0.18663444008123861      -0.16124691930515206     
   2.2102102102102101      -0.19020842884018901      -0.16434970253130612     
   2.2142142142142140      -0.19377917238107753      -0.16745086044324597     
   2.2182182182182184      -0.19734724096603629      -0.17055036237248966     
   2.2222222222222223      -0.20091199500329615      -0.17364817766693005     
   2.2262262262262262      -0.20447393625359581      -0.17674427569114157     
   2.2302302302302301      -0.20803249042020647      -0.17983862582667995     
   2.2342342342342341      -0.21158809749036173      -0.18293119747238654     
   2.2382382382382384      -0.21514024203602169      -0.18602196004469207     
   2.2422422422422423      -0.21868930845382387      -0.18911088297791614     
   2.2462462462462462      -0.22223483428752611      -0.19219793572457292     
   2.2502502502502502      -0.22577715401035389      -0.19528308775566983     
   2.2542542542542541      -0.22931585274091093      -0.19836630856101248     
   2.2582582582582584      -0.23285122021025773      -0.20144756764950500     
   2.2622622622622623      -0.23638288418497833      -0.20452683454945086     
   2.2662662662662663      -0.23991109437920255      -0.20760407880885542     
   2.2702702702702702      -0.24343551672090402      -0.21067926999572584     
   2.2742742742742741      -0.24695636520621794      -0.21375237769837538     
   2.2782782782782784      -0.25047333984873227      -0.21682337152571909     
   2.2822822822822824      -0.25398662282845191      -0.21989222110757778     
   2.2862862862862863      -0.25749594455077374      -0.22295889609497704     
   2.2902902902902902      -0.26100145891285947      -0.22602336616044871     
   2.2942942942942941      -0.26450292337205594      -0.22908560099832984     
   2.2982982982982985      -0.26800046673497496      -0.23214557032506164     
   2.3023023023023024      -0.27149387049797274      -0.23520324387949024     
   2.3063063063063063      -0.27498324125492535      -0.23825859142316458     
   2.3103103103103102      -0.27846838182927103      -0.24131158274063905     
   2.3143143143143141      -0.28194937919081781      -0.24436218763976694     
   2.3183183183183185      -0.28542605505449187      -0.24741037595200260     
   2.3223223223223224      -0.28889847908963168      -0.25045611753269847     
   2.3263263263263263      -0.29236648971999490      -0.25349938226140445     
   2.3303303303303302      -0.29583014139573610      -0.25654014004216497     
   2.3343343343343341      -0.29928928729766613      -0.25957836080381524     
   2.3383383383383385      -0.30274396851714291      -0.26261401450028221     
   2.3423423423423424      -0.30619405125041682      -0.26564707111087593     
   2.3463463463463463      -0.30963956488959921      -0.26867750064059437     
   2.3503503503503502      -0.31308038709556874      -0.27170527312041259     
   2.3543543543543541      -0.31651653703861493      -0.27473035860758266     
   2.3583583583583585      -0.31994790246621202      -0.27775272718593058     
   2.3623623623623624      -0.32337449363951465      -0.28077234896614911     
   2.3663663663663663      -0.32679620717062169      -0.28378919408609682     
   2.3703703703703702      -0.33021304557559794      -0.28680323271108998     
   2.3743743743743742      -0.33362491324980814      -0.28981443503420068     
   2.3783783783783785      -0.33703180599448196      -0.29282277127655010     
   2.3823823823823824      -0.34043363503327617      -0.29582821168760237     
   2.3863863863863863      -0.34383039036269925      -0.29883072654545989     
   2.3903903903903903      -0.34722198919305636      -0.30183028615715662     
   2.3943943943943946      -0.35060841651861707      -0.30482686085895327     
   2.3983983983983985      -0.35398959479607389      -0.30782042101662760     
   2.4024024024024024      -0.35736550472373740      -0.31081093702577117     
   2.4064064064064064      -0.36073607335491287      -0.31379837931207849     
   2.4104104104104103      -0.36410127771243617      -0.31678271833164234     
   2.4144144144144146      -0.36746104887702941      -0.31976392457124503     
   2.4184184184184185      -0.37081536074019267      -0.32274196854864923     
   2.4224224224224224      -0.37416414791246494      -0.32571682081289072     
   2.4264264264264264      -0.37750738163036052      -0.32868845194456880     
   2.4304304304304303      -0.38084499960010643      -0.33165683255613876     
   2.4344344344344346      -0.38417697081951990      -0.33462193329220136     
   2.4384384384384385      -0.38750323571253381      -0.33758372482979238     
   2.4424424424424425      -0.39082376140145869      -0.34054217787867352     
   2.4464464464464464      -0.39413849069950674      -0.34349726318162288     
   2.4504504504504503      -0.39744738916981848      -0.34644895151472338     
   2.4544544544544546      -0.40075040173011067      -0.34939721368765092     
   2.4584584584584586      -0.40404749265944134      -0.35234202054396457     
   2.4624624624624625      -0.40733860873361638      -0.35528334296139358     
   2.4664664664664664      -0.41062371318645152      -0.35822115185212722     
   2.4704704704704703      -0.41390275443907032      -0.36115541816310109     
   2.4744744744744747      -0.41717569488710132      -0.36408611287628395     
   2.4784784784784786      -0.42044248441365750      -0.36701320700896528     
   2.4824824824824825      -0.42370308475541546      -0.36993667161404292     
   2.4864864864864864      -0.42695744709986039      -0.37285647778030850     
   2.4904904904904903      -0.43020553267965189      -0.37577259663273233     
   2.4944944944944947      -0.43344729385143926      -0.37868499933275035     
   2.4984984984984986      -0.43668269147761429      -0.38159365707854853     
   2.5025025025025025      -0.43991167896826522      -0.38449854110534887     
   2.5065065065065064      -0.44313421693082955      -0.38739962268569306     
   2.5105105105105103      -0.44635025973002029      -0.39029687312972527     
   2.5145145145145147      -0.44955976781762158      -0.39319026378547894     
   2.5185185185185186      -0.45276269642879730      -0.39607976603915657     
   2.5225225225225225      -0.45595900594509459      -0.39896535131541627     
   2.5265265265265264      -0.45914865240060915      -0.40184699107765126     
   2.5305305305305303      -0.46233159618005099      -0.40472465682827302     
   2.5345345345345347      -0.46550779405583587      -0.40759832010899633     
   2.5385385385385386      -0.46867720647885475      -0.41046795250111373     
   2.5425425425425425      -0.47183979090862010      -0.41333352562578402     
   2.5465465465465464      -0.47499550791626594      -0.41619501114430751     
   2.5505505505505504      -0.47814431560523524      -0.41905238075840956     
   2.5545545545545547      -0.48128617471325558      -0.42190560621051959     
   2.5585585585585586      -0.48442104395143748      -0.42475465928404776     
   2.5625625625625625      -0.48754888426382031      -0.42759951180366890     
   2.5665665665665665      -0.49066965493881853      -0.43044013563559802     
   2.5705705705705704      -0.49378331716080842      -0.43327650268786827     
   2.5745745745745747      -0.49688983077017457      -0.43610858491061100     
   2.5785785785785786      -0.49998915722077281      -0.43893635429633066     
   2.5825825825825826      -0.50308125688390437      -0.44175978288018303     
   2.5865865865865865      -0.50616609150786607      -0.44457884274025233     
   2.5905905905905904      -0.50924362197745110      -0.44739350599782673     
   2.5945945945945947      -0.51231381035678347      -0.45020374481767333     
   2.5985985985985987      -0.51537661802979828      -0.45300953140831385     
   2.6026026026026026      -0.51843200739477602      -0.45581083802230121     
   2.6066066066066065      -0.52147994032303580      -0.45860763695649065     
   2.6106106106106104      -0.52452037956273623      -0.46139990055231678     
   2.6146146146146148      -0.52755328746300512      -0.46418760119606622     
   2.6186186186186187      -0.53057862713537429      -0.46697071131914791     
   2.6226226226226226      -0.53359636139903621      -0.46974920339837051     
   2.6266266266266265      -0.53660645374049176      -0.47252304995621180     
   2.6306306306306309      -0.53960886744278591      -0.47529222356109002     
   2.6346346346346348      -0.54260356637736740      -0.47805669682763591     
   2.6386386386386387      -0.54559051428619487      -0.48081644241696481     
   2.6426426426426426      -0.54856967543426227      -0.48357143303694416     
   2.6466466466466465      -0.55154101401856392      -0.48632164144246637     
   2.6506506506506509      -0.55450449470505869      -0.48906704043571703     
   2.6546546546546548      -0.55746008214276921      -0.49180760286644165     
   2.6586586586586587      -0.56040774140503691      -0.49454330163221849     
   2.6626626626626626      -0.56334743759062378      -0.49727410967872404     
   2.6666666666666665      -0.56627913618581016      -0.49999999999999972     
   2.6706706706706709      -0.56920280273739343      -0.50272094563872161     
   2.6746746746746748      -0.57211840314941520      -0.50543691968646454     
   2.6786786786786787      -0.57502590341547943      -0.50814789528396909     
   2.6826826826826826      -0.57792526986158077      -0.51085384562140823     
   2.6866866866866865      -0.58081646892728156      -0.51355474393865141     
   2.6906906906906909      -0.58369946736417833      -0.51625056352552878     
   2.6946946946946948      -0.58657423205724624      -0.51894127772209564     
   2.6986986986986987      -0.58944073018686438      -0.52162685991889768     
   2.7027027027027026      -0.59229892908311066      -0.52430728355723144     
   2.7067067067067065      -0.59514879635792584      -0.52698252212940910     
   2.7107107107107109      -0.59799029978636042      -0.52965254917902060     
   2.7147147147147148      -0.60082340741434193      -0.53231733830119188     
   2.7187187187187187      -0.60364808746190057      -0.53497686314285131     
   2.7227227227227226      -0.60646430841106802      -0.53763109740298709     
   2.7267267267267266      -0.60927203892695891      -0.54028001483290666     
   2.7307307307307309      -0.61207124792955647      -0.54292358923649919     
   2.7347347347347348      -0.61486190452922818      -0.54556179447049191     
   2.7387387387387387      -0.61764397808551930      -0.54819460444470958     
   2.7427427427427427      -0.62041743815425943      -0.55082199312233360     
   2.7467467467467466      -0.62318225453595288      -0.55344393452015828     
   2.7507507507507509      -0.62593839723211719      -0.55606040270884749     
   2.7547547547547548      -0.62868583648542475      -0.55867137181319182     
   2.7587587587587588      -0.63142454274330784      -0.56127681601236501     
   2.7627627627627627      -0.63415448669164154      -0.56387670954017755     
   2.7667667667667666      -0.63687563922398915      -0.56647102668533345     
   2.7707707707707709      -0.63958797147030810      -0.56905974179168384     
   2.7747747747747749      -0.64229145477048033      -0.57164282925847854     
   2.7787787787787788      -0.64498606069928466      -0.57422026354062317     
   2.7827827827827827      -0.64767176104307689      -0.57679201914892952     
   2.7867867867867866      -0.65034852782206198      -0.57935807065036660     
   2.7907907907907910      -0.65301633326918396      -0.58191839266831491     
   2.7947947947947949      -0.65567514985055741      -0.58447295988281489     
   2.7987987987987988      -0.65832495024578164      -0.58702174703081833     
   2.8028028028028027      -0.66096570736725080      -0.58956472890643896     
   2.8068068068068066      -0.66359739434123699      -0.59210188036120082     
   2.8108108108108110      -0.66621998452667308      -0.59463317630428647     
   2.8148148148148149      -0.66883345149646800      -0.59715859170278585     
   2.8188188188188188      -0.67143776905625308      -0.59967810158194468     
   2.8228228228228227      -0.67403291122548237      -0.60219168102540921     
   2.8268268268268266      -0.67661885225654506      -0.60469930517547521     
   2.8308308308308310      -0.67919556661529457      -0.60720094923333168     
   2.8348348348348349      -0.68176302900084518      -0.60969658845930674     
   2.8388388388388388      -0.68432121432524473      -0.61218619817311326     
   2.8428428428428427      -0.68687009773420726      -0.61466975375409216     
   2.8468468468468466      -0.68940965458572157      -0.61714723064145482     
   2.8508508508508510      -0.69193986047188649      -0.61961860433452842     
   2.8548548548548549      -0.69446069119631804      -0.62208385039299596     
   2.8588588588588588      -0.69697212279720044      -0.62454294443713865     
   2.8628628628628627      -0.69947413152341931      -0.62699586214807834     
   2.8668668668668666      -0.70196669385885357      -0.62944257926801550     
   2.8708708708708710      -0.70444978649724954      -0.63188307160047208     
   2.8748748748748749      -0.70692338636771157      -0.63431731501052735     
   2.8788788788788788      -0.70938747060838969      -0.63674528542506048     
   2.8828828828828827      -0.71184201659305679      -0.63916695883298458     
   2.8868868868868871      -0.71428700190377359      -0.64158231128548815     
   2.8908908908908910      -0.71672240435834211      -0.64399131889626826     
   2.8948948948948949      -0.71914820198219764      -0.64639395784176901     
   2.8988988988988988      -0.72156437303644838      -0.64879020436141721     
   2.9029029029029028      -0.72397089598933939      -0.65118003475785557     
   2.9069069069069071      -0.72636774954447314      -0.65356342539717915     
   2.9109109109109110      -0.72875491261231584      -0.65594035270916740     
   2.9149149149149149      -0.73113236433806716      -0.65831079318751873     
   2.9189189189189189      -0.73350008407379597      -0.66067472339008115     
   2.9229229229229228      -0.73585805140532257      -0.66303211993908662     
   2.9269269269269271      -0.73820624612568297      -0.66538295952137938     
   2.9309309309309310      -0.74054464826025113      -0.66772721888864839     
   2.9349349349349350      -0.74287323804238614      -0.67006487485765742     
   2.9389389389389389      -0.74519199593586238      -0.67239590431047236     
   2.9429429429429428      -0.74750090261370650      -0.67472028419469232     
   2.9469469469469471      -0.74979993897685449      -0.67703799152367616     
   2.9509509509509511      -0.75208908613734549      -0.67934900337676973     
   2.9549549549549550      -0.75436832543194909      -0.68165329689953269     
   2.9589589589589589      -0.75663763841106602      -0.68395084930396566     
   2.9629629629629628      -0.75889700684588468      -0.68624163786873338     
   2.9669669669669672      -0.76114641272452277      -0.68852563993939209     
   2.9709709709709711      -0.76338583825108997      -0.69080283292861111     
   2.9749749749749750      -0.76561526585078821      -0.69307319431639702     
   2.9789789789789789      -0.76783467815906403      -0.69533670165031769     
   2.9829829829829828      -0.77004405803758624      -0.69759333254572287     
   2.9869869869869872      -0.77224338855147778      -0.69984306468596547     
   2.9909909909909911      -0.77443265299827080      -0.70208587582262250     
   2.9949949949949950      -0.77661183487102570      -0.70432174377571644     
   2.9989989989989989      -0.77878091790255699      -0.70655064643393228     
   3.0030030030030028      -0.78093988601205511      -0.70877256175483805     
   3.0070070070070072      -0.78308872336704616      -0.71098746776510247     
   3.0110110110110111      -0.78522741431098875      -0.71319534256071015     
   3.0150150150150150      -0.78735594344555904      -0.71539616430718178     
   3.0190190190190189      -0.78947429553657178      -0.71758991123978788     
   3.0230230230230228      -0.79158245561930052      -0.71977656166376336     
   3.0270270270270272      -0.79368040887997393      -0.72195609395452442     
   3.0310310310310311      -0.79576814078690206      -0.72412848655788031     
   3.0350350350350350      -0.79784563694476884      -0.72629371799024711     
   3.0390390390390389      -0.79991288325434373      -0.72845176683886070     
   3.0430430430430429      -0.80196986573681928      -0.73060261176198871     
   3.0470470470470472      -0.80401657072480714      -0.73274623148913987     
   3.0510510510510511      -0.80605298465409958      -0.73488260482127588     
   3.0550550550550550      -0.80807909428847779      -0.73701171063102133     
   3.0590590590590589      -0.81009488647649142      -0.73913352786287101     
   3.0630630630630629      -0.81210034841233247      -0.74124803553339991     
   3.0670670670670672      -0.81409546735557636      -0.74335521273147032     
   3.0710710710710711      -0.81608023092994286      -0.74545503861843621     
   3.0750750750750750      -0.81805462680445928      -0.74754749242835339     
   3.0790790790790790      -0.82001864303133243      -0.74963255346818258     
   3.0830830830830829      -0.82197226768766884      -0.75171020111799314     
   3.0870870870870872      -0.82391548925291680      -0.75378041483116953     
   3.0910910910910911      -0.82584829621115563      -0.75584317413461222     
   3.0950950950950951      -0.82777067746756883      -0.75789845862894101     
   3.0990990990990990      -0.82968262191243625      -0.75994624798869759     
   3.1031031031031029      -0.83158411887484884      -0.76198652196254535     
   3.1071071071071072      -0.83347515765091551      -0.76401926037346968     
   3.1111111111111112      -0.83535572799142777      -0.76604444311897801     
   3.1151151151151151      -0.83722581959843678      -0.76806205017129969     
   3.1191191191191190      -0.83908542264176555      -0.77007206157758090     
   3.1231231231231229      -0.84093452723009043      -0.77207445746008596     
   3.1271271271271273      -0.84277312394906545      -0.77406921801639050     
   3.1311311311311312      -0.84460120331533717      -0.77605632351957909     
   3.1351351351351351      -0.84641875632656893      -0.77803575431843974     
   3.1391391391391390      -0.84822577390948029      -0.78000749083765863     
   3.1431431431431434      -0.85002224746922472      -0.78197151357801342     
   3.1471471471471473      -0.85180816834554729      -0.78392780311656574     
   3.1511511511511512      -0.85358352834578877      -0.78587634010685492     
   3.1551551551551551      -0.85534831922662169      -0.78781710527908644     
   3.1591591591591590      -0.85710253319140739      -0.78975007944032583     
   3.1631631631631634      -0.85884616241868461      -0.79167524347468532     
   3.1671671671671673      -0.86057919950073325      -0.79359257834351493     
   3.1711711711711712      -0.86230163704401552      -0.79550206508559018     
   3.1751751751751751      -0.86401346802163437      -0.79740368481729929     
   3.1791791791791790      -0.86571468547521191      -0.79929741873283011     
   3.1831831831831834      -0.86740528274954776      -0.80118324810435748     
   3.1871871871871873      -0.86908525332988806      -0.80306115428222580     
   3.1911911911911912      -0.87075459092255825      -0.80493111869513456     
   3.1951951951951951      -0.87241328946612373      -0.80679312285032412     
   3.1991991991991990      -0.87406134301724492      -0.80864714833375495     
   3.2032032032032034      -0.87569874597871178      -0.81049317681029209     
   3.2072072072072073      -0.87732549274537752      -0.81233119002388610     
   3.2112112112112112      -0.87894157819628993      -0.81416116979775310     
   3.2152152152152151      -0.88054699705152739      -0.81598309803455449     
   3.2192192192192191      -0.88214174467941953      -0.81779695671657726     
   3.2232232232232234      -0.88372581611167422      -0.81960272790591171     
   3.2272272272272273      -0.88529920721970012      -0.82140039374462503     
   3.2312312312312312      -0.88686191333288589      -0.82318993645494509     
   3.2352352352352352      -0.88841393083998199      -0.82497133833943015     
   3.2392392392392391      -0.88995525535413900      -0.82674458178114651     
   3.2432432432432434      -0.89148588379577276      -0.82850964924384241     
   3.2472472472472473      -0.89300581204839313      -0.83026652327212114     
   3.2512512512512513      -0.89451503757792872      -0.83201518649161355     
   3.2552552552552552      -0.89601355652598480      -0.83375562160915107     
   3.2592592592592591      -0.89750136691670945      -0.83548781141293604     
   3.2632632632632634      -0.89897846513944768      -0.83721173877271049     
   3.2672672672672673      -0.90044484978731565      -0.83892738663992716     
   3.2712712712712713      -0.90190051748986455      -0.84063473804791811     
   3.2752752752752752      -0.90334546741698729      -0.84233377611206173     
   3.2792792792792791      -0.90477969643483391      -0.84402448402995045     
   3.2832832832832834      -0.90620320429379075      -0.84570684508155636     
   3.2872872872872874      -0.90761598809818844      -0.84738084262939606     
   3.2912912912912913      -0.90901804817719589      -0.84904646011869733     
   3.2952952952952952      -0.91040938188155629      -0.85070368107756111     
   3.2992992992992991      -0.91178999011057293      -0.85235248911712369     
   3.3033033033033035      -0.91315987047790537      -0.85399286793172058     
   3.3073073073073074      -0.91451902443572763      -0.85562480129904661     
   3.3113113113113113      -0.91586744988718283      -0.85724827308031681     
   3.3153153153153152      -0.91720514880960768      -0.85886326722042616     
   3.3193193193193191      -0.91853211943419022      -0.86046976774810746     
   3.3233233233233235      -0.91984836422332672      -0.86206775877609132     
   3.3273273273273274      -0.92115388178883151      -0.86365722450126015     
   3.3313313313313313      -0.92244867502365024      -0.86523814920480790     
   3.3353353353353352      -0.92373274298888197      -0.86681051725239255     
   3.3393393393393391      -0.92500608893709746      -0.86837431309429247     
   3.3433433433433435      -0.92626871246543308      -0.86992952126555956     
   3.3473473473473474      -0.92752061709682476      -0.87147612638617244     
   3.3513513513513513      -0.92876180307116474      -0.87301411316118827     
   3.3553553553553552      -0.92999227407246132      -0.87454346638089397     
   3.3593593593593591      -0.93121203111163364      -0.87606417092095756     
   3.3633633633633635      -0.93242107790309248      -0.87757621174257716     
   3.3673673673673674      -0.93361941637973866      -0.87907957389262847     
   3.3713713713713713      -0.93480705013356080      -0.88057424250381433     
   3.3753753753753752      -0.93598398219355949      -0.88206020279481123     
   3.3793793793793796      -0.93715021585430058      -0.88353744007041513     
   3.3833833833833835      -0.93830575543776351      -0.88500593972168740     
   3.3873873873873874      -0.93945060374492328      -0.88646568722609875     
   3.3913913913913913      -0.94058476660879031      -0.88791666814767278     
   3.3953953953953953      -0.94170824612175863      -0.88935886813712972     
   3.3993993993993996      -0.94282104986403181      -0.89079227293202790     
   3.4034034034034035      -0.94392317898961031      -0.89221686835690339     
   3.4074074074074074      -0.94501464307524741      -0.89363264032341194     
   3.4114114114114114      -0.94609544209794949      -0.89503957483046781     
   3.4154154154154153      -0.94716558788644201      -0.89643765796438168     
   3.4194194194194196      -0.94822507900181585      -0.89782687589899912     
   3.4234234234234235      -0.94927392977649050      -0.89920721489583688     
   3.4274274274274275      -0.95031213712769269      -0.90057866130421815     
   3.4314314314314314      -0.95133971812676577      -0.90194120156140900     
   3.4354354354354353      -0.95235666784463135      -0.90329482219275192     
   3.4394394394394396      -0.95336300629407889      -0.90463950981179775     
   3.4434434434434436      -0.95435872654092502      -0.90597525112043964     
   3.4474474474474475      -0.95534385168922775      -0.90730203290904421     
   3.4514514514514514      -0.95631837270661746      -0.90861984205658186     
   3.4554554554554553      -0.95728231586150725      -0.90992866553075646     
   3.4594594594594597      -0.95823567002217624      -0.91122849038813580     
   3.4634634634634636      -0.95917846458952905      -0.91251930377427593     
   3.4674674674674675      -0.96011068645364361      -0.91380109292385281     
   3.4714714714714714      -0.96103236797873415      -0.91507384516078560     
   3.4754754754754753      -0.96194349435459015      -0.91633754789836286     
   3.4794794794794797      -0.96284410056601744      -0.91759218863936631     
   3.4834834834834836      -0.96373417057522448      -0.91883775497619591     
   3.4874874874874875      -0.96461374143189882      -0.92007423459099136     
   3.4914914914914914      -0.96548279657899205      -0.92130161525575383     
   3.4954954954954953      -0.96634137432072231      -0.92251988483246850     
   3.4994994994994997      -0.96718945856702732      -0.92372903127322248     
   3.5035035035035036      -0.96802708776939173      -0.92492904262032472     
   3.5075075075075075      -0.96885424761081818      -0.92611990700642566     
   3.5115115115115114      -0.96967097524519175      -0.92730161265463207     
   3.5155155155155153      -0.97047725979345512      -0.92847414787862559     
   3.5195195195195197      -0.97127313529328074      -0.92963750108277710     
   3.5235235235235236      -0.97205859635984238      -0.93079166076226205     
   3.5275275275275275      -0.97283367169447410      -0.93193661550317375     
   3.5315315315315314      -0.97359836387626952      -0.93307235398263721     
   3.5355355355355353      -0.97435269363399502      -0.93419886496891946     
   3.5395395395395397      -0.97509667439974446      -0.93531613732154262     
   3.5435435435435436      -0.97583031588187363      -0.93642415999139206     
   3.5475475475475475      -0.97655364565752834      -0.93752292202082732     
   3.5515515515515514      -0.97726665898573795      -0.93861241254378924     
   3.5555555555555554      -0.97796940123733078      -0.93969262078590843     
   3.5595595595595597      -0.97866184947672896      -0.94076353606461116     
   3.5635635635635636      -0.97934407078866159      -0.94182514778922477     
   3.5675675675675675      -0.98001602008932265      -0.94287744546108421     
   3.5715715715715715      -0.98067779023593182      -0.94392041867363274     
   3.5755755755755754      -0.98132930999579382      -0.94495405711252811     
   3.5795795795795797      -0.98197070200391989      -0.94597835055574231     
   3.5835835835835836      -0.98260186505607283      -0.94699328887366330     
   3.5875875875875876      -0.98322295525638126      -0.94799886202919548     
   3.5915915915915915      -0.98383383808365821      -0.94899506007785894     
   3.5955955955955954      -0.98443470614868056      -0.94998187316788696     
   3.5995995995995997      -0.98502538912818838      -0.95095929154032532     
   3.6036036036036037      -0.98560611809553234      -0.95192730552912663     
   3.6076076076076076      -0.98617668577514417      -0.95288590556124664     
   3.6116116116116115      -0.98673736205514151      -0.95383508215674029     
   3.6156156156156154      -0.98728790346296946      -0.95477482592885354     
   3.6196196196196198      -0.98782861683132850      -0.95570512758411708     
   3.6236236236236237      -0.98835922581769042      -0.95662597792243798     
   3.6276276276276276      -0.98888006939556472      -0.95753736783719101     
   3.6316316316316315      -0.98939084500482288      -0.95843928831530878     
   3.6356356356356359      -0.98989191523123243      -0.95933173043737030     
   3.6396396396396398      -0.99038296209801158      -0.96021468537768961     
   3.6436436436436437      -0.99086435870290457      -0.96108814440440271     
   3.6476476476476476      -0.99133578746344453      -0.96195209887955480     
   3.6516516516516515      -0.99179761345395123      -0.96280654025918444     
   3.6556556556556559      -0.99224954115864616      -0.96365146009340885     
   3.6596596596596598      -0.99269190283636077      -0.96448685002650714     
   3.6636636636636637      -0.99312445334374611      -0.96531270179700357     
   3.6676676676676676      -0.99354746037725472      -0.96612900723774797     
   3.6716716716716715      -0.99396076470286432      -0.96693575827599820     
   3.6756756756756759      -0.99436453028713812      -0.96773294693349898     
   3.6796796796796798      -0.99475872687279665      -0.96852056532655983     
   3.6836836836836837      -0.99514336801544001      -0.96929860566613557     
   3.6876876876876876      -0.99551860287588578      -0.97006706025790090     
   3.6916916916916915      -0.99588424085923366      -0.97082592150232783     
   3.6956956956956959      -0.99624066755383545      -0.97157518189476044     
   3.6996996996996998      -0.99658742863107752      -0.97231483402548924     
   3.7037037037037037      -0.99692520799952744      -0.97304487057982392     
   3.7077077077077076      -0.99725322439155539      -0.97376528433816678     
   3.7117117117117115      -0.99757252398464369      -0.97447606817608323     
   3.7157157157157159      -0.99788193525106761      -0.97517721506437227     
   3.7197197197197198      -0.99818292838249745      -0.97586871806913611     
   3.7237237237237237      -0.99847388324351605      -0.97655057035184933     
   3.7277277277277276      -0.99875674758805177      -0.97722276516942586     
   3.7317317317317316      -0.99902940627138814      -0.97788529587428519     
   3.7357357357357359      -0.99929432194116730      -0.97853815591441973     
   3.7397397397397398      -0.99954885911699742      -0.97918133883345804     
   3.7437437437437437      -0.99979600616493225      -0.97981483827072935     
   3.7477477477477477       -1.0000326145078611      -0.98043864796132674     
   3.7517517517517516       -1.0002621698390866      -0.98105276173616807     
   3.7557557557557559       -1.0004810642148381      -0.98165717352205806     
   3.7597597597597598       -1.0006931979395080      -0.98225187734174813     
   3.7637637637637638       -1.0008946201492779      -0.98283686731399489     
   3.7677677677677677       -1.0010894914889705      -0.98341213765361879     
   3.7717717717717716       -1.0012737154094622      -0.98397768267156138     
   3.7757757757757759       -1.0014514683823947      -0.98453349677494195     
   3.7797797797797799       -1.0016188052067863      -0.98507957446711136     
   3.7837837837837838       -1.0017795644718896      -0.98561591034770824     
   3.7877877877877877       -1.0019303675782136      -0.98614249911271146     
   3.7917917917917916       -1.0020742350228247      -0.98665933555449192     
   3.7957957957957960       -1.0022089037638902      -0.98716641456186571     
   3.7997997997997999       -1.0023359566815226      -0.98766373112014327     
   3.8038038038038038       -1.0024549380985392      -0.98815128031117960     
   3.8078078078078077       -1.0025652301262007      -0.98862905731342254     
   3.8118118118118116       -1.0026690172344703      -0.98909705740196108     
   3.8158158158158160       -1.0027625836025267      -0.98955527594857173     
   3.8198198198198199       -1.0028517084869055      -0.99000370842176366     
   3.8238238238238238       -1.0029285775684125      -0.99044235038682449     
   3.8278278278278277       -1.0030035970753395      -0.99087119750586350     
   3.8318318318318316       -1.0030638106810623      -0.99129024553785516     
   3.8358358358358360       -1.0031252820383691      -0.99169949033868066     
   3.8398398398398399       -1.0031689273398006      -0.99209892786116838     
   3.8438438438438438       -1.0032173706396834      -0.99248855415513493     
   3.8478478478478477       -1.0032446269316000      -0.99286836536742351     
   3.8518518518518516       -1.0032804711832903      -0.99323835774194280     
   3.8558558558558560       -1.0032916747838765      -0.99359852761970280     
   3.8598598598598599       -1.0033151843506543      -0.99394887143885202     
   3.8638638638638638       -1.0033109145703170      -0.99428938573471282     
   3.8678678678678677       -1.0033220935100240      -0.99462006713981466     
   3.8718718718718717       -1.0033032810842248      -0.99494091238392857     
   3.8758758758758760       -1.0033017532188042      -0.99525191829409909     
   3.8798798798798799       -1.0032698104156708      -0.99555308179467450     
   3.8838838838838838       -1.0032546863231919      -0.99584439990733942     
   3.8878878878878878       -1.0032116501224546      -0.99612586975114281     
   3.8918918918918921       -1.0031813861889944      -0.99639748854252641     
   3.8958958958958960       -1.0031300542289177      -0.99665925359535279     
   3.8998998998998999       -1.0030823272202021      -0.99691116232093191     
   3.9039039039039038       -1.0030263682905622      -0.99715321222804643     
   3.9079079079079078       -1.0029579931108807      -0.99738540092297623     
   3.9119119119119121       -1.0029019938678272      -0.99760772610952264     
   3.9159159159159160       -1.0028089306859918      -0.99782018558903074     
   3.9199199199199199       -1.0027583218093814      -0.99802277726041111     
   3.9239239239239239       -1.0026358419500998      -0.99821549912016083     
   3.9279279279279278       -1.0025966191941760      -0.99839834926238302     
   3.9319319319319321       -1.0024397322863692      -0.99857132587880604     
   3.9359359359359360       -1.0024178483832518      -0.99873442725880057     
   3.9399399399399400       -1.0022221405552889      -0.99888765178939798     
   3.9439439439439439       -1.0022223874243017      -0.99903099795530448     
   3.9479479479479478       -1.0019854876655179      -0.99916446433891781     
   3.9519519519519521       -1.0020096083903913      -0.99928804962034024     
   3.9559559559559561       -1.0017335950010500      -0.99940175257739150     
   3.9599599599599600       -1.0017772529126650      -0.99950557208562174     
   3.9639639639639639       -1.0014724439647178      -0.99959950711832180     
   3.9679679679679678       -1.0015205207199216      -0.99968355674653397     
   3.9719719719719722       -1.0012112738553640      -0.99975772013906072     
   3.9759759759759761       -1.0012307560391611      -0.99982199656247328     
   3.9799799799799800       -1.0009641489851211      -0.99987638538111856     
   3.9839839839839839       -1.0008935763545956      -0.99992088605712559     
   3.9879879879879878       -1.0007521705322096      -0.99995549815041107     
   3.9919919919919922       -1.0004862730428050      -0.99998022131868336     
   3.9959959959959961       -1.0006083153900531      -0.99999505531744570     
   4.0000000000000000       -1.0000000000000000       -1.0000000000000000     
