   0.0000000000000000        1.0000000000000000       0.99999999999999989     
   4.0040040040040040E-003   1.0002488164268815       0.99999505531744592     
   8.0080080080080079E-003   1.0000024305393440       0.99998022131868325     
   1.2012012012012012E-002   1.0002575368606463       0.99995549815041107     
   1.6016016016016016E-002   1.0000701185884897       0.99992088605712559     
   2.0020020020020020E-002   1.0002275453174974       0.99987638538111856     
   2.4024024024024024E-002   1.0001215392699307       0.99982199656247328     
   2.8028028028028028E-002   1.0001892116845246       0.99975772013906072     
   3.2032032032032032E-002   1.0001495587482074       0.99968355674653397     
   3.6036036036036036E-002   1.0001504603820890       0.99959950711832180     
   4.0040040040040040E-002   1.0001506626974490       0.99950557208562174     
   4.4044044044044044E-002   1.0001125293028179       0.99940175257739161     
   4.8048048048048048E-002   1.0001270550904595       0.99928804962034012     
   5.2052052052052052E-002   1.0000724986263949       0.99916446433891792     
   5.6056056056056056E-002   1.0000835033445112       0.99903099795530459     
   6.0060060060060060E-002   1.0000264866087822       0.99888765178939798     
   6.4064064064064064E-002   1.0000247858792455       0.99873442725880068     
   6.8068068068068074E-002  0.99997147452408308       0.99857132587880615     
   7.2072072072072071E-002  0.99995453215693175       0.99839834926238324     
   7.6076076076076082E-002  0.99990586998845155       0.99821549912016094     
   8.0080080080080079E-002  0.99987505964843171       0.99802277726041122     
   8.4084084084084090E-002  0.99982935994075839       0.99782018558903074     
   8.8088088088088087E-002  0.99978767945162439       0.99760772610952264     
   9.2092092092092098E-002  0.99974250703403589       0.99738540092297623     
   9.6096096096096095E-002  0.99969310934616595       0.99715321222804643     
  0.10010010010010011       0.99964634772769856       0.99691116232093191     
  0.10410410410410410       0.99959181796405783       0.99665925359535279     
  0.10810810810810811       0.99954209638260405       0.99639748854252641     
  0.11211211211211211       0.99948424780785894       0.99612586975114281     
  0.11611611611611612       0.99943097024208094       0.99584439990733964     
  0.12012012012012012       0.99937092738836986       0.99555308179467450     
  0.12412412412412413       0.99931410996127223       0.99525191829409887     
  0.12812812812812813       0.99925250565496548       0.99494091238392868     
  0.13213213213213212       0.99919256131300904       0.99462006713981466     
  0.13613613613613615       0.99912974177803859       0.99428938573471282     
  0.14014014014014015       0.99906728813422363       0.99394887143885213     
  0.14414414414414414       0.99900347577724591       0.99359852761970280     
  0.14814814814814814       0.99893919595559000       0.99323835774194291     
  0.15215215215215216       0.99887459581825611       0.99286836536742373     
  0.15615615615615616       0.99880915456075603       0.99248855415513493     
  0.16016016016016016       0.99874401025130954       0.99209892786116838     
  0.16416416416416416       0.99867801455591243       0.99169949033868066     
  0.16816816816816818       0.99861262727970379       0.99129024553785539     
  0.17217217217217218       0.99854661670844458       0.99087119750586361     
  0.17617617617617617       0.99848134166990643       0.99044235038682449     
  0.18018018018018017       0.99841579538630010       0.99000370842176388     
  0.18418418418418420       0.99835102725154123       0.98955527594857196     
  0.18818818818818819       0.99828637767160666       0.98909705740196130     
  0.19219219219219219       0.99822253318797927       0.98862905731342254     
  0.19619619619619619       0.99815918007746984       0.98815128031117949     
  0.20020020020020021       0.99809668239119698       0.98766373112014327     
  0.20420420420420421       0.99803500437953496       0.98716641456186571     
  0.20820820820820821       0.99797427102620828       0.98665933555449203     
  0.21221221221221220       0.99791463315622320       0.98614249911271146     
  0.21621621621621623       0.99785606805589178       0.98561591034770846     
  0.22022022022022023       0.99779882581565948       0.98507957446711159     
  0.22422422422422422       0.99774281487301697       0.98453349677494206     
  0.22822822822822822       0.99768831548681935       0.98397768267156138     
  0.23223223223223224       0.99763522459238174       0.98341213765361868     
  0.23623623623623624       0.99758380626754850       0.98283686731399489     
  0.24024024024024024       0.99753398097949286       0.98225187734174813     
  0.24424424424424424       0.99748597144720730       0.98165717352205828     
  0.24824824824824826       0.99743973751402393       0.98105276173616818     
  0.25225225225225223       0.99739545190509238       0.98043864796132674     
  0.25625625625625625       0.99735311605706223       0.97981483827072957     
  0.26026026026026028       0.99731285511906365       0.97918133883345804     
  0.26426426426426425       0.99727470591384526       0.97853815591441973     
  0.26826826826826827       0.99723875433456832       0.97788529587428519     
  0.27227227227227230       0.99720506260451214       0.97722276516942586     
  0.27627627627627627       0.99717368801374684       0.97655057035184956     
  0.28028028028028029       0.99714470727978133       0.97586871806913633     
  0.28428428428428426       0.99711815926703606       0.97517721506437238     
  0.28828828828828829       0.99709412583721257       0.97447606817608334     
  0.29229229229229231       0.99707263569830451       0.97376528433816700     
  0.29629629629629628       0.99705376854403416       0.97304487057982403     
  0.30030030030030030       0.99703754898029728       0.97231483402548924     
  0.30430430430430433       0.99702404976889125       0.97157518189476044     
  0.30830830830830830       0.99701329486110690       0.97082592150232794     
  0.31231231231231232       0.99700534765976079       0.97006706025790113     
  0.31631631631631629       0.99700023314282360       0.96929860566613568     
  0.32032032032032032       0.99699800432416708       0.96852056532656006     
  0.32432432432432434       0.99699868753123355       0.96773294693349898     
  0.32832832832832831       0.99700232555671775       0.96693575827599854     
  0.33233233233233234       0.99700894548997643       0.96612900723774819     
  0.33633633633633636       0.99701858124772702       0.96531270179700357     
  0.34034034034034033       0.99703125944185678       0.96448685002650714     
  0.34434434434434436       0.99704700617248276       0.96365146009340885     
  0.34834834834834832       0.99706584654001051       0.96280654025918455     
  0.35235235235235235       0.99708780008649189       0.96195209887955491     
  0.35635635635635637       0.99711288917619245       0.96108814440440293     
  0.36036036036036034       0.99714112805100874       0.96021468537768961     
  0.36436436436436437       0.99717253545177009       0.95933173043737041     
  0.36836836836836839       0.99720712109900733       0.95843928831530878     
  0.37237237237237236       0.99724489963996610       0.95753736783719101     
  0.37637637637637639       0.99728587680608149       0.95662597792243798     
  0.38038038038038036       0.99733006283823977       0.95570512758411708     
  0.38438438438438438       0.99737745992891458       0.95477482592885377     
  0.38838838838838841       0.99742807365797792       0.95383508215674051     
  0.39239239239239238       0.99748190302502204       0.95288590556124697     
  0.39639639639639640       0.99753894895055240       0.95192730552912663     
  0.40040040040040042       0.99759920727603424       0.95095929154032544     
  0.40440440440440439       0.99766267449253321       0.94998187316788707     
  0.40840840840840842       0.99772934320275464       0.94899506007785894     
  0.41241241241241239       0.99779920576047143       0.94799886202919548     
  0.41641641641641641       0.99787225151719816       0.94699328887366341     
  0.42042042042042044       0.99794846882111399       0.94597835055574242     
  0.42442442442442441       0.99802784385073373       0.94495405711252856     
  0.42842842842842843       0.99811036109557361       0.94392041867363297     
  0.43243243243243246       0.99819600361613536       0.94287744546108421     
  0.43643643643643643       0.99828475226751179       0.94182514778922499     
  0.44044044044044045       0.99837658691732534       0.94076353606461094     
  0.44444444444444442       0.99847148507191752       0.93969262078590843     
  0.44844844844844844       0.99856942336666166       0.93861241254378935     
  0.45245245245245247       0.99867037619021659       0.93752292202082743     
  0.45645645645645644       0.99877431698033847       0.93642415999139239     
  0.46046046046046046       0.99888121714368039       0.93531613732154295     
  0.46446446446446449       0.99899104704252706       0.93419886496891991     
  0.46846846846846846       0.99910377517389026       0.93307235398263733     
  0.47247247247247248       0.99921936897058561       0.93193661550317397     
  0.47647647647647645       0.99933779409332635       0.93079166076226205     
  0.48048048048048048       0.99945901519074531       0.92963750108277710     
  0.48448448448448450       0.99958299518599747       0.92847414787862570     
  0.48848848848848847       0.99970969602894499       0.92730161265463229     
  0.49249249249249250       0.99983907804758210       0.92611990700642588     
  0.49649649649649652       0.99997110056510052       0.92492904262032505     
  0.50050050050050054        1.0001057214415776       0.92372903127322259     
  0.50450450450450446        1.0002428974705397       0.92251988483246872     
  0.50850850850850848        1.0003825841526208       0.92130161525575405     
  0.51251251251251251        1.0005247358391325       0.92007423459099136     
  0.51651651651651653        1.0006693057951184       0.91883775497619602     
  0.52052052052052056        1.0008162460483305       0.91759218863936653     
  0.52452452452452447        1.0009655076680080       0.91633754789836308     
  0.52852852852852850        1.0011170405127385       0.91507384516078605     
  0.53253253253253252        1.0012707935243101       0.91380109292385314     
  0.53653653653653655        1.0014267145012370       0.91251930377427604     
  0.54054054054054057        1.0015847503502480       0.91122849038813569     
  0.54454454454454460        1.0017448469036272       0.90992866553075669     
  0.54854854854854851        1.0019069491253856       0.90861984205658186     
  0.55255255255255253        1.0020710009779323       0.90730203290904443     
  0.55655655655655656        1.0022369455571123       0.90597525112043986     
  0.56056056056056058        1.0024047250649410       0.90463950981179786     
  0.56456456456456461        1.0025742808189175       0.90329482219275237     
  0.56856856856856852        1.0027455533172265       0.90194120156140967     
  0.57257257257257255        1.0029184822145456       0.90057866130421826     
  0.57657657657657657        1.0030930063681081       0.89920721489583666     
  0.58058058058058060        1.0032690638608175       0.89782687589899912     
  0.58458458458458462        1.0034465919877147       0.89643765796438168     
  0.58858858858858853        1.0036255273349464       0.89503957483046792     
  0.59259259259259256        1.0038058057178079       0.89363264032341216     
  0.59659659659659658        1.0039873622951621       0.89221686835690384     
  0.60060060060060061        1.0041701314818636       0.89079227293202834     
  0.60460460460460463        1.0043540470769678       0.88935886813713039     
  0.60860860860860866        1.0045390421693550       0.88791666814767300     
  0.61261261261261257        1.0047250492645032       0.88646568722609853     
  0.61661661661661660        1.0049120001948078       0.88500593972168740     
  0.62062062062062062        1.0050998262367203       0.88353744007041513     
  0.62462462462462465        1.0052884580311008       0.88206020279481145     
  0.62862862862862867        1.0054778256878871       0.88057424250381455     
  0.63263263263263259        1.0056678587173031       0.87907957389262892     
  0.63663663663663661        1.0058584861226654       0.87757621174257761     
  0.64064064064064064        1.0060496363408715       0.87606417092095823     
  0.64464464464464466        1.0062412373253489       0.87454346638089420     
  0.64864864864864868        1.0064332164938947       0.87301411316118804     
  0.65265265265265260        1.0066255008035547       0.87147612638617244     
  0.65665665665665662        1.0068180167039356       0.86992952126555978     
  0.66066066066066065        1.0070106902061702       0.86837431309429269     
  0.66466466466466467        1.0072034468391904       0.86681051725239278     
  0.66866866866866870        1.0073962117158650       0.86523814920480835     
  0.67267267267267272        1.0075889094882229       0.86365722450126059     
  0.67667667667667664        1.0077814644160423       0.86206775877609154     
  0.68068068068068066        1.0079738003143559       0.86046976774810768     
  0.68468468468468469        1.0081658406325595       0.85886326722042616     
  0.68868868868868871        1.0083575083847258       0.85724827308031681     
  0.69269269269269274        1.0085487262503046       0.85562480129904683     
  0.69669669669669665        1.0087394164744496       0.85399286793172080     
  0.70070070070070067        1.0089295010048385       0.85235248911712413     
  0.70470470470470470        1.0091189013459163       0.85070368107756156     
  0.70870870870870872        1.0093075387491850       0.84904646011869800     
  0.71271271271271275        1.0094953340032635       0.84738084262939628     
  0.71671671671671666        1.0096822076959064       0.84570684508155602     
  0.72072072072072069        1.0098680799225745       0.84402448402995045     
  0.72472472472472471        1.0100528706348886       0.84233377611206173     
  0.72872872872872874        1.0102364992575963       0.84063473804791822     
  0.73273273273273276        1.0104188851266562       0.83892738663992727     
  0.73673673673673679        1.0105999470215072       0.83721173877271082     
  0.74074074074074070        1.0107796036715675       0.83548781141293649     
  0.74474474474474472        1.0109577732446726       0.83375562160915173     
  0.74874874874874875        1.0111343738551022       0.83201518649161366     
  0.75275275275275277        1.0113093231085626       0.83026652327212069     
  0.75675675675675680        1.0114825384674606       0.82850964924384218     
  0.76076076076076071        1.0116539370383069       0.82674458178114663     
  0.76476476476476474        1.0118234356220726       0.82497133833943037     
  0.76876876876876876        1.0119909508158629       0.82318993645494531     
  0.77277277277277279        1.0121563988032325       0.82140039374462548     
  0.77677677677677681        1.0123196956358129       0.81960272790591149     
  0.78078078078078073        1.0124807569229399       0.81779695671657793     
  0.78478478478478475        1.0126394981381404       0.81598309803455460     
  0.78878878878878878        1.0127958343539620       0.81416116979775299     
  0.79279279279279280        1.0129496804240019       0.81233119002388599     
  0.79679679679679682        1.0131009509334405       0.81049317681029232     
  0.80080080080080085        1.0132495600471001       0.80864714833375506     
  0.80480480480480476        1.0133954219271910       0.80679312285032445     
  0.80880880880880879        1.0135384499989404       0.80493111869513490     
  0.81281281281281281        1.0136785579950327       0.80306115428222591     
  0.81681681681681684        1.0138156586475680       0.80118324810435759     
  0.82082082082082086        1.0139496651480988       0.79929741873283022     
  0.82482482482482478        1.0140804896333691       0.79740368481729917     
  0.82882882882882880        1.0142080446354762       0.79550206508558996     
  0.83283283283283283        1.0143322417872132       0.79359257834351515     
  0.83683683683683685        1.0144529928287069       0.79167524347468543     
  0.84084084084084088        1.0145702089732012       0.78975007944032627     
  0.84484484484484490        1.0146838011137147       0.78781710527908688     
  0.84884884884884881        1.0147936799728674       0.78587634010685514     
  0.85285285285285284        1.0148997556928714       0.78392780311656585     
  0.85685685685685686        1.0150019383165201       0.78197151357801298     
  0.86086086086086089        1.0151001373871518       0.78000749083765841     
  0.86486486486486491        1.0151942620607717       0.77803575431843952     
  0.86886886886886883        1.0152842214096720       0.77605632351957921     
  0.87287287287287285        1.0153699235932692       0.77406921801639061     
  0.87687687687687688        1.0154512771548814       0.77207445746008641     
  0.88088088088088090        1.0155281893517116       0.77007206157758135     
  0.88488488488488493        1.0156005679567111       0.76806205017129980     
  0.88888888888888884        1.0156683195184097       0.76604444311897812     
  0.89289289289289286        1.0157313507650467       0.76401926037346957     
  0.89689689689689689        1.0157895676764117       0.76198652196254524     
  0.90090090090090091        1.0158428758897700       0.75994624798869781     
  0.90490490490490494        1.0158911805913453       0.75789845862894112     
  0.90890890890890896        1.0159343865363597       0.75584317413461199     
  0.91291291291291288        1.0159723977951718       0.75378041483116964     
  0.91691691691691690        1.0160051184253684       0.75171020111799358     
  0.92092092092092093        1.0160324512381524       0.74963255346818269     
  0.92492492492492495        1.0160542994594484       0.74754749242835361     
  0.92892892892892898        1.0160705647962849       0.74545503861843632     
  0.93293293293293289        1.0160811492892339       0.74335521273147021     
  0.93693693693693691        1.0160859537536233       0.74124803553340046     
  0.94094094094094094        1.0160848789787509       0.73913352786287123     
  0.94494494494494496        1.0160778252949698       0.73701171063102144     
  0.94894894894894899        1.0160646916941898       0.73488260482127599     
  0.95295295295295290        1.0160453771890274       0.73274623148913998     
  0.95695695695695693        1.0160197795168346       0.73060261176198882     
  0.96096096096096095        1.0159877963567885       0.72845176683886093     
  0.96496496496496498        1.0159493241154722       0.72629371799024722     
  0.96896896896896900        1.0159042590625240       0.72412848655788020     
  0.97297297297297303        1.0158524961929312       0.72195609395452465     
  0.97697697697697694        1.0157939302858263       0.71977656166376347     
  0.98098098098098097        1.0157284548390340       0.71758991123978799     
  0.98498498498498499        1.0156559630552351       0.71539616430718200     
  0.98898898898898902        1.0155763468445980       0.71319534256071038     
  0.99299299299299304        1.0154894977422100       0.71098746776510235     
  0.99699699699699695        1.0153953059749161       0.70877256175483849     
   1.0010010010010011        1.0152936613137291       0.70655064643393239     
   1.0050050050050050        1.0151844522012028       0.70432174377571666     
   1.0090090090090089        1.0150675665422093       0.70208587582262261     
   1.0130130130130131        1.0149428908884806       0.69984306468596524     
   1.0170170170170170        1.0148103111709892       0.69759333254572309     
   1.0210210210210211        1.0146697119383550       0.69533670165031780     
   1.0250250250250250        1.0145209770339205       0.69307319431639725     
   1.0290290290290289        1.0143639888849179       0.69080283292861089     
   1.0330330330330331        1.0141986291272012       0.68852563993939231     
   1.0370370370370370        1.0140247779421270       0.68624163786873360     
   1.0410410410410411        1.0138423146318372       0.68395084930396588     
   1.0450450450450450        1.0136511170009270       0.68165329689953280     
   1.0490490490490489        1.0134510618849748       0.67934900337676996     
   1.0530530530530531        1.0132420245742966       0.67703799152367639     
   1.0570570570570570        1.0130238792982615       0.67472028419469277     
   1.0610610610610611        1.0127964986884759       0.67239590431047247     
   1.0650650650650650        1.0125597542214384       0.67006487485765720     
   1.0690690690690692        1.0123135157185070       0.66772721888864850     
   1.0730730730730731        1.0120576517493902       0.66538295952137927     
   1.0770770770770770        1.0117920291663121       0.66303211993908673     
   1.0810810810810811        1.0115165134708108       0.66067472339008138     
   1.0850850850850851        1.0112309683795306       0.65831079318751895     
   1.0890890890890892        1.0109352561567031       0.65594035270916762     
   1.0930930930930931        1.0106292372092209       0.65356342539717938     
   1.0970970970970970        1.0103127703869113       0.65118003475785569     
   1.1011011011011012        1.0099857126047624       0.64879020436141710     
   1.1051051051051051        1.0096479191129428       0.64639395784176923     
   1.1091091091091092        1.0092992431442198       0.64399131889626848     
   1.1131131131131131        1.0089395361555038       0.64158231128548826     
   1.1171171171171170        1.0085686474985789       0.63916695883298480     
   1.1211211211211212        1.0081864246349903       0.63674528542506059     
   1.1251251251251251        1.0077927128281738       0.63431731501052790     
   1.1291291291291292        1.0073873553335253       0.63188307160047219     
   1.1331331331331331        1.0069701931100068       0.62944257926801572     
   1.1371371371371370        1.0065410649871971       0.62699586214807856     
   1.1411411411411412        1.0060998073945442       0.62454294443713887     
   1.1451451451451451        1.0056462545071578       0.62208385039299618     
   1.1491491491491492        1.0051802379908865       0.61961860433452864     
   1.1531531531531531        1.0047015871286060       0.61714723064145538     
   1.1571571571571571        1.0042101285792839       0.61466975375409227     
   1.1611611611611612        1.0037056864866214       0.61218619817311382     
   1.1651651651651651        1.0031880822502188       0.60969658845930685     
   1.1691691691691692        1.0026571346183588       0.60720094923333146     
   1.1731731731731732        1.0021126594695360       0.60469930517547543     
   1.1771771771771771        1.0015544698910666       0.60219168102540976     
   1.1811811811811812        1.0009823759693368       0.59967810158194490     
   1.1851851851851851        1.0003961848559102       0.59715859170278607     
   1.1891891891891893       0.99979570056473177       0.59463317630428669     
   1.1931931931931932       0.99918072402766001       0.59210188036120104     
   1.1971971971971973       0.99855105289670654       0.58956472890643952     
   1.2012012012012012       0.99790648159095818       0.58702174703081855     
   1.2052052052052051       0.99724680110198050       0.58447295988281511     
   1.2092092092092093       0.99657179903405491       0.58191839266831502     
   1.2132132132132132       0.99588125941095362       0.57935807065036715     
   1.2172172172172173       0.99517496271143702       0.57679201914892964     
   1.2212212212212212       0.99445268567550249       0.57422026354062339     
   1.2252252252252251       0.99371420133725774       0.57164282925847876     
   1.2292292292292293       0.99295927882865442       0.56905974179168362     
   1.2332332332332332       0.99218768341197905       0.56647102668533400     
   1.2372372372372373       0.99139917627895136       0.56387670954017777     
   1.2412412412412412       0.99059351458524558       0.56127681601236523     
   1.2452452452452452       0.98977045124279683       0.55867137181319193     
   1.2492492492492493       0.98892973495869196       0.55606040270884771     
   1.2532532532532532       0.98807111001876424       0.55344393452015839     
   1.2572572572572573       0.98719431633297106       0.55082199312233371     
   1.2612612612612613       0.98629908920858611       0.54819460444470980     
   1.2652652652652652       0.98538515940407612       0.54556179447049202     
   1.2692692692692693       0.98445225289028881       0.54292358923649942     
   1.2732732732732732       0.98350009091484014       0.54028001483290677     
   1.2772772772772774       0.98252838974977741       0.53763109740298687     
   1.2812812812812813       0.98153686076835645       0.53497686314285187     
   1.2852852852852852       0.98052521017798522       0.53231733830119210     
   1.2892892892892893       0.97949313911089364       0.52965254917902038     
   1.2932932932932932       0.97844034334170071       0.52698252212940966     
   1.2972972972972974       0.97736651339292480       0.52430728355723166     
   1.3013013013013013       0.97627133423715451       0.52162685991889790     
   1.3053053053053052       0.97515448541781691       0.51894127772209575     
   1.3093093093093093       0.97401564073654812       0.51625056352552856     
   1.3133133133133132       0.97285446838892986       0.51355474393865164     
   1.3173173173173174       0.97167063063865766       0.51085384562140879     
   1.3213213213213213       0.97046378396686717       0.50814789528396931     
   1.3253253253253254       0.96923357873594940       0.50543691968646431     
   1.3293293293293293       0.96797965934984043       0.50272094563872183     
   1.3333333333333333       0.96670166391176959       0.50000000000000033     
   1.3373373373373374       0.96539922439139469       0.49727410967872421     
   1.3413413413413413       0.96407196628245084       0.49454330163221866     
   1.3453453453453454       0.96271950877091628       0.49180760286644143     
   1.3493493493493494       0.96134146440045221       0.48906704043571680     
   1.3533533533533533       0.95993743923375374       0.48632164144246692     
   1.3573573573573574       0.95850703253599956       0.48357143303694439     
   1.3613613613613613       0.95704983691909484       0.48081644241696458     
   1.3653653653653655       0.95556543805606742       0.47805669682763607     
   1.3693693693693694       0.95405341479512140       0.47529222356109019     
   1.3733733733733733       0.95251333892096035       0.47252304995621203     
   1.3773773773773774       0.95094477522242959       0.46974920339837073     
   1.3813813813813813       0.94934728132013591       0.46697071131914814     
   1.3853853853853855       0.94772040766805443       0.46418760119606600     
   1.3893893893893894       0.94606369747041530       0.46139990055231739     
   1.3933933933933933       0.94437668659398366       0.45860763695649082     
   1.3973973973973974       0.94265890360109073       0.45581083802230099     
   1.4014014014014013       0.94090986954542444       0.45300953140831446     
   1.4054054054054055       0.93912909815202406       0.45020374481767350     
   1.4094094094094094       0.93731609546558037       0.44739350599782696     
   1.4134134134134133       0.93547036021211283       0.44457884274025250     
   1.4174174174174174       0.93359138326508206       0.44175978288018319     
   1.4214214214214214       0.93167864822703694       0.43893635429633082     
   1.4254254254254255       0.92973163067563180       0.43610858491061116     
   1.4294294294294294       0.92774979900649279       0.43327650268786849     
   1.4334334334334333       0.92573261341876811       0.43044013563559824     
   1.4374374374374375       0.92367952706248679       0.42759951180366951     
   1.4414414414414414       0.92158998472196896       0.42475465928404799     
   1.4454454454454455       0.91946342431153161       0.42190560621051937     
   1.4494494494494494       0.91729927521551546       0.41905238075840973     
   1.4534534534534536       0.91509696017471664       0.41619501114430768     
   1.4574574574574575       0.91285589324468486       0.41333352562578418     
   1.4614614614614614       0.91057548211079886       0.41046795250111390     
   1.4654654654654655       0.90825512563287292       0.40759832010899610     
   1.4694694694694694       0.90589421661836322       0.40472465682827363     
   1.4734734734734736       0.90349213893216462       0.40184699107765148     
   1.4774774774774775       0.90104827074393679       0.39896535131541649     
   1.4814814814814814       0.89856198119861797       0.39607976603915679     
   1.4854854854854855       0.89603263413371403       0.39319026378547872     
   1.4894894894894894       0.89345958433018635       0.39029687312972589     
   1.4934934934934936       0.89084218166701312       0.38739962268569328     
   1.4974974974974975       0.88817976700558621       0.38449854110534909     
   1.5015015015015014       0.88547167670991034       0.38159365707854875     
   1.5055055055055055       0.88271723826270343       0.37868499933275013     
   1.5095095095095095       0.87991577502768881       0.37577259663273255     
   1.5135135135135136       0.87706660175508699       0.37285647778030873     
   1.5175175175175175       0.87416902939459795       0.36993667161404314     
   1.5215215215215214       0.87122236072495018       0.36701320700896550     
   1.5255255255255256       0.86822589493908764       0.36408611287628412     
   1.5295295295295295       0.86517892373056204       0.36115541816310132     
   1.5335335335335336       0.86208073526210138       0.35822115185212744     
   1.5375375375375375       0.85893061116517166       0.35528334296139380     
   1.5415415415415414       0.85572782936505232       0.35234202054396474     
   1.5455455455455456       0.85247166260358365       0.34939721368765114     
   1.5495495495495495       0.84916137942296921       0.34644895151472355     
   1.5535535535535536       0.84579624501110762       0.34349726318162310     
   1.5575575575575575       0.84237551943672662       0.34054217787867375     
   1.5615615615615615       0.83889846184794914       0.33758372482979260     
   1.5655655655655656       0.83536432479644451       0.33462193329220158     
   1.5695695695695695       0.83177236310002745       0.33165683255613898     
   1.5735735735735736       0.82812182278589208       0.32868845194456903     
   1.5775775775775776       0.82441195626482200       0.32571682081289088     
   1.5815815815815817       0.82064200405514365       0.32274196854864945     
   1.5855855855855856       0.81681121831807491       0.31976392457124525     
   1.5895895895895895       0.81291883508575469       0.31678271833164295     
   1.5935935935935936       0.80896410868394442       0.31379837931207866     
   1.5975975975975976       0.80494627166934329       0.31081093702577139     
   1.6016016016016017       0.80086458322767706       0.30782042101662782     
   1.6056056056056056       0.79671827341667500       0.30482686085895305     
   1.6096096096096095       0.79250660928583094       0.30183028615715729     
   1.6136136136136137       0.78822881931014921       0.29883072654546011     
   1.6176176176176176       0.78388418174470520       0.29582821168760254     
   1.6216216216216217       0.77947192430796342       0.29282277127655032     
   1.6256256256256256       0.77499134017277227       0.28981443503420135     
   1.6296296296296295       0.77044165700318812       0.28680323271109065     
   1.6336336336336337       0.76582218700764648       0.28378919408609704     
   1.6376376376376376       0.76113215833549985       0.28077234896614933     
   1.6416416416416417       0.75637090679246488       0.27775272718593036     
   1.6456456456456456       0.75153766134746591       0.27473035860758332     
   1.6496496496496496       0.74663178645044415       0.27170527312041282     
   1.6536536536536537       0.74165251197093485       0.26867750064059459     
   1.6576576576576576       0.73659923657986781       0.26564707111087615     
   1.6616616616616617       0.73147119082239986       0.26261401450028199     
   1.6656656656656657       0.72626781374484717       0.25957836080381591     
   1.6696696696696696       0.72098833597909351       0.25654014004216519     
   1.6736736736736737       0.71563224372991785       0.25349938226140467     
   1.6776776776776776       0.71019876670009185       0.25045611753269870     
   1.6816816816816818       0.70468744571884678       0.24741037595200283     
   1.6856856856856857       0.69909750804887261       0.24436218763976714     
   1.6896896896896898       0.69342855735004549       0.24131158274063927     
   1.6936936936936937       0.68767981636559927       0.23825859142316480     
   1.6976976976976976       0.68185096059263206       0.23520324387949043     
   1.7017017017017018       0.67594120552892856       0.23214557032506186     
   1.7057057057057057       0.66995030837856939       0.22908560099833006     
   1.7097097097097098       0.66387747393837426       0.22602336616044894     
   1.7137137137137137       0.65772255191743401       0.22295889609497727     
   1.7177177177177176       0.65148473213928915       0.21989222110757800     
   1.7217217217217218       0.64516396861125402       0.21682337152571932     
   1.7257257257257257       0.63875943100330368       0.21375237769837560     
   1.7297297297297298       0.63227119047759250       0.21067926999572606     
   1.7337337337337337       0.62569839036773889       0.20760407880885565     
   1.7377377377377377       0.61904123297962155       0.20452683454945109     
   1.7417417417417418       0.61229882802803159       0.20144756764950522     
   1.7457457457457457       0.60547152415245775       0.19836630856101312     
   1.7497497497497498       0.59855838896771085       0.19528308775567005     
   1.7537537537537538       0.59155993390549078       0.19219793572457314     
   1.7577577577577577       0.58447517470095267       0.18911088297791637     
   1.7617617617617618       0.57730480337097301       0.18602196004469188     
   1.7657657657657657       0.57004777259329720       0.18293119747238676     
   1.7697697697697699       0.56270497415973719       0.17983862582668017     
   1.7737737737737738       0.55527528501681678       0.17674427569114179     
   1.7777777777777777       0.54775981737571211       0.17364817766693028     
   1.7817817817817818       0.54015735818691812       0.17055036237248988     
   1.7857857857857857       0.53246926223193414       0.16745086044324664     
   1.7897897897897899       0.52469421051915688       0.16434970253130635     
   1.7937937937937938       0.51683382410212086       0.16124691930515228     
   1.7977977977977977       0.50888666033600771       0.15814254144934106     
   1.8018018018018018       0.50085463183365797       0.15503659966419786     
   1.8058058058058057       0.49273615274555921       0.15192912466551589     
   1.8098098098098099       0.48453345414014048       0.14882014718424907     
   1.8138138138138138       0.47624478550668792       0.14570969796621130     
   1.8178178178178179       0.46787272488451048       0.14259780777177095     
   1.8218218218218218       0.45941533368849835       0.13948450737554591     
   1.8258258258258258       0.45087556705744480       0.13636982756610005     
   1.8298298298298299       0.44225127292584127       0.13325379914563965     
   1.8338338338338338       0.43354581525008384       0.13013645292970785     
   1.8378378378378379       0.42475680106759844       0.12701781974687870     
   1.8418418418418419       0.41588803641556860       0.12389793043845529     
   1.8458458458458458       0.40693685801031448       0.12077681585816115     
   1.8498498498498499       0.39790754871028278       0.11765450687183837     
   1.8538538538538538       0.38879714350676581       0.11453103435714140     
   1.8578578578578580       0.37961043820332363       0.11140642920322855     
   1.8618618618618619       0.37034413273731587       0.10828072231046192     
   1.8658658658658658       0.36100357324166793       0.10515394459009815     
   1.8698698698698699       0.35158508943155986       0.10202612696398421     
   1.8738738738738738       0.34209461625889304        9.8897300364250137E-002
   1.8778778778778780       0.33252807632892750        9.5767495733004110E-002
   1.8818818818818819       0.32289203281731310        9.2636744022027262E-002
   1.8858858858858858       0.31318196276975763        8.9505076192466795E-002
   1.8898898898898899       0.30340509767711887        8.6372523214528804E-002
   1.8938938938938938       0.29355642921300423        8.3239116067172991E-002
   1.8978978978978980       0.28364389769172865        8.0104885737807094E-002
   1.9019019019019019       0.27366196848333219        7.6969863221979185E-002
   1.9059059059059058       0.26361933133619486        7.3834079523072429E-002
   1.9099099099099099       0.25350988355905890        7.0697565651994948E-002
   1.9139139139139139       0.24334310468532214        6.7560352626878470E-002
   1.9179179179179180       0.23311228172332668        6.4422471472768014E-002
   1.9219219219219219       0.22282772367026327        6.1283953221316440E-002
   1.9259259259259258       0.21248206491418409        5.8144828910476183E-002
   1.9299299299299300       0.20208648245689909        5.5005129584193228E-002
   1.9339339339339339       0.19163291612504174        5.1864886292100981E-002
   1.9379379379379380       0.18113344780640087        4.8724130089211899E-002
   1.9419419419419419       0.17057928172534101        4.5582892035611673E-002
   1.9459459459459461       0.15998343929811229        4.2441203196148525E-002
   1.9499499499499500       0.14933634959233727        3.9299094640131337E-002
   1.9539539539539539       0.13865200531737867        3.6156597441019275E-002
   1.9579579579579580       0.12792002296865476        3.3013742676113601E-002
   1.9619619619619619       0.11715539473636626        2.9870561426253450E-002
   1.9659659659659661       0.10634688998652084        2.6727084775504926E-002
   1.9699699699699700        9.5510524244677653E-002   2.3583343810856781E-002
   1.9739739739739739        8.4634188828207668E-002   2.0439369621911660E-002
   1.9779779779779780        7.3734941315371422E-002   1.7295193300577764E-002
   1.9819819819819819        6.2799768545203846E-002   1.4150845940762258E-002
   1.9859859859859861        5.1846782715209969E-002   1.1006358638064652E-002
   1.9899899899899900        4.0862046077147954E-002   7.8617624894684063E-003
   1.9939939939939939        2.9864726604327877E-002   4.7170885930325071E-003
   1.9979979979979980        1.8839966797473368E-002   1.5723680475848198E-003
   2.0020020020020022        7.8079151807829645E-003  -1.5723680475845747E-003
   2.0060060060060061       -3.2469678799973011E-003  -4.7170885930322625E-003
   2.0100100100100100       -1.4304303030525059E-002  -7.8617624894681600E-003
   2.0140140140140139       -2.5378243331359650E-002  -1.1006358638064406E-002
   2.0180180180180178       -3.6449341646999651E-002  -1.4150845940762012E-002
   2.0220220220220222       -4.7530780430545629E-002  -1.7295193300577522E-002
   2.0260260260260261       -5.8604061838211194E-002  -2.0439369621911417E-002
   2.0300300300300300       -6.9681416245359895E-002  -2.3583343810856538E-002
   2.0340340340340339       -8.0745286325181020E-002  -2.6727084775504683E-002
   2.0380380380380378       -9.1806970456790385E-002  -2.9870561426253207E-002
   2.0420420420420422      -0.10284984126463498       -3.3013742676113789E-002
   2.0460460460460461      -0.11388429506805441       -3.6156597441019026E-002
   2.0500500500500500      -0.12489462165519277       -3.9299094640131087E-002
   2.0540540540540539      -0.13589035103758582       -4.2441203196148275E-002
   2.0580580580580579      -0.14685667415287407       -4.5582892035610979E-002
   2.0620620620620622      -0.15780229472340287       -4.8724130089212093E-002
   2.0660660660660661      -0.16871328605428362       -5.1864886292100738E-002
   2.0700700700700700      -0.17959756895164145       -5.5005129584192979E-002
   2.0740740740740740      -0.19044207805382701       -5.8144828910475933E-002
   2.0780780780780779      -0.20125399713104433       -6.1283953221315746E-002
   2.0820820820820822      -0.21202109930570204       -6.4422471472768209E-002
   2.0860860860860861      -0.22274987898104920       -6.7560352626878220E-002
   2.0900900900900901      -0.23342892358649162       -7.0697565651994698E-002
   2.0940940940940940      -0.24406408700153687       -7.3834079523071736E-002
   2.0980980980980979      -0.25464474567285067       -7.6969863221978935E-002
   2.1021021021021022      -0.26517616195542520       -8.0104885737806844E-002
   2.1061061061061062      -0.27564847466963482       -8.3239116067172741E-002
   2.1101101101101101      -0.28606640307581005       -8.6372523214528554E-002
   2.1141141141141140      -0.29642082136376396       -8.9505076192466101E-002
   2.1181181181181179      -0.30671595503746180       -9.2636744022027012E-002
   2.1221221221221223      -0.31694338927752208       -9.5767495733003860E-002
   2.1261261261261262      -0.32710690817324278       -9.8897300364249888E-002
   2.1301301301301301      -0.33719878716638779      -0.10202612696398396     
   2.1341341341341340      -0.34722242208003778      -0.10515394459009790     
   2.1381381381381384      -0.35717075706296048      -0.10828072231046167     
   2.1421421421421423      -0.36704684694009138      -0.11140642920322831     
   2.1461461461461462      -0.37684427590861175      -0.11453103435714115     
   2.1501501501501501      -0.38656579433886273      -0.11765450687183812     
   2.1541541541541540      -0.39620558924052901      -0.12077681585816090     
   2.1581581581581584      -0.40576613383213017      -0.12389793043845504     
   2.1621621621621623      -0.41524217646658834      -0.12701781974687892     
   2.1661661661661662      -0.42463593668556204      -0.13013645292970763     
   2.1701701701701701      -0.43394268410579917      -0.13325379914563942     
   2.1741741741741740      -0.44316440861219319      -0.13636982756609983     
   2.1781781781781784      -0.45229686536824931      -0.13948450737554569     
   2.1821821821821823      -0.46134184036783221      -0.14259780777177072     
   2.1861861861861862      -0.47029554298327358      -0.14570969796621108     
   2.1901901901901901      -0.47915958187646229      -0.14882014718424885     
   2.1941941941941940      -0.48793059239772713      -0.15192912466551567     
   2.1981981981981984      -0.49661003182691132      -0.15503659966419808     
   2.2022022022022023      -0.50519493517298020      -0.15814254144934084     
   2.2062062062062062      -0.51368663269725423      -0.16124691930515206     
   2.2102102102102101      -0.52208253396494175      -0.16434970253130612     
   2.2142142142142140      -0.53038386452975206      -0.16745086044324597     
   2.2182182182182184      -0.53858838432830913      -0.17055036237248966     
   2.2222222222222223      -0.54669723431744865      -0.17364817766693005     
   2.2262262262262262      -0.55470850143757411      -0.17674427569114157     
   2.2302302302302301      -0.56262325996065699      -0.17983862582667995     
   2.2342342342342341      -0.57043990125556798      -0.18293119747238654     
   2.2382382382382384      -0.57815944868584002      -0.18602196004469207     
   2.2422422422422423      -0.58578057626377122      -0.18911088297791614     
   2.2462462462462462      -0.59330427017592813      -0.19219793572457292     
   2.2502502502502502      -0.60072946608682432      -0.19528308775566983     
   2.2542542542542541      -0.60805712479876206      -0.19836630856101248     
   2.2582582582582584      -0.61528642343577622      -0.20144756764950500     
   2.2622622622622623      -0.62241830738682136      -0.20452683454945086     
   2.2662662662662663      -0.62945217584608770      -0.20760407880885542     
   2.2702702702702702      -0.63638896706323933      -0.21067926999572584     
   2.2742742742742741      -0.64322828372122598      -0.21375237769837538     
   2.2782782782782784      -0.64997106363811019      -0.21682337152571909     
   2.2822822822822824      -0.65661709521638500      -0.21989222110757778     
   2.2862862862862863      -0.66316732111769694      -0.22295889609497704     
   2.2902902902902902      -0.66962169851049169      -0.22602336616044871     
   2.2942942942942941      -0.67598117887788101      -0.22908560099832984     
   2.2982982982982985      -0.68224587201862208      -0.23214557032506164     
   2.3023023023023024      -0.68841674105251016      -0.23520324387949024     
   2.3063063063063063      -0.69449403309172009      -0.23825859142316458     
   2.3103103103103102      -0.70047872467769245      -0.24131158274063905     
   2.3143143143143141      -0.70637118573677882      -0.24436218763976694     
   2.3183183183183185      -0.71217240711541374      -0.24741037595200260     
   2.3223223223223224      -0.71788286786921973      -0.25045611753269847     
   2.3263263263263263      -0.72350357325495662      -0.25349938226140445     
   2.3303303303303302      -0.72903509858112669      -0.25654014004216497     
   2.3343343343343341      -0.73447846295958896      -0.25957836080381524     
   2.3383383383383385      -0.73983432587531917      -0.26261401450028221     
   2.3423423423423424      -0.74510371918993945      -0.26564707111087593     
   2.3463463463463463      -0.75028737527712619      -0.26867750064059437     
   2.3503503503503502      -0.75538633719557835      -0.27170527312041259     
   2.3543543543543541      -0.76040139969430975      -0.27473035860758266     
   2.3583583583583585      -0.76533361512367670      -0.27775272718593058     
   2.3623623623623624      -0.77018383085201769      -0.28077234896614911     
   2.3663663663663663      -0.77495310634936687      -0.28378919408609682     
   2.3703703703703702      -0.77964233258494475      -0.28680323271108998     
   2.3743743743743742      -0.78425257378755042      -0.28981443503420068     
   2.3783783783783785      -0.78878475622409072      -0.29282277127655010     
   2.3823823823823824      -0.79323994640138751      -0.29582821168760237     
   2.3863863863863863      -0.79761909827144017      -0.29883072654545989     
   2.3903903903903903      -0.80192327807928032      -0.30183028615715662     
   2.3943943943943946      -0.80615346051333658      -0.30482686085895327     
   2.3983983983983985      -0.81031070901064883      -0.30782042101662760     
   2.4024024024024024      -0.81439601268292461      -0.31081093702577117     
   2.4064064064064064      -0.81841042965161159      -0.31379837931207849     
   2.4104104104104103      -0.82235495774423928      -0.31678271833164234     
   2.4144144144144146      -0.82623064733539631      -0.31976392457124503     
   2.4184184184184185      -0.83003849983577516      -0.32274196854864923     
   2.4224224224224224      -0.83377955554914807      -0.32571682081289072     
   2.4264264264264264      -0.83745481487987028      -0.32868845194456880     
   2.4304304304304303      -0.84106530586900941      -0.33165683255613876     
   2.4344344344344346      -0.84461202383618250      -0.33462193329220136     
   2.4384384384384385      -0.84809598251903062      -0.33758372482979238     
   2.4424424424424425      -0.85151816855295259      -0.34054217787867352     
   2.4464464464464464      -0.85487957949661075      -0.34349726318162288     
   2.4504504504504503      -0.85818119014861927      -0.34644895151472338     
   2.4544544544544546      -0.86142398018774513      -0.34939721368765092     
   2.4584584584584586      -0.86460890983858030      -0.35234202054396457     
   2.4624624624624625      -0.86773693937920782      -0.35528334296139358     
   2.4664664664664664      -0.87080901210734440      -0.35822115185212722     
   2.4704704704704703      -0.87382606756176040      -0.36115541816310109     
   2.4744744744744747      -0.87678903011473974      -0.36408611287628395     
   2.4784784784784786      -0.87969881740835321      -0.36701320700896528     
   2.4824824824824825      -0.88255633321610250      -0.36993667161404292     
   2.4864864864864864      -0.88536247230381582      -0.37285647778030850     
   2.4904904904904903      -0.88811811647012684      -0.37577259663273233     
   2.4944944944944947      -0.89082413679748107      -0.37868499933275035     
   2.4984984984984986      -0.89348139200412002      -0.38159365707854853     
   2.5025025025025025      -0.89609072884727559      -0.38449854110534887     
   2.5065065065065064      -0.89865298210446798      -0.38739962268569306     
   2.5105105105105103      -0.90116897372281013      -0.39029687312972527     
   2.5145145145145147      -0.90363951389997288      -0.39319026378547894     
   2.5185185185185186      -0.90606539943561892      -0.39607976603915657     
   2.5225225225225225      -0.90844741550705754      -0.39896535131541627     
   2.5265265265265264      -0.91078633356671579      -0.40184699107765126     
   2.5305305305305303      -0.91308291350847648      -0.40472465682827302     
   2.5345345345345347      -0.91533790136483073      -0.40759832010899633     
   2.5385385385385386      -0.91755203164086552      -0.41046795250111373     
   2.5425425425425425      -0.91972602499283485      -0.41333352562578402     
   2.5465465465465464      -0.92186059057099778      -0.41619501114430751     
   2.5505505505505504      -0.92395642380475329      -0.41905238075840956     
   2.5545545545545547      -0.92601420864583661      -0.42190560621051959     
   2.5585585585585586      -0.92803461554126010      -0.42475465928404776     
   2.5625625625625625      -0.93001830350719517      -0.42759951180366890     
   2.5665665665665665      -0.93196591833746589      -0.43044013563559802     
   2.5705705705705704      -0.93387809446788883      -0.43327650268786827     
   2.5745745745745747      -0.93575545344302125      -0.43610858491061100     
   2.5785785785785786      -0.93759860555257690      -0.43893635429633066     
   2.5825825825825826      -0.93940814856091870      -0.44175978288018303     
   2.5865865865865865      -0.94118466911290999      -0.44457884274025233     
   2.5905905905905904      -0.94292874171784447      -0.44739350599782673     
   2.5945945945945947      -0.94464092993304072      -0.45020374481767333     
   2.5985985985985987      -0.94632178558534430      -0.45300953140831385     
   2.6026026026026026      -0.94797184974796134      -0.45581083802230121     
   2.6066066066066065      -0.94959165217740582      -0.45860763695649065     
   2.6106106106106104      -0.95118171210337765      -0.46139990055231678     
   2.6146146146146148      -0.95274253785624996      -0.46418760119606622     
   2.6186186186186187      -0.95427462749193515      -0.46697071131914791     
   2.6226226226226226      -0.95577846858409310      -0.46974920339837051     
   2.6266266266266265      -0.95725453870647059      -0.47252304995621180     
   2.6306306306306309      -0.95870330536441062      -0.47529222356109002     
   2.6346346346346348      -0.96012522635658482      -0.47805669682763591     
   2.6386386386386387      -0.96152074982169700      -0.48081644241696481     
   2.6426426426426426      -0.96289031450018536      -0.48357143303694416     
   2.6466466466466465      -0.96423434987393597      -0.48632164144246637     
   2.6506506506506509      -0.96555327634669341      -0.48906704043571703     
   2.6546546546546548      -0.96684750545687603      -0.49180760286644165     
   2.6586586586586587      -0.96811743999334599      -0.49454330163221849     
   2.6626626626626626      -0.96936347426382674      -0.49727410967872404     
   2.6666666666666665      -0.97058599416050106      -0.49999999999999972     
   2.6706706706706709      -0.97178537746896709      -0.50272094563872161     
   2.6746746746746748      -0.97296199389596028      -0.50543691968646454     
   2.6786786786786787      -0.97411620540614408      -0.50814789528396909     
   2.6826826826826826      -0.97524836622217270      -0.51085384562140823     
   2.6866866866866865      -0.97635882317883427      -0.51355474393865141     
   2.6906906906906909      -0.97744791570373057      -0.51625056352552878     
   2.6946946946946948      -0.97851597618032971      -0.51894127772209564     
   2.6986986986986987      -0.97956332991579176      -0.52162685991889768     
   2.7027027027027026      -0.98059029550631038      -0.52430728355723144     
   2.7067067067067065      -0.98159718479706426      -0.52698252212940910     
   2.7107107107107109      -0.98258430324483015      -0.52965254917902060     
   2.7147147147147148      -0.98355194987369132      -0.53231733830119188     
   2.7187187187187187      -0.98450041763130069      -0.53497686314285131     
   2.7227227227227226      -0.98542999334282178      -0.53763109740298709     
   2.7267267267267266      -0.98634095805840927      -0.54028001483290666     
   2.7307307307307309      -0.98723358700688479      -0.54292358923649919     
   2.7347347347347348      -0.98810814993300422      -0.54556179447049191     
   2.7387387387387387      -0.98896491105157247      -0.54819460444470958     
   2.7427427427427427      -0.98980412937388307      -0.55082199312233360     
   2.7467467467467466      -0.99062605866233278      -0.55344393452015828     
   2.7507507507507509      -0.99143094774609297      -0.55606040270884749     
   2.7547547547547548      -0.99221904047576337      -0.55867137181319182     
   2.7587587587587588      -0.99299057602886664      -0.56127681601236501     
   2.7627627627627627      -0.99374578886369191      -0.56387670954017755     
   2.7667667667667666      -0.99448490901561715      -0.56647102668533345     
   2.7707707707707709      -0.99520816204899387      -0.56905974179168384     
   2.7747747747747749      -0.99591576934561277      -0.57164282925847854     
   2.7787787787787788      -0.99660794805327246      -0.57422026354062317     
   2.7827827827827827      -0.99728491136793573      -0.57679201914892952     
   2.7867867867867866      -0.99794686847747438      -0.57935807065036660     
   2.7907907907907910      -0.99859402483922777      -0.58191839266831491     
   2.7947947947947949      -0.99922658211732551      -0.58447295988281489     
   2.7987987987987988      -0.99984473845747224      -0.58702174703081833     
   2.8028028028028027       -1.0004486884161874      -0.58956472890643896     
   2.8068068068068066       -1.0010386232347102      -0.59210188036120082     
   2.8108108108108110       -1.0016147307584877      -0.59463317630428647     
   2.8148148148148149       -1.0021771957121153      -0.59715859170278585     
   2.8188188188188188       -1.0027261996074075      -0.59967810158194468     
   2.8228228228228227       -1.0032619210213030      -0.60219168102540921     
   2.8268268268268266       -1.0037845354908828      -0.60469930517547521     
   2.8308308308308310       -1.0042942157961368      -0.60720094923333168     
   2.8348348348348349       -1.0047911318403320      -0.60969658845930674     
   2.8388388388388388       -1.0052754509395316      -0.61218619817311326     
   2.8428428428428427       -1.0057473376867383      -0.61466975375409216     
   2.8468468468468466       -1.0062069542500263      -0.61714723064145482     
   2.8508508508508510       -1.0066544602189327      -0.61961860433452842     
   2.8548548548548549       -1.0070900129130247      -0.62208385039299596     
   2.8588588588588588       -1.0075137672090519      -0.62454294443713865     
   2.8628628628628627       -1.0079258758617378      -0.62699586214807834     
   2.8668668668668666       -1.0083264893102304      -0.62944257926801550     
   2.8708708708708710       -1.0087157560128868      -0.63188307160047208     
   2.8748748748748749       -1.0090938222315999      -0.63431731501052735     
   2.8788788788788788       -1.0094608323822987      -0.63674528542506048     
   2.8828828828828827       -1.0098169287957417      -0.63916695883298458     
   2.8868868868868871       -1.0101622520854578      -0.64158231128548815     
   2.8908908908908910       -1.0104969408836093      -0.64399131889626826     
   2.8948948948948949       -1.0108211322280696      -0.64639395784176901     
   2.8988988988988988       -1.0111349612719711      -0.64879020436141721     
   2.9029029029029028       -1.0114385616916102      -0.65118003475785557     
   2.9069069069069071       -1.0117320653682860      -0.65356342539717915     
   2.9109109109109110       -1.0120156028187279      -0.65594035270916740     
   2.9149149149149149       -1.0122893028478264      -0.65831079318751873     
   2.9189189189189189       -1.0125532930032721      -0.66067472339008115     
   2.9229229229229228       -1.0128076991977661      -0.66303211993908662     
   2.9269269269269271       -1.0130526461895775      -0.66538295952137938     
   2.9309309309309310       -1.0132882571727970      -0.66772721888864839     
   2.9349349349349350       -1.0135146542855145      -0.67006487485765742     
   2.9389389389389389       -1.0137319581666755      -0.67239590431047236     
   2.9429429429429428       -1.0139402884936111      -0.67472028419469232     
   2.9469469469469471       -1.0141397635039910      -0.67703799152367616     
   2.9509509509509511       -1.0143305005644692      -0.67934900337676973     
   2.9549549549549550       -1.0145126156562219      -0.68165329689953269     
   2.9589589589589589       -1.0146862239764720      -0.68395084930396566     
   2.9629629629629628       -1.0148514393860526      -0.68624163786873338     
   2.9669669669669672       -1.0150083750456207      -0.68852563993939209     
   2.9709709709709711       -1.0151571428236601      -0.69080283292861111     
   2.9749749749749750       -1.0152978539691944      -0.69307319431639702     
   2.9789789789789789       -1.0154306184786028      -0.69533670165031769     
   2.9829829829829828       -1.0155555458067003      -0.69759333254572287     
   2.9869869869869872       -1.0156727441906903      -0.69984306468596547     
   2.9909909909909911       -1.0157823214014785      -0.70208587582262250     
   2.9949949949949950       -1.0158843840230829      -0.70432174377571644     
   2.9989989989989989       -1.0159790382460736      -0.70655064643393228     
   3.0030030030030028       -1.0160663891006965      -0.70877256175483805     
   3.0070070070070072       -1.0161465412943771      -0.71098746776510247     
   3.0110110110110111       -1.0162195983967868      -0.71319534256071015     
   3.0150150150150150       -1.0162856637233462      -0.71539616430718178     
   3.0190190190190189       -1.0163448394704557      -0.71758991123978788     
   3.0230230230230228       -1.0163972276469375      -0.71977656166376336     
   3.0270270270270272       -1.0164429291576340      -0.72195609395452442     
   3.0310310310310311       -1.0164820447847436      -0.72412848655788031     
   3.0350350350350350       -1.0165146742179569      -0.72629371799024711     
   3.0390390390390389       -1.0165409170876580      -0.72845176683886070     
   3.0430430430430429       -1.0165608719397636      -0.73060261176198871     
   3.0470470470470472       -1.0165746373227422      -0.73274623148913987     
   3.0510510510510511       -1.0165823107053351      -0.73488260482127588     
   3.0550550550550550       -1.0165839896193178      -0.73701171063102133     
   3.0590590590590589       -1.0165797705183113      -0.73913352786287101     
   3.0630630630630629       -1.0165697492633650      -0.74124803553339991     
   3.0670670670670672       -1.0165540220816895      -0.74335521273147032     
   3.0710710710710711       -1.0165326839060509      -0.74545503861843621     
   3.0750750750750750       -1.0165058300590726      -0.74754749242835339     
   3.0790790790790790       -1.0164735547793167      -0.74963255346818258     
   3.0830830830830829       -1.0164359523108573      -0.75171020111799314     
   3.0870870870870872       -1.0163931162938651      -0.75378041483116953     
   3.0910910910910911       -1.0163451400898083      -0.75584317413461222     
   3.0950950950950951       -1.0162921164784879      -0.75789845862894101     
   3.0990990990990990       -1.0162341382845026      -0.75994624798869759     
   3.1031031031031029       -1.0161712973332695      -0.76198652196254535     
   3.1071071071071072       -1.0161036858902228      -0.76401926037346968     
   3.1111111111111112       -1.0160313950665041      -0.76604444311897801     
   3.1151151151151151       -1.0159545163137422      -0.76806205017129969     
   3.1191191191191190       -1.0158731403325361      -0.77007206157758090     
   3.1231231231231229       -1.0157873576814143      -0.77207445746008596     
   3.1271271271271273       -1.0156972586117095      -0.77406921801639050     
   3.1311311311311312       -1.0156029330070369      -0.77605632351957909     
   3.1351351351351351       -1.0155044704392653      -0.77803575431843974     
   3.1391391391391390       -1.0154019603936741      -0.78000749083765863     
   3.1431431431431434       -1.0152954916378831      -0.78197151357801342     
   3.1471471471471473       -1.0151851532997607      -0.78392780311656574     
   3.1511511511511512       -1.0150710334715087      -0.78587634010685492     
   3.1551551551551551       -1.0149532207434715      -0.78781710527908644     
   3.1591591591591590       -1.0148318027804841      -0.78975007944032583     
   3.1631631631631634       -1.0147068674288571      -0.79167524347468532     
   3.1671671671671673       -1.0145785021153206      -0.79359257834351493     
   3.1711711711711712       -1.0144467939376167      -0.79550206508559018     
   3.1751751751751751       -1.0143118299584155      -0.79740368481729929     
   3.1791791791791790       -1.0141736967267627      -0.79929741873283011     
   3.1831831831831834       -1.0140324807671233      -0.80118324810435748     
   3.1871871871871873       -1.0138882682665953      -0.80306115428222580     
   3.1911911911911912       -1.0137411450654947      -0.80493111869513456     
   3.1951951951951951       -1.0135911970950127      -0.80679312285032412     
   3.1991991991991990       -1.0134385095207961      -0.80864714833375495     
   3.2032032032032034       -1.0132831679178780      -0.81049317681029209     
   3.2072072072072073       -1.0131252569106937      -0.81233119002388610     
   3.2112112112112112       -1.0129648615953881      -0.81416116979775310     
   3.2152152152152151       -1.0128020661793311      -0.81598309803455449     
   3.2192192192192191       -1.0126369551406302      -0.81779695671657726     
   3.2232232232232234       -1.0124696123942647      -0.81960272790591171     
   3.2272272272272273       -1.0123001217501586      -0.82140039374462503     
   3.2312312312312312       -1.0121285667762536      -0.82318993645494509     
   3.2352352352352352       -1.0119550306873761      -0.82497133833943015     
   3.2392392392392391       -1.0117795966206840      -0.82674458178114651     
   3.2432432432432434       -1.0116023472533215      -0.82850964924384241     
   3.2472472472472473       -1.0114233652200946      -0.83026652327212114     
   3.2512512512512513       -1.0112427327085145      -0.83201518649161355     
   3.2552552552552552       -1.0110605317675538      -0.83375562160915107     
   3.2592592592592591       -1.0108768441509979      -0.83548781141293604     
   3.2632632632632634       -1.0106917512672233      -0.83721173877271049     
   3.2672672672672673       -1.0105053344111128      -0.83892738663992716     
   3.2712712712712713       -1.0103176743686908      -0.84063473804791811     
   3.2752752752752752       -1.0101288519036729      -0.84233377611206173     
   3.2792792792792791       -1.0099389472045017      -0.84402448402995045     
   3.2832832832832834       -1.0097480404478145      -0.84570684508155636     
   3.2872872872872874       -1.0095562112211813      -0.84738084262939606     
   3.2912912912912913       -1.0093635390744571      -0.84904646011869733     
   3.2952952952952952       -1.0091701029753493      -0.85070368107756111     
   3.2992992992992991       -1.0089759818114998      -0.85235248911712369     
   3.3033033033033035       -1.0087812539076919      -0.85399286793172058     
   3.3073073073073074       -1.0085859974456635      -0.85562480129904661     
   3.3113113113113113       -1.0083902900914576      -0.85724827308031681     
   3.3153153153153152       -1.0081942092659448      -0.85886326722042616     
   3.3193193193193191       -1.0079978319563891      -0.86046976774810746     
   3.3233233233233235       -1.0078012347913921      -0.86206775877609132     
   3.3273273273273274       -1.0076044940090401      -0.86365722450126015     
   3.3313313313313313       -1.0074076854393161      -0.86523814920480790     
   3.3353353353353352       -1.0072108845054846      -0.86681051725239255     
   3.3393393393393391       -1.0070141662109742      -0.86837431309429247     
   3.3433433433433435       -1.0068176051102262      -0.86992952126555956     
   3.3473473473473474       -1.0066212753384991      -0.87147612638617244     
   3.3513513513513513       -1.0064252505322204      -0.87301411316118827     
   3.3553553553553552       -1.0062296039084786      -0.87454346638089397     
   3.3593593593593591       -1.0060344081371797      -0.87606417092095756     
   3.3633633633633635       -1.0058397354619992      -0.87757621174257716     
   3.3673673673673674       -1.0056456575361563      -0.87907957389262847     
   3.3713713713713713       -1.0054522455711079      -0.88057424250381433     
   3.3753753753753752       -1.0052595701503453      -0.88206020279481123     
   3.3793793793793796       -1.0050677013915807      -0.88353744007041513     
   3.3833833833833835       -1.0048767087521155      -0.88500593972168740     
   3.3873873873873874       -1.0046866611920227      -0.88646568722609875     
   3.3913913913913913       -1.0044976269823247      -0.88791666814767278     
   3.3953953953953953       -1.0043096738593151      -0.88935886813712972     
   3.3993993993993996       -1.0041228688439885      -0.89079227293202790     
   3.4034034034034035       -1.0039372783805283      -0.89221686835690339     
   3.4074074074074074       -1.0037529681724453      -0.89363264032341194     
   3.4114114114114114       -1.0035700033014485      -0.89503957483046781     
   3.4154154154154153       -1.0033884480822202      -0.89643765796438168     
   3.4194194194194196       -1.0032083661619415      -0.89782687589899912     
   3.4234234234234235       -1.0030298203908856      -0.89920721489583688     
   3.4274274274274275       -1.0028528729084332      -0.90057866130421815     
   3.4314314314314314       -1.0026775850202383      -0.90194120156140900     
   3.4354354354354353       -1.0025040172838586      -0.90329482219275192     
   3.4394394394394396       -1.0023322293753112      -0.90463950981179775     
   3.4434434434434436       -1.0021622801954733      -0.90597525112043964     
   3.4474474474474475       -1.0019942277017992      -0.90730203290904421     
   3.4514514514514514       -1.0018281290609479      -0.90861984205658186     
   3.4554554554554553       -1.0016640404226200      -0.90992866553075646     
   3.4594594594594597       -1.0015020171326634      -0.91122849038813580     
   3.4634634634634636       -1.0013421134529608      -0.91251930377427593     
   3.4674674674674675       -1.0011843828027149      -0.91380109292385281     
   3.4714714714714714       -1.0010288774915146      -0.91507384516078560     
   3.4754754754754753       -1.0008756489075219      -0.91633754789836286     
   3.4794794794794797       -1.0007247473071801      -0.91759218863936631     
   3.4834834834834836       -1.0005762219681353      -0.91883775497619591     
   3.4874874874874875       -1.0004301209939639      -0.92007423459099136     
   3.4914914914914914       -1.0002864914550764      -0.92130161525575383     
   3.4954954954954953       -1.0001453792134496      -0.92251988483246850     
   3.4994994994994997       -1.0000068290239945      -0.92372903127322248     
   3.5035035035035036      -0.99987088442277106      -0.92492904262032472     
   3.5075075075075075      -0.99973758773764076      -0.92611990700642566     
   3.5115115115115114      -0.99960698008764126      -0.92730161265463207     
   3.5155155155155153      -0.99947910127455997      -0.92847414787862559     
   3.5195195195195197      -0.99935398987969482      -0.92963750108277710     
   3.5235235235235236      -0.99923168311792654      -0.93079166076226205     
   3.5275275275275275      -0.99911221690829433      -0.93193661550317375     
   3.5315315315315314      -0.99899562575831213      -0.93307235398263721     
   3.5355355355355353      -0.99888194285162157      -0.93419886496891946     
   3.5395395395395397      -0.99877119986751373      -0.93531613732154262     
   3.5435435435435436      -0.99866342716155176      -0.93642415999139206     
   3.5475475475475475      -0.99855865347094130      -0.93752292202082732     
   3.5515515515515514      -0.99845690623756989      -0.93861241254378924     
   3.5555555555555554      -0.99835821112074108      -0.93969262078590843     
   3.5595595595595597      -0.99826259259268757      -0.94076353606461116     
   3.5635635635635636      -0.99817007311223438      -0.94182514778922477     
   3.5675675675675675      -0.99808067404284229      -0.94287744546108421     
   3.5715715715715715      -0.99799441460217730      -0.94392041867363274     
   3.5755755755755754      -0.99791131287720169      -0.94495405711252811     
   3.5795795795795797      -0.99783138482272560      -0.94597835055574231     
   3.5835835835835836      -0.99775464504254940      -0.94699328887366330     
   3.5875875875875876      -0.99768110626534978      -0.94799886202919548     
   3.5915915915915915      -0.99761077939651466      -0.94899506007785894     
   3.5955955955955954      -0.99754367390140708      -0.94998187316788696     
   3.5995995995995997      -0.99747979685160792      -0.95095929154032532     
   3.6036036036036037      -0.99741915438685169      -0.95192730552912663     
   3.6076076076076076      -0.99736174963809310      -0.95288590556124664     
   3.6116116116116115      -0.99730758535435082      -0.95383508215674029     
   3.6156156156156154      -0.99725666056929829      -0.95477482592885354     
   3.6196196196196198      -0.99720897464513591      -0.95570512758411708     
   3.6236236236236237      -0.99716452231723796      -0.95662597792243798     
   3.6276276276276276      -0.99712329959753998      -0.95753736783719101     
   3.6316316316316315      -0.99708529677287649      -0.95843928831530878     
   3.6356356356356359      -0.99705050640181547      -0.95933173043737030     
   3.6396396396396398      -0.99701891437543677      -0.96021468537768961     
   3.6436436436436437      -0.99699050946233836      -0.96108814440440271     
   3.6476476476476476      -0.99696527347906394      -0.96195209887955480     
   3.6516516516516515      -0.99694319088933225      -0.96280654025918444     
   3.6556556556556559      -0.99692423982687162      -0.96365146009340885     
   3.6596596596596598      -0.99690839989297420      -0.96448685002650714     
   3.6636636636636637      -0.99689564604807468      -0.96531270179700357     
   3.6676676676676676      -0.99688595232314725      -0.96612900723774797     
   3.6716716716716715      -0.99687929126843855      -0.96693575827599820     
   3.6756756756756759      -0.99687563027816506      -0.96773294693349898     
   3.6796796796796798      -0.99687494060897419      -0.96852056532655983     
   3.6836836836836837      -0.99687718190199170      -0.96929860566613557     
   3.6876876876876876      -0.99688232523473952      -0.97006706025790090     
   3.6916916916916915      -0.99689032145064649      -0.97082592150232783     
   3.6956956956956959      -0.99690114182051792      -0.97157518189476044     
   3.6996996996996998      -0.99691472815281035      -0.97231483402548924     
   3.7037037037037037      -0.99693105207336519      -0.97304487057982392     
   3.7077077077077076      -0.99695004664822862      -0.97376528433816678     
   3.7117117117117115      -0.99697168293916361      -0.97447606817608323     
   3.7157157157157159      -0.99699588704056896      -0.97517721506437227     
   3.7197197197197198      -0.99702262677835840      -0.97586871806913611     
   3.7237237237237237      -0.99705182491522237      -0.97655057035184933     
   3.7277277277277276      -0.99708344148244143      -0.97722276516942586     
   3.7317317317317316      -0.99711740161466000      -0.97788529587428519     
   3.7357357357357359      -0.99715365075245144      -0.97853815591441973     
   3.7397397397397398      -0.99719212449673644      -0.97918133883345804     
   3.7437437437437437      -0.99723274474204071      -0.97981483827072935     
   3.7477477477477477      -0.99727546717201576      -0.98043864796132674     
   3.7517517517517516      -0.99732018054572069      -0.98105276173616807     
   3.7557557557557559      -0.99736687023560455      -0.98165717352205806     
   3.7597597597597598      -0.99741538311602740      -0.98225187734174813     
   3.7637637637637638      -0.99746574150459033      -0.98283686731399489     
   3.7677677677677677      -0.99751774629850420      -0.98341213765361879     
   3.7717717717717716      -0.99757145706617434      -0.98397768267156138     
   3.7757757757757759      -0.99762663377667138      -0.98453349677494195     
   3.7797797797797799      -0.99768336200073093      -0.98507957446711136     
   3.7837837837837838      -0.99774138049921823      -0.98561591034770824     
   3.7877877877877877      -0.99780077181013394      -0.98614249911271146     
   3.7917917917917916      -0.99786129356820663      -0.98665933555449192     
   3.7957957957957960      -0.99792297401319485      -0.98716641456186571     
   3.7997997997997999      -0.99798565342888068      -0.98766373112014327     
   3.8038038038038038      -0.99804923060206285      -0.98815128031117960     
   3.8078078078078077      -0.99811371446028174      -0.98862905731342254     
   3.8118118118118116      -0.99817878081494193      -0.98909705740196108     
   3.8158158158158160      -0.99824470539355570      -0.98955527594857173     
   3.8198198198198199      -0.99831084512774371      -0.99000370842176366     
   3.8238238238238238      -0.99837782942548570      -0.99044235038682449     
   3.8278278278278277      -0.99844462945511803      -0.99087119750586350     
   3.8318318318318316      -0.99851226408466420      -0.99129024553785516     
   3.8358358358358360      -0.99857932981345954      -0.99169949033868066     
   3.8398398398398399      -0.99864716183316016      -0.99209892786116838     
   3.8438438438438438      -0.99871413651426388      -0.99248855415513493     
   3.8478478478478477      -0.99878165222120452      -0.99286836536742351     
   3.8518518518518516      -0.99884823613733620      -0.99323835774194280     
   3.8558558558558560      -0.99891484724466251      -0.99359852761970280     
   3.8598598598598599      -0.99898080989549942      -0.99394887143885202     
   3.8638638638638638      -0.99904585217095387      -0.99428938573471282     
   3.8678678678678677      -0.99911102589877843      -0.99462006713981466     
   3.8718718718718717      -0.99917378403206447      -0.99494091238392857     
   3.8758758758758760      -0.99923802312847620      -0.99525191829409909     
   3.8798798798798799      -0.99929779942722874      -0.99555308179467450     
   3.8838838838838838      -0.99936088676088564      -0.99584439990733942     
   3.8878878878878878      -0.99941713074571359      -0.99612586975114281     
   3.8918918918918921      -0.99947861729881005      -0.99639748854252641     
   3.8958958958958960      -0.99953112544302714      -0.99665925359535279     
   3.8998998998998999      -0.99959010266650139      -0.99691116232093191     
   3.9039039039039038      -0.99963927509174755      -0.99715321222804643     
   3.9079079079079078      -0.99969411181725720      -0.99738540092297623     
   3.9119119119119121      -0.99974120959905877      -0.99760772610952264     
   3.9159159159159160      -0.99978934071907821      -0.99782018558903074     
   3.9199199199199199      -0.99983661941487878      -0.99802277726041111     
   3.9239239239239239      -0.99987455334887299      -0.99821549912016083     
   3.9279279279279278      -0.99992505981886648      -0.99839834926238302     
   3.9319319319319321      -0.99994886329054988      -0.99857132587880604     
   3.9359359359359360       -1.0000055973608430      -0.99873442725880057     
   3.9399399399399400       -1.0000121803787767      -0.99888765178939798     
   3.9439439439439439       -1.0000763011999989      -0.99903099795530448     
   3.9479479479479478       -1.0000657755829783      -0.99916446433891781     
   3.9519519519519521       -1.0001336898888280      -0.99928804962034024     
   3.9559559559559561       -1.0001127637672340      -0.99940175257739150     
   3.9599599599599600       -1.0001724570738295      -0.99950557208562174     
   3.9639639639639639       -1.0001580352223862      -0.99959950711832180     
   3.9679679679679678       -1.0001861264224570      -0.99968355674653397     
   3.9719719719719722       -1.0002068001239535      -0.99975772013906072     
   3.9759759759759761       -1.0001696637957349      -0.99982199656247328     
   3.9799799799799800       -1.0002605900099060      -0.99987638538111856     
   3.9839839839839839       -1.0001251819253107      -0.99992088605712559     
   3.9879879879879878       -1.0003098233757350      -0.99995549815041107     
   3.9919919919919922       -1.0000708844398196      -0.99998022131868336     
   3.9959959959959961       -1.0003285713663561      -0.99999505531744570     
   4.0000000000000000       -1.0000000000000000       -1.0000000000000000     
