   0.0000000000000000        1.0000000000000000       0.99999999999999989     
   4.0040040040040040E-003   1.0000291128453918       0.99999505531744592     
   8.0080080080080079E-003   1.0000008659804793       0.99998022131868325     
   1.2012012012012012E-002   1.0000259533684557       0.99995549815041107     
   1.6016016016016016E-002  0.99995507261116179       0.99992088605712559     
   2.0020020020020020E-002  0.99998854551821348       0.99987638538111856     
   2.4024024024024024E-002  0.99991520019787750       0.99982199656247328     
   2.8028028028028028E-002  0.99993990698712054       0.99975772013906072     
   3.2032032032032032E-002  0.99987802559732675       0.99968355674653397     
   3.6036036036036036E-002  0.99988678359444927       0.99959950711832180     
   4.0040040040040040E-002  0.99983971175540909       0.99950557208562174     
   4.4044044044044044E-002  0.99983307059021964       0.99940175257739161     
   4.8048048048048048E-002  0.99979890622842260       0.99928804962034012     
   5.2052052052052052E-002  0.99978064836806047       0.99916446433891792     
   5.6056056056056056E-002  0.99975564250296933       0.99903099795530459     
   6.0060060060060060E-002  0.99973038612319254       0.99888765178939798     
   6.4064064064064064E-002  0.99971066667976716       0.99873442725880068     
   6.8068068068068074E-002  0.99968259719829089       0.99857132587880615     
   7.2072072072072071E-002  0.99966509692708949       0.99839834926238324     
   7.6076076076076082E-002  0.99963731488965024       0.99821549912016094     
   8.0080080080080079E-002  0.99962016365354256       0.99802277726041122     
   8.4084084084084090E-002  0.99959451832840629       0.99782018558903074     
   8.8088088088088087E-002  0.99957700527857596       0.99760772610952264     
   9.2092092092092098E-002  0.99955428685353021       0.99738540092297623     
   9.6096096096096095E-002  0.99953655429170241       0.99715321222804643     
  0.10010010010010011       0.99951685992652239       0.99691116232093191     
  0.10410410410410410       0.99949951553759930       0.99665925359535279     
  0.10810810810810811       0.99948261881969747       0.99639748854252641     
  0.11211211211211211       0.99946640540534992       0.99612586975114281     
  0.11611611611611612       0.99945202808112810       0.99584439990733964     
  0.12012012012012012       0.99943761282219712       0.99555308179467450     
  0.12412412412412413       0.99942557140610244       0.99525191829409887     
  0.12812812812812813       0.99941345407027349       0.99494091238392868     
  0.13213213213213212       0.99940370269939860       0.99462006713981466     
  0.13613613613613615       0.99939420856531114       0.99428938573471282     
  0.14014014014014015       0.99938681824331421       0.99394887143885213     
  0.14414414414414414       0.99938013497724676       0.99359852761970280     
  0.14814814814814814       0.99937524688813550       0.99323835774194291     
  0.15215215215215216       0.99937147309937313       0.99286836536742373     
  0.15615615615615616       0.99936925161244217       0.99248855415513493     
  0.16016016016016016       0.99936843820385457       0.99209892786116838     
  0.16416416416416416       0.99936903620236983       0.99169949033868066     
  0.16816816816816818       0.99937121331647971       0.99129024553785539     
  0.17217217217217218       0.99937475248512064       0.99087119750586361     
  0.17617617617617617       0.99937994273821795       0.99044235038682449     
  0.18018018018018017       0.99938650668310391       0.99000370842176388     
  0.18418418418418420       0.99939472804159879       0.98955527594857196     
  0.18818818818818819       0.99940436303313540       0.98909705740196130     
  0.19219219219219219       0.99941562628725500       0.98862905731342254     
  0.19619619619619619       0.99942834582897577       0.98815128031117949     
  0.20020020020020021       0.99944265018021405       0.98766373112014327     
  0.20420420420420421       0.99945844049527144       0.98716641456186571     
  0.20820820820820821       0.99947576949855388       0.98665933555449203     
  0.21221221221221220       0.99949459411385677       0.98614249911271146     
  0.21621621621621623       0.99951491286271876       0.98561591034770846     
  0.22022022022022023       0.99953671589971060       0.98507957446711159     
  0.22422422422422422       0.99955996981890660       0.98453349677494206     
  0.22822822822822822       0.99958467814673968       0.98397768267156138     
  0.23223223223223224       0.99961079295815303       0.98341213765361868     
  0.23623623623623624       0.99963831724237473       0.98283686731399489     
  0.24024024024024024       0.99966719972741902       0.98225187734174813     
  0.24424424424424424       0.99969743522904586       0.98165717352205828     
  0.24824824824824826       0.99972897451906872       0.98105276173616818     
  0.25225225225225223       0.99976180147434290       0.98043864796132674     
  0.25625625625625625       0.99979587039873097       0.97981483827072957     
  0.26026026026026028       0.99983115460794536       0.97918133883345804     
  0.26426426426426425       0.99986761114710443       0.97853815591441973     
  0.26826826826826827       0.99990520459656107       0.97788529587428519     
  0.27227227227227230       0.99994389308137843       0.97722276516942586     
  0.27627627627627627       0.99998363481915409       0.97655057035184956     
  0.28028028028028029        1.0000243872607899       0.97586871806913633     
  0.28428428428428426        1.0000661042453174       0.97517721506437238     
  0.28828828828828829        1.0001087414030858       0.97447606817608334     
  0.29229229229229231        1.0001522496789728       0.97376528433816700     
  0.29629629629629628        1.0001965821540564       0.97304487057982403     
  0.30030030030030030        1.0002416878711615       0.97231483402548924     
  0.30430430430430433        1.0002875172459367       0.97157518189476044     
  0.30830830830830830        1.0003340178405595       0.97082592150232794     
  0.31231231231231232        1.0003811376445337       0.97006706025790113     
  0.31631631631631629        1.0004288230494547       0.96929860566613568     
  0.32032032032032032        1.0004770199076698       0.96852056532656006     
  0.32432432432432434        1.0005256735733961       0.96773294693349898     
  0.32832832832832831        1.0005747282963029       0.96693575827599854     
  0.33233233233233234        1.0006241283953841       0.96612900723774819     
  0.33633633633633636        1.0006738169977452       0.96531270179700357     
  0.34034034034034033        1.0007237375527782       0.96448685002650714     
  0.34434434434434436        1.0007738323797539       0.96365146009340885     
  0.34834834834834832        1.0008240442514853       0.96280654025918455     
  0.35235235235235235        1.0008743150809645       0.96195209887955491     
  0.35635635635635637        1.0009245870837693       0.96108814440440293     
  0.36036036036036034        1.0009748020959892       0.96021468537768961     
  0.36436436436436437        1.0010249020687432       0.95933173043737041     
  0.36836836836836839        1.0010748289222091       0.95843928831530878     
  0.37237237237237236        1.0011245246713967       0.95753736783719101     
  0.37637637637637639        1.0011739315243771       0.95662597792243798     
  0.38038038038038036        1.0012229918178113       0.95570512758411708     
  0.38438438438438438        1.0012716482985635       0.95477482592885377     
  0.38838838838838841        1.0013198438227431       0.95383508215674051     
  0.39239239239239238        1.0013675219131375       0.95288590556124697     
  0.39639639639639640        1.0014146262346548       0.95192730552912663     
  0.40040040040040042        1.0014611012179273       0.95095929154032544     
  0.40440440440440439        1.0015068916102337       0.94998187316788707     
  0.40840840840840842        1.0015519429292308       0.94899506007785894     
  0.41241241241241239        1.0015962012163819       0.94799886202919548     
  0.41641641641641641        1.0016396133174432       0.94699328887366341     
  0.42042042042042044        1.0016821267240061       0.94597835055574242     
  0.42442442442442441        1.0017236898023552       0.94495405711252856     
  0.42842842842842843        1.0017642516739338       0.94392041867363297     
  0.43243243243243246        1.0018037624269094       0.94287744546108421     
  0.43643643643643643        1.0018421730022840       0.94182514778922499     
  0.44044044044044045        1.0018794353352369       0.94076353606461094     
  0.44444444444444442        1.0019155023723227       0.93969262078590843     
  0.44844844844844844        1.0019503280615916       0.93861241254378935     
  0.45245245245245247        1.0019838674823962       0.93752292202082743     
  0.45645645645645644        1.0020160767655313       0.93642415999139239     
  0.46046046046046046        1.0020469132552299       0.93531613732154295     
  0.46446446446446449        1.0020763354110858       0.93419886496891991     
  0.46846846846846846        1.0021043029503827       0.93307235398263733     
  0.47247247247247248        1.0021307767913741       0.93193661550317397     
  0.47647647647647645        1.0021557191473449       0.93079166076226205     
  0.48048048048048048        1.0021790935042112       0.92963750108277710     
  0.48448448448448450        1.0022008646783229       0.92847414787862570     
  0.48848848848848847        1.0022209988153350       0.92730161265463229     
  0.49249249249249250        1.0022394634430036       0.92611990700642588     
  0.49649649649649652        1.0022562274488263       0.92492904262032505     
  0.50050050050050054        1.0022712611417950       0.92372903127322259     
  0.50450450450450446        1.0022845362349107       0.92251988483246872     
  0.50850850850850848        1.0022960258959599       0.92130161525575405     
  0.51251251251251251        1.0023057047185944       0.92007423459099136     
  0.51651651651651653        1.0023135487902533       0.91883775497619602     
  0.52052052052052056        1.0023195356521815       0.91759218863936653     
  0.52452452452452447        1.0023236443392278       0.91633754789836308     
  0.52852852852852850        1.0023258553936685       0.91507384516078605     
  0.53253253253253252        1.0023261508395818       0.91380109292385314     
  0.53653653653653655        1.0023245143138615       0.91251930377427604     
  0.54054054054054057        1.0023209308491119       0.91122849038813569     
  0.54454454454454460        1.0023153870617987       0.90992866553075669     
  0.54854854854854851        1.0023078710224251       0.90861984205658186     
  0.55255255255255253        1.0022983723936678       0.90730203290904443     
  0.55655655655655656        1.0022868822830608       0.90597525112043986     
  0.56056056056056058        1.0022733934117110       0.90463950981179786     
  0.56456456456456461        1.0022578999218688       0.90329482219275237     
  0.56856856856856852        1.0022403975724588       0.90194120156140967     
  0.57257257257257255        1.0022208835302466       0.90057866130421826     
  0.57657657657657657        1.0021993565755163       0.89920721489583666     
  0.58058058058058060        1.0021758168716581       0.89782687589899912     
  0.58458458458458462        1.0021502661970003       0.89643765796438168     
  0.58858858858858853        1.0021227076761812       0.89503957483046792     
  0.59259259259259256        1.0020931460508375       0.89363264032341216     
  0.59659659659659658        1.0020615873701222       0.89221686835690384     
  0.60060060060060061        1.0020280392897025       0.89079227293202834     
  0.60460460460460463        1.0019925107303258       0.88935886813713039     
  0.60860860860860866        1.0019550122150886       0.88791666814767300     
  0.61261261261261257        1.0019155554818948       0.88646568722609853     
  0.61661661661661660        1.0018741538603186       0.88500593972168740     
  0.62062062062062062        1.0018308218421312       0.88353744007041513     
  0.62462462462462465        1.0017855754977389       0.88206020279481145     
  0.62862862862862867        1.0017384320026832       0.88057424250381455     
  0.63263263263263259        1.0016894100964089       0.87907957389262892     
  0.63663663663663661        1.0016385295670271       0.87757621174257761     
  0.64064064064064064        1.0015858117398944       0.87606417092095823     
  0.64464464464464466        1.0015312789289061       0.87454346638089420     
  0.64864864864864868        1.0014749549682043       0.87301411316118804     
  0.65265265265265260        1.0014168646138542       0.87147612638617244     
  0.65665665665665662        1.0013570341173768       0.86992952126555978     
  0.66066066066066065        1.0012954905877682       0.86837431309429269     
  0.66466466466466467        1.0012322625994976       0.86681051725239278     
  0.66866866866866870        1.0011673795221012       0.86523814920480835     
  0.67267267267267272        1.0011008721603758       0.86365722450126059     
  0.67667667667667664        1.0010327720390024       0.86206775877609154     
  0.68068068068068066        1.0009631120867772       0.86046976774810768     
  0.68468468468468469        1.0008919258951186       0.85886326722042616     
  0.68868868868868871        1.0008192484111214       0.85724827308031681     
  0.69269269269269274        1.0007451151889668       0.85562480129904683     
  0.69669669669669665        1.0006695630872258       0.85399286793172080     
  0.70070070070070067        1.0005926295203385       0.85235248911712413     
  0.70470470470470470        1.0005143531541432       0.85070368107756156     
  0.70870870870870872        1.0004347731491758       0.84904646011869800     
  0.71271271271271275        1.0003539298628370       0.84738084262939628     
  0.71671671671671666        1.0002718641088719       0.84570684508155602     
  0.72072072072072069        1.0001886178213868       0.84402448402995045     
  0.72472472472472471        1.0001042333602506       0.84233377611206173     
  0.72872872872872874        1.0000187541223828       0.84063473804791822     
  0.73273273273273276       0.99993222391515391       0.83892738663992727     
  0.73673673673673679       0.99984468747750432       0.83721173877271082     
  0.74074074074074070       0.99975618995559279       0.83548781141293649     
  0.74474474474474472       0.99966677731929288       0.83375562160915173     
  0.74874874874874875       0.99957649595781894       0.83201518649161366     
  0.75275275275275277       0.99948539295263639       0.83026652327212069     
  0.75675675675675680       0.99939351583102665       0.82850964924384218     
  0.76076076076076071       0.99930091268354926       0.82674458178114663     
  0.76476476476476474       0.99920763207891394       0.82497133833943037     
  0.76876876876876876       0.99911372298219259       0.82318993645494531     
  0.77277277277277279       0.99901923492258371       0.82140039374462548     
  0.77677677677677681       0.99892421762822925       0.81960272790591149     
  0.78078078078078073       0.99882872149450452       0.81779695671657793     
  0.78478478478478475       0.99873279690263539       0.81598309803455460     
  0.78878878878878878       0.99863649502840846       0.81416116979775299     
  0.79279279279279280       0.99853986679311046       0.81233119002388599     
  0.79679679679679682       0.99844296406196142       0.81049317681029232     
  0.80080080080080085       0.99834583818440281       0.80864714833375506     
  0.80480480480480476       0.99824854165467669       0.80679312285032445     
  0.80880880880880879       0.99815112613071355       0.80493111869513490     
  0.81281281281281281       0.99805364466510360       0.80306115428222591     
  0.81681681681681684       0.99795614913025632       0.80118324810435759     
  0.82082082082082086       0.99785869304864838       0.79929741873283022     
  0.82482482482482478       0.99776132840046561       0.79740368481729917     
  0.82882882882882880       0.99766410912656844       0.79550206508558996     
  0.83283283283283283       0.99756708721220622       0.79359257834351515     
  0.83683683683683685       0.99747031694646793       0.79167524347468543     
  0.84084084084084088       0.99737385023899627       0.78975007944032627     
  0.84484484484484490       0.99727774167249983       0.78781710527908688     
  0.84884884884884881       0.99718204297049839       0.78587634010685514     
  0.85285285285285284       0.99708680896344437       0.78392780311656585     
  0.85685685685685686       0.99699209109866471       0.78197151357801298     
  0.86086086086086089       0.99689794440912294       0.78000749083765841     
  0.86486486486486491       0.99680441997319780       0.77803575431843952     
  0.86886886886886883       0.99671157299265301       0.77605632351957921     
  0.87287287287287285       0.99661945410178066       0.77406921801639061     
  0.87687687687687688       0.99652811860905988       0.77207445746008641     
  0.88088088088088090       0.99643761664488617       0.77007206157758135     
  0.88488488488488493       0.99634800356692643       0.76806205017129980     
  0.88888888888888884       0.99625932895068159       0.76604444311897812     
  0.89289289289289286       0.99617164813459702       0.76401926037346957     
  0.89689689689689689       0.99608501011658201       0.76198652196254524     
  0.90090090090090091       0.99599947017696133       0.75994624798869781     
  0.90490490490490494       0.99591507664016421       0.75789845862894112     
  0.90890890890890896       0.99583188470358797       0.75584317413461199     
  0.91291291291291288       0.99574994196269495       0.75378041483116964     
  0.91691691691691690       0.99566930350343397       0.75171020111799358     
  0.92092092092092093       0.99559001617147058       0.74963255346818269     
  0.92492492492492495       0.99551213483743206       0.74754749242835361     
  0.92892892892892898       0.99543570563019435       0.74545503861843632     
  0.93293293293293289       0.99536078307614240       0.74335521273147021     
  0.93693693693693691       0.99528741264203202       0.74124803553340046     
  0.94094094094094094       0.99521564840078747       0.73913352786287123     
  0.94494494494494496       0.99514553515549709       0.73701171063102144     
  0.94894894894894899       0.99507712646083890       0.73488260482127599     
  0.95295295295295290       0.99501046643601354       0.73274623148913998     
  0.95695695695695693       0.99494560804767551       0.73060261176198882     
  0.96096096096096095       0.99488259479799235       0.72845176683886093     
  0.96496496496496498       0.99482147883640193       0.72629371799024722     
  0.96896896896896900       0.99476230321248371       0.72412848655788020     
  0.97297297297297303       0.99470511901840963       0.72195609395452465     
  0.97697697697697694       0.99464996899777947       0.71977656166376347     
  0.98098098098098097       0.99459690298922676       0.71758991123978799     
  0.98498498498498499       0.99454596347308544       0.71539616430718200     
  0.98898898898898902       0.99449719889126742       0.71319534256071038     
  0.99299299299299304       0.99445065159837764       0.71098746776510235     
  0.99699699699699695       0.99440636828634088       0.70877256175483849     
   1.0010010010010011       0.99436439147366074       0.70655064643393239     
   1.0050050050050050       0.99432476568795536       0.70432174377571666     
   1.0090090090090089       0.99428753387511815       0.70208587582262261     
   1.0130130130130131       0.99425273805386949       0.69984306468596524     
   1.0170170170170170       0.99422042173530478       0.69759333254572309     
   1.0210210210210211       0.99419062412710590       0.69533670165031780     
   1.0250250250250250       0.99416338957139594       0.69307319431639725     
   1.0290290290290289       0.99413875386010686       0.69080283292861089     
   1.0330330330330331       0.99411676263146287       0.68852563993939231     
   1.0370370370370370       0.99409744770371933       0.68624163786873360     
   1.0410410410410411       0.99408085620957765       0.68395084930396588     
   1.0450450450450450       0.99406701559091060       0.68165329689953280     
   1.0490490490490489       0.99405597476287788       0.67934900337676996     
   1.0530530530530531       0.99404775606497453       0.67703799152367639     
   1.0570570570570570       0.99404241071321753       0.67472028419469277     
   1.0610610610610611       0.99403995522121180       0.67239590431047247     
   1.0650650650650650       0.99404044332377606       0.67006487485765720     
   1.0690690690690692       0.99404388499033280       0.66772721888864850     
   1.0730730730730731       0.99405033693580547       0.66538295952137927     
   1.0770770770770770       0.99405980199811594       0.66303211993908673     
   1.0810810810810811       0.99407234018877433       0.66067472339008138     
   1.0850850850850851       0.99408794641285614       0.65831079318751895     
   1.0890890890890892       0.99410668409178038       0.65594035270916762     
   1.0930930930930931       0.99412853961077063       0.65356342539717938     
   1.0970970970970970       0.99415358001701637       0.65118003475785569     
   1.1011011011011012       0.99418178235335397       0.64879020436141710     
   1.1051051051051051       0.99421321742009261       0.64639395784176923     
   1.1091091091091092       0.99424785238196967       0.64399131889626848     
   1.1131131131131131       0.99428576166384786       0.64158231128548826     
   1.1171171171171170       0.99432690192270312       0.63916695883298480     
   1.1211211211211212       0.99437135112678599       0.63674528542506059     
   1.1251251251251251       0.99441905499713212       0.63431731501052790     
   1.1291291291291292       0.99447009449815216       0.63188307160047219     
   1.1331331331331331       0.99452440415673160       0.62944257926801572     
   1.1371371371371370       0.99458206739373112       0.62699586214807856     
   1.1411411411411412       0.99464300741814793       0.62454294443713887     
   1.1451451451451451       0.99470730900390536       0.62208385039299618     
   1.1491491491491492       0.99477488428017624       0.61961860433452864     
   1.1531531531531531       0.99484581815293893       0.61714723064145538     
   1.1571571571571571       0.99492001210966408       0.61466975375409227     
   1.1611611611611612       0.99499754932007922       0.61218619817311382     
   1.1651651651651651       0.99507832154685005       0.60969658845930685     
   1.1691691691691692       0.99516240805288014       0.60720094923333146     
   1.1731731731731732       0.99524969218577330       0.60469930517547543     
   1.1771771771771771       0.99534024641887830       0.60219168102540976     
   1.1811811811811812       0.99543394750893921       0.59967810158194490     
   1.1851851851851851       0.99553085772088101       0.59715859170278607     
   1.1891891891891893       0.99563084972146521       0.59463317630428669     
   1.1931931931931932       0.99573397140559261       0.59210188036120104     
   1.1971971971971973       0.99584009437805288       0.58956472890643952     
   1.2012012012012012       0.99594924726883349       0.58702174703081855     
   1.2052052052052051       0.99606130445999785       0.58447295988281511     
   1.2092092092092093       0.99617626958625605       0.58191839266831502     
   1.2132132132132132       0.99629402449218707       0.57935807065036715     
   1.2172172172172173       0.99641454118321893       0.57679201914892964     
   1.2212212212212212       0.99653771438907957       0.57422026354062339     
   1.2252252252252251       0.99666347701798896       0.57164282925847876     
   1.2292292292292293       0.99679174303817819       0.56905974179168362     
   1.2332332332332332       0.99692239784855841       0.56647102668533400     
   1.2372372372372373       0.99705538188562681       0.56387670954017777     
   1.2412412412412412       0.99719052377283102       0.56127681601236523     
   1.2452452452452452       0.99732779853535880       0.55867137181319193     
   1.2492492492492493       0.99746696790665168       0.55606040270884771     
   1.2532532532532532       0.99760805037207179       0.55344393452015839     
   1.2572572572572573       0.99775072999657133       0.55082199312233371     
   1.2612612612612613       0.99789507831380464       0.54819460444470980     
   1.2652652652652652       0.99804069038651699       0.54556179447049202     
   1.2692692692692693       0.99818770090235065       0.54292358923649942     
   1.2732732732732732       0.99833560429813839       0.54028001483290677     
   1.2772772772772774       0.99848460879454171       0.53763109740298687     
   1.2812812812812813       0.99863409660944513       0.53497686314285187     
   1.2852852852852852       0.99878435982406077       0.53231733830119210     
   1.2892892892892893       0.99893465729138697       0.52965254917902038     
   1.2932932932932932       0.99908537480762505       0.52698252212940966     
   1.2972972972972974       0.99923563768636259       0.52430728355723166     
   1.3013013013013013       0.99938593429027867       0.52162685991889790     
   1.3053053053053052       0.99953524783358594       0.51894127772209575     
   1.3093093093093093       0.99968417644242424       0.51625056352552856     
   1.3133133133133132       0.99983155504935817       0.51355474393865164     
   1.3173173173173174       0.99997809631551626       0.51085384562140879     
   1.3213213213213213        1.0001224840707261       0.50814789528396931     
   1.3253253253253254        1.0002655469321686       0.50543691968646431     
   1.3293293293293293        1.0004058190609912       0.50272094563872183     
   1.3333333333333333        1.0005442421032507       0.50000000000000033     
   1.3373373373373374        1.0006792075687685       0.49727410967872421     
   1.3413413413413413        1.0008117616123895       0.49454330163221866     
   1.3453453453453454        1.0009401669969051       0.49180760286644143     
   1.3493493493493494        1.0010655591213120       0.48906704043571680     
   1.3533533533533533        1.0011860940985908       0.48632164144246692     
   1.3573573573573574        1.0013029729882101       0.48357143303694439     
   1.3613613613613613        1.0014142771755801       0.48081644241696458     
   1.3653653653653655        1.0015212403846343       0.47805669682763607     
   1.3693693693693694        1.0016219124600003       0.47529222356109019     
   1.3733733733733733        1.0017175155671059       0.47252304995621203     
   1.3773773773773774        1.0018061239310376       0.46974920339837073     
   1.3813813813813813        1.0018888919988713       0.46697071131914814     
   1.3853853853853855        1.0019639882941582       0.46418760119606600     
   1.3893893893893894        1.0020324296470078       0.46139990055231739     
   1.3933933933933933        1.0020925642209018       0.45860763695649082     
   1.3973973973973974        1.0021451874219347       0.45581083802230099     
   1.4014014014014013        1.0021889277473364       0.45300953140831446     
   1.4054054054054055        1.0022242611963701       0.45020374481767350     
   1.4094094094094094        1.0022502133974494       0.44739350599782696     
   1.4134134134134133        1.0022668285712053       0.44457884274025250     
   1.4174174174174174        1.0022736607751688       0.44175978288018319     
   1.4214214214214214        1.0022701658328030       0.43893635429633082     
   1.4254254254254255        1.0022566258414805       0.43610858491061116     
   1.4294294294294294        1.0022317908499194       0.43327650268786849     
   1.4334334334334333        1.0021967727928998       0.43044013563559824     
   1.4374374374374375        1.0021494779159119       0.42759951180366951     
   1.4414414414414414        1.0020920270927622       0.42475465928404799     
   1.4454454454454455        1.0020213271457676       0.42190560621051937     
   1.4494494494494494        1.0019406870682723       0.41905238075840973     
   1.4534534534534536        1.0018458572991826       0.41619501114430768     
   1.4574574574574575        1.0017415137298193       0.41333352562578418     
   1.4614614614614614        1.0016220998093581       0.41046795250111390     
   1.4654654654654655        1.0014938291893418       0.40759832010899610     
   1.4694694694694694        1.0013497022102453       0.40472465682827363     
   1.4734734734734736        1.0011976245901644       0.40184699107765148     
   1.4774774774774775        1.0010290415375400       0.39896535131541649     
   1.4814814814814814        1.0008536777889299       0.39607976603915679     
   1.4854854854854855        1.0006613474300818       0.39319026378547872     
   1.4894894894894894        1.0004636804782898       0.39029687312972589     
   1.4934934934934936        1.0002488349918903       0.38739962268569328     
   1.4974974974974975        1.0000303749229302       0.38449854110534909     
   1.5015015015015014       0.99979484573787103       0.38159365707854875     
   1.5055055055055055       0.99955769922791948       0.37868499933275013     
   1.5095095095095095       0.99930399698977213       0.37577259663273255     
   1.5135135135135136       0.99905093892677255       0.37285647778030873     
   1.5175175175175175       0.99878233688306994       0.36993667161404314     
   1.5215215215215214       0.99851688425222362       0.36701320700896550     
   1.5255255255255256       0.99823750220779217       0.36408611287628412     
   1.5295295295295295       0.99796398949008713       0.36115541816310132     
   1.5335335335335336       0.99767887741176386       0.35822115185212744     
   1.5375375375375375       0.99740252680418129       0.35528334296139380     
   1.5415415415415414       0.99711774940671005       0.35234202054396474     
   1.5455455455455456       0.99684473405219864       0.34939721368765114     
   1.5495495495495495       0.99656744960903965       0.34644895151472355     
   1.5535535535535536       0.99630494751282062       0.34349726318162310     
   1.5575575575575575       0.99604347428588969       0.34054217787867375     
   1.5615615615615615       0.99579971013309743       0.33758372482979260     
   1.5655655655655656       0.99556357168295850       0.33462193329220158     
   1.5695695695695695       0.99534784433966461       0.33165683255613898     
   1.5735735735735736       0.99514778503807089       0.32868845194456903     
   1.5775775775775776       0.99497047537310102       0.32571682081289088     
   1.5815815815815817       0.99481843070900045       0.32274196854864945     
   1.5855855855855856       0.99469097891529179       0.31976392457124525     
   1.5895895895895895       0.99459999884573080       0.31678271833164295     
   1.5935935935935936       0.99453484553435190       0.31379837931207866     
   1.5975975975975976       0.99451894743442704       0.31081093702577139     
   1.6016016016016017       0.99452940135946022       0.30782042101662782     
   1.6056056056056056       0.99460325978436692       0.30482686085895305     
   1.6096096096096095       0.99470320042557858       0.30183028615715729     
   1.6136136136136137       0.99488199480752526       0.29883072654546011     
   1.6176176176176176       0.99508570703468135       0.29582821168760254     
   1.6216216216216217       0.99538473206014522       0.29282277127655032     
   1.6256256256256256       0.99570648064310352       0.28981443503420135     
   1.6296296296296295       0.99614067268646689       0.28680323271109065     
   1.6336336336336337       0.99659425135777535       0.28378919408609704     
   1.6376376376376376       0.99717762004397115       0.28077234896614933     
   1.6416416416416417       0.99777582384313468       0.27775272718593036     
   1.6456456456456456       0.99852079936357230       0.27473035860758332     
   1.6496496496496496       0.99927483701841913       0.27170527312041282     
   1.6536536536536537        1.0001915453058285       0.26867750064059459     
   1.6576576576576576        1.0011104174622312       0.26564707111087615     
   1.6616616616616617        1.0022059093534208       0.26261401450028199     
   1.6656656656656657        1.0032957970583103       0.25957836080381591     
   1.6696696696696696        1.0045732608914597       0.25654014004216519     
   1.6736736736736737        1.0058369560054916       0.25349938226140467     
   1.6776776776776776        1.0072949458051148       0.25045611753269870     
   1.6816816816816818        1.0087313852356952       0.24741037595200283     
   1.6856856856856857        1.0103630958787981       0.24436218763976714     
   1.6896896896896898        1.0119670377633829       0.24131158274063927     
   1.6936936936936937        1.0137596381979421       0.23825859142316480     
   1.6976976976976976        1.0155215179710331       0.23520324387949043     
   1.7017017017017018        1.0174555570380572       0.23214557032506186     
   1.7057057057057057        1.0193615650211367       0.22908560099833006     
   1.7097097097097098        1.0214104304970717       0.22602336616044894     
   1.7137137137137137        1.0234428194104279       0.22295889609497727     
   1.7177177177177176        1.0255722311270312       0.21989222110757800     
   1.7217217217217218        1.0277098635693458       0.21682337152571932     
   1.7257257257257257        1.0298773696675314       0.21375237769837560     
   1.7297297297297298        1.0320964993245665       0.21067926999572606     
   1.7337337337337337        1.0342509577932697       0.20760407880885565     
   1.7377377377377377        1.0365261873394624       0.20452683454945109     
   1.7417417417417418        1.0386072877441415       0.20144756764950522     
   1.7457457457457457        1.0409124964284544       0.19836630856101312     
   1.7497497497497498        1.0428504938047942       0.19528308775567005     
   1.7537537537537538        1.0451596615233598       0.19219793572457314     
   1.7577577577577577        1.0468753516665983       0.18911088297791637     
   1.7617617617617618        1.0491621651564988       0.18602196004469188     
   1.7657657657657657        1.0505702177814216       0.18293119747238676     
   1.7697697697697699        1.0528028573043275       0.17983862582668017     
   1.7737737737737738        1.0538179221072275       0.17674427569114179     
   1.7777777777777777        1.0559550577894985       0.17364817766693028     
   1.7817817817817818        1.0565010080890349       0.17055036237248988     
   1.7857857857857857        1.0584587523816664       0.16745086044324664     
   1.7897897897897899        1.0585421987440828       0.16434970253130635     
   1.7937937937937938        1.0600901134114844       0.16124691930515228     
   1.7977977977977977        1.0598674030835569       0.15814254144934106     
   1.8018018018018018        1.0606885532411046       0.15503659966419786     
   1.8058058058058057        1.0602611113668650       0.15192912466551589     
   1.8098098098098099        1.0601914803528290       0.14882014718424907     
   1.8138138138138138        1.0595261542805099       0.14570969796621130     
   1.8178178178178179        1.0584862793943719       0.14259780777177095     
   1.8218218218218218        1.0575241284966679       0.13948450737554591     
   1.8258258258258258        1.0554191860896942       0.13636982756610005     
   1.8298298298298299        1.0541071200675158       0.13325379914563965     
   1.8338338338338338        1.0508390091878419       0.13013645292970785     
   1.8378378378378379        1.0491234907701119       0.12701781974687870     
   1.8418418418418419        1.0445945603844042       0.12389793043845529     
   1.8458458458458458        1.0424208674570661       0.12077681585816115     
   1.8498498498498499        1.0365339564391753       0.11765450687183837     
   1.8538538538538538        1.0338475079967622       0.11453103435714140     
   1.8578578578578580        1.0265051956874121       0.11140642920322855     
   1.8618618618618619        1.0232528204141875       0.10828072231046192     
   1.8658658658658658        1.0143572261904923       0.10515394459009815     
   1.8698698698698699        1.0104877207620946       0.10202612696398421     
   1.8738738738738738       0.99994100640220096        9.8897300364250137E-002
   1.8778778778778780       0.99540514578097716        9.5767495733004110E-002
   1.8818818818818819       0.98311041641298913        9.2636744022027262E-002
   1.8858858858858858       0.97786075166960063        8.9505076192466795E-002
   1.8898898898898899       0.96372306329661572        8.6372523214528804E-002
   1.8938938938938938       0.95771373291918249        8.3239116067172991E-002
   1.8978978978978980       0.94164105472005610        8.0104885737807094E-002
   1.9019019019019019       0.93482770157319206        7.6969863221979185E-002
   1.9059059059059058       0.91673179016655415        7.3834079523072429E-002
   1.9099099099099099       0.90907159523707759        7.0697565651994948E-002
   1.9139139139139139       0.88886879238756877        6.7560352626878470E-002
   1.9179179179179180       0.88032060328317741        6.4422471472768014E-002
   1.9219219219219219       0.85793258493109203        6.1283953221316440E-002
   1.9259259259259258       0.84845711174273308        5.8144828910476183E-002
   1.9299299299299300       0.82381161399852276        5.5005129584193228E-002
   1.9339339339339339       0.81337167095177321        5.1864886292100981E-002
   1.9379379379379380       0.78640321101964505        4.8724130089211899E-002
   1.9419419419419419       0.77496398977066627        4.5582892035611673E-002
   1.9459459459459461       0.74561459283327458        4.2441203196148525E-002
   1.9499499499499500       0.73314395886791239        3.9299094640131337E-002
   1.9539539539539539       0.70136389725945714        3.6156597441019275E-002
   1.9579579579579580       0.68783270437150179        3.3013742676113601E-002
   1.9619619619619619       0.65358125251048937        2.9870561426253450E-002
   1.9659659659659661       0.63896367239793117        2.6727084775504926E-002
   1.9699699699699700       0.60220987929126502        2.3583343810856781E-002
   1.9739739739739739       0.58648374449945562        2.0439369621911660E-002
   1.9779779779779780       0.54720722469827798        1.7295193300577764E-002
   1.9819819819819819       0.53035438383148203        1.4150845940762258E-002
   1.9859859859859861       0.48854612723677471        1.1006358638064652E-002
   1.9899899899899900       0.47055281178006381        7.8617624894684063E-003
   1.9939939939939939       0.42621601250235025        4.7170885930325071E-003
   1.9979979979979980       0.40707321488768222        1.5723680475848198E-003
   2.0020020020020022       0.36022411935147364       -1.5723680475845747E-003
   2.0060060060060061       0.33992798221766080       -4.7170885930322625E-003
   2.0100100100100100       0.29059675664826651       -7.8617624894681600E-003
   2.0140140140140139       0.26914897408986571       -1.1006358638064406E-002
   2.0180180180180178       0.21738059035836632       -1.4150845940762012E-002
   2.0220220220220222       0.19478882584334900       -1.7295193300577522E-002
   2.0260260260260261       0.14064395644761787       -2.0439369621911417E-002
   2.0300300300300300       0.11692230476405371       -2.3583343810856538E-002
   2.0340340340340339        6.0478156072554162E-002  -2.6727084775504683E-002
   2.0380380380380378        3.5647849107092427E-002  -2.9870561426253207E-002
   2.0420420420420422       -2.3001551560209079E-002  -3.3013742676113789E-002
   2.0460460460460461       -4.8910104496189793E-002  -3.6156597441019026E-002
   2.0500500500500500      -0.10965672821616526       -3.9299094640131087E-002
   2.0540540540540539      -0.13658298957387660       -4.2441203196148275E-002
   2.0580580580580579      -0.19931672572645784       -4.5582892035610979E-002
   2.0620620620620622      -0.22717310951332501       -4.8724130089212093E-002
   2.0660660660660661      -0.29178177502061842       -5.1864886292100738E-002
   2.0700700700700700      -0.32045290938854704       -5.5005129584192979E-002
   2.0740740740740740      -0.38682129549588068       -5.8144828910475933E-002
   2.0780780780780779      -0.41616345552354644       -6.1283953221315746E-002
   2.0820820820820822      -0.48417260542406532       -6.4422471472768209E-002
   2.0860860860860861      -0.51401250067928039       -6.7560352626878220E-002
   2.0900900900900901      -0.58353904622171793       -7.0697565651994698E-002
   2.0940940940940940      -0.61367219450735311       -7.3834079523071736E-002
   2.0980980980980979      -0.68458805992858718       -7.6969863221978935E-002
   2.1021021021021022      -0.71477673260681285       -8.0104885737806844E-002
   2.1061061061061062      -0.78694916325037512       -8.3239116067172741E-002
   2.1101101101101101      -0.81691956056601867       -8.6372523214528554E-002
   2.1141141141141140      -0.89021140671070131       -8.9505076192466101E-002
   2.1181181181181179      -0.91965000523454909       -9.2636744022027012E-002
   2.1221221221221223      -0.99392076188596845       -9.5767495733003860E-002
   2.1261261261261262       -1.0224697346921412       -9.8897300364249888E-002
   2.1301301301301301       -1.0975770554032440      -0.10202612696398396     
   2.1341341341341340       -1.1248274296650995      -0.10515394459009790     
   2.1381381381381384       -1.2006290995847102      -0.10828072231046167     
   2.1421421421421423       -1.2261121787118481      -0.11140642920322831     
   2.1461461461461462       -1.3024706297306772      -0.11453103435714115     
   2.1501501501501501       -1.3256464110973536      -0.11765450687183812     
   2.1541541541541540       -1.4024334639131331      -0.12077681585816090     
   2.1581581581581584       -1.4226703724197860      -0.12389793043845504     
   2.1621621621621623       -1.4997814181891591      -0.12701781974687892     
   2.1661661661661662       -1.5163053367435964      -0.13013645292970763     
   2.1701701701701701       -1.5937819651181717      -0.13325379914563942     
   2.1741741741741740       -1.6052464753512932      -0.13636982756609983     
   2.1781781781781784       -1.6846618671250286      -0.13948450737554569     
   2.1821821821821823       -1.6845535755798604      -0.14259780777177072     
   2.1861861861861862       -1.7845096080484457      -0.14570969796621108     
   2.1901901901901901       -1.7164998160517551      -0.14882014718424885     
   2.1941941941941940       -1.6556800195091221      -0.15192912466551567     
   2.1981981981981984       -1.6561217352631146      -0.15503659966419808     
   2.2022022022022023       -1.5804473998865145      -0.15814254144934084     
   2.2062062062062062       -1.5878337474042290      -0.16124691930515206     
   2.2102102102102101       -1.5158018966127089      -0.16434970253130612     
   2.2142142142142140       -1.5234445551855682      -0.16745086044324597     
   2.2182182182182184       -1.4570319341108271      -0.17055036237248966     
   2.2222222222222223       -1.4641420571864741      -0.17364817766693005     
   2.2262262262262262       -1.4033026478873338      -0.17674427569114157     
   2.2302302302302301       -1.4098037567701815      -0.17983862582667995     
   2.2342342342342341       -1.3542539500770925      -0.18293119747238654     
   2.2382382382382384       -1.3601583280620479      -0.18602196004469207     
   2.2422422422422423       -1.3095977006654365      -0.18911088297791614     
   2.2462462462462462       -1.3149279374706471      -0.19219793572457292     
   2.2502502502502502       -1.2690665412902613      -0.19528308775566983     
   2.2542542542542541       -1.2738454011909148      -0.19836630856101248     
   2.2582582582582584       -1.2324063367074991      -0.20144756764950500     
   2.2622622622622623       -1.2366555215529575      -0.20452683454945086     
   2.2662662662662663       -1.1993743049945043      -0.20760407880885542     
   2.2702702702702702       -1.2031144074534736      -0.21067926999572584     
   2.2742742742742741       -1.1697379906281422      -0.21375237769837538     
   2.2782782782782784       -1.1729885822929236      -0.21682337152571909     
   2.2822822822822824       -1.1432744291160974      -0.21989222110757778     
   2.2862862862862863       -1.1460541243017541      -0.22295889609497704     
   2.2902902902902902       -1.1197694197311963      -0.22602336616044871     
   2.2942942942942941       -1.1220958681238185      -0.22908560099832984     
   2.2982982982982985       -1.0990169003048214      -0.23214557032506164     
   2.3023023023023024       -1.1009066710122144      -0.23520324387949024     
   2.3063063063063063       -1.0808184210261260      -0.23825859142316458     
   2.3103103103103102       -1.0822867589488552      -0.24131158274063905     
   2.3143143143143141       -1.0649826913253262      -0.24436218763976694     
   2.3183183183183185       -1.0660432025747995      -0.24741037595200260     
   2.3223223223223224       -1.0513251303726436      -0.25045611753269847     
   2.3263263263263263       -1.0519896243515297      -0.25349938226140445     
   2.3303303303303302       -1.0396672991875948      -0.25654014004216497     
   2.3343343343343341       -1.0399462805632353      -0.25957836080381524     
   2.3383383383383385       -1.0298360823728900      -0.26261401450028221     
   2.3423423423423424       -1.0297406124773263      -0.26564707111087593     
   2.3463463463463463       -1.0216626212240765      -0.26867750064059437     
   2.3503503503503502       -1.0212081330317506      -0.27170527312041259     
   2.3543543543543541       -1.0149813013683160      -0.27473035860758266     
   2.3583583583583585       -1.0141931880493997      -0.27775272718593058     
   2.3623623623623624       -1.0096293715458502      -0.28077234896614911     
   2.3663663663663663       -1.0085489822727849      -0.28378919408609682     
   2.3703703703703702       -1.0054477253301990      -0.28680323271108998     
   2.3743743743743742       -1.0041365075212454      -0.28981443503420068     
   2.3783783783783785       -1.0022829421817281      -0.29282277127655010     
   2.3823823823823824       -1.0008225520949945      -0.29582821168760237     
   2.3863863863863863      -0.99999011544952976      -0.29883072654545989     
   2.3903903903903903      -0.99847746088659406      -0.30183028615715662     
   2.3943943943943946      -0.99843565358570074      -0.30482686085895327     
   2.3983983983983985      -0.99697345643009994      -0.30782042101662760     
   2.4024024024024024      -0.99749929865663123      -0.31081093702577117     
   2.4064064064064064      -0.99618408584705587      -0.31379837931207849     
   2.4104104104104103      -0.99707497161881253      -0.31678271833164234     
   2.4144144144144146      -0.99598491305785997      -0.31976392457124503     
   2.4184184184184185      -0.99707121338339744      -0.32274196854864923     
   2.4224224224224224      -0.99625610694247135      -0.32571682081289072     
   2.4264264264264264      -0.99740928647405935      -0.32868845194456880     
   2.4304304304304303      -0.99688888416452592      -0.33165683255613876     
   2.4344344344344346      -0.99800035547133115      -0.33462193329220136     
   2.4384384384384385      -0.99779685187353517      -0.33758372482979238     
   2.4424424424424425      -0.99877703425864761      -0.34054217787867352     
   2.4464464464464464      -0.99887916998308957      -0.34349726318162288     
   2.4504504504504503      -0.99969353088702051      -0.34644895151472338     
   2.4544544544544546       -1.0000483056931788      -0.34939721368765092     
   2.4584584584584586       -1.0007046757291285      -0.35234202054396457     
   2.4624624624624625       -1.0012406991164218      -0.35528334296139358     
   2.4664664664664664       -1.0017610327777930      -0.35822115185212722     
   2.4704704704704703       -1.0024111116813150      -0.36115541816310109     
   2.4744744744744747       -1.0028170156615346      -0.36408611287628395     
   2.4784784784784786       -1.0035250731441403      -0.36701320700896528     
   2.4824824824824825       -1.0038351772851628      -0.36993667161404292     
   2.4864864864864864       -1.0045556362092247      -0.37285647778030850     
   2.4904904904904903       -1.0047861134782925      -0.37577259663273233     
   2.4944944944944947       -1.0054829781531764      -0.37868499933275035     
   2.4984984984984986       -1.0056474910679982      -0.38159365707854853     
   2.5025025025025025       -1.0062937572836157      -0.38449854110534887     
   2.5065065065065064       -1.0064032766934605      -0.38739962268569306     
   2.5105105105105103       -1.0069800899289880      -0.39029687312972527     
   2.5145145145145147       -1.0070431528917523      -0.39319026378547894     
   2.5185185185185186       -1.0075385806836101      -0.39607976603915657     
   2.5225225225225225       -1.0075617731860245      -0.39896535131541627     
   2.5265265265265264       -1.0079694998415616      -0.40184699107765126     
   2.5305305305305303       -1.0079579370936946      -0.40472465682827302     
   2.5345345345345347       -1.0082760787644469      -0.40759832010899633     
   2.5385385385385386       -1.0082337811142950      -0.41046795250111373     
   2.5425425425425425       -1.0084638650080668      -0.41333352562578402     
   2.5465465465465464       -1.0083940467430177      -0.41619501114430751     
   2.5505505505505504       -1.0085401371696940      -0.41905238075840956     
   2.5545545545545547       -1.0084454317668381      -0.42190560621051959     
   2.5585585585585586       -1.0085133850257515      -0.42475465928404776     
   2.5625625625625625       -1.0083959242701463      -0.42759951180366890     
   2.5665665665665665       -1.0083929283010222      -0.43044013563559802     
   2.5705705705705704       -1.0082543648708111      -0.43327650268786827     
   2.5745745745745747       -1.0081886092555539      -0.43610858491061100     
   2.5785785785785786       -1.0080302735583233      -0.43893635429633066     
   2.5825825825825826       -1.0079101836844890      -0.44175978288018303     
   2.5865865865865865       -1.0077335400873397      -0.44457884274025233     
   2.5905905905905904       -1.0075671500894934      -0.44739350599782673     
   2.5945945945945947       -1.0073739474983476      -0.45020374481767333     
   2.5985985985985987       -1.0071688432048036      -0.45300953140831385     
   2.6026026026026026       -1.0069608736481497      -0.45581083802230121     
   2.6066066066066065       -1.0067242320042102      -0.45860763695649065     
   2.6106106106106104       -1.0065031754567102      -0.46139990055231678     
   2.6146146146146148       -1.0062418075540061      -0.46418760119606622     
   2.6186186186186187       -1.0060092482701131      -0.46697071131914791     
   2.6226226226226226       -1.0057292821178003      -0.46974920339837051     
   2.6266266266266265       -1.0054870129021882      -0.47252304995621180     
   2.6306306306306309       -1.0051938579407897      -0.47529222356109002     
   2.6346346346346348       -1.0049436737894966      -0.47805669682763591     
   2.6386386386386387       -1.0046420366893489      -0.48081644241696481     
   2.6426426426426426       -1.0043857554015669      -0.48357143303694416     
   2.6466466466466465       -1.0040796897195348      -0.48632164144246637     
   2.6506506506506509       -1.0038191213722509      -0.48906704043571703     
   2.6546546546546548       -1.0035120721909367      -0.49180760286644165     
   2.6586586586586587       -1.0032489897136325      -0.49454330163221849     
   2.6626626626626626       -1.0029438465200382      -0.49727410967872404     
   2.6666666666666665       -1.0026799586460184      -0.49999999999999972     
   2.6706706706706709       -1.0023791120378414      -0.50272094563872161     
   2.6746746746746748       -1.0021160398765736      -0.50543691968646454     
   2.6786786786786787       -1.0018214388682960      -0.50814789528396909     
   2.6826826826826826       -1.0015606967899853      -0.51085384562140823     
   2.6866866866866865       -1.0012739044608823      -0.51355474393865141     
   2.6906906906906909       -1.0010168855605015      -0.51625056352552878     
   2.6946946946946948       -1.0007391313855558      -0.51894127772209564     
   2.6986986986986987       -1.0004870975592637      -0.52162685991889768     
   2.7027027027027026       -1.0002193257296286      -0.52430728355723144     
   2.7067067067067065      -0.99997340180028293      -0.52698252212940910     
   2.7107107107107109      -0.99971631483046075      -0.52965254917902060     
   2.7147147147147148      -0.99947748656083568      -0.53231733830119188     
   2.7187187187187187      -0.99923158419808722      -0.53497686314285131     
   2.7227227227227226      -0.99900069953546256      -0.53763109740298709     
   2.7267267267267266      -0.99876631297400686      -0.54028001483290666     
   2.7307307307307309      -0.99854408592027177      -0.54292358923649919     
   2.7347347347347348      -0.99832140751043885      -0.54556179447049191     
   2.7387387387387387      -0.99810842421156754      -0.54819460444470958     
   2.7427427427427427      -0.99789753307073914      -0.55082199312233360     
   2.7467467467467466      -0.99769425951762702      -0.55344393452015828     
   2.7507507507507509      -0.99749514335843825      -0.55606040270884749     
   2.7547547547547548      -0.99730193425380087      -0.55867137181319182     
   2.7587587587587588      -0.99711450784561884      -0.56127681601236501     
   2.7627627627627627      -0.99693161626219817      -0.56387670954017755     
   2.7667667667667666      -0.99675573693445929      -0.56647102668533345     
   2.7707707707707709      -0.99658332430151042      -0.56905974179168384     
   2.7747747747747749      -0.99641880480985490      -0.57164282925847854     
   2.7787787787787788      -0.99625695104534073      -0.57422026354062317     
   2.7827827827827827      -0.99610357023142548      -0.57679201914892952     
   2.7867867867867866      -0.99595228369343702      -0.57935807065036660     
   2.7907907907907910      -0.99580979521345925      -0.58191839266831491     
   2.7947947947947949      -0.99566902235716692      -0.58447295988281489     
   2.7987987987987988      -0.99553716185087981      -0.58702174703081833     
   2.8028028028028027      -0.99540679630874263      -0.58956472890643896     
   2.8068068068068066      -0.99528528706129404      -0.59210188036120082     
   2.8108108108108110      -0.99516517813654248      -0.59463317630428647     
   2.8148148148148149      -0.99505373571431810      -0.59715859170278585     
   2.8188188188188188      -0.99494369631164659      -0.59967810158194468     
   2.8228228228228227      -0.99484203226766355      -0.60219168102540921     
   2.8268268268268266      -0.99474184588682835      -0.60469930517547521     
   2.8308308308308310      -0.99464967052469266      -0.60720094923333168     
   2.8348348348348349      -0.99455909770318507      -0.60969658845930674     
   2.8388388388388388      -0.99447612244554329      -0.61218619817311326     
   2.8428428428428427      -0.99439490641797645      -0.61466975375409216     
   2.8468468468468466      -0.99432084534470100      -0.61714723064145482     
   2.8508508508508510      -0.99424871689312055      -0.61961860433452842     
   2.8548548548548549      -0.99418328818587820      -0.62208385039299596     
   2.8588588588588588      -0.99411996998392738      -0.62454294443713865     
   2.8628628628628627      -0.99406289668845471      -0.62699586214807834     
   2.8668668668668666      -0.99400810678004126      -0.62944257926801550     
   2.8708708708708710      -0.99395911761776845      -0.63188307160047208     
   2.8748748748748749      -0.99391257253819254      -0.63431731501052735     
   2.8788788788788788      -0.99387140215103409      -0.63674528542506048     
   2.8828828828828827      -0.99383281927014422      -0.63916695883298458     
   2.8868868868868871      -0.99379920864798532      -0.64158231128548815     
   2.8908908908908910      -0.99376830821131601      -0.64399131889626826     
   2.8948948948948949      -0.99374200457988715      -0.64639395784176901     
   2.8988988988988988      -0.99371851120276866      -0.64879020436141721     
   2.9029029029029028      -0.99369926818720811      -0.65118003475785557     
   2.9069069069069071      -0.99368291193486957      -0.65356342539717915     
   2.9109109109109110      -0.99367048927194823      -0.65594035270916740     
   2.9149149149149149      -0.99366100658440781      -0.65831079318751873     
   2.9189189189189189      -0.99365517003274906      -0.66067472339008115     
   2.9229229229229228      -0.99365230403022198      -0.66303211993908662     
   2.9269269269269271      -0.99365282510468178      -0.66538295952137938     
   2.9309309309309310      -0.99365632612143806      -0.66772721888864839     
   2.9349349349349350      -0.99366298198137448      -0.67006487485765742     
   2.9389389389389389      -0.99367260746402530      -0.67239590431047236     
   2.9429429429429428      -0.99368518011813944      -0.67472028419469232     
   2.9469469469469471      -0.99370069418838980      -0.67703799152367616     
   2.9509509509509511      -0.99371897035792212      -0.67934900337676973     
   2.9549549549549550      -0.99374014388835441      -0.68165329689953269     
   2.9589589589589589      -0.99376391464359060      -0.68395084930396566     
   2.9629629629629628      -0.99379052475920993      -0.68624163786873338     
   2.9669669669669672      -0.99381958513503443      -0.68852563993939209     
   2.9709709709709711      -0.99385141485082773      -0.69080283292861111     
   2.9749749749749750      -0.99388556333085021      -0.69307319431639702     
   2.9789789789789789      -0.99392240112138075      -0.69533670165031769     
   2.9829829829829828      -0.99396143927758973      -0.69759333254572287     
   2.9869869869869872      -0.99400307840349766      -0.69984306468596547     
   2.9909909909909911      -0.99404681050155652      -0.70208587582262250     
   2.9949949949949950      -0.99409304854078906      -0.70432174377571644     
   2.9989989989989989      -0.99414128106373512      -0.70655064643393228     
   3.0030030030030028      -0.99419191937189411      -0.70877256175483805     
   3.0070070070070072      -0.99424446067903371      -0.71098746776510247     
   3.0110110110110111      -0.99429930368430552      -0.71319534256071015     
   3.0150150150150150      -0.99435596373806701      -0.71539616430718178     
   3.0190190190190189      -0.99441481837968493      -0.71758991123978788     
   3.0230230230230228      -0.99447540836216630      -0.71977656166376336     
   3.0270270270270272      -0.99453808368061514      -0.72195609395452442     
   3.0310310310310311      -0.99460241548465489      -0.72412848655788031     
   3.0350350350350350      -0.99466872215755076      -0.72629371799024711     
   3.0390390390390389      -0.99473660821808230      -0.72845176683886070     
   3.0430430430430429      -0.99480635798100026      -0.73060261176198871     
   3.0470470470470472      -0.99487761097770699      -0.73274623148913987     
   3.0510510510510511      -0.99495061629153569      -0.73488260482127588     
   3.0550550550550550      -0.99502504881098419      -0.73701171063102133     
   3.0590590590590589      -0.99510112247979043      -0.73913352786287101     
   3.0630630630630629      -0.99517854681018658      -0.74124803553339991     
   3.0670670670670672      -0.99525750165311455      -0.74335521273147032     
   3.0710710710710711      -0.99533772966401235      -0.74545503861843621     
   3.0750750750750750      -0.99541937812026782      -0.74754749242835339     
   3.0790790790790790      -0.99550222104272790      -0.74963255346818258     
   3.0830830830830829      -0.99558637502283831      -0.75171020111799314     
   3.0870870870870872      -0.99567164329310842      -0.75378041483116953     
   3.0910910910910911      -0.99575811401838721      -0.75584317413461222     
   3.0950950950950951      -0.99584561712542563      -0.75789845862894101     
   3.0990990990990990      -0.99593421494806555      -0.75994624798869759     
   3.1031031031031029      -0.99602376142262383      -0.76198652196254535     
   3.1071071071071072      -0.99611429568632182      -0.76401926037346968     
   3.1111111111111112      -0.99620569305319107      -0.76604444311897801     
   3.1151151151151151      -0.99629797204644133      -0.76806205017129969     
   3.1191191191191190      -0.99639102681118352      -0.77007206157758090     
   3.1231231231231229      -0.99648485777919471      -0.77207445746008596     
   3.1271271271271273      -0.99657937540292407      -0.77406921801639050     
   3.1311311311311312      -0.99667456454860626      -0.77605632351957909     
   3.1351351351351351      -0.99677034954461019      -0.77803575431843974     
   3.1391391391391390      -0.99686670208418682      -0.78000749083765863     
   3.1431431431431434      -0.99696355812195225      -0.78197151357801342     
   3.1471471471471473      -0.99706087836710089      -0.78392780311656574     
   3.1511511511511512      -0.99715860836887538      -0.78587634010685492     
   3.1551551551551551      -0.99725669984578014      -0.78781710527908644     
   3.1591591591591590      -0.99735510615163026      -0.78975007944032583     
   3.1631631631631634      -0.99745377177077232      -0.79167524347468532     
   3.1671671671671673      -0.99755265633040735      -0.79359257834351493     
   3.1711711711711712      -0.99765169861571923      -0.79550206508559018     
   3.1751751751751751      -0.99775086312398753      -0.79740368481729929     
   3.1791791791791790      -0.99785008440166867      -0.79929741873283011     
   3.1831831831831834      -0.99794933058972524      -0.80118324810435748     
   3.1871871871871873      -0.99804853325176612      -0.80306115428222580     
   3.1911911911911912      -0.99814766313533176      -0.80493111869513456     
   3.1951951951951951      -0.99824664992230572      -0.80679312285032412     
   3.1991991991991990      -0.99834546608860908      -0.80864714833375495     
   3.2032032032032034      -0.99844404035426937      -0.81049317681029209     
   3.2072072072072073      -0.99854234625827742      -0.81233119002388610     
   3.2112112112112112      -0.99864031233066253      -0.81416116979775310     
   3.2152152152152151      -0.99873791262137290      -0.81598309803455449     
   3.2192192192192191      -0.99883507613432454      -0.81779695671657726     
   3.2232232232232234      -0.99893177701783087      -0.81960272790591171     
   3.2272272272272273      -0.99902794527170558      -0.82140039374462503     
   3.2312312312312312      -0.99912355484416937      -0.82318993645494509     
   3.2352352352352352      -0.99921853719083353      -0.82497133833943015     
   3.2392392392392391      -0.99931286584127299      -0.82674458178114651     
   3.2432432432432434      -0.99940647407297933      -0.82850964924384241     
   3.2472472472472473      -0.99949933488252085      -0.83026652327212114     
   3.2512512512512513      -0.99959138363637257      -0.83201518649161355     
   3.2552552552552552      -0.99968259275995408      -0.83375562160915107     
   3.2592592592592591      -0.99977289995176133      -0.83548781141293604     
   3.2632632632632634      -0.99986227706664121      -0.83721173877271049     
   3.2672672672672673      -0.99995066430745905      -0.83892738663992716     
   3.2712712712712713       -1.0000380330331535      -0.84063473804791811     
   3.2752752752752752       -1.0001243260734065      -0.84233377611206173     
   3.2792792792792791       -1.0002095143975369      -0.84402448402995045     
   3.2832832832832834       -1.0002935435585349      -0.84570684508155636     
   3.2872872872872874       -1.0003763842869988      -0.84738084262939606     
   3.2912912912912913       -1.0004579849255724      -0.84904646011869733     
   3.2952952952952952       -1.0005383161283192      -0.85070368107756111     
   3.2992992992992991       -1.0006173290803115      -0.85235248911712369     
   3.3033033033033035       -1.0006949945457186      -0.85399286793172058     
   3.3073073073073074       -1.0007712665742694      -0.85562480129904661     
   3.3113113113113113       -1.0008461162386655      -0.85724827308031681     
   3.3153153153153152       -1.0009195004827567      -0.85886326722042616     
   3.3193193193193191       -1.0009913908992174      -0.86046976774810746     
   3.3233233233233235       -1.0010617473296628      -0.86206775877609132     
   3.3273273273273274       -1.0011305420938625      -0.86365722450126015     
   3.3313313313313313       -1.0011977379477788      -0.86523814920480790     
   3.3353353353353352       -1.0012633081467397      -0.86681051725239255     
   3.3393393393393391       -1.0013272183575266      -0.86837431309429247     
   3.3433433433433435       -1.0013894429833168      -0.86992952126555956     
   3.3473473473473474       -1.0014499506125545      -0.87147612638617244     
   3.3513513513513513       -1.0015087169960462      -0.87301411316118827     
   3.3553553553553552       -1.0015657136474032      -0.87454346638089397     
   3.3593593593593591       -1.0016209178597404      -0.87606417092095756     
   3.3633633633633635       -1.0016743040791278      -0.87757621174257716     
   3.3673673673673674       -1.0017258513312504      -0.87907957389262847     
   3.3713713713713713       -1.0017755369917312      -0.88057424250381433     
   3.3753753753753752       -1.0018233419955547      -0.88206020279481123     
   3.3793793793793796       -1.0018692466664374      -0.88353744007041513     
   3.3833833833833835       -1.0019132340116592      -0.88500593972168740     
   3.3873873873873874       -1.0019552873113098      -0.88646568722609875     
   3.3913913913913913       -1.0019953917992039      -0.88791666814767278     
   3.3953953953953953       -1.0020335337225676      -0.88935886813712972     
   3.3993993993993996       -1.0020697006837043      -0.89079227293202790     
   3.4034034034034035       -1.0021038819118810      -0.89221686835690339     
   3.4074074074074074       -1.0021360675011615      -0.89363264032341194     
   3.4114114114114114       -1.0021662496724810      -0.89503957483046781     
   3.4154154154154153       -1.0021944211323712      -0.89643765796438168     
   3.4194194194194196       -1.0022205771067718      -0.89782687589899912     
   3.4234234234234235       -1.0022447130142349      -0.89920721489583688     
   3.4274274274274275       -1.0022668270954869      -0.90057866130421815     
   3.4314314314314314       -1.0022869175695184      -0.90194120156140900     
   3.4354354354354353       -1.0023049856994009      -0.90329482219275192     
   3.4394394394394396       -1.0023210325795586      -0.90463950981179775     
   3.4434434434434436       -1.0023350624999678      -0.90597525112043964     
   3.4474474474474475       -1.0023470794933127      -0.90730203290904421     
   3.4514514514514514       -1.0023570908757624      -0.90861984205658186     
   3.4554554554554553       -1.0023651036599555      -0.90992866553075646     
   3.4594594594594597       -1.0023711281909453      -0.91122849038813580     
   3.4634634634634636       -1.0023751744949461      -0.91251930377427593     
   3.4674674674674675       -1.0023772559332820      -0.91380109292385281     
   3.4714714714714714       -1.0023773855740117      -0.91507384516078560     
   3.4754754754754753       -1.0023755797403606      -0.91633754789836286     
   3.4794794794794797       -1.0023718544720472      -0.91759218863936631     
   3.4834834834834836       -1.0023662291757254      -0.91883775497619591     
   3.4874874874874875       -1.0023587229252062      -0.92007423459099136     
   3.4914914914914914       -1.0023493580750429      -0.92130161525575383     
   3.4954954954954953       -1.0023381567111165      -0.92251988483246850     
   3.4994994994994997       -1.0023251440907037      -0.92372903127322248     
   3.5035035035035036       -1.0023103452899702      -0.92492904262032472     
   3.5075075075075075       -1.0022937884153404      -0.92611990700642566     
   3.5115115115115114       -1.0022755014829927      -0.92730161265463207     
   3.5155155155155153       -1.0022555153855128      -0.92847414787862559     
   3.5195195195195197       -1.0022338610144947      -0.92963750108277710     
   3.5235235235235236       -1.0022105720042278      -0.93079166076226205     
   3.5275275275275275       -1.0021856820348762      -0.93193661550317375     
   3.5315315315315314       -1.0021592273848059      -0.93307235398263721     
   3.5355355355355353       -1.0021312444487345      -0.93419886496891946     
   3.5395395395395397       -1.0021017720619774      -0.93531613732154262     
   3.5435435435435436       -1.0020708492339341      -0.93642415999139206     
   3.5475475475475475       -1.0020385172522694      -0.93752292202082732     
   3.5515515515515514       -1.0020048176185412      -0.93861241254378924     
   3.5555555555555554       -1.0019697939629524      -0.93969262078590843     
   3.5595595595595597       -1.0019334901811219      -0.94076353606461116     
   3.5635635635635636       -1.0018959520887174      -0.94182514778922477     
   3.5675675675675675       -1.0018572258331107      -0.94287744546108421     
   3.5715715715715715       -1.0018173592875745      -0.94392041867363274     
   3.5755755755755754       -1.0017764007191641      -0.94495405711252811     
   3.5795795795795797       -1.0017343998812402      -0.94597835055574231     
   3.5835835835835836       -1.0016914070008540      -0.94699328887366330     
   3.5875875875875876       -1.0016474735824805      -0.94799886202919548     
   3.5915915915915915       -1.0016026516181653      -0.94899506007785894     
   3.5955955955955954       -1.0015569941683640      -0.94998187316788696     
   3.5995995995995997       -1.0015105548237238      -0.95095929154032532     
   3.6036036036036037       -1.0014633880238906      -0.95192730552912663     
   3.6076076076076076       -1.0014155487646819      -0.95288590556124664     
   3.6116116116116115       -1.0013670926492226      -0.95383508215674029     
   3.6156156156156154       -1.0013180758899218      -0.95477482592885354     
   3.6196196196196198       -1.0012685550414129      -0.95570512758411708     
   3.6236236236236237       -1.0012185872828581      -0.95662597792243798     
   3.6276276276276276       -1.0011682299786744      -0.95753736783719101     
   3.6316316316316315       -1.0011175409776270      -0.95843928831530878     
   3.6356356356356359       -1.0010665782744363      -0.95933173043737030     
   3.6396396396396398       -1.0010154001101101      -0.96021468537768961     
   3.6436436436436437       -1.0009640649088163      -0.96108814440440271     
   3.6476476476476476       -1.0009126310463214      -0.96195209887955480     
   3.6516516516516515       -1.0008611571497765      -0.96280654025918444     
   3.6556556556556559       -1.0008097014370163      -0.96365146009340885     
   3.6596596596596598       -1.0007583225298824      -0.96448685002650714     
   3.6636636636636637       -1.0007070781976131      -0.96531270179700357     
   3.6676676676676676       -1.0006560268366118      -0.96612900723774797     
   3.6716716716716715       -1.0006052254857547      -0.96693575827599820     
   3.6756756756756759       -1.0005547319808119      -0.96773294693349898     
   3.6796796796796798       -1.0005046025300972      -0.96852056532655983     
   3.6836836836836837       -1.0004548939429094      -0.96929860566613557     
   3.6876876876876876       -1.0004056614994949      -0.97006706025790090     
   3.6916916916916915       -1.0003569605456417      -0.97082592150232783     
   3.6956956956956959       -1.0003088453470965      -0.97157518189476044     
   3.6996996996996998       -1.0002613692687736      -0.97231483402548924     
   3.7037037037037037       -1.0002145855732447      -0.97304487057982392     
   3.7077077077077076       -1.0001685450517437      -0.97376528433816678     
   3.7117117117117115       -1.0001232999687915      -0.97447606817608323     
   3.7157157157157159       -1.0000788981098823      -0.97517721506437227     
   3.7197197197197198       -1.0000353904431150      -0.97586871806913611     
   3.7237237237237237      -0.99999282164724457      -0.97655057035184933     
   3.7277277277277276      -0.99995124077590780      -0.97722276516942586     
   3.7317317317317316      -0.99991068969326180      -0.97788529587428519     
   3.7357357357357359      -0.99987121438495707      -0.97853815591441973     
   3.7397397397397398      -0.99983285492705842      -0.97918133883345804     
   3.7437437437437437      -0.99979565224785361      -0.97981483827072935     
   3.7477477477477477      -0.99975964636917480      -0.98043864796132674     
   3.7517517517517516      -0.99972487075496919      -0.98105276173616807     
   3.7557557557557559      -0.99969136742554399      -0.98165717352205806     
   3.7597597597597598      -0.99965915966574159      -0.98225187734174813     
   3.7637637637637638      -0.99962829354411820      -0.98283686731399489     
   3.7677677677677677      -0.99959878025822613      -0.98341213765361879     
   3.7717717717717716      -0.99957067034526348      -0.98397768267156138     
   3.7757757757757759      -0.99954396329652073      -0.98453349677494195     
   3.7797797797797799      -0.99951871154984384      -0.98507957446711136     
   3.7837837837837838      -0.99949490741339531      -0.98561591034770824     
   3.7877877877877877      -0.99947259724901549      -0.98614249911271146     
   3.7917917917917916      -0.99945177707267896      -0.98665933555449192     
   3.7957957957957960      -0.99943247233292198      -0.98716641456186571     
   3.7997997997997999      -0.99941470089145901      -0.98766373112014327     
   3.8038038038038038      -0.99939844532849686      -0.98815128031117960     
   3.8078078078078077      -0.99938376950773244      -0.98862905731342254     
   3.8118118118118116      -0.99937058745823426      -0.98909705740196108     
   3.8158158158158160      -0.99935903362078360      -0.98955527594857173     
   3.8198198198198199      -0.99934893233784783      -0.99000370842176366     
   3.8238238238238238      -0.99934050190522972      -0.99044235038682449     
   3.8278278278278277      -0.99933347555157770      -0.99087119750586350     
   3.8318318318318316      -0.99932813920906116      -0.99129024553785516     
   3.8358358358358360      -0.99932417426020681      -0.99169949033868066     
   3.8398398398398399      -0.99932186576445792      -0.99209892786116838     
   3.8438438438438438      -0.99932094597760712      -0.99248855415513493     
   3.8478478478478477      -0.99932155790341926      -0.99286836536742351     
   3.8518518518518516      -0.99932366554314067      -0.99323835774194280     
   3.8558558558558560      -0.99932705157433011      -0.99359852761970280     
   3.8598598598598599      -0.99933215963071842      -0.99394887143885202     
   3.8638638638638638      -0.99933814849819091      -0.99428938573471282     
   3.8678678678678677      -0.99934619847756712      -0.99462006713981466     
   3.8718718718718717      -0.99935462540977604      -0.99494091238392857     
   3.8758758758758760      -0.99936548665078517      -0.99525191829409909     
   3.8798798798798799      -0.99937624349762666      -0.99555308179467450     
   3.8838838838838838      -0.99938965626771148      -0.99584439990733942     
   3.8878878878878878      -0.99940275273844681      -0.99612586975114281     
   3.8918918918918921      -0.99941826943517509      -0.99639748854252641     
   3.8958958958958960      -0.99943388316575432      -0.99665925359535279     
   3.8998998998998999      -0.99945083899070519      -0.99691116232093191     
   3.9039039039039038      -0.99946931415582907      -0.99715321222804643     
   3.9079079079079078      -0.99948687539257552      -0.99738540092297623     
   3.9119119119119121      -0.99950861646219380      -0.99760772610952264     
   3.9159159159159160      -0.99952596005749694      -0.99782018558903074     
   3.9199199199199199      -0.99955117385469827      -0.99802277726041111     
   3.9239239239239239      -0.99956782895205065      -0.99821549912016083     
   3.9279279279279278      -0.99959611185790598      -0.99839834926238302     
   3.9319319319319321      -0.99961242679567253      -0.99857132587880604     
   3.9359359359359360      -0.99964228383502041      -0.99873442725880057     
   3.9399399399399400      -0.99965987496883713      -0.99888765178939798     
   3.9439439439439439      -0.99968837084600148      -0.99903099795530448     
   3.9479479479479478      -0.99971030997835875      -0.99916446433891781     
   3.9519519519519521      -0.99973310947936056      -0.99928804962034024     
   3.9559559559559561      -0.99976362542413744      -0.99940175257739150     
   3.9599599599599600      -0.99977555481088187      -0.99950557208562174     
   3.9639639639639639      -0.99981926995483861      -0.99959950711832180     
   3.9679679679679678      -0.99981518919406831      -0.99968355674653397     
   3.9719719719719722      -0.99987624852608858      -0.99975772013906072     
   3.9759759759759761      -0.99985195170452457      -0.99982199656247328     
   3.9799799799799800      -0.99993278648111950      -0.99987638538111856     
   3.9839839839839839      -0.99988771504929763      -0.99992088605712559     
   3.9879879879879878      -0.99998251372730029      -0.99995549815041107     
   3.9919919919919922      -0.99993491989689243      -0.99998022131868336     
   3.9959959959959961      -0.99999840138906781      -0.99999505531744570     
   4.0000000000000000       -1.0000000000000000       -1.0000000000000000     
