   0.0000000000000000        1.0000000000000000       0.99999999999999989     
   4.0040040040040040E-003   1.0001744192786413       0.99999505531744592     
   8.0080080080080079E-003   1.0000009932112046       0.99998022131868325     
   1.2012012012012012E-002   1.0002050341012281       0.99995549815041107     
   1.6016016016016016E-002   1.0001295818538865       0.99992088605712559     
   2.0020020020020020E-002   1.0002238117130022       0.99987638538111856     
   2.4024024024024024E-002   1.0002296918987705       0.99982199656247328     
   2.8028028028028028E-002   1.0002501762058620       0.99975772013906072     
   3.2032032032032032E-002   1.0003023173736270       0.99968355674653397     
   3.6036036036036036E-002   1.0002831879054292       0.99959950711832180     
   4.0040040040040040E-002   1.0003497983675815       0.99950557208562174     
   4.4044044044044044E-002   1.0003180999837926       0.99940175257739161     
   4.8048048048048048E-002   1.0003772897207726       0.99928804962034012     
   5.2052052052052052E-002   1.0003488521685495       0.99916446433891792     
   5.6056056056056056E-002   1.0003900379332180       0.99903099795530459     
   6.0060060060060060E-002   1.0003705148605251       0.99888765178939798     
   6.4064064064064064E-002   1.0003917211504645       0.99873442725880068     
   6.8068068068068074E-002   1.0003801796815635       0.99857132587880615     
   7.2072072072072071E-002   1.0003841806374396       0.99839834926238324     
   7.6076076076076082E-002   1.0003767575568261       0.99821549912016094     
   8.0080080080080079E-002   1.0003678925071227       0.99802277726041122     
   8.4084084084084090E-002   1.0003603521128601       0.99782018558903074     
   8.8088088088088087E-002   1.0003426135263549       0.99760772610952264     
   9.2092092092092098E-002   1.0003316472644850       0.99738540092297623     
   9.6096096096096095E-002   1.0003078947601729       0.99715321222804643     
  0.10010010010010011        1.0002914932937208       0.99691116232093191     
  0.10410410410410410        1.0002633835025512       0.99665925359535279     
  0.10810810810810811        1.0002406912449158       0.99639748854252641     
  0.11211211211211211        1.0002089504687888       0.99612586975114281     
  0.11611611611611612        1.0001799209268099       0.99584439990733964     
  0.12012012012012012        1.0001447050700920       0.99555308179467450     
  0.12412412412412413        1.0001097498496152       0.99525191829409887     
  0.12812812812812813        1.0000709560728234       0.99494091238392868     
  0.13213213213213212        1.0000306752719885       0.99462006713981466     
  0.13613613613613615       0.99998815611397618       0.99428938573471282     
  0.14014014014014015       0.99994316994476740       0.99394887143885213     
  0.14414414414414414       0.99989685118423044       0.99359852761970280     
  0.14814814814814814       0.99984771771765013       0.99323835774194291     
  0.15215215215215216       0.99979764316824982       0.99286836536742373     
  0.15615615615615616       0.99974483518532342       0.99248855415513493     
  0.16016016016016016       0.99969116605755537       0.99209892786116838     
  0.16416416416416416       0.99963508109571630       0.99169949033868066     
  0.16816816816816818       0.99957807313862646       0.99129024553785539     
  0.17217217217217218       0.99951905685359688       0.99087119750586361     
  0.17617617617617617       0.99945903109678436       0.99044235038682449     
  0.18018018018018017       0.99939740195241500       0.99000370842176388     
  0.18418418418418420       0.99933471809550856       0.98955527594857196     
  0.18818818818818819       0.99927078698989835       0.98909705740196130     
  0.19219219219219219       0.99920582332467633       0.98862905731342254     
  0.19619619619619619       0.99913990627734262       0.98815128031117949     
  0.20020020020020021       0.99907304662087504       0.98766373112014327     
  0.20420420420420421       0.99900547116775906       0.98716641456186571     
  0.20820820820820821       0.99893709763248584       0.98665933555449203     
  0.21221221221221220       0.99886820419934330       0.98614249911271146     
  0.21621621621621623       0.99879869402167976       0.98561591034770846     
  0.22022022022022023       0.99872883428380932       0.98507957446711159     
  0.22422422422422422       0.99865855921558233       0.98453349677494206     
  0.22822822822822822       0.99858809296854623       0.98397768267156138     
  0.23223223223223224       0.99851741965918783       0.98341213765361868     
  0.23623623623623624       0.99844671102772153       0.98283686731399489     
  0.24024024024024024       0.99837600169642715       0.98225187734174813     
  0.24424424424424424       0.99830541582540533       0.98165717352205828     
  0.24824824824824826       0.99823502872218184       0.98105276173616818     
  0.25225225225225223       0.99816492869379192       0.98043864796132674     
  0.25625625625625625       0.99809521807578361       0.97981483827072957     
  0.26026026026026028       0.99802596268605270       0.97918133883345804     
  0.26426426426426425       0.99795727846734283       0.97853815591441973     
  0.26826826826826827       0.99788922037838779       0.97788529587428519     
  0.27227227227227230       0.99782190722793174       0.97722276516942586     
  0.27627627627627627       0.99775539181509831       0.97655057035184956     
  0.28028028028028029       0.99768978825942323       0.97586871806913633     
  0.28428428428428426       0.99762515243729011       0.97517721506437238     
  0.28828828828828829       0.99756158973519626       0.97447606817608334     
  0.29229229229229231       0.99749916136154215       0.97376528433816700     
  0.29629629629629628       0.99743796234220439       0.97304487057982403     
  0.30030030030030030       0.99737805944591296       0.97231483402548924     
  0.30430430430430433       0.99731953761954828       0.97157518189476044     
  0.30830830830830830       0.99726246780530314       0.97082592150232794     
  0.31231231231231232       0.99720692628870566       0.97006706025790113     
  0.31631631631631629       0.99715298633089511       0.96929860566613568     
  0.32032032032032032       0.99710071707912795       0.96852056532656006     
  0.32432432432432434       0.99705019220026336       0.96773294693349898     
  0.32832832832832831       0.99700147541784512       0.96693575827599854     
  0.33233233233233234       0.99695463886078706       0.96612900723774819     
  0.33633633633633636       0.99690974229170948       0.96531270179700357     
  0.34034034034034033       0.99686685494037430       0.96448685002650714     
  0.34434434434434436       0.99682603341233766       0.96365146009340885     
  0.34834834834834832       0.99678734320817786       0.96280654025918455     
  0.35235235235235235       0.99675083835919098       0.96195209887955491     
  0.35635635635635637       0.99671657993807727       0.96108814440440293     
  0.36036036036036034       0.99668461976585698       0.96021468537768961     
  0.36436436436436437       0.99665501423458458       0.95933173043737041     
  0.36836836836836839       0.99662781284333879       0.95843928831530878     
  0.37237237237237236       0.99660306741290638       0.95753736783719101     
  0.37637637637637639       0.99658082486818200       0.95662597792243798     
  0.38038038038038036       0.99656113261659307       0.95570512758411708     
  0.38438438438438438       0.99654403479860054       0.95477482592885377     
  0.38838838838838841       0.99652957449996638       0.95383508215674051     
  0.39239239239239238       0.99651779292355347       0.95288590556124697     
  0.39639639639639640       0.99650872902942900       0.95192730552912663     
  0.40040040040040042       0.99650242077865914       0.95095929154032544     
  0.40440440440440439       0.99649890328605839       0.94998187316788707     
  0.40840840840840842       0.99649821099297509       0.94899506007785894     
  0.41241241241241239       0.99650037526783541       0.94799886202919548     
  0.41641641641641641       0.99650542690846977       0.94699328887366341     
  0.42042042042042044       0.99651339384357696       0.94597835055574242     
  0.42442442442442441       0.99652430324688090       0.94495405711252856     
  0.42842842842842843       0.99653817948822954       0.94392041867363297     
  0.43243243243243246       0.99655504614970536       0.94287744546108421     
  0.43643643643643643       0.99657492410927329       0.94182514778922499     
  0.44044044044044045       0.99659783329790208       0.94076353606461094     
  0.44444444444444442       0.99662379121358546       0.93969262078590843     
  0.44844844844844844       0.99665281412572704       0.93861241254378935     
  0.45245245245245247       0.99668491622210453       0.93752292202082743     
  0.45645645645645644       0.99672011016194795       0.93642415999139239     
  0.46046046046046046       0.99675840683010264       0.93531613732154295     
  0.46446446446446449       0.99679981538924356       0.93419886496891991     
  0.46846846846846846       0.99684434340051831       0.93307235398263733     
  0.47247247247247248       0.99689199664810446       0.93193661550317397     
  0.47647647647647645       0.99694277937393949       0.93079166076226205     
  0.48048048048048048       0.99699669409385971       0.92963750108277710     
  0.48448448448448450       0.99705374177099082       0.92847414787862570     
  0.48848848848848847       0.99711392170891389       0.92730161265463229     
  0.49249249249249250       0.99717723167895900       0.92611990700642588     
  0.49649649649649652       0.99724366781988105       0.92492904262032505     
  0.50050050050050054       0.99731322479129114       0.92372903127322259     
  0.50450450450450446       0.99738589563837188       0.92251988483246872     
  0.50850850850850848       0.99746167198047331       0.92130161525575405     
  0.51251251251251251       0.99754054383096635       0.92007423459099136     
  0.51651651651651653       0.99762249986682250       0.91883775497619602     
  0.52052052052052056       0.99770752715429167       0.91759218863936653     
  0.52452452452452447       0.99779561146050244       0.91633754789836308     
  0.52852852852852850       0.99788673702059283       0.91507384516078605     
  0.53253253253253252       0.99798088675745078       0.91380109292385314     
  0.53653653653653655       0.99807804215286311       0.91251930377427604     
  0.54054054054054057       0.99817818337450759       0.91122849038813569     
  0.54454454454454460       0.99828128922125303       0.90992866553075669     
  0.54854854854854851       0.99838733719461636       0.90861984205658186     
  0.55255255255255253       0.99849630348883878       0.90730203290904443     
  0.55655655655655656       0.99860816301302324       0.90597525112043986     
  0.56056056056056058       0.99872288945431520       0.90463950981179786     
  0.56456456456456461       0.99884045521377207       0.90329482219275237     
  0.56856856856856852       0.99896083152873960       0.90194120156140967     
  0.57257257257257255       0.99908398839924029       0.90057866130421826     
  0.57657657657657657       0.99920989468045818       0.89920721489583666     
  0.58058058058058060       0.99933851805811436       0.89782687589899912     
  0.58458458458458462       0.99946982508872317       0.89643765796438168     
  0.58858858858858853       0.99960378121996429       0.89503957483046792     
  0.59259259259259256       0.99974035079665668       0.89363264032341216     
  0.59659659659659658       0.99987949710372959       0.89221686835690384     
  0.60060060060060061        1.0000211823588785       0.89079227293202834     
  0.60460460460460463        1.0001653677607547       0.88935886813713039     
  0.60860860860860866        1.0003120134814139       0.88791666814767300     
  0.61261261261261257        1.0004610787105577       0.88646568722609853     
  0.61661661661661660        1.0006125216533572       0.88500593972168740     
  0.62062062062062062        1.0007662995677216       0.88353744007041513     
  0.62462462462462465        1.0009223687685358       0.88206020279481145     
  0.62862862862862867        1.0010806846582982       0.88057424250381455     
  0.63263263263263259        1.0012412017364021       0.87907957389262892     
  0.63663663663663661        1.0014038736248818       0.87757621174257761     
  0.64064064064064064        1.0015686530808789       0.87606417092095823     
  0.64464464464464466        1.0017354920188835       0.87454346638089420     
  0.64864864864864868        1.0019043415258224       0.87301411316118804     
  0.65265265265265260        1.0020751518794080       0.87147612638617244     
  0.65665665665665662        1.0022478725667709       0.86992952126555978     
  0.66066066066066065        1.0024224522975760       0.86837431309429269     
  0.66466466466466467        1.0025988390277940       0.86681051725239278     
  0.66866866866866870        1.0027769799658124       0.86523814920480835     
  0.67267267267267272        1.0029568216028881       0.86365722450126059     
  0.67667667667667664        1.0031383097111692       0.86206775877609154     
  0.68068068068068066        1.0033213893812611       0.86046976774810768     
  0.68468468468468469        1.0035060050123026       0.85886326722042616     
  0.68868868868868871        1.0036921003558175       0.85724827308031681     
  0.69269269269269274        1.0038796184995504       0.85562480129904683     
  0.69669669669669665        1.0040685019146818       0.85399286793172080     
  0.70070070070070067        1.0042586924377224       0.85235248911712413     
  0.70470470470470470        1.0044501313151764       0.85070368107756156     
  0.70870870870870872        1.0046427591910823       0.84904646011869800     
  0.71271271271271275        1.0048365161397761       0.84738084262939628     
  0.71671671671671666        1.0050313416702348       0.84570684508155602     
  0.72072072072072069        1.0052271747342010       0.84402448402995045     
  0.72472472472472471        1.0054239537608534       0.84233377611206173     
  0.72872872872872874        1.0056216166269143       0.84063473804791822     
  0.73273273273273276        1.0058201007336740       0.83892738663992727     
  0.73673673673673679        1.0060193429303084       0.83721173877271082     
  0.74074074074074070        1.0062192796357325       0.83548781141293649     
  0.74474474474474472        1.0064198467231811       0.83375562160915173     
  0.74874874874874875        1.0066209796627241       0.83201518649161366     
  0.75275275275275277        1.0068226134141613       0.83026652327212069     
  0.75675675675675680        1.0070246825088052       0.82850964924384218     
  0.76076076076076071        1.0072271210724004       0.82674458178114663     
  0.76476476476476474        1.0074298627218998       0.82497133833943037     
  0.76876876876876876        1.0076328407746546       0.82318993645494531     
  0.77277277277277279        1.0078359879952776       0.82140039374462548     
  0.77677677677677681        1.0080392369048841       0.81960272790591149     
  0.78078078078078073        1.0082425194693785       0.81779695671657793     
  0.78478478478478475        1.0084457674352498       0.81598309803455460     
  0.78878878878878878        1.0086489120138524       0.81416116979775299     
  0.79279279279279280        1.0088518841935401       0.81233119002388599     
  0.79679679679679682        1.0090546144847401       0.81049317681029232     
  0.80080080080080085        1.0092570331087114       0.80864714833375506     
  0.80480480480480476        1.0094590699495785       0.80679312285032445     
  0.80880880880880879        1.0096606544546267       0.80493111869513490     
  0.81281281281281281        1.0098617159132335       0.80306115428222591     
  0.81681681681681684        1.0100621830560872       0.80118324810435759     
  0.82082082082082086        1.0102619845357934       0.79929741873283022     
  0.82482482482482478        1.0104610484546297       0.79740368481729917     
  0.82882882882882880        1.0106593027915149       0.79550206508558996     
  0.83283283283283283        1.0108566750969801       0.79359257834351515     
  0.83683683683683685        1.0110530926243986       0.79167524347468543     
  0.84084084084084088        1.0112484824583114       0.78975007944032627     
  0.84484484484484490        1.0114427711180587       0.78781710527908688     
  0.84884884884884881        1.0116358852001575       0.78587634010685514     
  0.85285285285285284        1.0118277505855731       0.78392780311656585     
  0.85685685685685686        1.0120182932825426       0.78197151357801298     
  0.86086086086086089        1.0122074386593614       0.78000749083765841     
  0.86486486486486491        1.0123951120288732       0.77803575431843952     
  0.86886886886886883        1.0125812383581769       0.77605632351957921     
  0.87287287287287285        1.0127657422223726       0.77406921801639061     
  0.87687687687687688        1.0129485481654221       0.77207445746008641     
  0.88088088088088090        1.0131295801285962       0.77007206157758135     
  0.88488488488488493        1.0133087620797467       0.76806205017129980     
  0.88888888888888884        1.0134860174944063       0.76604444311897812     
  0.89289289289289286        1.0136612695916674       0.76401926037346957     
  0.89689689689689689        1.0138344415154197       0.76198652196254524     
  0.90090090090090091        1.0140054557369746       0.75994624798869781     
  0.90490490490490494        1.0141742349103067       0.75789845862894112     
  0.90890890890890896        1.0143407009554251       0.75584317413461199     
  0.91291291291291288        1.0145047758160226       0.75378041483116964     
  0.91691691691691690        1.0146663810295140       0.75171020111799358     
  0.92092092092092093        1.0148254377566972       0.74963255346818269     
  0.92492492492492495        1.0149818670605137       0.74754749242835361     
  0.92892892892892898        1.0151355894827083       0.74545503861843632     
  0.93293293293293289        1.0152865253489411       0.74335521273147021     
  0.93693693693693691        1.0154345947862065       0.74124803553340046     
  0.94094094094094094        1.0155797172772767       0.73913352786287123     
  0.94494494494494496        1.0157218124343310       0.73701171063102144     
  0.94894894894894899        1.0158607990714545       0.73488260482127599     
  0.95295295295295290        1.0159965959784196       0.73274623148913998     
  0.95695695695695693        1.0161291215142616       0.73060261176198882     
  0.96096096096096095        1.0162582935809159       0.72845176683886093     
  0.96496496496496498        1.0163840298633644       0.72629371799024722     
  0.96896896896896900        1.0165062476145297       0.72412848655788020     
  0.97297297297297303        1.0166248635467561       0.72195609395452465     
  0.97697697697697694        1.0167397943732945       0.71977656166376347     
  0.98098098098098097        1.0168509558841921       0.71758991123978799     
  0.98498498498498499        1.0169582638898194       0.71539616430718200     
  0.98898898898898902        1.0170616335293319       0.71319534256071038     
  0.99299299299299304        1.0171609795618950       0.71098746776510235     
  0.99699699699699695        1.0172562162736711       0.70877256175483849     
   1.0010010010010011        1.0173472575888149       0.70655064643393239     
   1.0050050050050050        1.0174340166346765       0.70432174377571666     
   1.0090090090090089        1.0175164065290887       0.70208587582262261     
   1.0130130130130131        1.0175943393352866       0.69984306468596524     
   1.0170170170170170        1.0176677269456960       0.69759333254572309     
   1.0210210210210211        1.0177364805719120       0.69533670165031780     
   1.0250250250250250        1.0178005108675021       0.69307319431639725     
   1.0290290290290289        1.0178597277195798       0.69080283292861089     
   1.0330330330330331        1.0179140408452054       0.68852563993939231     
   1.0370370370370370        1.0179633587020271       0.68624163786873360     
   1.0410410410410411        1.0180075896285614       0.68395084930396588     
   1.0450450450450450        1.0180466409425886       0.68165329689953280     
   1.0490490490490489        1.0180804194523356       0.67934900337676996     
   1.0530530530530531        1.0181088309209327       0.67703799152367639     
   1.0570570570570570        1.0181317808883392       0.67472028419469277     
   1.0610610610610611        1.0181491734022214       0.67239590431047247     
   1.0650650650650650        1.0181609122881232       0.67006487485765720     
   1.0690690690690692        1.0181669001363751       0.66772721888864850     
   1.0730730730730731        1.0181670389159656       0.66538295952137927     
   1.0770770770770770        1.0181612299615768       0.66303211993908673     
   1.0810810810810811        1.0181493729828699       0.66067472339008138     
   1.0850850850850851        1.0181313671896053       0.65831079318751895     
   1.0890890890890892        1.0181071102819028       0.65594035270916762     
   1.0930930930930931        1.0180764993426401       0.65356342539717938     
   1.0970970970970970        1.0180394299026641       0.65118003475785569     
   1.1011011011011012        1.0179957967552122       0.64879020436141710     
   1.1051051051051051        1.0179454930896901       0.64639395784176923     
   1.1091091091091092        1.0178884112339470       0.64399131889626848     
   1.1131131131131131        1.0178244418505600       0.64158231128548826     
   1.1171171171171170        1.0177534746123447       0.63916695883298480     
   1.1211211211211212        1.0176753974556687       0.63674528542506059     
   1.1251251251251251        1.0175900971940035       0.63431731501052790     
   1.1291291291291292        1.0174974588232728       0.63188307160047219     
   1.1331331331331331        1.0173973660777855       0.62944257926801572     
   1.1371371371371370        1.0172897007829811       0.62699586214807856     
   1.1411411411411412        1.0171743433577956       0.62454294443713887     
   1.1451451451451451        1.0170511722104847       0.62208385039299618     
   1.1491491491491492        1.0169200641910847       0.61961860433452864     
   1.1531531531531531        1.0167808940263281       0.61714723064145538     
   1.1571571571571571        1.0166335347255144       0.61466975375409227     
   1.1611611611611612        1.0164778570509532       0.61218619817311382     
   1.1651651651651651        1.0163137298801768       0.60969658845930685     
   1.1691691691691692        1.0161410197085112       0.60720094923333146     
   1.1731731731731732        1.0159595909705139       0.60469930517547543     
   1.1771771771771771        1.0157693055713297       0.60219168102540976     
   1.1811811811811812        1.0155700231701379       0.59967810158194490     
   1.1851851851851851        1.0153616007371089       0.59715859170278607     
   1.1891891891891893        1.0151438928012926       0.59463317630428669     
   1.1931931931931932        1.0149167510304917       0.59210188036120104     
   1.1971971971971973        1.0146800244456236       0.58956472890643952     
   1.2012012012012012        1.0144335590210087       0.58702174703081855     
   1.2052052052052051        1.0141771978671659       0.58447295988281511     
   1.2092092092092093        1.0139107808490595       0.58191839266831502     
   1.2132132132132132        1.0136341447392629       0.57935807065036715     
   1.2172172172172173        1.0133471228518174       0.57679201914892964     
   1.2212212212212212        1.0130495451674495       0.57422026354062339     
   1.2252252252252251        1.0127412379810070       0.57164282925847876     
   1.2292292292292293        1.0124220240001749       0.56905974179168362     
   1.2332332332332332        1.0120917220047152       0.56647102668533400     
   1.2372372372372373        1.0117501469198091       0.56387670954017777     
   1.2412412412412412        1.0113971094856922       0.56127681601236523     
   1.2452452452452452        1.0110324163065105       0.55867137181319193     
   1.2492492492492493        1.0106558695290284       0.55606040270884771     
   1.2532532532532532        1.0102672668679868       0.55344393452015839     
   1.2572572572572573        1.0098664012924599       0.55082199312233371     
   1.2612612612612613        1.0094530610287709       0.54819460444470980     
   1.2652652652652652        1.0090270292531984       0.54556179447049202     
   1.2692692692692693        1.0085880840732748       0.54292358923649942     
   1.2732732732732732        1.0081359982259319       0.54028001483290677     
   1.2772772772772774        1.0076705390376468       0.53763109740298687     
   1.2812812812812813        1.0071914681274736       0.53497686314285187     
   1.2852852852852852        1.0066985413463208       0.53231733830119210     
   1.2892892892892893        1.0061915084844777       0.52965254917902038     
   1.2932932932932932        1.0056701131902948       0.52698252212940966     
   1.2972972972972974        1.0051340926818735       0.52430728355723166     
   1.3013013013013013        1.0045831776453769       0.52162685991889790     
   1.3053053053053052        1.0040170919508606       0.51894127772209575     
   1.3093093093093093        1.0034355525301184       0.51625056352552856     
   1.3133133133133132        1.0028382690969735       0.51355474393865164     
   1.3173173173173174        1.0022249440045303       0.51085384562140879     
   1.3213213213213213        1.0015952719702623       0.50814789528396931     
   1.3253253253253254        1.0009489399126548       0.50543691968646431     
   1.3293293293293293        1.0002856266814979       0.50272094563872183     
   1.3333333333333333       0.99960500287396525       0.50000000000000033     
   1.3373373373373374       0.99890673057053725       0.49727410967872421     
   1.3413413413413413       0.99819046313074433       0.49454330163221866     
   1.3453453453453454       0.99745584493509787       0.49180760286644143     
   1.3493493493493494       0.99670251116101838       0.48906704043571680     
   1.3533533533533533       0.99593008753086476       0.48632164144246692     
   1.3573573573573574       0.99513819006924797       0.48357143303694439     
   1.3613613613613613       0.99432642485652201       0.48081644241696458     
   1.3653653653653655       0.99349438776983812       0.47805669682763607     
   1.3693693693693694       0.99264166424027955       0.47529222356109019     
   1.3733733733733733       0.99176782898167704       0.47252304995621203     
   1.3773773773773774       0.99087244574775224       0.46974920339837073     
   1.3813813813813813       0.98995506705515224       0.46697071131914814     
   1.3853853853853855       0.98901523393438817       0.46418760119606600     
   1.3893893893893894       0.98805247565680743       0.46139990055231739     
   1.3933933933933933       0.98706630946947516       0.45860763695649082     
   1.3973973973973974       0.98605624034043382       0.45581083802230099     
   1.4014014014014013       0.98502176066257652       0.45300953140831446     
   1.4054054054054055       0.98396235003765975       0.45020374481767350     
   1.4094094094094094       0.98287747492747435       0.44739350599782696     
   1.4134134134134133       0.98176658850515419       0.44457884274025250     
   1.4174174174174174       0.98062913022300746       0.44175978288018319     
   1.4214214214214214       0.97946452577016241       0.43893635429633082     
   1.4254254254254255       0.97827218651479275       0.43610858491061116     
   1.4294294294294294       0.97705150962069076       0.43327650268786849     
   1.4334334334334333       0.97580187730657297       0.43044013563559824     
   1.4374374374374375       0.97452265719153786       0.42759951180366951     
   1.4414414414414414       0.97321320129485944       0.42475465928404799     
   1.4454454454454455       0.97187284670234830       0.42190560621051937     
   1.4494494494494494       0.97050091420558526       0.41905238075840973     
   1.4534534534534536       0.96909670940894821       0.41619501114430768     
   1.4574574574574575       0.96765952087663920       0.41333352562578418     
   1.4614614614614614       0.96618862183452880       0.41046795250111390     
   1.4654654654654655       0.96468326765544143       0.40759832010899610     
   1.4694694694694694       0.96314269835240562       0.40472465682827363     
   1.4734734734734736       0.96156613518593537       0.40184699107765148     
   1.4774774774774775       0.95995278419736541       0.39896535131541649     
   1.4814814814814814       0.95830183166468319       0.39607976603915679     
   1.4854854854854855       0.95661244898797726       0.39319026378547872     
   1.4894894894894894       0.95488378665097662       0.39029687312972589     
   1.4934934934934936       0.95311498084728896       0.38739962268569328     
   1.4974974974974975       0.95130514552095879       0.38449854110534909     
   1.5015015015015014       0.94945338121441525       0.38159365707854875     
   1.5055055055055055       0.94755876466072408       0.37868499933275013     
   1.5095095095095095       0.94562036044438447       0.37577259663273255     
   1.5135135135135136       0.94363720749803981       0.37285647778030873     
   1.5175175175175175       0.94160833429819213       0.36993667161404314     
   1.5215215215215214       0.93953274147688637       0.36701320700896550     
   1.5255255255255256       0.93740942142928185       0.36408611287628412     
   1.5295295295295295       0.93523733608300574       0.36115541816310132     
   1.5335335335335336       0.93301544197660657       0.35822115185212744     
   1.5375375375375375       0.93074266203236566       0.35528334296139380     
   1.5415415415415414       0.92841791737779211       0.35234202054396474     
   1.5455455455455456       0.92604009173763635       0.34939721368765114     
   1.5495495495495495       0.92360807151890345       0.34644895151472355     
   1.5535535535535536       0.92112070117037825       0.34349726318162310     
   1.5575575575575575       0.91857683333960238       0.34054217787867375     
   1.5615615615615615       0.91597527323867012       0.33758372482979260     
   1.5655655655655656       0.91331484101413241       0.33462193329220158     
   1.5695695695695695       0.91059430280114639       0.33165683255613898     
   1.5735735735735736       0.90781244782952208       0.32868845194456903     
   1.5775775775775776       0.90496800343897532       0.32571682081289088     
   1.5815815815815817       0.90205972988240679       0.32274196854864945     
   1.5855855855855856       0.89908631610694323       0.31976392457124525     
   1.5895895895895895       0.89604649571516959       0.31678271833164295     
   1.5935935935935936       0.89293891978357243       0.31379837931207866     
   1.5975975975975976       0.88976229801033790       0.31081093702577139     
   1.6016016016016017       0.88651524423796724       0.30782042101662782     
   1.6056056056056056       0.88319644745943571       0.30482686085895305     
   1.6096096096096095       0.87980448502783848       0.30183028615715729     
   1.6136136136136137       0.87633802891871493       0.29883072654546011     
   1.6176176176176176       0.87279562083882334       0.29582821168760254     
   1.6216216216216217       0.86917591995926335       0.29282277127655032     
   1.6256256256256256       0.86547743326970095       0.28981443503420135     
   1.6296296296296295       0.86169881191292008       0.28680323271109065     
   1.6336336336336337       0.85783852916144299       0.28378919408609704     
   1.6376376376376376       0.85389523350815377       0.28077234896614933     
   1.6416416416416417       0.84986736556017539       0.27775272718593036     
   1.6456456456456456       0.84575357718155675       0.27473035860758332     
   1.6496496496496496       0.84155227739497573       0.27170527312041282     
   1.6536536536536537       0.83726212814083489       0.26867750064059459     
   1.6576576576576576       0.83288150794102722       0.26564707111087615     
   1.6616616616616617       0.82840909624413617       0.26261401450028199     
   1.6656656656656657       0.82384324212695925       0.25957836080381591     
   1.6696696696696696       0.81918265074820706       0.25654014004216519     
   1.6736736736736737       0.81442564273223483       0.25349938226140467     
   1.6776776776776776       0.80957095796426115       0.25045611753269870     
   1.6816816816816818       0.80461688950616039       0.24741037595200283     
   1.6856856856856857       0.79956222184550563       0.24436218763976714     
   1.6896896896896898       0.79440522122453294       0.24131158274063927     
   1.6936936936936937       0.78914472751407649       0.23825859142316480     
   1.6976976976976976       0.78377898068312279       0.23520324387949043     
   1.7017017017017018       0.77830688771769041       0.23214557032506186     
   1.7057057057057057       0.77272666260909784       0.22908560099833006     
   1.7097097097097098       0.76703729218761185       0.22602336616044894     
   1.7137137137137137       0.76123696445221622       0.22295889609497727     
   1.7177177177177176       0.75532475984964931       0.21989222110757800     
   1.7217217217217218       0.74929883999711622       0.21682337152571932     
   1.7257257257257257       0.74315839381883508       0.21375237769837560     
   1.7297297297297298       0.73690155571641980       0.21067926999572606     
   1.7337337337337337       0.73052763908625695       0.20760407880885565     
   1.7377377377377377       0.72403474976164606       0.20452683454945109     
   1.7417417417417418       0.71742234278327455       0.20144756764950522     
   1.7457457457457457       0.71068849346516105       0.19836630856101312     
   1.7497497497497498       0.70383281688406729       0.19528308775567005     
   1.7537537537537538       0.69685335520164016       0.19219793572457314     
   1.7577577577577577       0.68974990318225471       0.18911088297791637     
   1.7617617617617618       0.68252046643185083       0.18602196004469188     
   1.7657657657657657       0.67516504035120584       0.18293119747238676     
   1.7697697697697699       0.66768158972501490       0.17983862582668017     
   1.7737737737737738       0.66007033287072059       0.17674427569114179     
   1.7777777777777777       0.65232918852870292       0.17364817766693028     
   1.7817817817817818       0.64445862157507450       0.17055036237248988     
   1.7857857857857857       0.63645649842717300       0.16745086044324664     
   1.7897897897897899       0.62832355554907726       0.16434970253130635     
   1.7937937937937938       0.62005759960042262       0.16124691930515228     
   1.7977977977977977       0.61165966506984648       0.15814254144934106     
   1.8018018018018018       0.60312749016701461       0.15503659966419786     
   1.8058058058058057       0.59446243526257203       0.15192912466551589     
   1.8098098098098099       0.58566216006411242       0.14882014718424907     
   1.8138138138138138       0.57672838010873573       0.14570969796621130     
   1.8178178178178179       0.56765866508817908       0.14259780777177095     
   1.8218218218218218       0.55845511641513235       0.13948450737554591     
   1.8258258258258258       0.54911520068958919       0.13636982756610005     
   1.8298298298298299       0.53964143732178094       0.13325379914563965     
   1.8338338338338338       0.53003117508410680       0.13013645292970785     
   1.8378378378378379       0.52028738489650117       0.12701781974687870     
   1.8418418418418419       0.51040728121390710       0.12389793043845529     
   1.8458458458458458       0.50039432133374406       0.12077681585816115     
   1.8498498498498499       0.49024556706073835       0.11765450687183837     
   1.8538538538538538       0.47996499824533378       0.11453103435714140     
   1.8578578578578580       0.46954950378411325       0.11140642920322855     
   1.8618618618618619       0.45900362350132912       0.10828072231046192     
   1.8658658658658658       0.44832405112825807       0.10515394459009815     
   1.8698698698698699       0.43751592505041254       0.10202612696398421     
   1.8738738738738738       0.42657571951318013        9.8897300364250137E-002
   1.8778778778778780       0.41550921112133288        9.5767495733004110E-002
   1.8818818818818819       0.40431262819788694        9.2636744022027262E-002
   1.8858858858858858       0.39299242618023789        8.9505076192466795E-002
   1.8898898898898899       0.38154455887781569        8.6372523214528804E-002
   1.8938938938938938       0.36997620199354692        8.3239116067172991E-002
   1.8978978978978980       0.35828300405422625        8.0104885737807094E-002
   1.9019019019019019       0.34647290312270190        7.6969863221979185E-002
   1.9059059059059058       0.33454120949110733        7.3834079523072429E-002
   1.9099099099099099       0.32249666615614597        7.0697565651994948E-002
   1.9139139139139139       0.31033421005549039        6.7560352626878470E-002
   1.9179179179179180       0.29806343196568985        6.4422471472768014E-002
   1.9219219219219219       0.28567885822048922        6.1283953221316440E-002
   1.9259259259259258       0.27319097025962591        5.8144828910476183E-002
   1.9299299299299300       0.26059384449753026        5.5005129584193228E-002
   1.9339339339339339       0.24789889569420809        5.1864886292100981E-002
   1.9379379379379380       0.23509970905580185        4.8724130089211899E-002
   1.9419419419419419       0.22220867479920922        4.5582892035611673E-002
   1.9459459459459461       0.20921884378379155        4.2441203196148525E-002
   1.9499499499499500       0.19614362297307972        3.9299094640131337E-002
   1.9539539539539539       0.18297548405079245        3.6156597441019275E-002
   1.9579579579579580       0.16972889080986742        3.3013742676113601E-002
   1.9619619619619619       0.15639568943631260        2.9870561426253450E-002
   1.9659659659659661       0.14299143903541786        2.6727084775504926E-002
   1.9699699699699700       0.12950731271154720        2.3583343810856781E-002
   1.9739739739739739       0.11596000136104692        2.0439369621911660E-002
   1.9779779779779780       0.10233995636822191        1.7295193300577764E-002
   1.9819819819819819        8.8665034640191556E-002   1.4150845940762258E-002
   1.9859859859859861        7.4924915924427141E-002   1.1006358638064652E-002
   1.9899899899899900        6.1138656021635304E-002   7.8617624894684063E-003
   1.9939939939939939        4.7295108687818596E-002   4.7170885930325071E-003
   1.9979979979979980        3.3414567968043582E-002   1.5723680475848198E-003
   2.0020020020020022        1.9484985836530654E-002  -1.5723680475845747E-003
   2.0060060060060061        5.5279669898912736E-003  -4.7170885930322625E-003
   2.0100100100100100       -8.4695353549707284E-003  -7.8617624894681600E-003
   2.0140140140140139       -2.2484758815961715E-002  -1.1006358638064406E-002
   2.0180180180180178       -3.6529515233797882E-002  -1.4150845940762012E-002
   2.0220220220220222       -5.0582009637935431E-002  -1.7295193300577522E-002
   2.0260260260260261       -6.4652872185591154E-002  -2.0439369621911417E-002
   2.0300300300300300       -7.8721255575994797E-002  -2.3583343810856538E-002
   2.0340340340340339       -9.2796668234157650E-002  -2.6727084775504683E-002
   2.0380380380380378      -0.10685919078409932       -2.9870561426253207E-002
   2.0420420420420422      -0.12091727080772276       -3.3013742676113789E-002
   2.0460460460460461      -0.13495189599525106       -3.6156597441019026E-002
   2.0500500500500500      -0.14897051912527948       -3.9299094640131087E-002
   2.0540540540540539      -0.16295502039202969       -4.2441203196148275E-002
   2.0580580580580579      -0.17691193141105235       -4.5582892035610979E-002
   2.0620620620620622      -0.19082401379227332       -4.8724130089212093E-002
   2.0660660660660661      -0.20469695263335708       -5.1864886292100738E-002
   2.0700700700700700      -0.21851437893586287       -5.5005129584192979E-002
   2.0740740740740740      -0.23228120532231072       -5.8144828910475933E-002
   2.0780780780780779      -0.24598192092988599       -6.1283953221315746E-002
   2.0820820820820822      -0.25962074118071599       -6.4422471472768209E-002
   2.0860860860860861      -0.27318300455775302       -6.7560352626878220E-002
   2.0900900900900901      -0.28667230591633563       -7.0697565651994698E-002
   2.0940940940940940      -0.30007482658006229       -7.3834079523071736E-002
   2.0980980980980979      -0.31339361787162551       -7.6969863221978935E-002
   2.1021021021021022      -0.32661569910834803       -8.0104885737806844E-002
   2.1061061061061062      -0.33974365458026007       -8.3239116067172741E-002
   2.1101101101101101      -0.35276533787324987       -8.6372523214528554E-002
   2.1141141141141140      -0.36568294144956420       -8.9505076192466101E-002
   2.1181181181181179      -0.37848515012320233       -9.2636744022027012E-002
   2.1221221221221223      -0.39117383775978726       -9.5767495733003860E-002
   2.1261261261261262      -0.40373851746085515       -9.8897300364249888E-002
   2.1301301301301301      -0.41618081475035640      -0.10202612696398396     
   2.1341341341341340      -0.42849106714690655      -0.10515394459009790     
   2.1381381381381384      -0.44067071803204444      -0.10828072231046167     
   2.1421421421421423      -0.45271092418238895      -0.11140642920322831     
   2.1461461461461462      -0.46461300956539808      -0.11453103435714115     
   2.1501501501501501      -0.47636894553142295      -0.11765450687183812     
   2.1541541541541540      -0.48797999803568198      -0.12077681585816090     
   2.1581581581581584      -0.49943895021772122      -0.12389793043845504     
   2.1621621621621623      -0.51074706933253455      -0.12701781974687892     
   2.1661661661661662      -0.52189794570499770      -0.13013645292970763     
   2.1701701701701701      -0.53289289858837885      -0.13325379914563942     
   2.1741741741741740      -0.54372631109473990      -0.13636982756609983     
   2.1781781781781784      -0.55439958916283105      -0.13948450737554569     
   2.1821821821821823      -0.56490787966680089      -0.14259780777177072     
   2.1861861861861862      -0.57525269292830061      -0.14570969796621108     
   2.1901901901901901      -0.58542989889109953      -0.14882014718424885     
   2.1941941941941940      -0.59544111899039998      -0.15192912466551567     
   2.1981981981981984      -0.60528290132554408      -0.15503659966419808     
   2.2022022022022023      -0.61495698151155620      -0.15814254144934084     
   2.2062062062062062      -0.62446054248094462      -0.16124691930515206     
   2.2102102102102101      -0.63379543722283704      -0.16434970253130612     
   2.2142142142142140      -0.64295944341768130      -0.16745086044324597     
   2.2182182182182184      -0.65195453477895671      -0.17055036237248966     
   2.2222222222222223      -0.66077904577907820      -0.17364817766693005     
   2.2262262262262262      -0.66943507284451198      -0.17674427569114157     
   2.2302302302302301      -0.67792146980388390      -0.17983862582667995     
   2.2342342342342341      -0.68624045514984655      -0.18293119747238654     
   2.2382382382382384      -0.69439136418008407      -0.18602196004469207     
   2.2422422422422423      -0.70237653366872232      -0.18911088297791614     
   2.2462462462462462      -0.71019574179013445      -0.19219793572457292     
   2.2502502502502502      -0.71785143676462559      -0.19528308775566983     
   2.2542542542542541      -0.72534380052272696      -0.19836630856101248     
   2.2582582582582584      -0.73267538322907166      -0.20144756764950500     
   2.2622622622622623      -0.73984673128282330      -0.20452683454945086     
   2.2662662662662663      -0.74686048511842473      -0.20760407880885542     
   2.2702702702702702      -0.75371751656453512      -0.21067926999572584     
   2.2742742742742741      -0.76042054299493256      -0.21375237769837538     
   2.2782782782782784      -0.76697072329063065      -0.21682337152571909     
   2.2822822822822824      -0.77337083728067968      -0.21989222110757778     
   2.2862862862862863      -0.77962229357055557      -0.22295889609497704     
   2.2902902902902902      -0.78572791927687025      -0.22602336616044871     
   2.2942942942942941      -0.79168933679870401      -0.22908560099832984     
   2.2982982982982985      -0.79750940511547452      -0.23214557032506164     
   2.3023023023023024      -0.80318992618613139      -0.23520324387949024     
   2.3063063063063063      -0.80873377554726023      -0.23825859142316458     
   2.3103103103103102      -0.81414290242846699      -0.24131158274063905     
   2.3143143143143141      -0.81942018405853001      -0.24436218763976694     
   2.3183183183183185      -0.82456768678543935      -0.24741037595200260     
   2.3223223223223224      -0.82958827537123059      -0.25045611753269847     
   2.3263263263263263      -0.83448410540453866      -0.25349938226140445     
   2.3303303303303302      -0.83925801593766025      -0.25654014004216497     
   2.3343343343343341      -0.84391222628164719      -0.25957836080381524     
   2.3383383383383385      -0.84844953760899999      -0.26261401450028221     
   2.3423423423423424      -0.85287220983065282      -0.26564707111087593     
   2.3463463463463463      -0.85718299525031960      -0.26867750064059437     
   2.3503503503503502      -0.86138417364439901      -0.27170527312041259     
   2.3543543543543541      -0.86547843870418495      -0.27473035860758266     
   2.3583583583583585      -0.86946807167968099      -0.27775272718593058     
   2.3623623623623624      -0.87335569917758793      -0.28077234896614911     
   2.3663663663663663      -0.87714358779483270      -0.28378919408609682     
   2.3703703703703702      -0.88083428984661938      -0.28680323271108998     
   2.3743743743743742      -0.88443004331230590      -0.28981443503420068     
   2.3783783783783785      -0.88793332024133709      -0.29282277127655010     
   2.3823823823823824      -0.89134631807057885      -0.29582821168760237     
   2.3863863863863863      -0.89467142378861897      -0.29883072654545989     
   2.3903903903903903      -0.89791078426779158      -0.30183028615715662     
   2.3943943943943946      -0.90106669775071857      -0.30482686085895327     
   2.3983983983983985      -0.90414125228030917      -0.30782042101662760     
   2.4024024024024024      -0.90713665469783089      -0.31081093702577117     
   2.4064064064064064      -0.91005492755861928      -0.31379837931207849     
   2.4104104104104103      -0.91289818458956429      -0.31678271833164234     
   2.4144144144144146      -0.91566837765567066      -0.31976392457124503     
   2.4184184184184185      -0.91836752650774844      -0.32274196854864923     
   2.4224224224224224      -0.92099750842387540      -0.32571682081289072     
   2.4264264264264264      -0.92356024907645873      -0.32868845194456880     
   2.4304304304304303      -0.92605754842154753      -0.33165683255613876     
   2.4344344344344346      -0.92849123861960159      -0.33462193329220136     
   2.4384384384384385      -0.93086304059279412      -0.33758372482979238     
   2.4424424424424425      -0.93317469413733967      -0.34054217787867352     
   2.4464464464464464      -0.93542784032250259      -0.34349726318162288     
   2.4504504504504503      -0.93762412822601482      -0.34644895151472338     
   2.4544544544544546      -0.93976511901628579      -0.34939721368765092     
   2.4584584584584586      -0.94185237311843861      -0.35234202054396457     
   2.4624624624624625      -0.94388737241071219      -0.35528334296139358     
   2.4664664664664664      -0.94587159107946794      -0.35822115185212722     
   2.4704704704704703      -0.94780643287912725      -0.36115541816310109     
   2.4744744744744747      -0.94969328845309064      -0.36408611287628395     
   2.4784784784784786      -0.95153348506052837      -0.36701320700896528     
   2.4824824824824825      -0.95332833271982187      -0.36993667161404292     
   2.4864864864864864      -0.95507908420150023      -0.37285647778030850     
   2.4904904904904903      -0.95678697198534213      -0.37577259663273233     
   2.4944944944944947      -0.95845317666268826      -0.37868499933275035     
   2.4984984984984986      -0.96007885638187196      -0.38159365707854853     
   2.5025025025025025      -0.96166512210062760      -0.38449854110534887     
   2.5065065065065064      -0.96321306092169579      -0.38739962268569306     
   2.5105105105105103      -0.96472371689217651      -0.39029687312972527     
   2.5145145145145147      -0.96619810939703632      -0.39319026378547894     
   2.5185185185185186      -0.96763721842178529      -0.39607976603915657     
   2.5225225225225225      -0.96904199897160959      -0.39896535131541627     
   2.5265265265265264      -0.97041336990105642      -0.40184699107765126     
   2.5305305305305303      -0.97175222515645920      -0.40472465682827302     
   2.5345345345345347      -0.97305942543534629      -0.40759832010899633     
   2.5385385385385386      -0.97433580690598143      -0.41046795250111373     
   2.5425425425425425      -0.97558217509352185      -0.41333352562578402     
   2.5465465465465464      -0.97679931160946065      -0.41619501114430751     
   2.5505505505505504      -0.97798796977441615      -0.41905238075840956     
   2.5545545545545547      -0.97914887978894904      -0.42190560621051959     
   2.5585585585585586      -0.98028274569720386      -0.42475465928404776     
   2.5625625625625625      -0.98139024934622265      -0.42759951180366890     
   2.5665665665665665      -0.98247204837305147      -0.43044013563559802     
   2.5705705705705704      -0.98352877922990578      -0.43327650268786827     
   2.5745745745745747      -0.98456105594210452      -0.43610858491061100     
   2.5785785785785786      -0.98556947241904658      -0.43893635429633066     
   2.5825825825825826      -0.98655460178351040      -0.44175978288018303     
   2.5865865865865865      -0.98751699814151317      -0.44457884274025233     
   2.5905905905905904      -0.98845719632687579      -0.44739350599782673     
   2.5945945945945947      -0.98937571326498708      -0.45020374481767333     
   2.5985985985985987      -0.99027304801166027      -0.45300953140831385     
   2.6026026026026026      -0.99114968281516858      -0.45581083802230121     
   2.6066066066066065      -0.99200608335667328      -0.45860763695649065     
   2.6106106106106104      -0.99284269959038618      -0.46139990055231678     
   2.6146146146146148      -0.99365996611537577      -0.46418760119606622     
   2.6186186186186187      -0.99445830285430425      -0.46697071131914791     
   2.6226226226226226      -0.99523811550422780      -0.46974920339837051     
   2.6266266266266265      -0.99599979609909872      -0.47252304995621180     
   2.6306306306306309      -0.99674372350115292      -0.47529222356109002     
   2.6346346346346348      -0.99747026388048965      -0.47805669682763591     
   2.6386386386386387      -0.99817977121947088      -0.48081644241696481     
   2.6426426426426426      -0.99887258773357257      -0.48357143303694416     
   2.6466466466466465      -0.99954904436952452      -0.48632164144246637     
   2.6506506506506509       -1.0002094611846781      -0.48906704043571703     
   2.6546546546546548       -1.0008541478259132      -0.49180760286644165     
   2.6586586586586587       -1.0014834038795768      -0.49454330163221849     
   2.6626626626626626       -1.0020975193228590      -0.49727410967872404     
   2.6666666666666665       -1.0026967748525284      -0.49999999999999972     
   2.6706706706706709       -1.0032814423039105      -0.50272094563872161     
   2.6746746746746748       -1.0038517849638822      -0.50543691968646454     
   2.6786786786786787       -1.0044080579550441      -0.50814789528396909     
   2.6826826826826826       -1.0049505085364701      -0.51085384562140823     
   2.6866866866866865       -1.0054793764523891      -0.51355474393865141     
   2.6906906906906909       -1.0059948942228474      -0.51625056352552878     
   2.6946946946946948       -1.0064972874573559      -0.51894127772209564     
   2.6986986986986987       -1.0069867751367447      -0.52162685991889768     
   2.7027027027027026       -1.0074635698929575      -0.52430728355723144     
   2.7067067067067065       -1.0079278782828447      -0.52698252212940910     
   2.7107107107107109       -1.0083799010356962      -0.52965254917902060     
   2.7147147147147148       -1.0088198333194176      -0.53231733830119188     
   2.7187187187187187       -1.0092478649575940      -0.53497686314285131     
   2.7227227227227226       -1.0096641806883535      -0.53763109740298709     
   2.7267267267267266       -1.0100689603528106      -0.54028001483290666     
   2.7307307307307309       -1.0104623791468794      -0.54292358923649919     
   2.7347347347347348       -1.0108446077829023      -0.54556179447049191     
   2.7387387387387387       -1.0112158127347231      -0.54819460444470958     
   2.7427427427427427       -1.0115761563741708      -0.55082199312233360     
   2.7467467467467466       -1.0119257972098044      -0.55344393452015828     
   2.7507507507507509       -1.0122648899997584      -0.55606040270884749     
   2.7547547547547548       -1.0125935859846651      -0.55867137181319182     
   2.7587587587587588       -1.0129120329782013      -0.56127681601236501     
   2.7627627627627627       -1.0132203755948099      -0.56387670954017755     
   2.7667667667667666       -1.0135187553190992      -0.56647102668533345     
   2.7707707707707709       -1.0138073107290912      -0.56905974179168384     
   2.7747747747747749       -1.0140861775454406      -0.57164282925847854     
   2.7787787787787788       -1.0143554888510486      -0.57422026354062317     
   2.7827827827827827       -1.0146153751208913      -0.57679201914892952     
   2.7867867867867866       -1.0148659644389189      -0.57935807065036660     
   2.7907907907907910       -1.0151073825091295      -0.58191839266831491     
   2.7947947947947949       -1.0153397528707464      -0.58447295988281489     
   2.7987987987987988       -1.0155631968910217      -0.58702174703081833     
   2.8028028028028027       -1.0157778339797563      -0.58956472890643896     
   2.8068068068068066       -1.0159837815641637      -0.59210188036120082     
   2.8108108108108110       -1.0161811553038602      -0.59463317630428647     
   2.8148148148148149       -1.0163700690479951      -0.59715859170278585     
   2.8188188188188188       -1.0165506350518723      -0.59967810158194468     
   2.8228228228228227       -1.0167229639164357      -0.60219168102540921     
   2.8268268268268266       -1.0168871648077467      -0.60469930517547521     
   2.8308308308308310       -1.0170433453787635      -0.60720094923333168     
   2.8348348348348349       -1.0171916119929374      -0.60969658845930674     
   2.8388388388388388       -1.0173320696281432      -0.61218619817311326     
   2.8428428428428427       -1.0174648221056872      -0.61466975375409216     
   2.8468468468468466       -1.0175899719761052      -0.61714723064145482     
   2.8508508508508510       -1.0177076207549502      -0.61961860433452842     
   2.8548548548548549       -1.0178178687900457      -0.62208385039299596     
   2.8588588588588588       -1.0179208155054631      -0.62454294443713865     
   2.8628628628628627       -1.0180165592497206      -0.62699586214807834     
   2.8668668668668666       -1.0181051975493918      -0.62944257926801550     
   2.8708708708708710       -1.0181868269376204      -0.63188307160047208     
   2.8748748748748749       -1.0182615432188957      -0.63431731501052735     
   2.8788788788788788       -1.0183294412770902      -0.63674528542506048     
   2.8828828828828827       -1.0183906153530127      -0.63916695883298458     
   2.8868868868868871       -1.0184451588310410      -0.64158231128548815     
   2.8908908908908910       -1.0184931645311783      -0.64399131889626826     
   2.8948948948948949       -1.0185347244731715      -0.64639395784176901     
   2.8988988988988988       -1.0185699301849072      -0.64879020436141721     
   2.9029029029029028       -1.0185988724427439      -0.65118003475785557     
   2.9069069069069071       -1.0186216415982008      -0.65356342539717915     
   2.9109109109109110       -1.0186383272930619      -0.65594035270916740     
   2.9149149149149149       -1.0186490188064488      -0.65831079318751873     
   2.9189189189189189       -1.0186538047430456      -0.66067472339008115     
   2.9229229229229228       -1.0186527734028135      -0.66303211993908662     
   2.9269269269269271       -1.0186460122134591      -0.66538295952137938     
   2.9309309309309310       -1.0186336083671095      -0.66772721888864839     
   2.9349349349349350       -1.0186156488191653      -0.67006487485765742     
   2.9389389389389389       -1.0185922200123461      -0.67239590431047236     
   2.9429429429429428       -1.0185634081609491      -0.67472028419469232     
   2.9469469469469471       -1.0185292988359331      -0.67703799152367616     
   2.9509509509509511       -1.0184899775250407      -0.67934900337676973     
   2.9549549549549550       -1.0184455292252210      -0.68165329689953269     
   2.9589589589589589       -1.0183960386104216      -0.68395084930396566     
   2.9629629629629628       -1.0183415900147763      -0.68624163786873338     
   2.9669669669669672       -1.0182822676339107      -0.68852563993939209     
   2.9709709709709711       -1.0182181550591045      -0.69080283292861111     
   2.9749749749749750       -1.0181493358747638      -0.69307319431639702     
   2.9789789789789789       -1.0180758932729437      -0.69533670165031769     
   2.9829829829829828       -1.0179979101319665      -0.69759333254572287     
   2.9869869869869872       -1.0179154691195553      -0.69984306468596547     
   2.9909909909909911       -1.0178286527351093      -0.70208587582262250     
   2.9949949949949950       -1.0177375429877289      -0.70432174377571644     
   2.9989989989989989       -1.0176422219347669      -0.70655064643393228     
   3.0030030030030028       -1.0175427712062983      -0.70877256175483805     
   3.0070070070070072       -1.0174392722303478      -0.71098746776510247     
   3.0110110110110111       -1.0173318062973251      -0.71319534256071015     
   3.0150150150150150       -1.0172204544192682      -0.71539616430718178     
   3.0190190190190189       -1.0171052972817216      -0.71758991123978788     
   3.0230230230230228       -1.0169864156762689      -0.71977656166376336     
   3.0270270270270272       -1.0168638897900242      -0.72195609395452442     
   3.0310310310310311       -1.0167377998624012      -0.72412848655788031     
   3.0350350350350350       -1.0166082259406197      -0.72629371799024711     
   3.0390390390390389       -1.0164752476764565      -0.72845176683886070     
   3.0430430430430429       -1.0163389447102313      -0.73060261176198871     
   3.0470470470470472       -1.0161993964605622      -0.73274623148913987     
   3.0510510510510511       -1.0160566819758154      -0.73488260482127588     
   3.0550550550550550       -1.0159108804356829      -0.73701171063102133     
   3.0590590590590589       -1.0157620704847716      -0.73913352786287101     
   3.0630630630630629       -1.0156103307659619      -0.74124803553339991     
   3.0670670670670672       -1.0154557397896293      -0.74335521273147032     
   3.0710710710710711       -1.0152983756371596      -0.74545503861843621     
   3.0750750750750750       -1.0151383164498562      -0.74754749242835339     
   3.0790790790790790       -1.0149756400468113      -0.74963255346818258     
   3.0830830830830829       -1.0148104239914537      -0.75171020111799314     
   3.0870870870870872       -1.0146427459059151      -0.75378041483116953     
   3.0910910910910911       -1.0144726828678738      -0.75584317413461222     
   3.0950950950950951       -1.0143003120520526      -0.75789845862894101     
   3.0990990990990990       -1.0141257103126038      -0.75994624798869759     
   3.1031031031031029       -1.0139489542277123      -0.76198652196254535     
   3.1071071071071072       -1.0137701204010130      -0.76401926037346968     
   3.1111111111111112       -1.0135892849444321      -0.76604444311897801     
   3.1151151151151151       -1.0134065239749317      -0.76806205017129969     
   3.1191191191191190       -1.0132219133615969      -0.77007206157758090     
   3.1231231231231229       -1.0130355286033148      -0.77207445746008596     
   3.1271271271271273       -1.0128474452871719      -0.77406921801639050     
   3.1311311311311312       -1.0126577384062270      -0.77605632351957909     
   3.1351351351351351       -1.0124664830595782      -0.77803575431843974     
   3.1391391391391390       -1.0122737539233149      -0.78000749083765863     
   3.1431431431431434       -1.0120796254547955      -0.78197151357801342     
   3.1471471471471473       -1.0118841720374818      -0.78392780311656574     
   3.1511511511511512       -1.0116874675233929      -0.78587634010685492     
   3.1551551551551551       -1.0114895858511901      -0.78781710527908644     
   3.1591591591591590       -1.0112906004117401      -0.78975007944032583     
   3.1631631631631634       -1.0110905845055720      -0.79167524347468532     
   3.1671671671671673       -1.0108896111980463      -0.79359257834351493     
   3.1711711711711712       -1.0106877530801219      -0.79550206508559018     
   3.1751751751751751       -1.0104850827868452      -0.79740368481729929     
   3.1791791791791790       -1.0102816722991685      -0.79929741873283011     
   3.1831831831831834       -1.0100775936763449      -0.80118324810435748     
   3.1871871871871873       -1.0098729183840980      -0.80306115428222580     
   3.1911911911911912       -1.0096677177649318      -0.80493111869513456     
   3.1951951951951951       -1.0094620628305753      -0.80679312285032412     
   3.1991991991991990       -1.0092560241593944      -0.80864714833375495     
   3.2032032032032034       -1.0090496722191682      -0.81049317681029209     
   3.2072072072072073       -1.0088430768748531      -0.81233119002388610     
   3.2112112112112112       -1.0086363079473768      -0.81416116979775310     
   3.2152152152152151       -1.0084294346262364      -0.81598309803455449     
   3.2192192192192191       -1.0082225259644817      -0.81779695671657726     
   3.2232232232232234       -1.0080156505389444      -0.81960272790591171     
   3.2272272272272273       -1.0078088765540676      -0.82140039374462503     
   3.2312312312312312       -1.0076022719080102      -0.82318993645494509     
   3.2352352352352352       -1.0073959039731994      -0.82497133833943015     
   3.2392392392392391       -1.0071898398847334      -0.82674458178114651     
   3.2432432432432434       -1.0069841461794735      -0.82850964924384241     
   3.2472472472472473       -1.0067788891610536      -0.83026652327212114     
   3.2512512512512513       -1.0065741345165662      -0.83201518649161355     
   3.2552552552552552       -1.0063699476382197      -0.83375562160915107     
   3.2592592592592591       -1.0061663933675957      -0.83548781141293604     
   3.2632632632632634       -1.0059635361113097      -0.83721173877271049     
   3.2672672672672673       -1.0057614398171331      -0.83892738663992716     
   3.2712712712712713       -1.0055601678847148      -0.84063473804791811     
   3.2752752752752752       -1.0053597832846684      -0.84233377611206173     
   3.2792792792792791       -1.0051603483931948      -0.84402448402995045     
   3.2832832832832834       -1.0049619251349220      -0.84570684508155636     
   3.2872872872872874       -1.0047645748219634      -0.84738084262939606     
   3.2912912912912913       -1.0045683582783937      -0.84904646011869733     
   3.2952952952952952       -1.0043733356989302      -0.85070368107756111     
   3.2992992992992991       -1.0041795667561015      -0.85235248911712369     
   3.3033033033033035       -1.0039871104712845      -0.85399286793172058     
   3.3073073073073074       -1.0037960253070446      -0.85562480129904661     
   3.3113113113113113       -1.0036063690643762      -0.85724827308031681     
   3.3153153153153152       -1.0034181989237265      -0.85886326722042616     
   3.3193193193193191       -1.0032315714236226      -0.86046976774810746     
   3.3233233233233235       -1.0030465424011323      -0.86206775877609132     
   3.3273273273273274       -1.0028631670525783      -0.86365722450126015     
   3.3313313313313313       -1.0026814998337663      -0.86523814920480790     
   3.3353353353353352       -1.0025015945216531      -0.86681051725239255     
   3.3393393393393391       -1.0023235041361003      -0.86837431309429247     
   3.3433433433433435       -1.0021472809669609      -0.86992952126555956     
   3.3473473473473474       -1.0019729765341141      -0.87147612638617244     
   3.3513513513513513       -1.0018006415756795      -0.87301411316118827     
   3.3553553553553552       -1.0016303260428672      -0.87454346638089397     
   3.3593593593593591       -1.0014620790572921      -0.87606417092095756     
   3.3633633633633635       -1.0012959489305657      -0.87757621174257716     
   3.3673673673673674       -1.0011319831014254      -0.87907957389262847     
   3.3713713713713713       -1.0009702281697421      -0.88057424250381433     
   3.3753753753753752       -1.0008107298229554      -0.88206020279481123     
   3.3793793793793796       -1.0006535328762070      -0.88353744007041513     
   3.3833833833833835       -1.0004986811952230      -0.88500593972168740     
   3.3873873873873874       -1.0003462177365978      -0.88646568722609875     
   3.3913913913913913       -1.0001961844722127      -0.88791666814767278     
   3.3953953953953953       -1.0000486224254008      -0.88935886813712972     
   3.3993993993993996      -0.99990357160069177      -0.89079227293202790     
   3.4034034034034035      -0.99976107101248823      -0.89221686835690339     
   3.4074074074074074      -0.99962115862336276      -0.89363264032341194     
   3.4114114114114114      -0.99948387136227723      -0.89503957483046781     
   3.4154154154154153      -0.99934924507423295      -0.89643765796438168     
   3.4194194194194196      -0.99921731452576845      -0.89782687589899912     
   3.4234234234234235      -0.99908811336750869      -0.89920721489583688     
   3.4274274274274275      -0.99896167412678594      -0.90057866130421815     
   3.4314314314314314      -0.99883802818141942      -0.90194120156140900     
   3.4354354354354353      -0.99871720574390654      -0.90329482219275192     
   3.4394394394394396      -0.99859923583859134      -0.90463950981179775     
   3.4434434434434436      -0.99848414628958115      -0.90597525112043964     
   3.4474474474474475      -0.99837196368473402      -0.90730203290904421     
   3.4514514514514514      -0.99826271338805550      -0.90861984205658186     
   3.4554554554554553      -0.99815641946755929      -0.90992866553075646     
   3.4594594594594597      -0.99805310475304043      -0.91122849038813580     
   3.4634634634634636      -0.99795279071697229      -0.91251930377427593     
   3.4674674674674675      -0.99785549756860825      -0.91380109292385281     
   3.4714714714714714      -0.99776124412691869      -0.91507384516078560     
   3.4754754754754753      -0.99767004789409941      -0.91633754789836286     
   3.4794794794794797      -0.99758192495060583      -0.91759218863936631     
   3.4834834834834836      -0.99749689003222952      -0.91883775497619591     
   3.4874874874874875      -0.99741495639763056      -0.92007423459099136     
   3.4914914914914914      -0.99733613594595771      -0.92130161525575383     
   3.4954954954954953      -0.99726043904337036      -0.92251988483246850     
   3.4994994994994997      -0.99718787467519476      -0.92372903127322248     
   3.5035035035035036      -0.99711845025294088      -0.92492904262032472     
   3.5075075075075075      -0.99705217176935801      -0.92611990700642566     
   3.5115115115115114      -0.99698904362016127      -0.92730161265463207     
   3.5155155155155153      -0.99692906873779719      -0.92847414787862559     
   3.5195195195195197      -0.99687224842171740      -0.92963750108277710     
   3.5235235235235236      -0.99681858251640199      -0.93079166076226205     
   3.5275275275275275      -0.99676806913812321      -0.93193661550317375     
   3.5315315315315314      -0.99672070497011389      -0.93307235398263721     
   3.5355355355355353      -0.99667648491206162      -0.93419886496891946     
   3.5395395395395397      -0.99663540241282222      -0.93531613732154262     
   3.5435435435435436      -0.99659744911163684      -0.93642415999139206     
   3.5475475475475475      -0.99656261515735745      -0.93752292202082732     
   3.5515515515515514      -0.99653088890142316      -0.93861241254378924     
   3.5555555555555554      -0.99650225710299400      -0.93969262078590843     
   3.5595595595595597      -0.99647670484584017      -0.94076353606461116     
   3.5635635635635636      -0.99645421540449441      -0.94182514778922477     
   3.5675675675675675      -0.99643477056452789      -0.94287744546108421     
   3.5715715715715715      -0.99641835008652868      -0.94392041867363274     
   3.5755755755755754      -0.99640493241924954      -0.94495405711252811     
   3.5795795795795797      -0.99639449379098688      -0.94597835055574231     
   3.5835835835835836      -0.99638700925088253      -0.94699328887366330     
   3.5875875875875876      -0.99638245153962901      -0.94799886202919548     
   3.5915915915915915      -0.99638079222688858      -0.94899506007785894     
   3.5955955955955954      -0.99638200056492943      -0.94998187316788696     
   3.5995995995995997      -0.99638604481053894      -0.95095929154032532     
   3.6036036036036037      -0.99639289062977932      -0.95192730552912663     
   3.6076076076076076      -0.99640250268017361      -0.95288590556124664     
   3.6116116116116115      -0.99641484317452000      -0.95383508215674029     
   3.6156156156156154      -0.99642987317956166      -0.95477482592885354     
   3.6196196196196198      -0.99644755160063303      -0.95570512758411708     
   3.6236236236236237      -0.99646783572884412      -0.95662597792243798     
   3.6276276276276276      -0.99649068143746700      -0.95753736783719101     
   3.6316316316316315      -0.99651604200796540      -0.95843928831530878     
   3.6356356356356359      -0.99654387053722826      -0.95933173043737030     
   3.6396396396396398      -0.99657411614518088      -0.96021468537768961     
   3.6436436436436437      -0.99660672931084959      -0.96108814440440271     
   3.6476476476476476      -0.99664165499344259      -0.96195209887955480     
   3.6516516516516515      -0.99667884114073224      -0.96280654025918444     
   3.6556556556556559      -0.99671822854759717      -0.96365146009340885     
   3.6596596596596598      -0.99675976274259348      -0.96448685002650714     
   3.6636636636636637      -0.99680338043538108      -0.96531270179700357     
   3.6676676676676676      -0.99684902471867576      -0.96612900723774797     
   3.6716716716716715      -0.99689662857213135      -0.96693575827599820     
   3.6756756756756759      -0.99694613218196637      -0.96773294693349898     
   3.6796796796796798      -0.99699746572424497      -0.96852056532655983     
   3.6836836836836837      -0.99705056561753047      -0.96929860566613557     
   3.6876876876876876      -0.99710536037779007      -0.97006706025790090     
   3.6916916916916915      -0.99716178164268887      -0.97082592150232783     
   3.6956956956956959      -0.99721975770347837      -0.97157518189476044     
   3.6996996996996998      -0.99727921403257724      -0.97231483402548924     
   3.7037037037037037      -0.99734008052583878      -0.97304487057982392     
   3.7077077077077076      -0.99740227487699318      -0.97376528433816678     
   3.7117117117117115      -0.99746573042833153      -0.97447606817608323     
   3.7157157157157159      -0.99753035585288419      -0.97517721506437227     
   3.7197197197197198      -0.99759608913676523      -0.97586871806913611     
   3.7237237237237237      -0.99766282953656682      -0.97655057035184933     
   3.7277277277277276      -0.99773051986694361      -0.97722276516942586     
   3.7317317317317316      -0.99779905100535793      -0.97788529587428519     
   3.7357357357357359      -0.99786836883786778      -0.97853815591441973     
   3.7397397397397398      -0.99793835946545140      -0.97918133883345804     
   3.7437437437437437      -0.99800896714538612      -0.97981483827072935     
   3.7477477477477477      -0.99808007987562897      -0.98043864796132674     
   3.7517517517517516      -0.99815163252020900      -0.98105276173616807     
   3.7557557557557559      -0.99822352504681067      -0.98165717352205806     
   3.7597597597597598      -0.99829567152653487      -0.98225187734174813     
   3.7637637637637638      -0.99836799724214342      -0.98283686731399489     
   3.7677677677677677      -0.99844038194577311      -0.98341213765361879     
   3.7717717717717716      -0.99851279047145003      -0.98397768267156138     
   3.7757757757757759      -0.99858505517537066      -0.98453349677494195     
   3.7797797797797799      -0.99865719236131656      -0.98507957446711136     
   3.7837837837837838      -0.99872897921879022      -0.98561591034770824     
   3.7877877877877877      -0.99880048652942655      -0.98614249911271146     
   3.7917917917917916      -0.99887144132437444      -0.98665933555449192     
   3.7957957957957960      -0.99894195492845106      -0.98716641456186571     
   3.7997997997997999      -0.99901173105665297      -0.98766373112014327     
   3.8038038038038038      -0.99908088084667679      -0.98815128031117960     
   3.8078078078078077      -0.99914914287077095      -0.98862905731342254     
   3.8118118118118116      -0.99921655213781524      -0.98909705740196108     
   3.8158158158158160      -0.99928297843197100      -0.98955527594857173     
   3.8198198198198199      -0.99934826575553160      -0.99000370842176366     
   3.8238238238238238      -0.99941254825681003      -0.99044235038682449     
   3.8278278278278277      -0.99947533297255053      -0.99087119750586350     
   3.8318318318318316      -0.99953717228677830      -0.99129024553785516     
   3.8358358358358360      -0.99959708601689312      -0.99169949033868066     
   3.8398398398398399      -0.99965617977817212      -0.99209892786116838     
   3.8438438438438438      -0.99971288580874518      -0.99248855415513493     
   3.8478478478478477      -0.99976890868643908      -0.99286836536742351     
   3.8518518518518516      -0.99982212962771955      -0.99323835774194280     
   3.8558558558558560      -0.99987470572921155      -0.99359852761970280     
   3.8598598598598599      -0.99992425754343683      -0.99394887143885202     
   3.8638638638638638      -0.99997292944311456      -0.99428938573471282     
   3.8678678678678677       -1.0000187545979780      -0.99462006713981466     
   3.8718718718718717       -1.0000629595364472      -0.99494091238392857     
   3.8758758758758760       -1.0001051446398161      -0.99525191829409909     
   3.8798798798798799       -1.0001442170208494      -0.99555308179467450     
   3.8838838838838838       -1.0001829714548374      -0.99584439990733942     
   3.8878878878878878       -1.0002161994265075      -0.99612586975114281     
   3.8918918918918921       -1.0002517631430101      -0.99639748854252641     
   3.8958958958958960       -1.0002785334987232      -0.99665925359535279     
   3.8998998998998999       -1.0003109800015653      -0.99691116232093191     
   3.9039039039039038       -1.0003310416677331      -0.99715321222804643     
   3.9079079079079078       -1.0003599548053304      -0.99738540092297623     
   3.9119119119119121       -1.0003738063655832      -0.99760772610952264     
   3.9159159159159160       -1.0003978499662949      -0.99782018558903074     
   3.9199199199199199       -1.0004071971396979      -0.99802277726041111     
   3.9239239239239239       -1.0004236785632779      -0.99821549912016083     
   3.9279279279279278       -1.0004318008259812      -0.99839834926238302     
   3.9319319319319321       -1.0004364611621828      -0.99857132587880604     
   3.9359359359359360       -1.0004481724870515      -0.99873442725880057     
   3.9399399399399400       -1.0004356045088632      -0.99888765178939798     
   3.9439439439439439       -1.0004563264588480      -0.99903099795530448     
   3.9479479479479478       -1.0004215627649631      -0.99916446433891781     
   3.9519519519519521       -1.0004549458710088      -0.99928804962034024     
   3.9559559559559561       -1.0003967274353431      -0.99940175257739150     
   3.9599599599599600       -1.0004405090957067      -0.99950557208562174     
   3.9639639639639639       -1.0003661562703747      -0.99959950711832180     
   3.9679679679679678       -1.0004069296259370      -0.99968355674653397     
   3.9719719719719722       -1.0003372951070362      -0.99975772013906072     
   3.9759759759759761       -1.0003468800823061      -0.99982199656247328     
   3.9799799799799800       -1.0003172463282342      -0.99987638538111856     
   3.9839839839839839       -1.0002565145230111      -0.99992088605712559     
   3.9879879879879878       -1.0003058093994253      -0.99995549815041107     
   3.9919919919919922       -1.0001448983606807      -0.99998022131868336     
   3.9959959959959961       -1.0002873491839834      -0.99999505531744570     
   4.0000000000000000       -1.0000000000000000       -1.0000000000000000     
