   0.0000000000000000        1.0000000000000000       0.99999999999999989     
   4.0040040040040040E-003   1.0000745809272775       0.99999505531744592     
   8.0080080080080079E-003  0.99999978055112893       0.99998022131868325     
   1.2012012012012012E-002   1.0001159749659612       0.99995549815041107     
   1.6016016016016016E-002   1.0001328668312086       0.99992088605712559     
   2.0020020020020020E-002   1.0001617381648102       0.99987638538111856     
   2.4024024024024024E-002   1.0002372243936135       0.99982199656247328     
   2.8028028028028028E-002   1.0002231007684463       0.99975772013906072     
   3.2032032032032032E-002   1.0003194809901401       0.99968355674653397     
   3.6036036036036036E-002   1.0002939369302257       0.99959950711832180     
   4.0040040040040040E-002   1.0003848189357649       0.99950557208562174     
   4.4044044044044044E-002   1.0003670824258601       0.99940175257739161     
   4.8048048048048048E-002   1.0004387958838989       0.99928804962034012     
   5.2052052052052052E-002   1.0004360409784301       0.99916446433891792     
   5.6056056056056056E-002   1.0004855378361608       0.99903099795530459     
   6.0060060060060060E-002   1.0004964678378045       0.99888765178939798     
   6.4064064064064064E-002   1.0005269879866123       0.99873442725880068     
   6.8068068068068074E-002   1.0005462781815466       0.99857132587880615     
   7.2072072072072071E-002   1.0005632716885791       0.99839834926238324     
   7.6076076076076082E-002   1.0005849856207172       0.99821549912016094     
   8.0080080080080079E-002   1.0005934776961065       0.99802277726041122     
   8.4084084084084090E-002   1.0006129141787488       0.99782018558903074     
   8.8088088088088087E-002   1.0006163629229365       0.99760772610952264     
   9.2092092092092098E-002   1.0006306119247323       0.99738540092297623     
   9.6096096096096095E-002   1.0006307978954032       0.99715321222804643     
  0.10010010010010011        1.0006385357414906       0.99691116232093191     
  0.10410410410410410        1.0006359615062443       0.99665925359535279     
  0.10810810810810811        1.0006369492829805       0.99639748854252641     
  0.11211211211211211        1.0006313674025895       0.99612586975114281     
  0.11611611611611612        1.0006259446859764       0.99584439990733964     
  0.12012012012012012        1.0006168049355795       0.99555308179467450     
  0.12412412412412413        1.0006055130097280       0.99525191829409887     
  0.12812812812812813        1.0005922567690231       0.99494091238392868     
  0.13213213213213212        1.0005756189528205       0.99462006713981466     
  0.13613613613613615        1.0005578280337766       0.99428938573471282     
  0.14014014014014015        1.0005362557579076       0.99394887143885213     
  0.14414414414414414        1.0005136973637430       0.99359852761970280     
  0.14814814814814814        1.0004874772991046       0.99323835774194291     
  0.15215215215215216        1.0004600891122668       0.99286836536742373     
  0.15615615615615616        1.0004294111821828       0.99248855415513493     
  0.16016016016016016        1.0003972611747813       0.99209892786116838     
  0.16416416416416416        1.0003622593315835       0.99169949033868066     
  0.16816816816816818        1.0003255022998241       0.99129024553785539     
  0.17217217217217218        1.0002862917114592       0.99087119750586361     
  0.17617617617617617        1.0002451334899323       0.99044235038682449     
  0.18018018018018017        1.0002018375954806       0.99000370842176388     
  0.18418418418418420        1.0001565105034311       0.98955527594857196     
  0.18818818818818819        1.0001092767464514       0.98909705740196130     
  0.19219219219219219        1.0000600255199730       0.98862905731342254     
  0.19619619619619619        1.0000090318113146       0.98815128031117949     
  0.20020020020020021       0.99995610732951679       0.98766373112014327     
  0.20420420420420421       0.99990156233347482       0.98716641456186571     
  0.20820820820820821       0.99984522019854105       0.98665933555449203     
  0.21221221221221220       0.99978735993135970       0.98614249911271146     
  0.21621621621621623       0.99972786138977676       0.98561591034770846     
  0.22022022022022023       0.99966694445554527       0.98507957446711159     
  0.22422422422422422       0.99960455814299265       0.98453349677494206     
  0.22822822822822822       0.99954086097049311       0.98397768267156138     
  0.23223223223223224       0.99947586425193335       0.98341213765361868     
  0.23623623623623624       0.99940967675268411       0.98283686731399489     
  0.24024024024024024       0.99934235636618496       0.98225187734174813     
  0.24424424424424424       0.99927397871512491       0.98165717352205828     
  0.24824824824824826       0.99920463067207554       0.98105276173616818     
  0.25225225225225223       0.99913437061824995       0.98043864796132674     
  0.25625625625625625       0.99906329936478866       0.97981483827072957     
  0.26026026026026028       0.99899147041699021       0.97918133883345804     
  0.26426426426426425       0.99891898765837173       0.97853815591441973     
  0.26826826826826827       0.99884590754488656       0.97788529587428519     
  0.27227227227227230       0.99877233060080250       0.97722276516942586     
  0.27627627627627627       0.99869832021319305       0.97655057035184956     
  0.28028028028028029       0.99862397051565455       0.97586871806913633     
  0.28428428428428426       0.99854935267476197       0.97517721506437238     
  0.28828828828828829       0.99847455413647734       0.97447606817608334     
  0.29229229229229231       0.99839965275214748       0.97376528433816700     
  0.29629629629629628       0.99832473021898238       0.97304487057982403     
  0.30030030030030030       0.99824986916216951       0.97231483402548924     
  0.30430430430430433       0.99817514716384825       0.97157518189476044     
  0.30830830830830830       0.99810064925159903       0.97082592150232794     
  0.31231231231231232       0.99802645060717232       0.97006706025790113     
  0.31631631631631629       0.99795263670726453       0.96929860566613568     
  0.32032032032032032       0.99787928144176219       0.96852056532656006     
  0.32432432432432434       0.99780646927296690       0.96773294693349898     
  0.32832832832832831       0.99773427366683731       0.96693575827599854     
  0.33233233233233234       0.99766277689062977       0.96612900723774819     
  0.33633633633633636       0.99759205241156157       0.96531270179700357     
  0.34034034034034033       0.99752217976402191       0.96448685002650714     
  0.34434434434434436       0.99745323222715221       0.96365146009340885     
  0.34834834834834832       0.99738528648014635       0.96280654025918455     
  0.35235235235235235       0.99731841534645449       0.96195209887955491     
  0.35635635635635637       0.99725269250575510       0.96108814440440293     
  0.36036036036036034       0.99718819000886560       0.96021468537768961     
  0.36436436436436437       0.99712497864186422       0.95933173043737041     
  0.36836836836836839       0.99706312910771489       0.95843928831530878     
  0.37237237237237236       0.99700270955340653       0.95753736783719101     
  0.37637637637637639       0.99694378880847145       0.95662597792243798     
  0.38038038038038036       0.99688643252851139       0.95570512758411708     
  0.38438438438438438       0.99683070731450840       0.95477482592885377     
  0.38838838838838841       0.99677667631297728       0.95383508215674051     
  0.39239239239239238       0.99672440367997928       0.95288590556124697     
  0.39639639639639640       0.99667395007182480       0.95192730552912663     
  0.40040040040040042       0.99662537690055264       0.95095929154032544     
  0.40440440440440439       0.99657874238421773       0.94998187316788707     
  0.40840840840840842       0.99653410495236783       0.94899506007785894     
  0.41241241241241239       0.99649152038644007       0.94799886202919548     
  0.41641641641641641       0.99645104404848062       0.94699328887366341     
  0.42042042042042044       0.99641272910357848       0.94597835055574242     
  0.42442442442442441       0.99637662786734993       0.94495405711252856     
  0.42842842842842843       0.99634279072720622       0.94392041867363297     
  0.43243243243243246       0.99631126697043282       0.94287744546108421     
  0.43643643643643643       0.99628210411823204       0.94182514778922499     
  0.44044044044044045       0.99625534834654284       0.94076353606461094     
  0.44444444444444442       0.99623104428068021       0.93969262078590843     
  0.44844844844844844       0.99620923493913405       0.93861241254378935     
  0.45245245245245247       0.99618996200355447       0.93752292202082743     
  0.45645645645645644       0.99617326533174833       0.93642415999139239     
  0.46046046046046046       0.99615918357921907       0.93531613732154295     
  0.46446446446446449       0.99614775348254359       0.93419886496891991     
  0.46846846846846846       0.99613901058412790       0.93307235398263733     
  0.47247247247247248       0.99613298853220633       0.93193661550317397     
  0.47647647647647645       0.99612971970685127       0.93079166076226205     
  0.48048048048048048       0.99612923469309711       0.92963750108277710     
  0.48448448448448450       0.99613156254624302       0.92847414787862570     
  0.48848848848848847       0.99613673080654241       0.92730161265463229     
  0.49249249249249250       0.99614476549786946       0.92611990700642588     
  0.49649649649649652       0.99615569105892543       0.92492904262032505     
  0.50050050050050054       0.99616953040142064       0.92372903127322259     
  0.50450450450450446       0.99618630487271642       0.92251988483246872     
  0.50850850850850848       0.99620603429312782       0.92130161525575405     
  0.51251251251251251       0.99622873692402136       0.92007423459099136     
  0.51651651651651653       0.99625442954482579       0.91883775497619602     
  0.52052052052052056       0.99628312736085656       0.91759218863936653     
  0.52452452452452447       0.99631484410398197       0.91633754789836308     
  0.52852852852852850       0.99634959198502127       0.91507384516078605     
  0.53253253253253252       0.99638738171742647       0.91380109292385314     
  0.53653653653653655       0.99642822254790120       0.91251930377427604     
  0.54054054054054057       0.99647212222333925       0.91122849038813569     
  0.54454454454454460       0.99651908705651748       0.90992866553075669     
  0.54854854854854851       0.99656912188036562       0.90861984205658186     
  0.55255255255255253       0.99662223011643603       0.90730203290904443     
  0.55655655655655656       0.99667841372406474       0.90597525112043986     
  0.56056056056056058       0.99673767329930774       0.90463950981179786     
  0.56456456456456461       0.99680000797946289       0.90329482219275237     
  0.56856856856856852       0.99686541556787278       0.90194120156140967     
  0.57257257257257255       0.99693389245413000       0.90057866130421826     
  0.57657657657657657       0.99700543369529893       0.89920721489583666     
  0.58058058058058060       0.99708003299177772       0.89782687589899912     
  0.58458458458458462       0.99715768271724969       0.89643765796438168     
  0.58858858858858853       0.99723837393620141       0.89503957483046792     
  0.59259259259259256       0.99732209640604763       0.89363264032341216     
  0.59659659659659658       0.99740883861197083       0.89221686835690384     
  0.60060060060060061       0.99749858776145339       0.89079227293202834     
  0.60460460460460463       0.99759132982133847       0.88935886813713039     
  0.60860860860860866       0.99768704951478060       0.88791666814767300     
  0.61261261261261257       0.99778573035456819       0.88646568722609853     
  0.61661661661661660       0.99788735464502076       0.88500593972168740     
  0.62062062062062062       0.99799190351110834       0.88353744007041513     
  0.62462462462462465       0.99809935690424079       0.88206020279481145     
  0.62862862862862867       0.99820969362907397       0.88057424250381455     
  0.63263263263263259       0.99832289135063457       0.87907957389262892     
  0.63663663663663661       0.99843892662134404       0.87757621174257761     
  0.64064064064064064       0.99855777488701014       0.87606417092095823     
  0.64464464464464466       0.99867941051586573       0.87454346638089420     
  0.64864864864864868       0.99880380680250469       0.87301411316118804     
  0.65265265265265260       0.99893093599878424       0.87147612638617244     
  0.65665665665665662       0.99906076931636634       0.86992952126555978     
  0.66066066066066065       0.99919327695835192       0.86837431309429269     
  0.66466466466466467       0.99932842812179923       0.86681051725239278     
  0.66866866866866870       0.99946619102839473       0.86523814920480835     
  0.67267267267267272       0.99960653292851764       0.86365722450126059     
  0.67667667667667664       0.99974942012958778       0.86206775877609154     
  0.68068068068068066       0.99989481800261715       0.86046976774810768     
  0.68468468468468469        1.0000426910074565       0.85886326722042616     
  0.68868868868868871        1.0001930027023516       0.85724827308031681     
  0.69269269269269274        1.0003457157658771       0.85562480129904683     
  0.69669669669669665        1.0005007920090052       0.85399286793172080     
  0.70070070070070067        1.0006581923950058       0.85235248911712413     
  0.70470470470470470        1.0008178770516218       0.85070368107756156     
  0.70870870870870872        1.0009798052925212       0.84904646011869800     
  0.71271271271271275        1.0011439356245120       0.84738084262939628     
  0.71671671671671666        1.0013102257773319       0.84570684508155602     
  0.72072072072072069        1.0014786326972285       0.84402448402995045     
  0.72472472472472471        1.0016491125951705       0.84233377611206173     
  0.72872872872872874        1.0018216209156758       0.84063473804791822     
  0.73273273273273276        1.0019961124150190       0.83892738663992727     
  0.73673673673673679        1.0021725410942932       0.83721173877271082     
  0.74074074074074070        1.0023508603158937       0.83548781141293649     
  0.74474474474474472        1.0025310226984574       0.83375562160915173     
  0.74874874874874875        1.0027129802634631       0.83201518649161366     
  0.75275275275275277        1.0028966843161589       0.83026652327212069     
  0.75675675675675680        1.0030820855715394       0.82850964924384218     
  0.76076076076076071        1.0032691341082356       0.82674458178114663     
  0.76476476476476474        1.0034577793780233       0.82497133833943037     
  0.76876876876876876        1.0036479702769106       0.82318993645494531     
  0.77277277277277279        1.0038396550671891       0.82140039374462548     
  0.77677677677677681        1.0040327814985548       0.81960272790591149     
  0.78078078078078073        1.0042272967075563       0.81779695671657793     
  0.78478478478478475        1.0044231473456209       0.81598309803455460     
  0.78878878878878878        1.0046202794774723       0.81416116979775299     
  0.79279279279279280        1.0048186387019673       0.81233119002388599     
  0.79679679679679682        1.0050181700735843       0.81049317681029232     
  0.80080080080080085        1.0052188181627320       0.80864714833375506     
  0.80480480480480476        1.0054205270973604       0.80679312285032445     
  0.80880880880880879        1.0056232404398044       0.80493111869513490     
  0.81281281281281281        1.0058269014468855       0.80306115428222591     
  0.81681681681681684        1.0060314527403562       0.80118324810435759     
  0.82082082082082086        1.0062368367051016       0.79929741873283022     
  0.82482482482482478        1.0064429951118625       0.79740368481729917     
  0.82882882882882880        1.0066498694830317       0.79550206508558996     
  0.83283283283283283        1.0068574008145921       0.79359257834351515     
  0.83683683683683685        1.0070655297629436       0.79167524347468543     
  0.84084084084084088        1.0072741966427465       0.78975007944032627     
  0.84484484484484490        1.0074833412656192       0.78781710527908688     
  0.84884884884884881        1.0076929032793867       0.78587634010685514     
  0.85285285285285284        1.0079028217499777       0.78392780311656585     
  0.85685685685685686        1.0081130356169037       0.78197151357801298     
  0.86086086086086089        1.0083234833177426       0.78000749083765841     
  0.86486486486486491        1.0085341030409425       0.77803575431843952     
  0.86886886886886883        1.0087448327071420       0.77605632351957921     
  0.87287287287287285        1.0089556097542214       0.77406921801639061     
  0.87687687687687688        1.0091663715999437       0.77207445746008641     
  0.88088088088088090        1.0093770550414738       0.77007206157758135     
  0.88488488488488493        1.0095875969101520       0.76806205017129980     
  0.88888888888888884        1.0097979335172906       0.76604444311897812     
  0.89289289289289286        1.0100080010121604       0.76401926037346957     
  0.89689689689689689        1.0102177353594779       0.76198652196254524     
  0.90090090090090091        1.0104270720602340       0.75994624798869781     
  0.90490490490490494        1.0106359466357637       0.75789845862894112     
  0.90890890890890896        1.0108442941294951       0.75584317413461199     
  0.91291291291291288        1.0110520494814472       0.75378041483116964     
  0.91691691691691690        1.0112591474463459       0.75171020111799358     
  0.92092092092092093        1.0114655223618099       0.74963255346818269     
  0.92492492492492495        1.0116711086533043       0.74754749242835361     
  0.92892892892892898        1.0118758402243013       0.74545503861843632     
  0.93293293293293289        1.0120796509954026       0.74335521273147021     
  0.93693693693693691        1.0122824746419203       0.74124803553340046     
  0.94094094094094094        1.0124842445319284       0.73913352786287123     
  0.94494494494494496        1.0126848940677406       0.73701171063102144     
  0.94894894894894899        1.0128843562465077       0.73488260482127599     
  0.95295295295295290        1.0130825639831782       0.73274623148913998     
  0.95695695695695693        1.0132794501283624       0.73060261176198882     
  0.96096096096096095        1.0134749470935909       0.72845176683886093     
  0.96496496496496498        1.0136689874401821       0.72629371799024722     
  0.96896896896896900        1.0138615033201384       0.72412848655788020     
  0.97297297297297303        1.0140524267994397       0.72195609395452465     
  0.97697697697697694        1.0142416899112841       0.71977656166376347     
  0.98098098098098097        1.0144292243118207       0.71758991123978799     
  0.98498498498498499        1.0146149616486673       0.71539616430718200     
  0.98898898898898902        1.0147988334555880       0.71319534256071038     
  0.99299299299299304        1.0149807709129939       0.71098746776510235     
  0.99699699699699695        1.0151607053056599       0.70877256175483849     
   1.0010010010010011        1.0153385675865727       0.70655064643393239     
   1.0050050050050050        1.0155142885760491       0.70432174377571666     
   1.0090090090090089        1.0156877990808744       0.70208587582262261     
   1.0130130130130131        1.0158590295899546       0.69984306468596524     
   1.0170170170170170        1.0160279104483565       0.69759333254572309     
   1.0210210210210211        1.0161943720656315       0.69533670165031780     
   1.0250250250250250        1.0163583443626401       0.69307319431639725     
   1.0290290290290289        1.0165197573077731       0.69080283292861089     
   1.0330330330330331        1.0166785407311987       0.68852563993939231     
   1.0370370370370370        1.0168346241255348       0.68624163786873360     
   1.0410410410410411        1.0169879368895662       0.68395084930396588     
   1.0450450450450450        1.0171384083716899       0.68165329689953280     
   1.0490490490490489        1.0172859674619541       0.67934900337676996     
   1.0530530530530531        1.0174305430523714       0.67703799152367639     
   1.0570570570570570        1.0175720638320902       0.67472028419469277     
   1.0610610610610611        1.0177104581573957       0.67239590431047247     
   1.0650650650650650        1.0178456541720720       0.67006487485765720     
   1.0690690690690692        1.0179775800095809       0.66772721888864850     
   1.0730730730730731        1.0181061632053146       0.66538295952137927     
   1.0770770770770770        1.0182313312739191       0.66303211993908673     
   1.0810810810810811        1.0183530114299137       0.66067472339008138     
   1.0850850850850851        1.0184711305441625       0.65831079318751895     
   1.0890890890890892        1.0185856151229036       0.65594035270916762     
   1.0930930930930931        1.0186963915445804       0.65356342539717938     
   1.0970970970970970        1.0188033856401411       0.65118003475785569     
   1.1011011011011012        1.0189065230192074       0.64879020436141710     
   1.1051051051051051        1.0190057287208460       0.64639395784176923     
   1.1091091091091092        1.0191009277299874       0.64399131889626848     
   1.1131131131131131        1.0191920441301348       0.64158231128548826     
   1.1171171171171170        1.0192790019530849       0.63916695883298480     
   1.1211211211211212        1.0193617244371622       0.63674528542506059     
   1.1251251251251251        1.0194401346297433       0.63431731501052790     
   1.1291291291291292        1.0195141546181223       0.63188307160047219     
   1.1331331331331331        1.0195837062520752       0.62944257926801572     
   1.1371371371371370        1.0196487105807437       0.62699586214807856     
   1.1411411411411412        1.0197090881226887       0.62454294443713887     
   1.1451451451451451        1.0197647585043681       0.62208385039299618     
   1.1491491491491492        1.0198156407550827       0.61961860433452864     
   1.1531531531531531        1.0198616531238425       0.61714723064145538     
   1.1571571571571571        1.0199027129640410       0.61466975375409227     
   1.1611611611611612        1.0199387367481907       0.61218619817311382     
   1.1651651651651651        1.0199696399810110       0.60969658845930685     
   1.1691691691691692        1.0199953372594583       0.60720094923333146     
   1.1731731731731732        1.0200157420659808       0.60469930517547543     
   1.1771771771771771        1.0200307667567325       0.60219168102540976     
   1.1811811811811812        1.0200403225391990       0.59967810158194490     
   1.1851851851851851        1.0200443192298623       0.59715859170278607     
   1.1891891891891893        1.0200426657743289       0.59463317630428669     
   1.1931931931931932        1.0200352695076036       0.59210188036120104     
   1.1971971971971973        1.0200220360396997       0.58956472890643952     
   1.2012012012012012        1.0200028696397114       0.58702174703081855     
   1.2052052052052051        1.0199776727061620       0.58447295988281511     
   1.2092092092092093        1.0199463460927782       0.58191839266831502     
   1.2132132132132132        1.0199087886124505       0.57935807065036715     
   1.2172172172172173        1.0198648973186197       0.57679201914892964     
   1.2212212212212212        1.0198145670291281       0.57422026354062339     
   1.2252252252252251        1.0197576905743642       0.57164282925847876     
   1.2292292292292293        1.0196941583297898       0.56905974179168362     
   1.2332332332332332        1.0196238584396800       0.56647102668533400     
   1.2372372372372373        1.0195466763490433       0.56387670954017777     
   1.2412412412412412        1.0194624950100464       0.56127681601236523     
   1.2452452452452452        1.0193711944057180       0.55867137181319193     
   1.2492492492492493        1.0192726517443360       0.55606040270884771     
   1.2532532532532532        1.0191667409691527       0.55344393452015839     
   1.2572572572572573        1.0190533329441929       0.55082199312233371     
   1.2612612612612613        1.0189322949458803       0.54819460444470980     
   1.2652652652652652        1.0188034908422579       0.54556179447049202     
   1.2692692692692693        1.0186667805635543       0.54292358923649942     
   1.2732732732732732        1.0185220202758578       0.54028001483290677     
   1.2772772772772774        1.0183690618285672       0.53763109740298687     
   1.2812812812812813        1.0182077529225328       0.53497686314285187     
   1.2852852852852852        1.0180379365335348       0.53231733830119210     
   1.2892892892892893        1.0178594510735610       0.52965254917902038     
   1.2932932932932932        1.0176721297909364       0.52698252212940966     
   1.2972972972972974        1.0174758009218603       0.52430728355723166     
   1.3013013013013013        1.0172702870693326       0.52162685991889790     
   1.3053053053053052        1.0170554053407619       0.51894127772209575     
   1.3093093093093093        1.0168309667090771       0.51625056352552856     
   1.3133133133133132        1.0165967761308998       0.51355474393865164     
   1.3173173173173174        1.0163526318948952       0.51085384562140879     
   1.3213213213213213        1.0160983257131724       0.50814789528396931     
   1.3253253253253254        1.0158336420639038       0.50543691968646431     
   1.3293293293293293        1.0155583582468004       0.50272094563872183     
   1.3333333333333333        1.0152722437288944       0.50000000000000033     
   1.3373373373373374        1.0149750601531762       0.49727410967872421     
   1.3413413413413413        1.0146665606983076       0.49454330163221866     
   1.3453453453453454        1.0143464900278714       0.49180760286644143     
   1.3493493493493494        1.0140145836764929       0.48906704043571680     
   1.3533533533533533        1.0136705679256253       0.48632164144246692     
   1.3573573573573574        1.0133141592302812       0.48357143303694439     
   1.3613613613613613        1.0129450640058075       0.48081644241696458     
   1.3653653653653655        1.0125629781109482       0.47805669682763607     
   1.3693693693693694        1.0121675865290514       0.47529222356109019     
   1.3733733733733733        1.0117585629241603       0.47252304995621203     
   1.3773773773773774        1.0113355691996617       0.46974920339837073     
   1.3813813813813813        1.0108982551444334       0.46697071131914814     
   1.3853853853853855        1.0104462578525297       0.46418760119606600     
   1.3893893893893894        1.0099792014754705       0.46139990055231739     
   1.3933933933933933        1.0094966964884580       0.45860763695649082     
   1.3973973973973974        1.0089983395627171       0.45581083802230099     
   1.4014014014014013        1.0084837126672055       0.45300953140831446     
   1.4054054054054055        1.0079523830707033       0.45020374481767350     
   1.4094094094094094        1.0074039022738601       0.44739350599782696     
   1.4134134134134133        1.0068378061439847       0.44457884274025250     
   1.4174174174174174        1.0062536136810054       0.44175978288018319     
   1.4214214214214214        1.0056508272779390       0.43893635429633082     
   1.4254254254254255        1.0050289313367475       0.43610858491061116     
   1.4294294294294294        1.0043873926335067       0.43327650268786849     
   1.4334334334334333        1.0037256588169619       0.43044013563559824     
   1.4374374374374375        1.0030431588386679       0.42759951180366951     
   1.4414414414414414        1.0023393013891297       0.42475465928404799     
   1.4454454454454455        1.0016134753287480       0.42190560621051937     
   1.4494494494494494        1.0008650481447658       0.41905238075840973     
   1.4534534534534536        1.0000933662876283       0.41619501114430768     
   1.4574574574574575       0.99929775376781182       0.41333352562578418     
   1.4614614614614614       0.99847751226274883       0.41046795250111390     
   1.4654654654654655       0.99763192001738954       0.40759832010899610     
   1.4694694694694694       0.99676023153793947       0.40472465682827363     
   1.4734734734734736       0.99586167701483019       0.40184699107765148     
   1.4774774774774775       0.99493546135997624       0.39896535131541649     
   1.4814814814814814       0.99398076443707450       0.39607976603915679     
   1.4854854854854855       0.99299673912731401       0.39319026378547872     
   1.4894894894894894       0.99198251273114690       0.39029687312972589     
   1.4934934934934936       0.99093718366204109       0.38739962268569328     
   1.4974974974974975       0.98985982447732013       0.38449854110534909     
   1.5015015015015014       0.98874947669933388       0.38159365707854875     
   1.5055055055055055       0.98760515604195265       0.37868499933275013     
   1.5095095095095095       0.98642584474204642       0.37577259663273255     
   1.5135135135135136       0.98521049967425256       0.37285647778030873     
   1.5175175175175175       0.98395804144155297       0.36993667161404314     
   1.5215215215215214       0.98266736621492845       0.36701320700896550     
   1.5255255255255256       0.98133733067937701       0.36408611287628412     
   1.5295295295295295       0.97996676859787302       0.36115541816310132     
   1.5335335335335336       0.97855447053746292       0.35822115185212744     
   1.5375375375375375       0.97709920633921321       0.35528334296139380     
   1.5415415415415414       0.97559969835779314       0.35234202054396474     
   1.5455455455455456       0.97405465122078305       0.34939721368765114     
   1.5495495495495495       0.97246271710454424       0.34644895151472355     
   1.5535535535535536       0.97082253438710620       0.34349726318162310     
   1.5575575575575575       0.96913268325367963       0.34054217787867375     
   1.5615615615615615       0.96739173508637766       0.33758372482979260     
   1.5655655655655656       0.96559819644571698       0.33462193329220158     
   1.5695695695695695       0.96375057129619068       0.33165683255613898     
   1.5735735735735736       0.96184729114727896       0.32868845194456903     
   1.5775775775775776       0.95988679248404918       0.32571682081289088     
   1.5815815815815817       0.95786743057545665       0.32274196854864945     
   1.5855855855855856       0.95578757476047349       0.31976392457124525     
   1.5895895895895895       0.95364550314621688       0.31678271833164295     
   1.5935935935935936       0.95143951868885190       0.31379837931207866     
   1.5975975975975976       0.94916782171352021       0.31081093702577139     
   1.6016016016016017       0.94682865002079153       0.30782042101662782     
   1.6056056056056056       0.94442012586950796       0.30482686085895305     
   1.6096096096096095       0.94194042362843289       0.30183028615715729     
   1.6136136136136137       0.93938758757783458       0.29883072654546011     
   1.6176176176176176       0.93675973090592979       0.29582821168760254     
   1.6216216216216217       0.93405482041185561       0.29282277127655032     
   1.6256256256256256       0.93127091091076619       0.28981443503420135     
   1.6296296296296295       0.92840589266674423       0.28680323271109065     
   1.6336336336336337       0.92545776551179659       0.28378919408609704     
   1.6376376376376376       0.92242434460964240       0.28077234896614933     
   1.6416416416416417       0.91930357880477631       0.27775272718593036     
   1.6456456456456456       0.91609321012456257       0.27473035860758332     
   1.6496496496496496       0.91279114104743997       0.27170527312041282     
   1.6536536536536537       0.90939504299880802       0.26867750064059459     
   1.6576576576576576       0.90590277735501601       0.26564707111087615     
   1.6616616616616617       0.90231194808521231       0.26261401450028199     
   1.6656656656656657       0.89862038138327249       0.25957836080381591     
   1.6696696696696696       0.89482561755942824       0.25654014004216519     
   1.6736736736736737       0.89092545420985825       0.25349938226140467     
   1.6776776776776776       0.88691737247385072       0.25045611753269870     
   1.6816816816816818       0.88279914860574893       0.24741037595200283     
   1.6856856856856857       0.87856820978953265       0.24436218763976714     
   1.6896896896896898       0.87422231886711432       0.24131158274063927     
   1.6936936936936937       0.86975885504470374       0.23825859142316480     
   1.6976976976976976       0.86517557635393016       0.23520324387949043     
   1.7017017017017018       0.86046982079327661       0.23214557032506186     
   1.7057057057057057       0.85563935085521592       0.22908560099833006     
   1.7097097097097098       0.85068147091908941       0.22602336616044894     
   1.7137137137137137       0.84559395787196812       0.22295889609497727     
   1.7177177177177176       0.84037409090168758       0.21989222110757800     
   1.7217217217217218       0.83501967187777171       0.21682337152571932     
   1.7257257257257257       0.82952796407723473       0.21375237769837560     
   1.7297297297297298       0.82389680558379697       0.21067926999572606     
   1.7337337337337337       0.81812345390384578       0.20760407880885565     
   1.7377377377377377       0.81220579519952552       0.20452683454945109     
   1.7417417417417418       0.80614109220424390       0.20144756764950522     
   1.7457457457457457       0.79992729164320564       0.19836630856101312     
   1.7497497497497498       0.79356167332035943       0.19528308775567005     
   1.7537537537537538       0.78704225761678559       0.19219793572457314     
   1.7577577577577577       0.78036635407434241       0.18911088297791637     
   1.7617617617617618       0.77353207041906236       0.18602196004469188     
   1.7657657657657657       0.76653675938855226       0.18293119747238676     
   1.7697697697697699       0.75937863032800657       0.17983862582668017     
   1.7737737737737738       0.75205509337354470       0.17674427569114179     
   1.7777777777777777       0.74456447433888384       0.17364817766693028     
   1.7817817817817818       0.73690425564788531       0.17055036237248988     
   1.7857857857857857       0.72907289499882044       0.16745086044324664     
   1.7897897897897899       0.72106796260692907       0.16434970253130635     
   1.7937937937937938       0.71288806403100158       0.16124691930515228     
   1.7977977977977977       0.70453087330948694       0.15814254144934106     
   1.8018018018018018       0.69599516039275899       0.15503659966419786     
   1.8058058058058057       0.68727871960162767       0.15192912466551589     
   1.8098098098098099       0.67838050236137648       0.14882014718424907     
   1.8138138138138138       0.66929844004572403       0.14570969796621130     
   1.8178178178178179       0.66003168318958949       0.14259780777177095     
   1.8218218218218218       0.65057831717024828       0.13948450737554591     
   1.8258258258258258       0.64093770981940001       0.13636982756610005     
   1.8298298298298299       0.63110811750173146       0.13325379914563965     
   1.8338338338338338       0.62108914408798532       0.13013645292970785     
   1.8378378378378379       0.61087923378466702       0.12701781974687870     
   1.8418418418418419       0.60047824580305120       0.12389793043845529     
   1.8458458458458458       0.58988482873792603       0.12077681585816115     
   1.8498498498498499       0.57909911700694683       0.11765450687183837     
   1.8538538538538538       0.56811997963733996       0.11453103435714140     
   1.8578578578578580       0.55694784668907016       0.11140642920322855     
   1.8618618618618619       0.54558182295343938       0.10828072231046192     
   1.8658658658658658       0.53402265514448832       0.10515394459009815     
   1.8698698698698699       0.52226969821074221       0.10202612696398421     
   1.8738738738738738       0.51032403711310914        9.8897300364250137E-002
   1.8778778778778780       0.49818529017037677        9.5767495733004110E-002
   1.8818818818818819       0.48585490276805027        9.2636744022027262E-002
   1.8858858858858858       0.47333276837100002        8.9505076192466795E-002
   1.8898898898898899       0.46062071555386397        8.6372523214528804E-002
   1.8938938938938938       0.44771892299377986        8.3239116067172991E-002
   1.8978978978978980       0.43462962580482617        8.0104885737807094E-002
   1.9019019019019019       0.42135329594545345        7.6969863221979185E-002
   1.9059059059059058       0.40789259900038821        7.3834079523072429E-002
   1.9099099099099099       0.39424830597895988        7.0697565651994948E-002
   1.9139139139139139       0.38042353743892310        6.7560352626878470E-002
   1.9179179179179180       0.36641936659367436        6.4422471472768014E-002
   1.9219219219219219       0.35223939403186633        6.1283953221316440E-002
   1.9259259259259258       0.33788499537664890        5.8144828910476183E-002
   1.9299299299299300       0.32336027683810487        5.5005129584193228E-002
   1.9339339339339339       0.30866691336234570        5.1864886292100981E-002
   1.9379379379379380       0.29380954287283412        4.8724130089211899E-002
   1.9419419419419419       0.27879013290100502        4.5582892035611673E-002
   1.9459459459459461       0.26361387963603949        4.2441203196148525E-002
   1.9499499499499500       0.24828303243502364        3.9299094640131337E-002
   1.9539539539539539       0.23280337271327436        3.6156597441019275E-002
   1.9579579579579580       0.21717741648863648        3.3013742676113601E-002
   1.9619619619619619       0.20141155770567826        2.9870561426253450E-002
   1.9659659659659661       0.18550855907910435        2.6727084775504926E-002
   1.9699699699699700       0.16947545464800556        2.3583343810856781E-002
   1.9739739739739739       0.15331522865606415        2.0439369621911660E-002
   1.9779779779779780       0.13703558298235693        1.7295193300577764E-002
   1.9819819819819819       0.12063969253884697        1.4150845940762258E-002
   1.9859859859859861       0.10413595517267855        1.1006358638064652E-002
   1.9899899899899900        8.7527698381988664E-002   7.8617624894684063E-003
   1.9939939939939939        7.0824047772187371E-002   4.7170885930325071E-003
   1.9979979979979980        5.4028428358777039E-002   1.5723680475848198E-003
   2.0020020020020022        3.7150752143957758E-002  -1.5723680475845747E-003
   2.0060060060060061        2.0194413719380924E-002  -4.7170885930322625E-003
   2.0100100100100100        3.1703266080241621E-003  -7.8617624894681600E-003
   2.0140140140140139       -1.3918637951484210E-002  -1.1006358638064406E-002
   2.0180180180180178       -3.1059635417338208E-002  -1.4150845940762012E-002
   2.0220220220220222       -4.8249027453392483E-002  -1.7295193300577522E-002
   2.0260260260260261       -6.5474034639144141E-002  -2.0439369621911417E-002
   2.0300300300300300       -8.2730304088683135E-002  -2.3583343810856538E-002
   2.0340340340340339      -0.10000509709320093       -2.6727084775504683E-002
   2.0380380380380378      -0.11729340183865843       -2.9870561426253207E-002
   2.0420420420420422      -0.13458252764707479       -3.3013742676113789E-002
   2.0460460460460461      -0.15186688317488917       -3.6156597441019026E-002
   2.0500500500500500      -0.16913384405051396       -3.9299094640131087E-002
   2.0540540540540539      -0.18637731075774872       -4.2441203196148275E-002
   2.0580580580580579      -0.20358474089115125       -4.5582892035610979E-002
   2.0620620620620622      -0.22074959751907997       -4.8724130089212093E-002
   2.0660660660660661      -0.23785944563891237       -5.1864886292100738E-002
   2.0700700700700700      -0.25490738815016367       -5.5005129584192979E-002
   2.0740740740740740      -0.27188113293169597       -5.8144828910475933E-002
   2.0780780780780779      -0.28877350519440681       -6.1283953221315746E-002
   2.0820820820820822      -0.30557240103028804       -6.4422471472768209E-002
   2.0860860860860861      -0.32227045750278488       -6.7560352626878220E-002
   2.0900900900900901      -0.33885581545619903       -7.0697565651994698E-002
   2.0940940940940940      -0.35532102038865587       -7.3834079523071736E-002
   2.0980980980980979      -0.37165452335123794       -7.6969863221978935E-002
   2.1021021021021022      -0.38784887898087811       -8.0104885737806844E-002
   2.1061061061061062      -0.40389292005444072       -8.3239116067172741E-002
   2.1101101101101101      -0.41977931373248428       -8.6372523214528554E-002
   2.1141141141141140      -0.43549735146258922       -8.9505076192466101E-002
   2.1181181181181179      -0.45103991911894747       -9.2636744022027012E-002
   2.1221221221221223      -0.46639684893196937       -9.5767495733003860E-002
   2.1261261261261262      -0.48156135391766020       -9.8897300364249888E-002
   2.1301301301301301      -0.49652389292088811      -0.10202612696398396     
   2.1341341341341340      -0.51127811496073283      -0.10515394459009790     
   2.1381381381381384      -0.52581519263955134      -0.10828072231046167     
   2.1421421421421423      -0.54012931781556706      -0.11140642920322831     
   2.1461461461461462      -0.55421246251259138      -0.11453103435714115     
   2.1501501501501501      -0.56805946344764480      -0.11765450687183812     
   2.1541541541541540      -0.58166317299947934      -0.12077681585816090     
   2.1581581581581584      -0.59501916643253183      -0.12389793043845504     
   2.1621621621621623      -0.60812124869309647      -0.12701781974687892     
   2.1661661661661662      -0.62096581522560557      -0.13013645292970763     
   2.1701701701701701      -0.63354768407496320      -0.13325379914563942     
   2.1741741741741740      -0.64586413917672503      -0.13636982756609983     
   2.1781781781781784      -0.65791106071566241      -0.13948450737554569     
   2.1821821821821823      -0.66968667689584382      -0.14259780777177072     
   2.1861861861861862      -0.68118796675417714      -0.14570969796621108     
   2.1901901901901901      -0.69241414164507442      -0.14882014718424885     
   2.1941941941941940      -0.70336329474881509      -0.15192912466551567     
   2.1981981981981984      -0.71403562983821478      -0.15503659966419808     
   2.2022022022022023      -0.72443033445102611      -0.15814254144934084     
   2.2062062062062062      -0.73454857384839189      -0.16124691930515206     
   2.2102102102102101      -0.74439057073021186      -0.16434970253130612     
   2.2142142142142140      -0.75395838434926654      -0.16745086044324597     
   2.2182182182182184      -0.76325318466732939      -0.17055036237248966     
   2.2222222222222223      -0.77227783620180279      -0.17364817766693005     
   2.2262262262262262      -0.78103435600362836      -0.17674427569114157     
   2.2302302302302301      -0.78952631856070243      -0.17983862582667995     
   2.2342342342342341      -0.79775648645189112      -0.18293119747238654     
   2.2382382382382384      -0.80572904903819531      -0.18602196004469207     
   2.2422422422422423      -0.81344741457415615      -0.18911088297791614     
   2.2462462462462462      -0.82091629315642367      -0.19219793572457292     
   2.2502502502502502      -0.82813964010314323      -0.19528308775566983     
   2.2542542542542541      -0.83512259250912924      -0.19836630856101248     
   2.2582582582582584      -0.84186955517595430      -0.20144756764950500     
   2.2622622622622623      -0.84838599938487103      -0.20452683454945086     
   2.2662662662662663      -0.85467668395355256      -0.20760407880885542     
   2.2702702702702702      -0.86074732409212751      -0.21067926999572584     
   2.2742742742742741      -0.86660294110412883      -0.21375237769837538     
   2.2782782782782784      -0.87224940841434562      -0.21682337152571909     
   2.2822822822822824      -0.87769192408339702      -0.21989222110757778     
   2.2862862862862863      -0.88293644037092556      -0.22295889609497704     
   2.2902902902902902      -0.88798825368270640      -0.22602336616044871     
   2.2942942942942941      -0.89285332341765011      -0.22908560099832984     
   2.2982982982982985      -0.89753697426846391      -0.23214557032506164     
   2.3023023023023024      -0.90204510961761053      -0.23520324387949024     
   2.3063063063063063      -0.90638302129904480      -0.23825859142316458     
   2.3103103103103102      -0.91055650245685194      -0.24131158274063905     
   2.3143143143143141      -0.91457075996919124      -0.24436218763976694     
   2.3183183183183185      -0.91843143145326445      -0.24741037595200260     
   2.3223223223223224      -0.92214359557328174      -0.25045611753269847     
   2.3263263263263263      -0.92571269775013976      -0.25349938226140445     
   2.3303303303303302      -0.92914365354204675      -0.25654014004216497     
   2.3343343343343341      -0.93244168757652679      -0.25957836080381524     
   2.3383383383383385      -0.93561152512365575      -0.26261401450028221     
   2.3423423423423424      -0.93865814878951437      -0.26564707111087593     
   2.3463463463463463      -0.94158607331524369      -0.26867750064059437     
   2.3503503503503502      -0.94440002463221062      -0.27170527312041259     
   2.3543543543543541      -0.94710429283142861      -0.27473035860758266     
   2.3583583583583585      -0.94970333825988029      -0.27775272718593058     
   2.3623623623623624      -0.95220121752867737      -0.28077234896614911     
   2.3663663663663663      -0.95460212140780087      -0.28378919408609682     
   2.3703703703703702      -0.95690986868988182      -0.28680323271108998     
   2.3743743743743742      -0.95912838070071005      -0.28981443503420068     
   2.3783783783783785      -0.96126123781836548      -0.29282277127655010     
   2.3823823823823824      -0.96331209544640573      -0.29582821168760237     
   2.3863863863863863      -0.96528429801211568      -0.29883072654545989     
   2.3903903903903903      -0.96718124123928273      -0.30183028615715662     
   2.3943943943943946      -0.96900603851855971      -0.30482686085895327     
   2.3983983983983985      -0.97076183426188301      -0.30782042101662760     
   2.4024024024024024      -0.97245151765354720      -0.31081093702577117     
   2.4064064064064064      -0.97407799176678034      -0.31379837931207849     
   2.4104104104104103      -0.97564392986477810      -0.31678271833164234     
   2.4144144144144146      -0.97715200481287012      -0.31976392457124503     
   2.4184184184184185      -0.97860468330096351      -0.32274196854864923     
   2.4224224224224224      -0.98000441989574738      -0.32571682081289072     
   2.4264264264264264      -0.98135348479452555      -0.32868845194456880     
   2.4304304304304303      -0.98265412663646945      -0.33165683255613876     
   2.4344344344344346      -0.98390842966625180      -0.33462193329220136     
   2.4384384384384385      -0.98511844916822211      -0.33758372482979238     
   2.4424424424424425      -0.98628609420938262      -0.34054217787867352     
   2.4464464464464464      -0.98741323928293656      -0.34349726318162288     
   2.4504504504504503      -0.98850162910656680      -0.34644895151472338     
   2.4544544544544546      -0.98955296976967733      -0.34939721368765092     
   2.4584584584584586      -0.99056885237732084      -0.35234202054396457     
   2.4624624624624625      -0.99155082669600692      -0.35528334296139358     
   2.4664664664664664      -0.99250034074910065      -0.35822115185212722     
   2.4704704704704703      -0.99341879965613433      -0.36115541816310109     
   2.4744744744744747      -0.99430751859594835      -0.36408611287628395     
   2.4784784784784786      -0.99516776923998329      -0.36701320700896528     
   2.4824824824824825      -0.99600074379959058      -0.36993667161404292     
   2.4864864864864864      -0.99680759116992745      -0.37285647778030850     
   2.4904904904904903      -0.99758939006340841      -0.37577259663273233     
   2.4944944944944947      -0.99834717671163220      -0.37868499933275035     
   2.4984984984984986      -0.99908192535456786      -0.38159365707854853     
   2.5025025025025025      -0.99979456909652720      -0.38449854110534887     
   2.5065065065065064       -1.0004859862679856      -0.38739962268569306     
   2.5105105105105103       -1.0011570158000855      -0.39029687312972527     
   2.5145145145145147       -1.0018084482015774      -0.39319026378547894     
   2.5185185185185186       -1.0024410366059207      -0.39607976603915657     
   2.5225225225225225       -1.0030554913089764      -0.39896535131541627     
   2.5265265265265264       -1.0036524874540231      -0.40184699107765126     
   2.5305305305305303       -1.0042326622565292      -0.40472465682827302     
   2.5345345345345347       -1.0047966201251224      -0.40759832010899633     
   2.5385385385385386       -1.0053449318586376      -0.41046795250111373     
   2.5425425425425425       -1.0058781378545900      -0.41333352562578402     
   2.5465465465465464       -1.0063967487016978      -0.41619501114430751     
   2.5505505505505504       -1.0069012470006731      -0.41905238075840956     
   2.5545545545545547       -1.0073920888938745      -0.42190560621051959     
   2.5585585585585586       -1.0078697049148930      -0.42475465928404776     
   2.5625625625625625       -1.0083345020974581      -0.42759951180366890     
   2.5665665665665665       -1.0087868641787718      -0.43044013563559802     
   2.5705705705705704       -1.0092271540139701      -0.43327650268786827     
   2.5745745745745747       -1.0096557133818287      -0.43610858491061100     
   2.5785785785785786       -1.0100728655006586      -0.43893635429633066     
   2.5825825825825826       -1.0104789146221864      -0.44175978288018303     
   2.5865865865865865       -1.0108741485015063      -0.44457884274025233     
   2.5905905905905904       -1.0112588379139504      -0.44739350599782673     
   2.5945945945945947       -1.0116332389772711      -0.45020374481767333     
   2.5985985985985987       -1.0119975926855798      -0.45300953140831385     
   2.6026026026026026       -1.0123521270179008      -0.45581083802230121     
   2.6066066066066065       -1.0126970565512787      -0.45860763695649065     
   2.6106106106106104       -1.0130325843176504      -0.46139990055231678     
   2.6146146146146148       -1.0133589015336222      -0.46418760119606622     
   2.6186186186186187       -1.0136761891886350      -0.46697071131914791     
   2.6226226226226226       -1.0139846179104404      -0.46974920339837051     
   2.6266266266266265       -1.0142843492829248      -0.47252304995621180     
   2.6306306306306309       -1.0145755358529069      -0.47529222356109002     
   2.6346346346346348       -1.0148583221868057      -0.47805669682763591     
   2.6386386386386387       -1.0151328450150083      -0.48081644241696481     
   2.6426426426426426       -1.0153992340437805      -0.48357143303694416     
   2.6466466466466465       -1.0156576122272971      -0.48632164144246637     
   2.6506506506506509       -1.0159080963555152      -0.48906704043571703     
   2.6546546546546548       -1.0161507974403230      -0.49180760286644165     
   2.6586586586586587       -1.0163858211022561      -0.49454330163221849     
   2.6626626626626626       -1.0166132680554580      -0.49727410967872404     
   2.6666666666666665       -1.0168332343166215      -0.49999999999999972     
   2.6706706706706709       -1.0170458117731234      -0.50272094563872161     
   2.6746746746746748       -1.0172510882369066      -0.50543691968646454     
   2.6786786786786787       -1.0174491480807848      -0.50814789528396909     
   2.6826826826826826       -1.0176400721585106      -0.51085384562140823     
   2.6866866866866865       -1.0178239384955623      -0.51355474393865141     
   2.6906906906906909       -1.0180008220946437      -0.51625056352552878     
   2.6946946946946948       -1.0181707956689778      -0.51894127772209564     
   2.6986986986986987       -1.0183339293502314      -0.52162685991889768     
   2.7027027027027026       -1.0184902914542311      -0.52430728355723144     
   2.7067067067067065       -1.0186399481059694      -0.52698252212940910     
   2.7107107107107109       -1.0187829640295682      -0.52965254917902060     
   2.7147147147147148       -1.0189194021027363      -0.53231733830119188     
   2.7187187187187187       -1.0190493241646754      -0.53497686314285131     
   2.7227227227227226       -1.0191727905101626      -0.53763109740298709     
   2.7267267267267266       -1.0192898607108014      -0.54028001483290666     
   2.7307307307307309       -1.0194005930569707      -0.54292358923649919     
   2.7347347347347348       -1.0195050453892627      -0.54556179447049191     
   2.7387387387387387       -1.0196032744948880      -0.54819460444470958     
   2.7427427427427427       -1.0196953369473127      -0.55082199312233360     
   2.7467467467467466       -1.0197812884623736      -0.55344393452015828     
   2.7507507507507509       -1.0198611847449832      -0.55606040270884749     
   2.7547547547547548       -1.0199350808092023      -0.55867137181319182     
   2.7587587587587588       -1.0200030318314006      -0.56127681601236501     
   2.7627627627627627       -1.0200650924379326      -0.56387670954017755     
   2.7667667667667666       -1.0201213175642745      -0.56647102668533345     
   2.7707707707707709       -1.0201717617137323      -0.56905974179168384     
   2.7747747747747749       -1.0202164798218112      -0.57164282925847854     
   2.7787787787787788       -1.0202555264896169      -0.57422026354062317     
   2.7827827827827827       -1.0202889568520195      -0.57679201914892952     
   2.7867867867867866       -1.0203168257900921      -0.57935807065036660     
   2.7907907907907910       -1.0203391888004754      -0.58191839266831491     
   2.7947947947947949       -1.0203561011923901      -0.58447295988281489     
   2.7987987987987988       -1.0203676189539248      -0.58702174703081833     
   2.8028028028028027       -1.0203737979409262      -0.58956472890643896     
   2.8068068068068066       -1.0203746947336583      -0.59210188036120082     
   2.8108108108108110       -1.0203703658272947      -0.59463317630428647     
   2.8148148148148149       -1.0203608679484635      -0.59715859170278585     
   2.8188188188188188       -1.0203462588172405      -0.59967810158194468     
   2.8228228228228227       -1.0203265959018055      -0.60219168102540921     
   2.8268268268268266       -1.0203019376813225      -0.60469930517547521     
   2.8308308308308310       -1.0202723423602635      -0.60720094923333168     
   2.8348348348348349       -1.0202378691700786      -0.60969658845930674     
   2.8388388388388388       -1.0201985772172335      -0.61218619817311326     
   2.8428428428428427       -1.0201545264817318      -0.61466975375409216     
   2.8468468468468466       -1.0201057768350659      -0.61714723064145482     
   2.8508508508508510       -1.0200523890061013      -0.61961860433452842     
   2.8548548548548549       -1.0199944237755938      -0.62208385039299596     
   2.8588588588588588       -1.0199319426445428      -0.62454294443713865     
   2.8628628628628627       -1.0198650071185866      -0.62699586214807834     
   2.8668668668668666       -1.0197936794201488      -0.62944257926801550     
   2.8708708708708710       -1.0197180219431237      -0.63188307160047208     
   2.8748748748748749       -1.0196380976284889      -0.63431731501052735     
   2.8788788788788788       -1.0195539695366758      -0.63674528542506048     
   2.8828828828828827       -1.0194657012847090      -0.63916695883298458     
   2.8868868868868871       -1.0193733567881382      -0.64158231128548815     
   2.8908908908908910       -1.0192770002591451      -0.64399131889626826     
   2.8948948948948949       -1.0191766961987225      -0.64639395784176901     
   2.8988988988988988       -1.0190725095348532      -0.64879020436141721     
   2.9029029029029028       -1.0189645054300296      -0.65118003475785557     
   2.9069069069069071       -1.0188527493338211      -0.65356342539717915     
   2.9109109109109110       -1.0187373069042500      -0.65594035270916740     
   2.9149149149149149       -1.0186182443459662      -0.65831079318751873     
   2.9189189189189189       -1.0184956277259196      -0.66067472339008115     
   2.9229229229229228       -1.0183695236664467      -0.66303211993908662     
   2.9269269269269271       -1.0182399988699442      -0.66538295952137938     
   2.9309309309309310       -1.0181071203722338      -0.66772721888864839     
   2.9349349349349350       -1.0179709552163054      -0.67006487485765742     
   2.9389389389389389       -1.0178315709163515      -0.67239590431047236     
   2.9429429429429428       -1.0176890349505823      -0.67472028419469232     
   2.9469469469469471       -1.0175434150752058      -0.67703799152367616     
   2.9509509509509511       -1.0173947791312414      -0.67934900337676973     
   2.9549549549549550       -1.0172431952873888      -0.68165329689953269     
   2.9589589589589589       -1.0170887315463810      -0.68395084930396566     
   2.9629629629629628       -1.0169314563349661      -0.68624163786873338     
   2.9669669669669672       -1.0167714380339705      -0.68852563993939209     
   2.9709709709709711       -1.0166087451402595      -0.69080283292861111     
   2.9749749749749750       -1.0164434462287981      -0.69307319431639702     
   2.9789789789789789       -1.0162756100987222      -0.69533670165031769     
   2.9829829829829828       -1.0161053053254421      -0.69759333254572287     
   2.9869869869869872       -1.0159326008456293      -0.69984306468596547     
   2.9909909909909911       -1.0157575654529007      -0.70208587582262250     
   2.9949949949949950       -1.0155802680068933      -0.70432174377571644     
   2.9989989989989989       -1.0154007774179179      -0.70655064643393228     
   3.0030030030030028       -1.0152191626426290      -0.70877256175483805     
   3.0070070070070072       -1.0150354924612490      -0.71098746776510247     
   3.0110110110110111       -1.0148498359269786      -0.71319534256071015     
   3.0150150150150150       -1.0146622617956744      -0.71539616430718178     
   3.0190190190190189       -1.0144728389233058      -0.71758991123978788     
   3.0230230230230228       -1.0142816361853995      -0.71977656166376336     
   3.0270270270270272       -1.0140887222385420      -0.72195609395452442     
   3.0310310310310311       -1.0138941657533815      -0.72412848655788031     
   3.0350350350350350       -1.0136980354709526      -0.72629371799024711     
   3.0390390390390389       -1.0135003997319803      -0.72845176683886070     
   3.0430430430430429       -1.0133013271096103      -0.73060261176198871     
   3.0470470470470472       -1.0131008858771322      -0.73274623148913987     
   3.0510510510510511       -1.0128991442132800      -0.73488260482127588     
   3.0550550550550550       -1.0126961703034325      -0.73701171063102133     
   3.0590590590590589       -1.0124920320236057      -0.73913352786287101     
   3.0630630630630629       -1.0122867971840526      -0.74124803553339991     
   3.0670670670670672       -1.0120805335714227      -0.74335521273147032     
   3.0710710710710711       -1.0118733085199390      -0.74545503861843621     
   3.0750750750750750       -1.0116651895158271      -0.74754749242835339     
   3.0790790790790790       -1.0114562436308103      -0.74963255346818258     
   3.0830830830830829       -1.0112465378260020      -0.75171020111799314     
   3.0870870870870872       -1.0110361389549081      -0.75378041483116953     
   3.0910910910910911       -1.0108251134670767      -0.75584317413461222     
   3.0950950950950951       -1.0106135277717079      -0.75789845862894101     
   3.0990990990990990       -1.0104014480000820      -0.75994624798869759     
   3.1031031031031029       -1.0101889399391841      -0.76198652196254535     
   3.1071071071071072       -1.0099760693734208      -0.76401926037346968     
   3.1111111111111112       -1.0097629015210989      -0.76604444311897801     
   3.1151151151151151       -1.0095495016087424      -0.76806205017129969     
   3.1191191191191190       -1.0093359344477404      -0.77007206157758090     
   3.1231231231231229       -1.0091222645493381      -0.77207445746008596     
   3.1271271271271273       -1.0089085562800366      -0.77406921801639050     
   3.1311311311311312       -1.0086948734789198      -0.77605632351957909     
   3.1351351351351351       -1.0084812798869378      -0.77803575431843974     
   3.1391391391391390       -1.0082678387975275      -0.78000749083765863     
   3.1431431431431434       -1.0080546131640076      -0.78197151357801342     
   3.1471471471471473       -1.0078416657457894      -0.78392780311656574     
   3.1511511511511512       -1.0076290586909917      -0.78587634010685492     
   3.1551551551551551       -1.0074168540952932      -0.78781710527908644     
   3.1591591591591590       -1.0072051133788253      -0.78975007944032583     
   3.1631631631631634       -1.0069938978004995      -0.79167524347468532     
   3.1671671671671673       -1.0067832681474602      -0.79359257834351493     
   3.1711711711711712       -1.0065732847389361      -0.79550206508559018     
   3.1751751751751751       -1.0063640076372340      -0.79740368481729929     
   3.1791791791791790       -1.0061554962662704      -0.79929741873283011     
   3.1831831831831834       -1.0059478098371486      -0.80118324810435748     
   3.1871871871871873       -1.0057410069196668      -0.80306115428222580     
   3.1911911911911912       -1.0055351457436079      -0.80493111869513456     
   3.1951951951951951       -1.0053302840562812      -0.80679312285032412     
   3.1991991991991990       -1.0051264790333245      -0.80864714833375495     
   3.2032032032032034       -1.0049237875152945      -0.81049317681029209     
   3.2072072072072073       -1.0047222656337926      -0.81233119002388610     
   3.2112112112112112       -1.0045219692301635      -0.81416116979775310     
   3.2152152152152151       -1.0043229533862896      -0.81598309803455449     
   3.2192192192192191       -1.0041252728379979      -0.81779695671657726     
   3.2232232232232234       -1.0039289816453425      -0.81960272790591171     
   3.2272272272272273       -1.0037341333463345      -0.82140039374462503     
   3.2312312312312312       -1.0035407809092640      -0.82318993645494509     
   3.2352352352352352       -1.0033489766653716      -0.82497133833943015     
   3.2392392392392391       -1.0031587724065820      -0.82674458178114651     
   3.2432432432432434       -1.0029702192284276      -0.82850964924384241     
   3.2472472472472473       -1.0027833676793159      -0.83026652327212114     
   3.2512512512512513       -1.0025982675786866      -0.83201518649161355     
   3.2552552552552552       -1.0024149681556860      -0.83375562160915107     
   3.2592592592592591       -1.0022335179348700      -0.83548781141293604     
   3.2632632632632634       -1.0020539647456417      -0.83721173877271049     
   3.2672672672672673       -1.0018763557623531      -0.83892738663992716     
   3.2712712712712713       -1.0017007373764748      -0.84063473804791811     
   3.2752752752752752       -1.0015271553282308      -0.84233377611206173     
   3.2792792792792791       -1.0013556545387350      -0.84402448402995045     
   3.2832832832832834       -1.0011862792425523      -0.84570684508155636     
   3.2872872872872874       -1.0010190728378365      -0.84738084262939606     
   3.2912912912912913       -1.0008540779949238      -0.84904646011869733     
   3.2952952952952952       -1.0006913365263008      -0.85070368107756111     
   3.2992992992992991       -1.0005308894833709      -0.85235248911712369     
   3.3033033033033035       -1.0003727770284645      -0.85399286793172058     
   3.3073073073073074       -1.0002170385340463      -0.85562480129904661     
   3.3113113113113113       -1.0000637124567773      -0.85724827308031681     
   3.3153153153153152      -0.99991283641747164      -0.85886326722042616     
   3.3193193193193191      -0.99976444712070767      -0.86046976774810746     
   3.3233233233233235      -0.99961858036814899      -0.86206775877609132     
   3.3273273273273274      -0.99947527103631151      -0.86365722450126015     
   3.3313313313313313      -0.99933455306326213      -0.86523814920480790     
   3.3353353353353352      -0.99919645942319446      -0.86681051725239255     
   3.3393393393393391      -0.99906102213310177      -0.86837431309429247     
   3.3433433433433435      -0.99892827219947855      -0.86992952126555956     
   3.3473473473473474      -0.99879823965455194      -0.87147612638617244     
   3.3513513513513513      -0.99867095347491219      -0.87301411316118827     
   3.3553553553553552      -0.99854644164233841      -0.87454346638089397     
   3.3593593593593591      -0.99842473104187413      -0.87606417092095756     
   3.3633633633633635      -0.99830584753916340      -0.87757621174257716     
   3.3673673673673674      -0.99818981586568845      -0.87907957389262847     
   3.3713713713713713      -0.99807665970601245      -0.88057424250381433     
   3.3753753753753752      -0.99796640157562388      -0.88206020279481123     
   3.3793793793793796      -0.99785906291402349      -0.88353744007041513     
   3.3833833833833835      -0.99775466395814905      -0.88500593972168740     
   3.3873873873873874      -0.99765322383942356      -0.88646568722609875     
   3.3913913913913913      -0.99755476045402447      -0.88791666814767278     
   3.3953953953953953      -0.99745929056318483      -0.88935886813712972     
   3.3993993993993996      -0.99736682966095902      -0.89079227293202790     
   3.4034034034034035      -0.99727739207716348      -0.89221686835690339     
   3.4074074074074074      -0.99719099084365348      -0.89363264032341194     
   3.4114114114114114      -0.99710763779859812      -0.89503957483046781     
   3.4154154154154153      -0.99702734345317057      -0.89643765796438168     
   3.4194194194194196      -0.99695011709498182      -0.89782687589899912     
   3.4234234234234235      -0.99687596665768485      -0.89920721489583688     
   3.4274274274274275      -0.99680489882138890      -0.90057866130421815     
   3.4314314314314314      -0.99673691888677440      -0.90194120156140900     
   3.4354354354354353      -0.99667203087250411      -0.90329482219275192     
   3.4394394394394396      -0.99661023739158683      -0.90463950981179775     
   3.4434434434434436      -0.99655153975158761      -0.90597525112043964     
   3.4474474474474475      -0.99649593782339729      -0.90730203290904421     
   3.4514514514514514      -0.99644343015869841      -0.90861984205658186     
   3.4554554554554553      -0.99639401383317283      -0.90992866553075646     
   3.4594594594594597      -0.99634768459973488      -0.91122849038813580     
   3.4634634634634636      -0.99630443669417190      -0.91251930377427593     
   3.4674674674674675      -0.99626426302028426      -0.91380109292385281     
   3.4714714714714714      -0.99622715494925651      -0.91507384516078560     
   3.4754754754754753      -0.99619310248568482      -0.91633754789836286     
   3.4794794794794797      -0.99616209409071277      -0.91759218863936631     
   3.4834834834834836      -0.99613411684890196      -0.91883775497619591     
   3.4874874874874875      -0.99610915626915186      -0.92007423459099136     
   3.4914914914914914      -0.99608719648909860      -0.92130161525575383     
   3.4954954954954953      -0.99606822003716755      -0.92251988483246850     
   3.4994994994994997      -0.99605220807455064      -0.92372903127322248     
   3.5035035035035036      -0.99603914013194073      -0.92492904262032472     
   3.5075075075075075      -0.99602899436595926      -0.92611990700642566     
   3.5115115115115114      -0.99602174729743009      -0.92730161265463207     
   3.5155155155155153      -0.99601737406278468      -0.92847414787862559     
   3.5195195195195197      -0.99601584814647137      -0.92963750108277710     
   3.5235235235235236      -0.99601714169258193      -0.93079166076226205     
   3.5275275275275275      -0.99602122529620463      -0.93193661550317375     
   3.5315315315315314      -0.99602806798896726      -0.93307235398263721     
   3.5355355355355353      -0.99603763723517291      -0.93419886496891946     
   3.5395395395395397      -0.99604989906316832      -0.93531613732154262     
   3.5435435435435436      -0.99606481789290935      -0.93642415999139206     
   3.5475475475475475      -0.99608235675837664      -0.93752292202082732     
   3.5515515515515514      -0.99610247706404609      -0.93861241254378924     
   3.5555555555555554      -0.99612513883625431      -0.93969262078590843     
   3.5595595595595597      -0.99615030054855280      -0.94076353606461116     
   3.5635635635635636      -0.99617791919295229      -0.94182514778922477     
   3.5675675675675675      -0.99620795036449139      -0.94287744546108421     
   3.5715715715715715      -0.99624034804785411      -0.94392041867363274     
   3.5755755755755754      -0.99627506502133367      -0.94495405711252811     
   3.5795795795795797      -0.99631205228787789      -0.94597835055574231     
   3.5835835835835836      -0.99635125986543926      -0.94699328887366330     
   3.5875875875875876      -0.99639263585223958      -0.94799886202919548     
   3.5915915915915915      -0.99643612755832611      -0.94899506007785894     
   3.5955955955955954      -0.99648168020381622      -0.94998187316788696     
   3.5995995995995997      -0.99652923851842201      -0.95095929154032532     
   3.6036036036036037      -0.99657874486449127      -0.95192730552912663     
   3.6076076076076076      -0.99663014154326979      -0.95288590556124664     
   3.6116116116116115      -0.99668336809521363      -0.95383508215674029     
   3.6156156156156154      -0.99673836449130637      -0.95477482592885354     
   3.6196196196196198      -0.99679506758794012      -0.95570512758411708     
   3.6236236236236237      -0.99685341502939950      -0.95662597792243798     
   3.6276276276276276      -0.99691334126632769      -0.95753736783719101     
   3.6316316316316315      -0.99697478154463848      -0.95843928831530878     
   3.6356356356356359      -0.99703766821767936      -0.95933173043737030     
   3.6396396396396398      -0.99710193407897696      -0.96021468537768961     
   3.6436436436436437      -0.99716750967964296      -0.96108814440440271     
   3.6476476476476476      -0.99723432536586520      -0.96195209887955480     
   3.6516516516516515      -0.99730231021414673      -0.96280654025918444     
   3.6556556556556559      -0.99737139201272829      -0.96365146009340885     
   3.6596596596596598      -0.99744149884472599      -0.96448685002650714     
   3.6636636636636637      -0.99751255576713282      -0.96531270179700357     
   3.6676676676676676      -0.99758449038610486      -0.96612900723774797     
   3.6716716716716715      -0.99765722495373566      -0.96693575827599820     
   3.6756756756756759      -0.99773068684235544      -0.96773294693349898     
   3.6796796796796798      -0.99780479583253956      -0.96852056532655983     
   3.6836836836836837      -0.99787947903862928      -0.96929860566613557     
   3.6876876876876876      -0.99795465424967944      -0.97006706025790090     
   3.6916916916916915      -0.99803024815844188      -0.97082592150232783     
   3.6956956956956959      -0.99810617738011220      -0.97157518189476044     
   3.6996996996996998      -0.99818236752801093      -0.97231483402548924     
   3.7037037037037037      -0.99825873547390420      -0.97304487057982392     
   3.7077077077077076      -0.99833520451989644      -0.97376528433816678     
   3.7117117117117115      -0.99841169371897975      -0.97447606817608323     
   3.7157157157157159      -0.99848812256592168      -0.97517721506437227     
   3.7197197197197198      -0.99856441434799947      -0.97586871806913611     
   3.7237237237237237      -0.99864048319978338      -0.97655057035184933     
   3.7277277277277276      -0.99871625868458069      -0.97722276516942586     
   3.7317317317317316      -0.99879164836708589      -0.97788529587428519     
   3.7357357357357359      -0.99886658930999972      -0.97853815591441973     
   3.7397397397397398      -0.99894098275684773      -0.97918133883345804     
   3.7437437437437437      -0.99901477252521620      -0.97981483827072935     
   3.7477477477477477      -0.99908785611365480      -0.98043864796132674     
   3.7517517517517516      -0.99916018065485435      -0.98105276173616807     
   3.7557557557557559      -0.99923164598329839      -0.98165717352205806     
   3.7597597597597598      -0.99930219471909110      -0.98225187734174813     
   3.7637637637637638      -0.99937173994510353      -0.98283686731399489     
   3.7677677677677677      -0.99944020724148552      -0.98341213765361879     
   3.7717717717717716      -0.99950753843703388      -0.98397768267156138     
   3.7757757757757759      -0.99957362505790703      -0.98453349677494195     
   3.7797797797797799      -0.99963845706512822      -0.98507957446711136     
   3.7837837837837838      -0.99970187270612099      -0.98561591034770824     
   3.7877877877877877      -0.99976392922719581      -0.98614249911271146     
   3.7917917917917916      -0.99982439555028235      -0.98665933555449192     
   3.7957957957957960      -0.99988340847049750      -0.98716641456186571     
   3.7997997997997999      -0.99994066343497023      -0.98766373112014327     
   3.8038038038038038      -0.99999637119159046      -0.98815128031117960     
   3.8078078078078077       -1.0000501740082164      -0.98862905731342254     
   3.8118118118118116       -1.0001023192337082      -0.98909705740196108     
   3.8158158158158160       -1.0001524559296744      -0.98955527594857173     
   3.8198198198198199       -1.0002007834665216      -0.99000370842176366     
   3.8238238238238238       -1.0002470714402369      -0.99044235038682449     
   3.8278278278278277       -1.0002913279103434      -0.99087119750586350     
   3.8318318318318316       -1.0003336176538531      -0.99129024553785516     
   3.8358358358358360       -1.0003735554560380      -0.99169949033868066     
   3.8398398398398399       -1.0004117264882495      -0.99209892786116838     
   3.8438438438438438       -1.0004471154257670      -0.99248855415513493     
   3.8478478478478477       -1.0004810627215983      -0.99286836536742351     
   3.8518518518518516       -1.0005117125860592      -0.99323835774194280     
   3.8558558558558560       -1.0005413205065796      -0.99359852761970280     
   3.8598598598598599       -1.0005671173071942      -0.99394887143885202     
   3.8638638638638638       -1.0005922198024706      -0.99428938573471282     
   3.8678678678678677       -1.0006131745608020      -0.99462006713981466     
   3.8718718718718717       -1.0006335055749513      -0.99494091238392857     
   3.8758758758758760       -1.0006498076591372      -0.99525191829409909     
   3.8798798798798799       -1.0006649548625115      -0.99555308179467450     
   3.8838838838838838       -1.0006770108871332      -0.99584439990733942     
   3.8878878878878878       -1.0006863985821530      -0.99612586975114281     
   3.8918918918918921       -1.0006948230475716      -0.99639748854252641     
   3.8958958958958960       -1.0006977659830734      -0.99665925359535279     
   3.8998998998998999       -1.0007032748903724      -0.99691116232093191     
   3.9039039039039038       -1.0006991571457828      -0.99715321222804643     
   3.9079079079079078       -1.0007023082929369      -0.99738540092297623     
   3.9119119119119121       -1.0006909396692432      -0.99760772610952264     
   3.9159159159159160       -1.0006916783628561      -0.99782018558903074     
   3.9199199199199199       -1.0006738471976464      -0.99802277726041111     
   3.9239239239239239       -1.0006708807324212      -0.99821549912016083     
   3.9279279279279278       -1.0006490195829814      -0.99839834926238302     
   3.9319319319319321       -1.0006391756890560      -0.99857132587880604     
   3.9359359359359360       -1.0006178929801874      -0.99873442725880057     
   3.9399399399399400       -1.0005958212163346      -0.99888765178939798     
   3.9439439439439439       -1.0005818190486158      -0.99903099795530448     
   3.9479479479479478       -1.0005406346152299      -0.99916446433891781     
   3.9519519519519521       -1.0005413143957056      -0.99928804962034024     
   3.9559559559559561       -1.0004749277205012      -0.99940175257739150     
   3.9599599599599600       -1.0004949902734193      -0.99950557208562174     
   3.9639639639639639       -1.0004026113095881      -0.99959950711832180     
   3.9679679679679678       -1.0004385851514592      -0.99968355674653397     
   3.9719719719719722       -1.0003307585430339      -0.99975772013906072     
   3.9759759759759761       -1.0003652069549696      -0.99982199656247328     
   3.9799799799799800       -1.0002681420397677      -0.99987638538111856     
   3.9839839839839839       -1.0002687324666732      -0.99992088605712559     
   3.9879879879879878       -1.0002194565196338      -0.99995549815041107     
   3.9919919919919922       -1.0001525787198964      -0.99998022131868336     
   3.9959959959959961       -1.0001758653928763      -0.99999505531744570     
   4.0000000000000000       -1.0000000000000000       -1.0000000000000000     
