   0.0000000000000000        1.0000000000000000       0.99999999999999989     
   4.0040040040040040E-003  0.99984382763886104       0.99999505531744592     
   8.0080080080080079E-003  0.99999839544574776       0.99998022131868325     
   1.2012012012012012E-002  0.99986526296360689       0.99995549815041107     
   1.6016016016016016E-002  0.99997348086891424       0.99992088605712559     
   2.0020020020020020E-002  0.99988679610050935       0.99987638538111856     
   2.4024024024024024E-002  0.99995373063511095       0.99982199656247328     
   2.8028028028028028E-002  0.99991417016874062       0.99975772013906072     
   3.2032032032032032E-002  0.99994725299261700       0.99968355674653397     
   3.6036036036036036E-002  0.99994401653369958       0.99959950711832180     
   4.0040040040040040E-002  0.99995522487640431       0.99950557208562174     
   4.4044044044044044E-002  0.99997558829476041       0.99940175257739161     
   4.8048048048048048E-002  0.99997693554258338       0.99928804962034012     
   5.2052052052052052E-002   1.0000094174354512       0.99916446433891792     
   5.6056056056056056E-002   1.0000105045224243       0.99903099795530459     
   6.0060060060060060E-002   1.0000467995553446       0.99888765178939798     
   6.4064064064064064E-002   1.0000535495071228       0.99873442725880068     
   6.8068068068068074E-002   1.0000890899947941       0.99857132587880615     
   7.2072072072072071E-002   1.0001038555092621       0.99839834926238324     
   7.6076076076076082E-002   1.0001371735536122       0.99821549912016094     
   8.0080080080080079E-002   1.0001597420020458       0.99802277726041122     
   8.4084084084084090E-002   1.0001912803959376       0.99782018558903074     
   8.8088088088088087E-002   1.0002201021914856       0.99760772610952264     
   9.2092092092092098E-002   1.0002510718014344       0.99738540092297623     
   9.6096096096096095E-002   1.0002842502856228       0.99715321222804643     
  0.10010010010010011        1.0003158424764662       0.99691116232093191     
  0.10410410410410410        1.0003517200876848       0.99665925359535279     
  0.10810810810810811        1.0003847202228353       0.99639748854252641     
  0.11211211211211211        1.0004221016026740       0.99612586975114281     
  0.11611611611611612        1.0004568066883364       0.99584439990733964     
  0.12012012012012012        1.0004949444411984       0.99555308179467450     
  0.12412412412412413        1.0005312507294413       0.99525191829409887     
  0.12812812812812813        1.0005697216112224       0.99494091238392868     
  0.13213213213213212        1.0006072708446827       0.99462006713981466     
  0.13613613613613615        1.0006458327614338       0.99428938573471282     
  0.14014014014014015        1.0006841485892894       0.99394887143885213     
  0.14414414414414414        1.0007226262214197       0.99359852761970280     
  0.14814814814814814        1.0007612111191937       0.99323835774194291     
  0.15215215215215216        1.0007994250010825       0.99286836536742373     
  0.15615615615615616        1.0008378140543170       0.99248855415513493     
  0.16016016016016016        1.0008755487975498       0.99209892786116838     
  0.16416416416416416        1.0009133297861006       0.99169949033868066     
  0.16816816816816818        1.0009503294671105       0.99129024553785539     
  0.17217217217217218        1.0009871420144680       0.99087119750586361     
  0.17617617617617617        1.0010231200544868       0.99044235038682449     
  0.18018018018018017        1.0010586453626880       0.99000370842176388     
  0.18418418418418420        1.0010932993715020       0.98955527594857196     
  0.18818818818818819        1.0011272480490641       0.98909705740196130     
  0.19219219219219219        1.0011602738531296       0.98862905731342254     
  0.19619619619619619        1.0011923759980923       0.98815128031117949     
  0.20020020020020021        1.0012234781885294       0.98766373112014327     
  0.20420420420420421        1.0012534772698327       0.98716641456186571     
  0.20820820820820821        1.0012823758273133       0.98665933555449203     
  0.21221221221221220        1.0013100258856880       0.98614249911271146     
  0.21621621621621623        1.0013364594580350       0.98561591034770846     
  0.22022022022022023        1.0013615248824108       0.98507957446711159     
  0.22422422422422422        1.0013852519632809       0.98453349677494206     
  0.22822822822822822        1.0014075088513117       0.98397768267156138     
  0.23223223223223224        1.0014283076663870       0.98341213765361868     
  0.23623623623623624        1.0014475455467822       0.98283686731399489     
  0.24024024024024024        1.0014652134571482       0.98225187734174813     
  0.24424424424424424        1.0014812372930160       0.98165717352205828     
  0.24824824824824826        1.0014955902642766       0.98105276173616818     
  0.25225225225225223        1.0015082218514124       0.98043864796132674     
  0.25625625625625625        1.0015190940263026       0.97981483827072957     
  0.26026026026026028        1.0015281731698766       0.97918133883345804     
  0.26426426426426425        1.0015354167852024       0.97853815591441973     
  0.26826826826826827        1.0015408019515786       0.97788529587428519     
  0.27227227227227230        1.0015442872492413       0.97722276516942586     
  0.27627627627627627        1.0015458560028929       0.97655057035184956     
  0.28028028028028029        1.0015454715126104       0.97586871806913633     
  0.28428428428428426        1.0015431206293244       0.97517721506437238     
  0.28828828828828829        1.0015387733996313       0.97447606817608334     
  0.29229229229229231        1.0015324187356991       0.97376528433816700     
  0.29629629629629628        1.0015240341425062       0.97304487057982403     
  0.30030030030030030        1.0015136104418787       0.97231483402548924     
  0.30430430430430433        1.0015011324753438       0.97157518189476044     
  0.30830830830830830        1.0014865932198069       0.97082592150232794     
  0.31231231231231232        1.0014699843051080       0.97006706025790113     
  0.31631631631631629        1.0014513015408224       0.96929860566613568     
  0.32032032032032032        1.0014305424593355       0.96852056532656006     
  0.32432432432432434        1.0014077063527453       0.96773294693349898     
  0.32832832832832831        1.0013827960212984       0.96693575827599854     
  0.33233233233233234        1.0013558146133892       0.96612900723774819     
  0.33633633633633636        1.0013267696587700       0.96531270179700357     
  0.34034034034034033        1.0012956685269796       0.96448685002650714     
  0.34434434434434436        1.0012625229300303       0.96365146009340885     
  0.34834834834834832        1.0012273446449240       0.96280654025918455     
  0.35235235235235235        1.0011901493296218       0.96195209887955491     
  0.35635635635635637        1.0011509530363758       0.96108814440440293     
  0.36036036036036034        1.0011097752503484       0.96021468537768961     
  0.36436436436436437        1.0010666362017062       0.95933173043737041     
  0.36836836836836839        1.0010215589928466       0.95843928831530878     
  0.37237237237237236        1.0009745679125619       0.95753736783719101     
  0.37637637637637639        1.0009256895514704       0.95662597792243798     
  0.38038038038038036        1.0008749520337710       0.95570512758411708     
  0.38438438438438438        1.0008223853794904       0.95477482592885377     
  0.38838838838838841        1.0007680212457504       0.95383508215674051     
  0.39239239239239238        1.0007118930231604       0.95288590556124697     
  0.39639639639639640        1.0006540356977409       0.95192730552912663     
  0.40040040040040042        1.0005944858383093       0.95095929154032544     
  0.40440440440440439        1.0005332815912305       0.94998187316788707     
  0.40840840840840842        1.0004704625048793       0.94899506007785894     
  0.41241241241241239        1.0004060697112434       0.94799886202919548     
  0.41641641641641641        1.0003401455987144       0.94699328887366341     
  0.42042042042042044        1.0002727340180591       0.94597835055574242     
  0.42442442442442441        1.0002038800512840       0.94495405711252856     
  0.42842842842842843        1.0001336300508399       0.94392041867363297     
  0.43243243243243246        1.0000620316150053       0.94287744546108421     
  0.43643643643643643       0.99998913343400109       0.94182514778922499     
  0.44044044044044045       0.99991498536754531       0.94076353606461094     
  0.44444444444444442       0.99983963828372091       0.93969262078590843     
  0.44844844844844844       0.99976314408812617       0.93861241254378935     
  0.45245245245245247       0.99968555564204198       0.93752292202082743     
  0.45645645645645644       0.99960692670429285       0.93642415999139239     
  0.46046046046046046       0.99952731191670541       0.93531613732154295     
  0.46446446446446449       0.99944676671494093       0.93419886496891991     
  0.46846846846846846       0.99936534730638737       0.93307235398263733     
  0.47247247247247248       0.99928311061308517       0.93193661550317397     
  0.47647647647647645       0.99920011420943888       0.93079166076226205     
  0.48048048048048048       0.99911641631662096       0.92963750108277710     
  0.48448448448448450       0.99903207569203867       0.92847414787862570     
  0.48848848848848847       0.99894715164444969       0.92730161265463229     
  0.49249249249249250       0.99886170394114149       0.92611990700642588     
  0.49649649649649652       0.99877579278067619       0.92492904262032505     
  0.50050050050050054       0.99868947875087410       0.92372903127322259     
  0.50450450450450446       0.99860282276409551       0.92251988483246872     
  0.50850850850850848       0.99851588603834418       0.92130161525575405     
  0.51251251251251251       0.99842873001152399       0.92007423459099136     
  0.51651651651651653       0.99834141636822704       0.91883775497619602     
  0.52052052052052056       0.99825400690553046       0.91759218863936653     
  0.52452452452452447       0.99816656356962141       0.91633754789836308     
  0.52852852852852850       0.99807914836092770       0.91507384516078605     
  0.53253253253253252       0.99799182332142389       0.91380109292385314     
  0.53653653653653655       0.99790465047808641       0.91251930377427604     
  0.54054054054054057       0.99781769181532276       0.91122849038813569     
  0.54454454454454460       0.99773100922062030       0.90992866553075669     
  0.54854854854854851       0.99764466446271893       0.90861984205658186     
  0.55255255255255253       0.99755871913134264       0.90730203290904443     
  0.55655655655655656       0.99747323462324045       0.90597525112043986     
  0.56056056056056058       0.99738827209569036       0.90463950981179786     
  0.56456456456456461       0.99730389242717377       0.90329482219275237     
  0.56856856856856852       0.99722015618431858       0.90194120156140967     
  0.57257257257257255       0.99713712359854612       0.90057866130421826     
  0.57657657657657657       0.99705485450722753       0.89920721489583666     
  0.58058058058058060       0.99697340835836412       0.89782687589899912     
  0.58458458458458462       0.99689284413539592       0.89643765796438168     
  0.58858858858858853       0.99681322037132536       0.89503957483046792     
  0.59259259259259256       0.99673459507571227       0.89363264032341216     
  0.59659659659659658       0.99665702574970916       0.89221686835690384     
  0.60060060060060061       0.99658056930518568       0.89079227293202834     
  0.60460460460460463       0.99650528209545763       0.88935886813713039     
  0.60860860860860866       0.99643121983231797       0.88791666814767300     
  0.61261261261261257       0.99635843761483689       0.88646568722609853     
  0.61661661661661660       0.99628698984874176       0.88500593972168740     
  0.62062062062062062       0.99621693028013436       0.88353744007041513     
  0.62462462462462465       0.99614831191123820       0.88206020279481145     
  0.62862862862862867       0.99608118704265569       0.88057424250381455     
  0.63263263263263259       0.99601560718276527       0.87907957389262892     
  0.63663663663663661       0.99595162310576435       0.87757621174257761     
  0.64064064064064064       0.99588928473407123       0.87606417092095823     
  0.64464464464464466       0.99582864123159243       0.87454346638089420     
  0.64864864864864868       0.99576974086759296       0.87301411316118804     
  0.65265265265265260       0.99571263112129038       0.87147612638617244     
  0.65665665665665662       0.99565735853555870       0.86992952126555978     
  0.66066066066066065       0.99560396883832847       0.86837431309429269     
  0.66466466466466467       0.99555250678064966       0.86681051725239278     
  0.66866866866866870       0.99550301627913607       0.86523814920480835     
  0.67267267267267272       0.99545554024003990       0.86365722450126059     
  0.67667667667667664       0.99541012070011958       0.86206775877609154     
  0.68068068068068066       0.99536679866696176       0.86046976774810768     
  0.68468468468468469       0.99532561426235566       0.85886326722042616     
  0.68868868868868871       0.99528660654154866       0.85724827308031681     
  0.69269269269269274       0.99524981366659426       0.85562480129904683     
  0.69669669669669665       0.99521527269900301       0.85399286793172080     
  0.70070070070070067       0.99518301980278212       0.85235248911712413     
  0.70470470470470470       0.99515309001536856       0.85070368107756156     
  0.70870870870870872       0.99512551745403999       0.84904646011869800     
  0.71271271271271275       0.99510033510123286       0.84738084262939628     
  0.71671671671671666       0.99507757501341387       0.84570684508155602     
  0.72072072072072069       0.99505726808361050       0.84402448402995045     
  0.72472472472472471       0.99503944428349222       0.84233377611206173     
  0.72872872872872874       0.99502413239344456       0.84063473804791822     
  0.73273273273273276       0.99501136028733328       0.83892738663992727     
  0.73673673673673679       0.99500115460545580       0.83721173877271082     
  0.74074074074074070       0.99499354110328497       0.83548781141293649     
  0.74474474474474472       0.99498854427612671       0.83375562160915173     
  0.74874874874874875       0.99498618775075220       0.83201518649161366     
  0.75275275275275277       0.99498649385122562       0.83026652327212069     
  0.75675675675675680       0.99498948390539532       0.82850964924384218     
  0.76076076076076071       0.99499517821087879       0.82674458178114663     
  0.76476476476476474       0.99500359598029264       0.82497133833943037     
  0.76876876876876876       0.99501475535067663       0.82318993645494531     
  0.77277277277277279       0.99502867338932266       0.82140039374462548     
  0.77677677677677681       0.99504536606366611       0.81960272790591149     
  0.78078078078078073       0.99506484829862907       0.81779695671657793     
  0.78478478478478475       0.99508713389808934       0.81598309803455460     
  0.78878878878878878       0.99511223564283846       0.81416116979775299     
  0.79279279279279280       0.99514016518192472       0.81233119002388599     
  0.79679679679679682       0.99517093315733429       0.81049317681029232     
  0.80080080080080085       0.99520454906183509       0.80864714833375506     
  0.80480480480480476       0.99524102142439319       0.80679312285032445     
  0.80880880880880879       0.99528035757576283       0.80493111869513490     
  0.81281281281281281       0.99532256394997354       0.80306115428222591     
  0.81681681681681684       0.99536764573356473       0.80118324810435759     
  0.82082082082082086       0.99541560725739286       0.79929741873283022     
  0.82482482482482478       0.99546645159139480       0.79740368481729917     
  0.82882882882882880       0.99552018097276751       0.79550206508558996     
  0.83283283283283283       0.99557679636914731       0.79359257834351515     
  0.83683683683683685       0.99563629792807018       0.79167524347468543     
  0.84084084084084088       0.99569868455398036       0.78975007944032627     
  0.84484484484484490       0.99576395430987252       0.78781710527908688     
  0.84884884884884881       0.99583210404333711       0.78587634010685514     
  0.85285285285285284       0.99590312977342244       0.78392780311656585     
  0.85685685685685686       0.99597702627800389       0.78197151357801298     
  0.86086086086086089       0.99605378757352281       0.78000749083765841     
  0.86486486486486491       0.99613340636370773       0.77803575431843952     
  0.86886886886886883       0.99621587470971718       0.77605632351957921     
  0.87287287287287285       0.99630118324570871       0.77406921801639061     
  0.87687687687687688       0.99638932209008568       0.77207445746008641     
  0.88088088088088090       0.99648027985518106       0.77007206157758135     
  0.88488488488488493       0.99657404469108146       0.76806205017129980     
  0.88888888888888884       0.99667060324717704       0.76604444311897812     
  0.89289289289289286       0.99676994168375710       0.76401926037346957     
  0.89689689689689689       0.99687204475984814       0.76198652196254524     
  0.90090090090090091       0.99697689666596745       0.75994624798869781     
  0.90490490490490494       0.99708448022439344       0.75789845862894112     
  0.90890890890890896       0.99719477775252874       0.75584317413461199     
  0.91291291291291288       0.99730777008902560       0.75378041483116964     
  0.91691691691691690       0.99742343776421016       0.75171020111799358     
  0.92092092092092093       0.99754175963475866       0.74963255346818269     
  0.92492492492492495       0.99766271443193422       0.74754749242835361     
  0.92892892892892898       0.99778627911603857       0.74545503861843632     
  0.93293293293293289       0.99791243055310896       0.74335521273147021     
  0.93693693693693691       0.99804114392029497       0.74124803553340046     
  0.94094094094094094       0.99817239420963333       0.73913352786287123     
  0.94494494494494496       0.99830615480278484       0.73701171063102144     
  0.94894894894894899       0.99844239891666642       0.73488260482127599     
  0.95295295295295290       0.99858109805019268       0.73274623148913998     
  0.95695695695695693       0.99872222378829389       0.73060261176198882     
  0.96096096096096095       0.99886574574312903       0.72845176683886093     
  0.96496496496496498       0.99901163381372982       0.72629371799024722     
  0.96896896896896900       0.99915985586801748       0.72412848655788020     
  0.97297297297297303       0.99931038004034156       0.72195609395452465     
  0.97697697697697694       0.99946317256119455       0.71977656166376347     
  0.98098098098098097       0.99961819985100819       0.71758991123978799     
  0.98498498498498499       0.99977542638882155       0.71539616430718200     
  0.98898898898898902       0.99993481708274845       0.71319534256071038     
  0.99299299299299304        1.0000963346282961       0.71098746776510235     
  0.99699699699699695        1.0002599423922156       0.70877256175483849     
   1.0010010010010011        1.0004256014509540       0.70655064643393239     
   1.0050050050050050        1.0005932735456815       0.70432174377571666     
   1.0090090090090089        1.0007629182373978       0.70208587582262261     
   1.0130130130130131        1.0009344957324084       0.69984306468596524     
   1.0170170170170170        1.0011079639535558       0.69759333254572309     
   1.0210210210210211        1.0012832817962145       0.69533670165031780     
   1.0250250250250250        1.0014604055734115       0.69307319431639725     
   1.0290290290290289        1.0016392927373539       0.69080283292861089     
   1.0330330330330331        1.0018198982757902       0.68852563993939231     
   1.0370370370370370        1.0020021781978024       0.68624163786873360     
   1.0410410410410411        1.0021860860562546       0.68395084930396588     
   1.0450450450450450        1.0023715767156669       0.68165329689953280     
   1.0490490490490489        1.0025586022843000       0.67934900337676996     
   1.0530530530530531        1.0027471164056148       0.67703799152367639     
   1.0570570570570570        1.0029370700495284       0.67472028419469277     
   1.0610610610610611        1.0031284156352809       0.67239590431047247     
   1.0650650650650650        1.0033211029257738       0.67006487485765720     
   1.0690690690690692        1.0035150834463262       0.66772721888864850     
   1.0730730730730731        1.0037103057819803       0.66538295952137927     
   1.0770770770770770        1.0039067204743914       0.66303211993908673     
   1.0810810810810811        1.0041042752844322       0.66067472339008138     
   1.0850850850850851        1.0043029198515983       0.65831079318751895     
   1.0890890890890892        1.0045026010389158       0.65594035270916762     
   1.0930930930930931        1.0047032678767449       0.65356342539717938     
   1.0970970970970970        1.0049048665195566       0.65118003475785569     
   1.1011011011011012        1.0051073453614265       0.64879020436141710     
   1.1051051051051051        1.0053106500321836       0.64639395784176923     
   1.1091091091091092        1.0055147285915840       0.64399131889626848     
   1.1131131131131131        1.0057195262265295       0.64158231128548826     
   1.1171171171171170        1.0059249907101158       0.63916695883298480     
   1.1211211211211212        1.0061310671459269       0.63674528542506059     
   1.1251251251251251        1.0063377032450904       0.63431731501052790     
   1.1291291291291292        1.0065448440807623       0.63188307160047219     
   1.1331331331331331        1.0067524375045234       0.62944257926801572     
   1.1371371371371370        1.0069604289777385       0.62699586214807856     
   1.1411411411411412        1.0071687666906541       0.62454294443713887     
   1.1451451451451451        1.0073773965886281       0.62208385039299618     
   1.1491491491491492        1.0075862674913347       0.61961860433452864     
   1.1531531531531531        1.0077953262917274       0.61714723064145538     
   1.1571571571571571        1.0080045226621945       0.61466975375409227     
   1.1611611611611612        1.0082138046338853       0.61218619817311382     
   1.1651651651651651        1.0084231230563310       0.60969658845930685     
   1.1691691691691692        1.0086324275762331       0.60720094923333146     
   1.1731731731731732        1.0088416705403243       0.60469930517547543     
   1.1771771771771771        1.0090508035331418       0.60219168102540976     
   1.1811811811811812        1.0092597807188468       0.59967810158194490     
   1.1851851851851851        1.0094685560736210       0.59715859170278607     
   1.1891891891891893        1.0096770860432021       0.59463317630428669     
   1.1931931931931932        1.0098853274826376       0.59210188036120104     
   1.1971971971971973        1.0100932394145183       0.58956472890643952     
   1.2012012012012012        1.0103007821285841       0.58702174703081855     
   1.2052052052052051        1.0105079176621965       0.58447295988281511     
   1.2092092092092093        1.0107146102925233       0.58191839266831502     
   1.2132132132132132        1.0109208256268671       0.57935807065036715     
   1.2172172172172173        1.0111265325112555       0.57679201914892964     
   1.2212212212212212        1.0113317005469782       0.57422026354062339     
   1.2252252252252251        1.0115363038507486       0.57164282925847876     
   1.2292292292292293        1.0117403165548891       0.56905974179168362     
   1.2332332332332332        1.0119437187476763       0.56647102668533400     
   1.2372372372372373        1.0121464896463792       0.56387670954017777     
   1.2412412412412412        1.0123486160749955       0.56127681601236523     
   1.2452452452452452        1.0125500829694221       0.55867137181319193     
   1.2492492492492493        1.0127508846775417       0.55606040270884771     
   1.2532532532532532        1.0129510124339072       0.55344393452015839     
   1.2572572572572573        1.0131504689980340       0.55082199312233371     
   1.2612612612612613        1.0133492525496508       0.54819460444470980     
   1.2652652652652652        1.0135473751701545       0.54556179447049202     
   1.2692692692692693        1.0137448426535571       0.54292358923649942     
   1.2732732732732732        1.0139416773640635       0.54028001483290677     
   1.2772772772772774        1.0141378933973679       0.53763109740298687     
   1.2812812812812813        1.0143335244083069       0.53497686314285187     
   1.2852852852852852        1.0145285934964403       0.53231733830119210     
   1.2892892892892893        1.0147231466574620       0.52965254917902038     
   1.2932932932932932        1.0149172167068006       0.52698252212940966     
   1.2972972972972974        1.0151108630681289       0.52430728355723166     
   1.3013013013013013        1.0153041289880256       0.52162685991889790     
   1.3053053053053052        1.0154970884354304       0.51894127772209575     
   1.3093093093093093        1.0156897957976645       0.51625056352552856     
   1.3133133133133132        1.0158823407192352       0.51355474393865164     
   1.3173173173173174        1.0160747894015103       0.51085384562140879     
   1.3213213213213213        1.0162672483921054       0.50814789528396931     
   1.3253253253253254        1.0164597963641060       0.50543691968646431     
   1.3293293293293293        1.0166525578572050       0.50272094563872183     
   1.3333333333333333        1.0168456246687050       0.50000000000000033     
   1.3373373373373374        1.0170391404782682       0.49727410967872421     
   1.3413413413413413        1.0172332107367972       0.49454330163221866     
   1.3453453453453454        1.0174279994014477       0.49180760286644143     
   1.3493493493493494        1.0176236261543805       0.48906704043571680     
   1.3533533533533533        1.0178202762430721       0.48632164144246692     
   1.3573573573573574        1.0180180838890969       0.48357143303694439     
   1.3613613613613613        1.0182172566049232       0.48081644241696458     
   1.3653653653653655        1.0184179435733589       0.47805669682763607     
   1.3693693693693694        1.0186203754773986       0.47529222356109019     
   1.3733733733733733        1.0188247164340727       0.47252304995621203     
   1.3773773773773774        1.0190312209794778       0.46974920339837073     
   1.3813813813813813        1.0192400684136385       0.46697071131914814     
   1.3853853853853855        1.0194515376166544       0.46418760119606600     
   1.3893893893893894        1.0196658225654993       0.46139990055231739     
   1.3933933933933933        1.0198832271066685       0.45860763695649082     
   1.3973973973973974        1.0201039594972729       0.45581083802230099     
   1.4014014014014013        1.0203283482712227       0.45300953140831446     
   1.4054054054054055        1.0205566155445660       0.45020374481767350     
   1.4094094094094094        1.0207891143127048       0.44739350599782696     
   1.4134134134134133        1.0210260791525481       0.44457884274025250     
   1.4174174174174174        1.0212678872759824       0.44175978288018319     
   1.4214214214214214        1.0215147842761405       0.43893635429633082     
   1.4254254254254255        1.0217671701862778       0.43610858491061116     
   1.4294294294294294        1.0220253002250004       0.43327650268786849     
   1.4334334334334333        1.0222895953468274       0.43044013563559824     
   1.4374374374374375        1.0225603182873440       0.42759951180366951     
   1.4414414414414414        1.0228379088067483       0.42475465928404799     
   1.4454454454454455        1.0231226341074797       0.42190560621051937     
   1.4494494494494494        1.0234149502044438       0.41905238075840973     
   1.4534534534534536        1.0237151252502292       0.41619501114430768     
   1.4574574574574575        1.0240236278706372       0.41333352562578418     
   1.4614614614614614        1.0243407234702990       0.41046795250111390     
   1.4654654654654655        1.0246668882794137       0.40759832010899610     
   1.4694694694694694        1.0250023808984110       0.40472465682827363     
   1.4734734734734736        1.0253476792712113       0.40184699107765148     
   1.4774774774774775        1.0257030300142698       0.39896535131541649     
   1.4814814814814814        1.0260689063680266       0.39607976603915679     
   1.4854854854854855        1.0264455363593596       0.39319026378547872     
   1.4894894894894894        1.0268333813046440       0.39029687312972589     
   1.4934934934934936        1.0272326437530723       0.38739962268569328     
   1.4974974974974975        1.0276437632120374       0.38449854110534909     
   1.5015015015015014        1.0280669101036359       0.38159365707854875     
   1.5055055055055055        1.0285024909831946       0.37868499933275013     
   1.5095095095095095        1.0289506353176983       0.37577259663273255     
   1.5135135135135136        1.0294117054083203       0.37285647778030873     
   1.5175175175175175        1.0298857800794827       0.36993667161404314     
   1.5215215215215214        1.0303731626635688       0.36701320700896550     
   1.5255255255255256        1.0308738725142437       0.36408611287628412     
   1.5295295295295295        1.0313881382051109       0.36115541816310132     
   1.5335335335335336        1.0319159078569744       0.35822115185212744     
   1.5375375375375375        1.0324573177912146       0.35528334296139380     
   1.5415415415415414        1.0330122341830550       0.35234202054396474     
   1.5455455455455456        1.0335806815269459       0.34939721368765114     
   1.5495495495495495        1.0341624312404276       0.34644895151472355     
   1.5535535535535536        1.0347573744966734       0.34349726318162310     
   1.5575575575575575        1.0353651755562183       0.34054217787867375     
   1.5615615615615615        1.0359855684533077       0.33758372482979260     
   1.5655655655655656        1.0366180973824712       0.33462193329220158     
   1.5695695695695695        1.0372623136700301       0.33165683255613898     
   1.5735735735735736        1.0379176285832277       0.32868845194456903     
   1.5775775775775776        1.0385833824006911       0.32571682081289088     
   1.5815815815815817        1.0392588406873640       0.32274196854864945     
   1.5855855855855856        1.0399431025301975       0.31976392457124525     
   1.5895895895895895        1.0406352755375319       0.31678271833164295     
   1.5935935935935936        1.0413341860319396       0.31379837931207866     
   1.5975975975975976        1.0420387720118980       0.31081093702577139     
   1.6016016016016017        1.0427475525094434       0.30782042101662782     
   1.6056056056056056        1.0434592858304079       0.30482686085895305     
   1.6096096096096095        1.0441721469797611       0.30183028615715729     
   1.6136136136136137        1.0448847052132721       0.29883072654546011     
   1.6176176176176176        1.0455947575762499       0.29582821168760254     
   1.6216216216216217        1.0463006762708522       0.29282277127655032     
   1.6256256256256256        1.0469998340647189       0.28981443503420135     
   1.6296296296296295        1.0476904121998489       0.28680323271109065     
   1.6336336336336337        1.0483693137484316       0.28378919408609704     
   1.6376376376376376        1.0490345258711120       0.28077234896614933     
   1.6416416416416417        1.0496824419484374       0.27775272718593036     
   1.6456456456456456        1.0503108594863213       0.27473035860758332     
   1.6496496496496496        1.0509156105174415       0.27170527312041282     
   1.6536536536536537        1.0514943193050217       0.26867750064059459     
   1.6576576576576576        1.0520422109568792       0.26564707111087615     
   1.6616616616616617        1.0525567373571523       0.26261401450028199     
   1.6656656656656657        1.0530324758893435       0.25957836080381591     
   1.6696696696696696        1.0534667311910573       0.25654014004216519     
   1.6736736736736737        1.0538533744633078       0.25349938226140467     
   1.6776776776776776        1.0541895899755147       0.25045611753269870     
   1.6816816816816818        1.0544684894601566       0.24741037595200283     
   1.6856856856856857        1.0546871726833180       0.24436218763976714     
   1.6896896896896898        1.0548379233107485       0.24131158274063927     
   1.6936936936936937        1.0549178175834311       0.23825859142316480     
   1.6976976976976976        1.0549182493645493       0.23520324387949043     
   1.7017017017017018        1.0548365073733801       0.23214557032506186     
   1.7057057057057057        1.0546630122635381       0.22908560099833006     
   1.7097097097097098        1.0543950780401148       0.22602336616044894     
   1.7137137137137137        1.0540221279981248       0.22295889609497727     
   1.7177177177177176        1.0535416524474528       0.21989222110757800     
   1.7217217217217218        1.0529420105421581       0.21682337152571932     
   1.7257257257257257        1.0522209568487695       0.21375237769837560     
   1.7297297297297298        1.0513657154994289       0.21067926999572606     
   1.7337337337337337        1.0503744053827491       0.20760407880885565     
   1.7377377377377377        1.0492330399701377       0.20452683454945109     
   1.7417417417417418        1.0479402153576467       0.20144756764950522     
   1.7457457457457457        1.0464806532586362       0.19836630856101312     
   1.7497497497497498        1.0448535533618086       0.19528308775567005     
   1.7537537537537538        1.0430422583356611       0.19219793572457314     
   1.7577577577577577        1.0410467120049471       0.18911088297791637     
   1.7617617617617618        1.0388487837592859       0.18602196004469188     
   1.7657657657657657        1.0364493169066522       0.18293119747238676     
   1.7697697697697699        1.0338286055914185       0.17983862582668017     
   1.7737737737737738        1.0309885634016038       0.17674427569114179     
   1.7777777777777777        1.0279077987198775       0.17364817766693028     
   1.7817817817817818        1.0245894823228370       0.17055036237248988     
   1.7857857857857857        1.0210104169066989       0.16745086044324664     
   1.7897897897897899        1.0171752341511500       0.16434970253130635     
   1.7937937937937938        1.0130588008266894       0.16124691930515228     
   1.7977977977977977        1.0086674307753967       0.15814254144934106     
   1.8018018018018018        1.0039739133306129       0.15503659966419786     
   1.8058058058058057       0.99898648408904367       0.15192912466551589     
   1.8098098098098099       0.99367570115857029       0.14882014718424907     
   1.8138138138138138       0.98805198064707589       0.14570969796621130     
   1.8178178178178179       0.98208348233494847       0.14259780777177095     
   1.8218218218218218       0.97578308161821603       0.13948450737554591     
   1.8258258258258258       0.96911635849098354       0.13636982756610005     
   1.8298298298298299       0.96209894728496259       0.13325379914563965     
   1.8338338338338338       0.95469365137940998       0.13013645292970785     
   1.8378378378378379       0.94691918536337227       0.12701781974687870     
   1.8418418418418419       0.93873536286357828       0.12389793043845529     
   1.8458458458458458       0.93016432243176927       0.12077681585816115     
   1.8498498498498499       0.92116265767744265       0.11765450687183837     
   1.8538538538538538       0.91175629776953937       0.11453103435714140     
   1.8578578578578580       0.90189836826037617       0.11140642920322855     
   1.8618618618618619       0.89161897891159303       0.10828072231046192     
   1.8658658658658658       0.88086752097024101       0.10515394459009815     
   1.8698698698698699       0.86967869821968002       0.10202612696398421     
   1.8738738738738738       0.85799788296856772        9.8897300364250137E-002
   1.8778778778778780       0.84586480975788736        9.5767495733004110E-002
   1.8818818818818819       0.83322052905293498        9.2636744022027262E-002
   1.8858858858858858       0.82011026573660795        8.9505076192466795E-002
   1.8898898898898899       0.80647042768413801        8.6372523214528804E-002
   1.8938938938938938       0.79235221175778958        8.3239116067172991E-002
   1.8978978978978980       0.77768704542056655        8.0104885737807094E-002
   1.9019019019019019       0.76253260005576629        7.6969863221979185E-002
   1.9059059059059058       0.74681496893102672        7.3834079523072429E-002
   1.9099099099099099       0.73059881988439868        7.0697565651994948E-002
   1.9139139139139139       0.71380454371216684        6.7560352626878470E-002
   1.9179179179179180       0.69650434415494900        6.4422471472768014E-002
   1.9219219219219219       0.67861252859037957        6.1283953221316440E-002
   1.9259259259259258       0.66020939138316814        5.8144828910476183E-002
   1.9299299299299300       0.64120276504382390        5.5005129584193228E-002
   1.9339339339339339       0.62168160196193278        5.1864886292100981E-002
   1.9379379379379380       0.60154686034185345        4.8724130089211899E-002
   1.9419419419419419       0.58089672774174339        4.5582892035611673E-002
   1.9459459459459461       0.55962488347131611        4.2441203196148525E-002
   1.9499499499499500       0.53783933388054306        3.9299094640131337E-002
   1.9539539539539539       0.51542607280742925        3.6156597441019275E-002
   1.9579579579579580       0.49250351192275377        3.3013742676113601E-002
   1.9619619619619619       0.46894955449801140        2.9870561426253450E-002
   1.9659659659659661       0.44489360309268988        2.6727084775504926E-002
   1.9699699699699700       0.42020507057209688        2.3583343810856781E-002
   1.9739739739739739       0.39502493084877210        2.0439369621911660E-002
   1.9779779779779780       0.36921371586805773        1.7295193300577764E-002
   1.9819819819819819       0.34292454185303922        1.4150845940762258E-002
   1.9859859859859861       0.31600868301715906        1.1006358638064652E-002
   1.9899899899899900       0.28863195467834946        7.8617624894684063E-003
   1.9939939939939939       0.26063601493319671        4.7170885930325071E-003
   1.9979979979979980       0.23219991581963140        1.5723680475848198E-003
   2.0020020020020022       0.20315536460198683       -1.5723680475845747E-003
   2.0060060060060061       0.17369516281769698       -4.7170885930322625E-003
   2.0100100100100100       0.14364076250095464       -7.8617624894681600E-003
   2.0140140140140139       0.11319919546566376       -1.1006358638064406E-002
   2.0180180180180178        8.2181388566911595E-002  -1.4150845940762012E-002
   2.0220220220220222        5.0809072145531028E-002  -1.7295193300577522E-002
   2.0260260260260261        1.8882287938999643E-002  -2.0439369621911417E-002
   2.0300300300300300       -1.3361530276052235E-002  -2.3583343810856538E-002
   2.0340340340340339       -4.6135705035793111E-002  -2.6727084775504683E-002
   2.0380380380380378       -7.9179407726477927E-002  -2.9870561426253207E-002
   2.0420420420420422      -0.11272458345449252       -3.3013742676113789E-002
   2.0460460460460461      -0.14648720531836823       -3.6156597441019026E-002
   2.0500500500500500      -0.18071790548562658       -3.9299094640131087E-002
   2.0540540540540539      -0.21510897659558426       -4.2441203196148275E-002
   2.0580580580580579      -0.24993004267780511       -4.5582892035610979E-002
   2.0620620620620622      -0.28484908204604503       -4.8724130089212093E-002
   2.0660660660660661      -0.32015524066411538       -5.1864886292100738E-002
   2.0700700700700700      -0.35549133241025110       -5.5005129584192979E-002
   2.0740740740740740      -0.39116672730864793       -5.8144828910475933E-002
   2.0780780780780779      -0.42679793208836764       -6.1283953221315746E-002
   2.0820820820820822      -0.46271548888491670       -6.4422471472768209E-002
   2.0860860860860861      -0.49850820629366849       -6.7560352626878220E-002
   2.0900900900900901      -0.53452906076330553       -7.0697565651994698E-002
   2.0940940940940940      -0.57033743827497219       -7.3834079523071736E-002
   2.0980980980980979      -0.60631031175695460       -7.6969863221978935E-002
   2.1021021021021022      -0.64197550608453624       -8.0104885737806844E-002
   2.1061061061061062      -0.67773591406265543       -8.3239116067172741E-002
   2.1101101101101101      -0.71308517797767856       -8.6372523214528554E-002
   2.1141141141141140      -0.74845443824637470       -8.9505076192466101E-002
   2.1181181181181179      -0.78329992512230084       -9.2636744022027012E-002
   2.1221221221221223      -0.81808382218228259       -9.5767495733003860E-002
   2.1261261261261262      -0.85222099372707982       -9.8897300364249888E-002
   2.1301301301301301      -0.88620804112465257      -0.10202612696398396     
   2.1341341341341340      -0.91941361993792714      -0.10515394459009790     
   2.1381381381381384      -0.95237279796650853      -0.10828072231046167     
   2.1421421421421423      -0.98440200998834526      -0.11140642920322831     
   2.1461461461461462       -1.0160795733411192      -0.11453103435714115     
   2.1501501501501501       -1.0466620915221247      -0.11765450687183812     
   2.1541541541541540       -1.0767766943166488      -0.12077681585816090     
   2.1581581581581584       -1.1056103539323712      -0.12389793043845504     
   2.1621621621621623       -1.1338454087744401      -0.12701781974687892     
   2.1661661661661662       -1.1605863237187133      -0.13013645292970763     
   2.1701701701701701       -1.1865777229600143      -0.13325379914563942     
   2.1741741741741740       -1.2108239025381251      -0.13636982756609983     
   2.1781781781781784       -1.2341385806080085      -0.13948450737554569     
   2.1821821821821823       -1.2553999364788915      -0.14259780777177072     
   2.1861861861861862       -1.2754944148675254      -0.14570969796621108     
   2.1901901901901901       -1.2931319811650044      -0.14882014718424885     
   2.1941941941941940       -1.3092625403672433      -0.15192912466551567     
   2.1981981981981984       -1.3223463919915643      -0.15503659966419808     
   2.2022022022022023       -1.3333364155515917      -0.15814254144934084     
   2.2062062062062062       -1.3402373767951554      -0.16124691930515206     
   2.2102102102102101       -1.3437841735172535      -0.16434970253130612     
   2.2142142142142140       -1.3409696265078563      -0.16745086044324597     
   2.2182182182182184       -1.3328123393697398      -0.17055036237248966     
   2.2222222222222223       -1.3236918409500884      -0.17364817766693005     
   2.2262262262262262       -1.3129421925553328      -0.17674427569114157     
   2.2302302302302301       -1.3025094084045257      -0.17983862582667995     
   2.2342342342342341       -1.2912086664281881      -0.18293119747238654     
   2.2382382382382384       -1.2805401346240968      -0.18602196004469207     
   2.2422422422422423       -1.2693329564193370      -0.18911088297791614     
   2.2462462462462462       -1.2588563108360638      -0.19219793572457292     
   2.2502502502502502       -1.2480271300473813      -0.19528308775566983     
   2.2542542542542541       -1.2379485834443007      -0.19836630856101248     
   2.2582582582582584       -1.2276380094603270      -0.20144756764950500     
   2.2622622622622623       -1.2180639483322653      -0.20452683454945086     
   2.2662662662662663       -1.2083421562024577      -0.20760407880885542     
   2.2702702702702702       -1.1993263951021973      -0.21067926999572584     
   2.2742742742742741       -1.1902245855842339      -0.21375237769837538     
   2.2782782782782784       -1.1817904055558957      -0.21682337152571909     
   2.2822822822822824       -1.1733164980155542      -0.21989222110757778     
   2.2862862862862863       -1.1654682926033642      -0.22295889609497704     
   2.2902902902902902       -1.1576156325692626      -0.22602336616044871     
   2.2942942942942941       -1.1503457032972029      -0.22908560099832984     
   2.2982982982982985       -1.1430983000391390      -0.23214557032506164     
   2.3023023023023024       -1.1363910246437152      -0.23520324387949024     
   2.3063063063063063       -1.1297268548720407      -0.23825859142316458     
   2.3103103103103102       -1.1235614131051126      -0.24131158274063905     
   2.3143143143143141       -1.1174545934213980      -0.24436218763976694     
   2.3183183183183185       -1.1118068009007198      -0.24741037595200260     
   2.3223223223223224       -1.1062290943524984      -0.25045611753269847     
   2.3263263263263263       -1.1010726855397881      -0.25349938226140445     
   2.3303303303303302       -1.0959945397402262      -0.25654014004216497     
   2.3343343343343341       -1.0913020736514756      -0.25957836080381524     
   2.3383383383383385       -1.0866933668407202      -0.26261401450028221     
   2.3423423423423424       -1.0824368842176384      -0.26564707111087593     
   2.3463463463463463       -1.0782674641631316      -0.26867750064059437     
   2.3503503503503502       -1.0744189701310045      -0.27170527312041259     
   2.3543543543543541       -1.0706590495828900      -0.27473035860758266     
   2.3583583583583585       -1.0671908734528530      -0.27775272718593058     
   2.3623623623623624       -1.0638113201940567      -0.28077234896614911     
   2.3663663663663663       -1.0606963765772259      -0.28378919408609682     
   2.3703703703703702       -1.0576689192716056      -0.28680323271108998     
   2.3743743743743742       -1.0548809062897986      -0.28981443503420068     
   2.3783783783783785       -1.0521782929738701      -0.29282277127655010     
   2.3823823823823824       -1.0496918333756589      -0.29582821168760237     
   2.3863863863863863       -1.0472879356047833      -0.29883072654545989     
   2.3903903903903903       -1.0450786840073856      -0.30183028615715662     
   2.3943943943943946       -1.0429485724239811      -0.30482686085895327     
   2.3983983983983985       -1.0409932854886197      -0.30782042101662760     
   2.4024024024024024       -1.0391132778985346      -0.31081093702577117     
   2.4064064064064064       -1.0373898622757212      -0.31379837931207849     
   2.4104104104104103       -1.0357375498477335      -0.31678271833164234     
   2.4144144144144146       -1.0342250905558212      -0.31976392457124503     
   2.4184184184184185       -1.0327793473935489      -0.32274196854864923     
   2.4224224224224224       -1.0314581195639612      -0.32571682081289072     
   2.4264264264264264       -1.0301990995079067      -0.32868845194456880     
   2.4304304304304303       -1.0290505679647710      -0.33165683255613876     
   2.4344344344344346       -1.0279596890117293      -0.33462193329220136     
   2.4384384384384385       -1.0269664978578457      -0.33758372482979238     
   2.4424424424424425       -1.0260264193631425      -0.34054217787867352     
   2.4464464464464464       -1.0251723706281752      -0.34349726318162288     
   2.4504504504504503       -1.0243669630966621      -0.34644895151472338     
   2.4544544544544546       -1.0236369913061707      -0.34939721368765092     
   2.4584584584584586       -1.0229512998287758      -0.35234202054396457     
   2.4624624624624625       -1.0223314386896345      -0.35528334296139358     
   2.4664664664664664       -1.0217516422880142      -0.35822115185212722     
   2.4704704704704703       -1.0212289880607905      -0.36115541816310109     
   2.4744744744744747       -1.0207423553962658      -0.36408611287628395     
   2.4784784784784786       -1.0203050261846658      -0.36701320700896528     
   2.4824824824824825       -1.0198998684959180      -0.36993667161404292     
   2.4864864864864864       -1.0195369607062565      -0.37285647778030850     
   2.4904904904904903       -1.0192025826769704      -0.37577259663273233     
   2.4944944944944947       -1.0189041254842450      -0.37868499933275035     
   2.4984984984984986       -1.0186307748584134      -0.38159365707854853     
   2.5025025025025025       -1.0183876831922185      -0.38449854110534887     
   2.5065065065065064       -1.0181664995482484      -0.38739962268569306     
   2.5105105105105103       -1.0179705261837255      -0.39029687312972527     
   2.5145145145145147       -1.0177934894294951      -0.39319026378547894     
   2.5185185185185186       -1.0176371766569157      -0.39607976603915657     
   2.5225225225225225       -1.0174970556224410      -0.39896535131541627     
   2.5265265265265264       -1.0173736869908063      -0.40184699107765126     
   2.5305305305305303       -1.0172639886292396      -0.40472465682827302     
   2.5345345345345347       -1.0171675410950443      -0.40759832010899633     
   2.5385385385385386       -1.0170824605054061      -0.41046795250111373     
   2.5425425425425425       -1.0170075573514994      -0.41333352562578402     
   2.5465465465465464       -1.0169419289889903      -0.41619501114430751     
   2.5505505505505504       -1.0168837937894490      -0.41905238075840956     
   2.5545545545545547       -1.0168330440135018      -0.42190560621051959     
   2.5585585585585586       -1.0167874558840519      -0.42475465928404776     
   2.5625625625625625       -1.0167475572520428      -0.42759951180366890     
   2.5665665665665665       -1.0167108076671663      -0.43044013563559802     
   2.5705705705705704       -1.0166782349225985      -0.43327650268786827     
   2.5745745745745747       -1.0166470861686361      -0.43610858491061100     
   2.5785785785785786       -1.0166187741736863      -0.43893635429633066     
   2.5825825825825826       -1.0165904195928503      -0.44175978288018303     
   2.5865865865865865       -1.0165637233084215      -0.44457884274025233     
   2.5905905905905904       -1.0165357495352156      -0.44739350599782673     
   2.5945945945945947       -1.0165084060903715      -0.45020374481767333     
   2.5985985985985987       -1.0164787572178335      -0.45300953140831385     
   2.6026026026026026       -1.0164488501193776      -0.45581083802230121     
   2.6066066066066065       -1.0164157939190248      -0.45860763695649065     
   2.6106106106106104       -1.0163817194292892      -0.46139990055231678     
   2.6146146146146148       -1.0163438156255837      -0.46418760119606622     
   2.6186186186186187       -1.0163042513009344      -0.46697071131914791     
   2.6226226226226226       -1.0162603218982533      -0.46974920339837051     
   2.6266266266266265       -1.0162141972638583      -0.47252304995621180     
   2.6306306306306309       -1.0161632988872715      -0.47529222356109002     
   2.6346346346346348       -1.0161097682109783      -0.47805669682763591     
   2.6386386386386387       -1.0160511665004313      -0.48081644241696481     
   2.6426426426426426       -1.0159895836075561      -0.48357143303694416     
   2.6466466466466465       -1.0159227294384012      -0.48632164144246637     
   2.6506506506506509       -1.0158526245287971      -0.48906704043571703     
   2.6546546546546548       -1.0157771322441724      -0.49180760286644165     
   2.6586586586586587       -1.0156981905476541      -0.49454330163221849     
   2.6626626626626626       -1.0156138179129930      -0.49727410967872404     
   2.6666666666666665       -1.0155258602369945      -0.49999999999999972     
   2.6706706706706709       -1.0154324901127869      -0.50272094563872161     
   2.6746746746746748       -1.0153354550912517      -0.50543691968646454     
   2.6786786786786787       -1.0152330787848052      -0.50814789528396909     
   2.6826826826826826       -1.0151270067108287      -0.51085384562140823     
   2.6866866866866865       -1.0150157089086409      -0.51355474393865141     
   2.6906906906906909       -1.0149007271742361      -0.51625056352552878     
   2.6946946946946948       -1.0147806721574244      -0.51894127772209564     
   2.6986986986986987       -1.0146569821431095      -0.52162685991889768     
   2.7027027027027026       -1.0145284016231459      -0.52430728355723144     
   2.7067067067067065       -1.0143962668342039      -0.52698252212940910     
   2.7107107107107109       -1.0142594488292513      -0.52965254917902060     
   2.7147147147147148       -1.0141191843693271      -0.53231733830119188     
   2.7187187187187187       -1.0139744633724825      -0.53497686314285131     
   2.7227227227227226       -1.0138264265642283      -0.53763109740298709     
   2.7267267267267266       -1.0136741748346265      -0.54028001483290666     
   2.7307307307307309       -1.0135187568566397      -0.54292358923649919     
   2.7347347347347348       -1.0133593766035136      -0.54556179447049191     
   2.7387387387387387       -1.0131969951465887      -0.54819460444470958     
   2.7427427427427427       -1.0130309117154126      -0.55082199312233360     
   2.7467467467467466       -1.0128620045180978      -0.55344393452015828     
   2.7507507507507509       -1.0126896603943274      -0.55606040270884749     
   2.7547547547547548       -1.0125146795874360      -0.55867137181319182     
   2.7587587587587588       -1.0123365291499056      -0.56127681601236501     
   2.7627627627627627       -1.0121559363682442      -0.56387670954017755     
   2.7667667667667666       -1.0119724414043507      -0.56647102668533345     
   2.7707707707707709       -1.0117867035240273      -0.56905974179168384     
   2.7747747747747749       -1.0115983292712856      -0.57164282925847854     
   2.7787787787787788       -1.0114079147770985      -0.57422026354062317     
   2.7827827827827827       -1.0112151265954334      -0.57679201914892952     
   2.7867867867867866       -1.0110205024741443      -0.57935807065036660     
   2.7907907907907910       -1.0108237629778685      -0.58191839266831491     
   2.7947947947947949       -1.0106253921118491      -0.58447295988281489     
   2.7987987987987988       -1.0104251588785755      -0.58702174703081833     
   2.8028028028028027       -1.0102234978797842      -0.58956472890643896     
   2.8068068068068066       -1.0100202213630693      -0.59210188036120082     
   2.8108108108108110       -1.0098157187122714      -0.59463317630428647     
   2.8148148148148149       -1.0096098405985059      -0.59715859170278585     
   2.8188188188188188       -1.0094029352537321      -0.59967810158194468     
   2.8228228228228227       -1.0091948872949856      -0.60219168102540921     
   2.8268268268268266       -1.0089860074495516      -0.60469930517547521     
   2.8308308308308310       -1.0087762102330442      -0.60720094923333168     
   2.8348348348348349       -1.0085657723836110      -0.60969658845930674     
   2.8388388388388388       -1.0083546346831707      -0.61218619817311326     
   2.8428428428428427       -1.0081430430743055      -0.61466975375409216     
   2.8468468468468466       -1.0079309611152361      -0.61714723064145482     
   2.8508508508508510       -1.0077186070297426      -0.61961860433452842     
   2.8548548548548549       -1.0075059641907333      -0.62208385039299596     
   2.8588588588588588       -1.0072932258514125      -0.62454294443713865     
   2.8628628628628627       -1.0070803922947920      -0.62699586214807834     
   2.8668668668668666       -1.0068676344189893      -0.62944257926801550     
   2.8708708708708710       -1.0066549670517626      -0.63188307160047208     
   2.8748748748748749       -1.0064425410331825      -0.63431731501052735     
   2.8788788788788788       -1.0062303833587265      -0.63674528542506048     
   2.8828828828828827       -1.0060186270366138      -0.63916695883298458     
   2.8868868868868871       -1.0058073093647641      -0.64158231128548815     
   2.8908908908908910       -1.0055965473578750      -0.64399131889626826     
   2.8948948948948949       -1.0053863867342536      -0.64639395784176901     
   2.8988988988988988       -1.0051769304482565      -0.64879020436141721     
   2.9029029029029028       -1.0049682310811590      -0.65118003475785557     
   2.9069069069069071       -1.0047603789865576      -0.65356342539717915     
   2.9109109109109110       -1.0045534322249456      -0.65594035270916740     
   2.9149149149149149       -1.0043474701837996      -0.65831079318751873     
   2.9189189189189189       -1.0041425550277949      -0.66067472339008115     
   2.9229229229229228       -1.0039387563856941      -0.66303211993908662     
   2.9269269269269271       -1.0037361396503934      -0.66538295952137938     
   2.9309309309309310       -1.0035347658044653      -0.66772721888864839     
   2.9349349349349350       -1.0033347023833521      -0.67006487485765742     
   2.9389389389389389       -1.0031360029105891      -0.67239590431047236     
   2.9429429429429428       -1.0029387362652702      -0.67472028419469232     
   2.9469469469469471       -1.0027429493036792      -0.67703799152367616     
   2.9509509509509511       -1.0025487115972649      -0.67934900337676973     
   2.9549549549549550       -1.0023560642609424      -0.68165329689953269     
   2.9589589589589589       -1.0021650767926253      -0.68395084930396566     
   2.9629629629629628       -1.0019757853184701      -0.68624163786873338     
   2.9669669669669672       -1.0017882588714209      -0.68852563993939209     
   2.9709709709709711       -1.0016025290781834      -0.69080283292861111     
   2.9749749749749750       -1.0014186640622371      -0.69307319431639702     
   2.9789789789789789       -1.0012366916594444      -0.69533670165031769     
   2.9829829829829828       -1.0010566785503490      -0.69759333254572287     
   2.9869869869869872       -1.0008786492819550      -0.69984306468596547     
   2.9909909909909911       -1.0007026689008900      -0.70208587582262250     
   2.9949949949949950       -1.0005287589414797      -0.70432174377571644     
   2.9989989989989989       -1.0003569825910119      -0.70655064643393228     
   3.0030030030030028       -1.0001873588206767      -0.70877256175483805     
   3.0070070070070072       -1.0000199486028651      -0.71098746776510247     
   3.0110110110110111      -0.99985476874373691      -0.71319534256071015     
   3.0150150150150150      -0.99969187784043545      -0.71539616430718178     
   3.0190190190190189      -0.99953129067750301      -0.71758991123978788     
   3.0230230230230228      -0.99937306348537169      -0.71977656166376336     
   3.0270270270270272      -0.99921720917217316      -0.72195609395452442     
   3.0310310310310311      -0.99906378140221896      -0.72412848655788031     
   3.0350350350350350      -0.99891279159298318      -0.72629371799024711     
   3.0390390390390389      -0.99876429061220640      -0.72845176683886070     
   3.0430430430430429      -0.99861828849504053      -0.73060261176198871     
   3.0470470470470472      -0.99847483340354415      -0.73274623148913987     
   3.0510510510510511      -0.99833393397067927      -0.73488260482127588     
   3.0550550550550550      -0.99819563567111158      -0.73701171063102133     
   3.0590590590590589      -0.99805994583588287      -0.73913352786287101     
   3.0630630630630629      -0.99792690712907595      -0.74124803553339991     
   3.0670670670670672      -0.99779652580883904      -0.74335521273147032     
   3.0710710710710711      -0.99766884159933023      -0.74545503861843621     
   3.0750750750750750      -0.99754385970350856      -0.74754749242835339     
   3.0790790790790790      -0.99742161701762122      -0.74963255346818258     
   3.0830830830830829      -0.99730211760748988      -0.75171020111799314     
   3.0870870870870872      -0.99718539562373720      -0.75378041483116953     
   3.0910910910910911      -0.99707145398055186      -0.75584317413461222     
   3.0950950950950951      -0.99696032403831203      -0.75789845862894101     
   3.0990990990990990      -0.99685200768085658      -0.75994624798869759     
   3.1031031031031029      -0.99674653338915287      -0.76198652196254535     
   3.1071071071071072      -0.99664390205169384      -0.76401926037346968     
   3.1111111111111112      -0.99654413929301400      -0.76604444311897801     
   3.1151151151151151      -0.99644724493479886      -0.76806205017129969     
   3.1191191191191190      -0.99635324186841290      -0.77007206157758090     
   3.1231231231231229      -0.99626212873468234      -0.77207445746008596     
   3.1271271271271273      -0.99617392574827301      -0.77406921801639050     
   3.1311311311311312      -0.99608863034530248      -0.77605632351957909     
   3.1351351351351351      -0.99600626004775039      -0.77803575431843974     
   3.1391391391391390      -0.99592681112416770      -0.78000749083765863     
   3.1431431431431434      -0.99585029836001404      -0.78197151357801342     
   3.1471471471471473      -0.99577671686160574      -0.78392780311656574     
   3.1511511511511512      -0.99570607868678573      -0.78587634010685492     
   3.1551551551551551      -0.99563837771966957      -0.78781710527908644     
   3.1591591591591590      -0.99557362335155775      -0.78975007944032583     
   3.1631631631631634      -0.99551180815564722      -0.79167524347468532     
   3.1671671671671673      -0.99545293895608911      -0.79359257834351493     
   3.1711711711711712      -0.99539700691071020      -0.79550206508559018     
   3.1751751751751751      -0.99534401629746605      -0.79740368481729929     
   3.1791791791791790      -0.99529395684599054      -0.79929741873283011     
   3.1831831831831834      -0.99524683028929650      -0.80118324810435748     
   3.1871871871871873      -0.99520262490721279      -0.80306115428222580     
   3.1911911911911912      -0.99516133988425315      -0.80493111869513456     
   3.1951951951951951      -0.99512296204600270      -0.80679312285032412     
   3.1991991991991990      -0.99508748802540981      -0.80864714833375495     
   3.2032032032032034      -0.99505490314044276      -0.81049317681029209     
   3.2072072072072073      -0.99502520152200258      -0.81233119002388610     
   3.2112112112112112      -0.99499836692740296      -0.81416116979775310     
   3.2152152152152151      -0.99497439101343965      -0.81598309803455449     
   3.2192192192192191      -0.99495325592764039      -0.81779695671657726     
   3.2232232232232234      -0.99493495091461015      -0.81960272790591171     
   3.2272272272272273      -0.99491945644334834      -0.82140039374462503     
   3.2312312312312312      -0.99490675936573314      -0.82318993645494509     
   3.2352352352352352      -0.99489683846369736      -0.82497133833943015     
   3.2392392392392391      -0.99488967820561092      -0.82674458178114651     
   3.2432432432432434      -0.99488525566511543      -0.82850964924384241     
   3.2472472472472473      -0.99488355295435260      -0.83026652327212114     
   3.2512512512512513      -0.99488454540897575      -0.83201518649161355     
   3.2552552552552552      -0.99488821294621432      -0.83375562160915107     
   3.2592592592592591      -0.99489452910737508      -0.83548781141293604     
   3.2632632632632634      -0.99490347140386115      -0.83721173877271049     
   3.2672672672672673      -0.99491501162093776      -0.83892738663992716     
   3.2712712712712713      -0.99492912499214281      -0.84063473804791811     
   3.2752752752752752      -0.99494578152413460      -0.84233377611206173     
   3.2792792792792791      -0.99496495420468878      -0.84402448402995045     
   3.2832832832832834      -0.99498661125322230      -0.84570684508155636     
   3.2872872872872874      -0.99501072345938746      -0.84738084262939606     
   3.2912912912912913      -0.99503725724926617      -0.84904646011869733     
   3.2952952952952952      -0.99506618124700796      -0.85070368107756111     
   3.2992992992992991      -0.99509746009507216      -0.85235248911712369     
   3.3033033033033035      -0.99513106029414466      -0.85399286793172058     
   3.3073073073073074      -0.99516694469997569      -0.85562480129904661     
   3.3113113113113113      -0.99520507773312938      -0.85724827308031681     
   3.3153153153153152      -0.99524542048832820      -0.85886326722042616     
   3.3193193193193191      -0.99528793535704219      -0.86046976774810746     
   3.3233233233233235      -0.99533258168429384      -0.86206775877609132     
   3.3273273273273274      -0.99537931987739792      -0.86365722450126015     
   3.3313313313313313      -0.99542810757124212      -0.86523814920480790     
   3.3353353353353352      -0.99547890323842114      -0.86681051725239255     
   3.3393393393393391      -0.99553166282689298      -0.86837431309429247     
   3.3433433433433435      -0.99558634293771864      -0.86992952126555956     
   3.3473473473473474      -0.99564289787903171      -0.87147612638617244     
   3.3513513513513513      -0.99570128243878187      -0.87301411316118827     
   3.3553553553553552      -0.99576144932920341      -0.87454346638089397     
   3.3593593593593591      -0.99582335159336866      -0.87606417092095756     
   3.3633633633633635      -0.99588694039900216      -0.87757621174257716     
   3.3673673673673674      -0.99595216712335721      -0.87907957389262847     
   3.3713713713713713      -0.99601898143408973      -0.88057424250381433     
   3.3753753753753752      -0.99608733312056852      -0.88206020279481123     
   3.3793793793793796      -0.99615717042759944      -0.88353744007041513     
   3.3833833833833835      -0.99622844163435398      -0.88500593972168740     
   3.3873873873873874      -0.99630109363290464      -0.88646568722609875     
   3.3913913913913913      -0.99637507328088593      -0.88791666814767278     
   3.3953953953953953      -0.99645032619521223      -0.88935886813712972     
   3.3993993993993996      -0.99652679790607768      -0.89079227293202790     
   3.4034034034034035      -0.99660443284359013      -0.89221686835690339     
   3.4074074074074074      -0.99668317530403638      -0.89363264032341194     
   3.4114114114114114      -0.99676296861830072      -0.89503957483046781     
   3.4154154154154153      -0.99684375596142494      -0.89643765796438168     
   3.4194194194194196      -0.99692547966411793      -0.89782687589899912     
   3.4234234234234235      -0.99700808188889323      -0.89920721489583688     
   3.4274274274274275      -0.99709150407082503      -0.90057866130421815     
   3.4314314314314314      -0.99717568747700125      -0.90194120156140900     
   3.4354354354354353      -0.99726057275822810      -0.90329482219275192     
   3.4394394394394396      -0.99734610040864669      -0.90463950981179775     
   3.4434434434434436      -0.99743221041376928      -0.90597525112043964     
   3.4474474474474475      -0.99751884262379775      -0.90730203290904421     
   3.4514514514514514      -0.99760593648409479      -0.90861984205658186     
   3.4554554554554553      -0.99769343132634780      -0.90992866553075646     
   3.4594594594594597      -0.99778126619577889      -0.91122849038813580     
   3.4634634634634636      -0.99786938004553261      -0.91251930377427593     
   3.4674674674674675      -0.99795771165291369      -0.91380109292385281     
   3.4714714714714714      -0.99804619974935671      -0.91507384516078560     
   3.4754754754754753      -0.99813478297870917      -0.91633754789836286     
   3.4794794794794797      -0.99822339999572285      -0.91759218863936631     
   3.4834834834834836      -0.99831198947078659      -0.91883775497619591     
   3.4874874874874875      -0.99840049013188281      -0.92007423459099136     
   3.4914914914914914      -0.99848884083338429      -0.92130161525575383     
   3.4954954954954953      -0.99857698053776700      -0.92251988483246850     
   3.4994994994994997      -0.99866484844066461      -0.92372903127322248     
   3.5035035035035036      -0.99875238391061638      -0.92492904262032472     
   3.5075075075075075      -0.99883952664103770      -0.92611990700642566     
   3.5115115115115114      -0.99892621658681346      -0.92730161265463207     
   3.5155155155155153      -0.99901239410204568      -0.92847414787862559     
   3.5195195195195197      -0.99909799989679393      -0.92963750108277710     
   3.5235235235235236      -0.99918297518129440      -0.93079166076226205     
   3.5275275275275275      -0.99926726158379331      -0.93193661550317375     
   3.5315315315315314      -0.99935080134075949      -0.93307235398263721     
   3.5355355355355353      -0.99943353719231032      -0.93419886496891946     
   3.5395395395395397      -0.99951541258142307      -0.93531613732154262     
   3.5435435435435436      -0.99959637153685621      -0.93642415999139206     
   3.5475475475475475      -0.99967635890286466      -0.93752292202082732     
   3.5515515515515514      -0.99975532017562518      -0.93861241254378924     
   3.5555555555555554      -0.99983320178259816      -0.93969262078590843     
   3.5595595595595597      -0.99990995090133472      -0.94076353606461116     
   3.5635635635635636      -0.99998551570890570      -0.94182514778922477     
   3.5675675675675675       -1.0000598452475615      -0.94287744546108421     
   3.5715715715715715       -1.0001328896448838      -0.94392041867363274     
   3.5755755755755754       -1.0002045999973350      -0.94495405711252811     
   3.5795795795795797       -1.0002749285726997      -0.94597835055574231     
   3.5835835835835836       -1.0003438286983177      -0.94699328887366330     
   3.5875875875875876       -1.0004112550100692      -0.94799886202919548     
   3.5915915915915915       -1.0004771632225904      -0.94899506007785894     
   3.5955955955955954       -1.0005415105244566      -0.94998187316788696     
   3.5995995995995997       -1.0006042552211967      -0.95095929154032532     
   3.6036036036036037       -1.0006653572201734      -0.95192730552912663     
   3.6076076076076076       -1.0007247776497299      -0.95288590556124664     
   3.6116116116116115       -1.0007824792660007      -0.95383508215674029     
   3.6156156156156154       -1.0008384262457546      -0.95477482592885354     
   3.6196196196196198       -1.0008925843320469      -0.95570512758411708     
   3.6236236236236237       -1.0009449209531602      -0.95662597792243798     
   3.6276276276276276       -1.0009954050141194      -0.95753736783719101     
   3.6316316316316315       -1.0010440073782954      -0.95843928831530878     
   3.6356356356356359       -1.0010907002482372      -0.95933173043737030     
   3.6396396396396398       -1.0011354581435066      -0.96021468537768961     
   3.6436436436436437       -1.0011782566363490      -0.96108814440440271     
   3.6476476476476476       -1.0012190741933524      -0.96195209887955480     
   3.6516516516516515       -1.0012578898012652      -0.96280654025918444     
   3.6556556556556559       -1.0012946860728575      -0.96365146009340885     
   3.6596596596596598       -1.0013294455659369      -0.96448685002650714     
   3.6636636636636637       -1.0013621551169831      -0.96531270179700357     
   3.6676676676676676       -1.0013928011361455      -0.96612900723774797     
   3.6716716716716715       -1.0014213746336977      -0.96693575827599820     
   3.6756756756756759       -1.0014478661572568      -0.96773294693349898     
   3.6796796796796798       -1.0014722708492876      -0.96852056532655983     
   3.6836836836836837       -1.0014945837952418      -0.96929860566613557     
   3.6876876876876876       -1.0015148039110100      -0.97006706025790090     
   3.6916916916916915       -1.0015329315526447      -0.97082592150232783     
   3.6956956956956959       -1.0015489687767678      -0.97157518189476044     
   3.6996996996996998       -1.0015629220741511      -0.97231483402548924     
   3.7037037037037037       -1.0015747959265564      -0.97304487057982392     
   3.7077077077077076       -1.0015846038304330      -0.97376528433816678     
   3.7117117117117115       -1.0015923519641439      -0.97447606817608323     
   3.7157157157157159       -1.0015980616812197      -0.97517721506437227     
   3.7197197197197198       -1.0016017402086350      -0.97586871806913611     
   3.7237237237237237       -1.0016034172159842      -0.97655057035184933     
   3.7277277277277276       -1.0016031010175999      -0.97722276516942586     
   3.7317317317317316       -1.0016008290104310      -0.97788529587428519     
   3.7357357357357359       -1.0015966117291044      -0.97853815591441973     
   3.7397397397397398       -1.0015904926636889      -0.97918133883345804     
   3.7437437437437437       -1.0015824872291628      -0.97981483827072935     
   3.7477477477477477       -1.0015726411098711      -0.98043864796132674     
   3.7517517517517516       -1.0015609796129259      -0.98105276173616807     
   3.7557557557557559       -1.0015475444399384      -0.98165717352205806     
   3.7597597597597598       -1.0015323777728173      -0.98225187734174813     
   3.7637637637637638       -1.0015155093630643      -0.98283686731399489     
   3.7677677677677677       -1.0014970068446361      -0.98341213765361879     
   3.7717717717717716       -1.0014768790505693      -0.98397768267156138     
   3.7757757757757759       -1.0014552272341244      -0.98453349677494195     
   3.7797797797797799       -1.0014320323879149      -0.98507957446711136     
   3.7837837837837838       -1.0014074337689542      -0.98561591034770824     
   3.7877877877877877       -1.0013813833376299      -0.98614249911271146     
   3.7917917917917916       -1.0013540542447121      -0.98665933555449192     
   3.7957957957957960       -1.0013253797948116      -0.98716641456186571     
   3.7997997997997999       -1.0012955483440198      -0.98766373112014327     
   3.8038038038038038       -1.0012645022008966      -0.98815128031117960     
   3.8078078078078077       -1.0012324062857225      -0.98862905731342254     
   3.8118118118118116       -1.0011992612889178      -0.98909705740196108     
   3.8158158158158160       -1.0011651479584851      -0.98955527594857173     
   3.8198198198198199       -1.0011301954008087      -0.99000370842176366     
   3.8238238238238238       -1.0010943223778186      -0.99044235038682449     
   3.8278278278278277       -1.0010578665741965      -0.99087119750586350     
   3.8318318318318316       -1.0010205074263170      -0.99129024553785516     
   3.8358358358358360       -1.0009828560882799      -0.99169949033868066     
   3.8398398398398399       -1.0009443098827564      -0.99209892786116838     
   3.8438438438438438       -1.0009057598031665      -0.99248855415513493     
   3.8478478478478477       -1.0008663646771303      -0.99286836536742351     
   3.8518518518518516       -1.0008271840438103      -0.99323835774194280     
   3.8558558558558560       -1.0007873321138379      -0.99359852761970280     
   3.8598598598598599       -1.0007477441692947      -0.99394887143885202     
   3.8638638638638638       -1.0007078911113481      -0.99428938573471282     
   3.8678678678678677       -1.0006680678753619      -0.99462006713981466     
   3.8718718718718717       -1.0006287260571389      -0.99494091238392857     
   3.8758758758758760       -1.0005888052828571      -0.99525191829409909     
   3.8798798798798799       -1.0005505056608870      -0.99555308179467450     
   3.8838838838838838       -1.0005106468832616      -0.99584439990733942     
   3.8878878878878878       -1.0004738542570870      -0.99612586975114281     
   3.8918918918918921       -1.0004343465652374      -0.99639748854252641     
   3.8958958958958960       -1.0003993209142779      -0.99665925359535279     
   3.8998998998998999       -1.0003607411181150      -0.99691116232093191     
   3.9039039039039038       -1.0003273593146127      -0.99715321222804643     
   3.9079079079079078       -1.0002907488579353      -0.99738540092297623     
   3.9119119119119121       -1.0002583401440035      -0.99760772610952264     
   3.9159159159159160       -1.0002253214651575      -0.99782018558903074     
   3.9199199199199199       -1.0001926244085533      -0.99802277726041111     
   3.9239239239239239       -1.0001653206157652      -0.99821549912016083     
   3.9279279279279278       -1.0001307218942248      -0.99839834926238302     
   3.9319319319319321       -1.0001113051062347      -0.99857132587880604     
   3.9359359359359360       -1.0000735312796105      -0.99873442725880057     
   3.9399399399399400       -1.0000632590304397      -0.99888765178939798     
   3.9439439439439439       -1.0000225957586681      -0.99903099795530448     
   3.9479479479479478       -1.0000203738339477      -0.99916446433891781     
   3.9519519519519521      -0.99998020947763300      -0.99928804962034024     
   3.9559559559559561      -0.99998109894221077      -0.99940175257739150     
   3.9599599599599600      -0.99994912406473191      -0.99950557208562174     
   3.9639639639639639      -0.99994370673441679      -0.99959950711832180     
   3.9679679679679678      -0.99993167291001883      -0.99968355674653397     
   3.9719719719719722      -0.99990738409379820      -0.99975772013906072     
   3.9759759759759761      -0.99992865587820257      -0.99982199656247328     
   3.9799799799799800      -0.99987300353619057      -0.99987638538111856     
   3.9839839839839839      -0.99993967988195731      -0.99992088605712559     
   3.9879879879879878      -0.99984078112914232      -0.99995549815041107     
   3.9919919919919922      -0.99996902177622771      -0.99998022131868336     
   3.9959959959959961      -0.99979978685487292      -0.99999505531744570     
   4.0000000000000000       -1.0000000000000000       -1.0000000000000000     
