   0.0000000000000000        1.0000000000000000       0.99999999999999989     
   4.0040040040040040E-003   1.0000862943840434       0.99999505531744592     
   8.0080080080080079E-003  0.99999990798456950       0.99998022131868325     
   1.2012012012012012E-002   1.0001268827800232       0.99995549815041107     
   1.6016016016016016E-002   1.0001342963496405       0.99992088605712559     
   2.0020020020020020E-002   1.0001704027079361       0.99987638538111856     
   2.4024024024024024E-002   1.0002396012652226       0.99982199656247328     
   2.8028028028028028E-002   1.0002288922612728       0.99975772013906072     
   3.2032032032032032E-002   1.0003219149383196       0.99968355674653397     
   3.6036036036036036E-002   1.0002966735928513       0.99959950711832180     
   4.0040040040040040E-002   1.0003862050143140       0.99950557208562174     
   4.4044044044044044E-002   1.0003667334926030       0.99940175257739161     
   4.8048048048048048E-002   1.0004380641535278       0.99928804962034012     
   5.2052052052052052E-002   1.0004325386294990       0.99916446433891792     
   5.6056056056056056E-002   1.0004817895259017       0.99903099795530459     
   6.0060060060060060E-002   1.0004896294406709       0.99888765178939798     
   6.4064064064064064E-002   1.0005195330360583       0.99873442725880068     
   6.8068068068068074E-002   1.0005358085664031       0.99857132587880615     
   7.2072072072072071E-002   1.0005516052318979       0.99839834926238324     
   7.6076076076076082E-002   1.0005705196757599       0.99821549912016094     
   8.0080080080080079E-002   1.0005772326976543       0.99802277726041122     
   8.4084084084084090E-002   1.0005940681996552       0.99782018558903074     
   8.8088088088088087E-002   1.0005952639650670       0.99760772610952264     
   9.2092092092092098E-002   1.0006070258525914       0.99738540092297623     
   9.6096096096096095E-002   1.0006046277030529       0.99715321222804643     
  0.10010010010010011        1.0006099001389792       0.99691116232093191     
  0.10410410410410410        1.0006045423792926       0.99665925359535279     
  0.10810810810810811        1.0006030182394765       0.99639748854252641     
  0.11211211211211211        1.0005945545271595       0.99612586975114281     
  0.11611611611611612        1.0005865377761516       0.99584439990733964     
  0.12012012012012012        1.0005744856483147       0.99555308179467450     
  0.12412412412412413        1.0005605131138890       0.99525191829409887     
  0.12812812812812813        1.0005443541740715       0.99494091238392868     
  0.13213213213213212        1.0005249669108409       0.99462006713981466     
  0.13613613613613615        1.0005043051704143       0.99428938573471282     
  0.14014014014014015        1.0004799448034145       0.99394887143885213     
  0.14414414414414414        1.0004545604422519       0.99359852761970280     
  0.14814814814814814        1.0004255483928235       0.99323835774194291     
  0.15215215215215216        1.0003953892141377       0.99286836536742373     
  0.15615615615615616        1.0003619495224187       0.99248855415513493     
  0.16016016016016016        1.0003270944460165       0.99209892786116838     
  0.16416416416416416        1.0002893918672708       0.99169949033868066     
  0.16816816816816818        1.0002500089629884       0.99129024553785539     
  0.17217217217217218        1.0002081853104496       0.99087119750586361     
  0.17617617617617617        1.0001644960715037       0.99044235038682449     
  0.18018018018018017        1.0001186975249643       0.99000370842176388     
  0.18418418418418420        1.0000709516211419       0.98955527594857196     
  0.18818818818818819        1.0000213452017757       0.98909705740196130     
  0.19219219219219219       0.99996980547702441       0.98862905731342254     
  0.19619619619619619       0.99991658633243186       0.98815128031117949     
  0.20020020020020021       0.99986152166322273       0.98766373112014327     
  0.20420420420420421       0.99980491403725424       0.98716641456186571     
  0.20820820820820821       0.99974659725294035       0.98665933555449203     
  0.21221221221221220       0.99968685154778691       0.98614249911271146     
  0.21621621621621623       0.99962555993243762       0.98561591034770846     
  0.22022022022022023       0.99956294819596148       0.98507957446711159     
  0.22422422422422422       0.99949896502086610       0.98453349677494206     
  0.22822822822822822       0.99943377626951124       0.98397768267156138     
  0.23223223223223224       0.99936739206822778       0.98341213765361868     
  0.23623623623623624       0.99929992792616384       0.98283686731399489     
  0.24024024024024024       0.99923144116536655       0.98225187734174813     
  0.24424424424424424       0.99916201257577097       0.98165717352205828     
  0.24824824824824826       0.99909172962304493       0.98105276173616818     
  0.25225225225225223       0.99902065407506158       0.98043864796132674     
  0.25625625625625625       0.99894888844047236       0.97981483827072957     
  0.26026026026026028       0.99887648808447949       0.97918133883345804     
  0.26426426426426425       0.99880355931602227       0.97853815591441973     
  0.26826826826826827       0.99873015937415721       0.97788529587428519     
  0.27227227227227230       0.99865639146963958       0.97722276516942586     
  0.27627627627627627       0.99858231915898121       0.97655057035184956     
  0.28028028028028029       0.99850803910422126       0.97586871806913633     
  0.28428428428428426       0.99843362240140798       0.97517721506437238     
  0.28828828828828829       0.99835915856953183       0.97447606817608334     
  0.29229229229229231       0.99828472538940161       0.97376528433816700     
  0.29629629629629628       0.99821040601411581       0.97304487057982403     
  0.30030030030030030       0.99813628311181279       0.97231483402548924     
  0.30430430430430433       0.99806243505976822       0.97157518189476044     
  0.30830830830830830       0.99798894705161967       0.97082592150232794     
  0.31231231231231232       0.99791589444855544       0.97006706025790113     
  0.31631631631631629       0.99784336295941378       0.96929860566613568     
  0.32032032032032032       0.99777142613000402       0.96852056532656006     
  0.32432432432432434       0.99770016863454714       0.96773294693349898     
  0.32832832832832831       0.99762966318255253       0.96693575827599854     
  0.33233233233233234       0.99755999213871616       0.96612900723774819     
  0.33633633633633636       0.99749122791074241       0.96531270179700357     
  0.34034034034034033       0.99742344993505239       0.96448685002650714     
  0.34434434434434436       0.99735673021685234       0.96365146009340885     
  0.34834834834834832       0.99729114508637828       0.96280654025918455     
  0.35235235235235235       0.99722676594318049       0.96195209887955491     
  0.35635635635635637       0.99716366583402594       0.96108814440440293     
  0.36036036036036034       0.99710191527916947       0.96021468537768961     
  0.36436436436436437       0.99704158413717892       0.95933173043737041     
  0.36836836836836839       0.99698274149474730       0.95843928831530878     
  0.37237237237237236       0.99692545428690071       0.95753736783719101     
  0.37637637637637639       0.99686978964570139       0.95662597792243798     
  0.38038038038038036       0.99681581175265421       0.95570512758411708     
  0.38438438438438438       0.99676358542629595       0.95477482592885377     
  0.38838838838838841       0.99671317210450627       0.95383508215674051     
  0.39239239239239238       0.99666463406920702       0.95288590556124697     
  0.39639639639639640       0.99661803006323924       0.95192730552912663     
  0.40040040040040042       0.99657341952382938       0.95095929154032544     
  0.40440440440440439       0.99653085858162926       0.94998187316788707     
  0.40840840840840842       0.99649040358236940       0.94899506007785894     
  0.41241241241241239       0.99645210807450624       0.94799886202919548     
  0.41641641641641641       0.99641602522265083       0.94699328887366341     
  0.42042042042042044       0.99638220583606807       0.94597835055574242     
  0.42442442442442441       0.99635069992039216       0.94495405711252856     
  0.42842842842842843       0.99632155540218048       0.94392041867363297     
  0.43243243243243246       0.99629481915067342       0.94287744546108421     
  0.43643643643643643       0.99627053613593064       0.94182514778922499     
  0.44044044044044045       0.99624875001377089       0.94076353606461094     
  0.44444444444444442       0.99622950278131606       0.93969262078590843     
  0.44844844844844844       0.99621283484227985       0.93861241254378935     
  0.45245245245245247       0.99619878518392202       0.93752292202082743     
  0.45645645645645644       0.99618739096388542       0.93642415999139239     
  0.46046046046046046       0.99617868808545451       0.93531613732154295     
  0.46446446446446449       0.99617271051059830       0.93419886496891991     
  0.46846846846846846       0.99616949097815155       0.93307235398263733     
  0.47247247247247248       0.99616906029889452       0.93193661550317397     
  0.47647647647647645       0.99617144784542933       0.93079166076226205     
  0.48048048048048048       0.99617668136233406       0.92963750108277710     
  0.48448448448448450       0.99618478711346958       0.92847414787862570     
  0.48848848848848847       0.99619578971941158       0.92730161265463229     
  0.49249249249249250       0.99620971227201804       0.92611990700642588     
  0.49649649649649652       0.99622657625761246       0.92492904262032505     
  0.50050050050050054       0.99624640162921885       0.92372903127322259     
  0.50450450450450446       0.99626920675702968       0.92251988483246872     
  0.50850850850850848       0.99629500848265962       0.92130161525575405     
  0.51251251251251251       0.99632382207285985       0.92007423459099136     
  0.51651651651651653       0.99635566131478814       0.91883775497619602     
  0.52052052052052056       0.99639053840867697       0.91759218863936653     
  0.52452452452452447       0.99642846408628383       0.91633754789836308     
  0.52852852852852850       0.99646944754981326       0.91507384516078605     
  0.53253253253253252       0.99651349651016885       0.91380109292385314     
  0.53653653653653655       0.99656061720810885       0.91251930377427604     
  0.54054054054054057       0.99661081439099941       0.91122849038813569     
  0.54454454454454460       0.99666409137379930       0.90992866553075669     
  0.54854854854854851       0.99672044999827214       0.90861984205658186     
  0.55255255255255253       0.99677989070125916       0.90730203290904443     
  0.55655655655655656       0.99684241246426186       0.90597525112043986     
  0.56056056056056058       0.99690801291635833       0.90463950981179786     
  0.56456456456456461       0.99697668823511176       0.90329482219275237     
  0.56856856856856852       0.99704843327855608       0.90194120156140967     
  0.57257257257257255       0.99712324149934295       0.90057866130421826     
  0.57657657657657657       0.99720110503446102       0.89920721489583666     
  0.58058058058058060       0.99728201467435207       0.89782687589899912     
  0.58458458458458462       0.99736595990132881       0.89643765796438168     
  0.58858858858858853       0.99745292890051573       0.89503957483046792     
  0.59259259259259256       0.99754290857001748       0.89363264032341216     
  0.59659659659659658       0.99763588454938279       0.89221686835690384     
  0.60060060060060061       0.99773184122198155       0.89079227293202834     
  0.60460460460460463       0.99783076174553154       0.88935886813713039     
  0.60860860860860866       0.99793262805710992       0.88791666814767300     
  0.61261261261261257       0.99803742089938530       0.88646568722609853     
  0.61661661661661660       0.99814511983114962       0.88500593972168740     
  0.62062062062062062       0.99825570324850310       0.88353744007041513     
  0.62462462462462465       0.99836914840007740       0.88206020279481145     
  0.62862862862862867       0.99848543140490165       0.88057424250381455     
  0.63263263263263259       0.99860452726988103       0.87907957389262892     
  0.63663663663663661       0.99872640990679906       0.87757621174257761     
  0.64064064064064064       0.99885105214963532       0.87606417092095823     
  0.64464464464464466       0.99897842577246954       0.87454346638089420     
  0.64864864864864868       0.99910850150574804       0.87301411316118804     
  0.65265265265265260       0.99924124905491096       0.87147612638617244     
  0.65665665665665662       0.99937663711630786       0.86992952126555978     
  0.66066066066066065       0.99951463339537605       0.86837431309429269     
  0.66466466466466467       0.99965520462362378       0.86681051725239278     
  0.66866866866866870       0.99979831657462503       0.86523814920480835     
  0.67267267267267272       0.99994393408368121       0.86365722450126059     
  0.67667667667667664        1.0000920210602455       0.86206775877609154     
  0.68068068068068066        1.0002425405112159       0.86046976774810768     
  0.68468468468468469        1.0003954545490352       0.85886326722042616     
  0.68868868868868871        1.0005507244190741       0.85724827308031681     
  0.69269269269269274        1.0007083105033028       0.85562480129904683     
  0.69669669669669665        1.0008681723511217       0.85399286793172080     
  0.70070070070070067        1.0010302686800923       0.85235248911712413     
  0.70470470470470470        1.0011945574075480       0.85070368107756156     
  0.70870870870870872        1.0013609956522920       0.84904646011869800     
  0.71271271271271275        1.0015295397615573       0.84738084262939628     
  0.71671671671671666        1.0017001453208481       0.84570684508155602     
  0.72072072072072069        1.0018727671671925       0.84402448402995045     
  0.72472472472472471        1.0020473594175658       0.84233377611206173     
  0.72872872872872874        1.0022238754570407       0.84063473804791822     
  0.73273273273273276        1.0024022679975102       0.83892738663992727     
  0.73673673673673679        1.0025824890297992       0.83721173877271082     
  0.74074074074074070        1.0027644899205868       0.83548781141293649     
  0.74474474474474472        1.0029482213269101       0.83375562160915173     
  0.74874874874874875        1.0031336333218299       0.83201518649161366     
  0.75275275275275277        1.0033206752973995       0.83026652327212069     
  0.75675675675675680        1.0035092960655791       0.82850964924384218     
  0.76076076076076071        1.0036994438398970       0.82674458178114663     
  0.76476476476476474        1.0038910662130069       0.82497133833943037     
  0.76876876876876876        1.0040841102625426       0.82318993645494531     
  0.77277277277277279        1.0042785224347401       0.82140039374462548     
  0.77677677677677681        1.0044742487057452       0.81960272790591149     
  0.78078078078078073        1.0046712344383382       0.81779695671657793     
  0.78478478478478475        1.0048694245531262       0.81598309803455460     
  0.78878878878878878        1.0050687633825357       0.81416116979775299     
  0.79279279279279280        1.0052691948349657       0.81233119002388599     
  0.79679679679679682        1.0054706622734160       0.81049317681029232     
  0.80080080080080085        1.0056731086153656       0.80864714833375506     
  0.80480480480480476        1.0058764763374206       0.80679312285032445     
  0.80880880880880879        1.0060807073841065       0.80493111869513490     
  0.81281281281281281        1.0062857433989962       0.80306115428222591     
  0.81681681681681684        1.0064915254203119       0.80118324810435759     
  0.82082082082082086        1.0066979942540937       0.79929741873283022     
  0.82482482482482478        1.0069050901217391       0.79740368481729917     
  0.82882882882882880        1.0071127529970596       0.79550206508558996     
  0.83283283283283283        1.0073209223609207       0.79359257834351515     
  0.83683683683683685        1.0075295373469757       0.79167524347468543     
  0.84084084084084088        1.0077385367883358       0.78975007944032627     
  0.84484484484484490        1.0079478589969804       0.78781710527908688     
  0.84884884884884881        1.0081574421693216       0.78587634010685514     
  0.85285285285285284        1.0083672238944987       0.78392780311656585     
  0.85685685685685686        1.0085771416852021       0.78197151357801298     
  0.86086086086086089        1.0087871325258566       0.78000749083765841     
  0.86486486486486491        1.0089971331965890       0.77803575431843952     
  0.86886886886886883        1.0092070801884889       0.77605632351957921     
  0.87287287287287285        1.0094169095455898       0.77406921801639061     
  0.87687687687687688        1.0096265572761065       0.77207445746008641     
  0.88088088088088090        1.0098359587974002       0.77007206157758135     
  0.88488488488488493        1.0100450495443791       0.76806205017129980     
  0.88888888888888884        1.0102537644639589       0.76604444311897812     
  0.89289289289289286        1.0104620383144371       0.76401926037346957     
  0.89689689689689689        1.0106698057110044       0.76198652196254524     
  0.90090090090090091        1.0108770007660508       0.75994624798869781     
  0.90490490490490494        1.0110835576598536       0.75789845862894112     
  0.90890890890890896        1.0112894100503680       0.75584317413461199     
  0.91291291291291288        1.0114944915365491       0.75378041483116964     
  0.91691691691691690        1.0116987354907834       0.75171020111799358     
  0.92092092092092093        1.0119020749044390       0.74963255346818269     
  0.92492492492492495        1.0121044428183346       0.74754749242835361     
  0.92892892892892898        1.0123057717841937       0.74545503861843632     
  0.93293293293293289        1.0125059943264754       0.74335521273147021     
  0.93693693693693691        1.0127050427630275       0.74124803553340046     
  0.94094094094094094        1.0129028490483780       0.73913352786287123     
  0.94494494494494496        1.0130993452155526       0.73701171063102144     
  0.94894894894894899        1.0132944628302172       0.73488260482127599     
  0.95295295295295290        1.0134881334160029       0.73274623148913998     
  0.95695695695695693        1.0136802883729656       0.73060261176198882     
  0.96096096096096095        1.0138708586941083       0.72845176683886093     
  0.96496496496496498        1.0140597754626386       0.72629371799024722     
  0.96896896896896900        1.0142469693842722       0.72412848655788020     
  0.97297297297297303        1.0144323710092589       0.72195609395452465     
  0.97697697697697694        1.0146159108929049       0.71977656166376347     
  0.98098098098098097        1.0147975191346210       0.71758991123978799     
  0.98498498498498499        1.0149771258612263       0.71539616430718200     
  0.98898898898898902        1.0151546610070243       0.71319534256071038     
  0.99299299299299304        1.0153300541813315       0.71098746776510235     
  0.99699699699699695        1.0155032350178672       0.70877256175483849     
   1.0010010010010011        1.0156741328455117       0.70655064643393239     
   1.0050050050050050        1.0158426767717279       0.70432174377571666     
   1.0090090090090089        1.0160087959194850       0.70208587582262261     
   1.0130130130130131        1.0161724189992247       0.69984306468596524     
   1.0170170170170170        1.0163334745997248       0.69759333254572309     
   1.0210210210210211        1.0164918912817258       0.69533670165031780     
   1.0250250250250250        1.0166475971316169       0.69307319431639725     
   1.0290290290290289        1.0168005201850594       0.69080283292861089     
   1.0330330330330331        1.0169505883551304       0.68852563993939231     
   1.0370370370370370        1.0170977291104351       0.68624163786873360     
   1.0410410410410411        1.0172418698364734       0.68395084930396588     
   1.0450450450450450        1.0173829377613419       0.68165329689953280     
   1.0490490490490489        1.0175208596567804       0.67934900337676996     
   1.0530530530530531        1.0176555621849264       0.67703799152367639     
   1.0570570570570570        1.0177869718051813       0.67472028419469277     
   1.0610610610610611        1.0179150145253664       0.67239590431047247     
   1.0650650650650650        1.0180396161336684       0.67006487485765720     
   1.0690690690690692        1.0181607022895427       0.66772721888864850     
   1.0730730730730731        1.0182781980372957       0.66538295952137927     
   1.0770770770770770        1.0183920282768621       0.66303211993908673     
   1.0810810810810811        1.0185021175883537       0.66067472339008138     
   1.0850850850850851        1.0186083900765139       0.65831079318751895     
   1.0890890890890892        1.0187107694553541       0.65594035270916762     
   1.0930930930930931        1.0188091791755525       0.65356342539717938     
   1.0970970970970970        1.0189035421068031       0.65118003475785569     
   1.1011011011011012        1.0189937807558529       0.64879020436141710     
   1.1051051051051051        1.0190798170184061       0.64639395784176923     
   1.1091091091091092        1.0191615725897010       0.64399131889626848     
   1.1131131131131131        1.0192389682157270       0.64158231128548826     
   1.1171171171171170        1.0193119244351596       0.63916695883298480     
   1.1211211211211212        1.0193803609444811       0.63674528542506059     
   1.1251251251251251        1.0194441970792121       0.63431731501052790     
   1.1291291291291292        1.0195033511677654       0.63188307160047219     
   1.1331331331331331        1.0195577411126131       0.62944257926801572     
   1.1371371371371370        1.0196072839758104       0.62699586214807856     
   1.1411411411411412        1.0196518960771708       0.62454294443713887     
   1.1451451451451451        1.0196914928129917       0.62208385039299618     
   1.1491491491491492        1.0197259887473689       0.61961860433452864     
   1.1531531531531531        1.0197552976420032       0.61714723064145538     
   1.1571571571571571        1.0197793321035955       0.61466975375409227     
   1.1611611611611612        1.0197980038430328       0.61218619817311382     
   1.1651651651651651        1.0198112233235876       0.60969658845930685     
   1.1691691691691692        1.0198189000893478       0.60720094923333146     
   1.1731731731731732        1.0198209422729130       0.60469930517547543     
   1.1771771771771771        1.0198172572245632       0.60219168102540976     
   1.1811811811811812        1.0198077504345471       0.59967810158194490     
   1.1851851851851851        1.0197923261796848       0.59715859170278607     
   1.1891891891891893        1.0197708870552717       0.59463317630428669     
   1.1931931931931932        1.0197433342463826       0.59210188036120104     
   1.1971971971971973        1.0197095671268439       0.58956472890643952     
   1.2012012012012012        1.0196694834580928       0.58702174703081855     
   1.2052052052052051        1.0196229790360052       0.58447295988281511     
   1.2092092092092093        1.0195699478336890       0.58191839266831502     
   1.2132132132132132        1.0195102816802903       0.57935807065036715     
   1.2172172172172173        1.0194438703610409       0.57679201914892964     
   1.2212212212212212        1.0193706013147681       0.57422026354062339     
   1.2252252252252251        1.0192903597021490       0.57164282925847876     
   1.2292292292292293        1.0192030281108759       0.56905974179168362     
   1.2332332332332332        1.0191084866009570       0.56647102668533400     
   1.2372372372372373        1.0190066124083270       0.56387670954017777     
   1.2412412412412412        1.0188972799743030       0.56127681601236523     
   1.2452452452452452        1.0187803606401711       0.55867137181319193     
   1.2492492492492493        1.0186557226659807       0.55606040270884771     
   1.2532532532532532        1.0185232309106607       0.55344393452015839     
   1.2572572572572573        1.0183827468432913       0.55082199312233371     
   1.2612612612612613        1.0182341282052132       0.54819460444470980     
   1.2652652652652652        1.0180772290151898       0.54556179447049202     
   1.2692692692692693        1.0179118992114695       0.54292358923649942     
   1.2732732732732732        1.0177379846509060       0.54028001483290677     
   1.2772772772772774        1.0175553267302424       0.53763109740298687     
   1.2812812812812813        1.0173637623778415       0.53497686314285187     
   1.2852852852852852        1.0171631236550704       0.53231733830119210     
   1.2892892892892893        1.0169532377375503       0.52965254917902038     
   1.2932932932932932        1.0167339264994031       0.52698252212940966     
   1.2972972972972974        1.0165050064790073       0.52430728355723166     
   1.3013013013013013        1.0162662884507672       0.52162685991889790     
   1.3053053053053052        1.0160175773686930       0.51894127772209575     
   1.3093093093093093        1.0157586719319518       0.51625056352552856     
   1.3133133133133132        1.0154893644979619       0.51355474393865164     
   1.3173173173173174        1.0152094406499192       0.51085384562140879     
   1.3213213213213213        1.0149186790690632       0.50814789528396931     
   1.3253253253253254        1.0146168511145097       0.50543691968646431     
   1.3293293293293293        1.0143037206424323       0.50272094563872183     
   1.3333333333333333        1.0139790436104446       0.50000000000000033     
   1.3373373373373374        1.0136425678297154       0.49727410967872421     
   1.3413413413413413        1.0132940326079041       0.49454330163221866     
   1.3453453453453454        1.0129331684188068       0.49180760286644143     
   1.3493493493493494        1.0125596965992534       0.48906704043571680     
   1.3533533533533533        1.0121733289197772       0.48632164144246692     
   1.3573573573573574        1.0117737673520639       0.48357143303694439     
   1.3613613613613613        1.0113607035233436       0.48081644241696458     
   1.3653653653653655        1.0109338185717032       0.47805669682763607     
   1.3693693693693694        1.0104927824668244       0.47529222356109019     
   1.3733733733733733        1.0100372539703604       0.47252304995621203     
   1.3773773773773774        1.0095668798064596       0.46974920339837073     
   1.3813813813813813        1.0090812947433259       0.46697071131914814     
   1.3853853853853855        1.0085801205991276       0.46418760119606600     
   1.3893893893893894        1.0080629664581708       0.46139990055231739     
   1.3933933933933933        1.0075294275016047       0.45860763695649082     
   1.3973973973973974        1.0069790853673699       0.45581083802230099     
   1.4014014014014013        1.0064115068008284       0.45300953140831446     
   1.4054054054054055        1.0058262441610153       0.45020374481767350     
   1.4094094094094094        1.0052228338947709       0.44739350599782696     
   1.4134134134134133        1.0046007971823405       0.44457884274025250     
   1.4174174174174174        1.0039596382501714       0.44175978288018319     
   1.4214214214214214        1.0032988451359499       0.43893635429633082     
   1.4254254254254255        1.0026178878706802       0.43610858491061116     
   1.4294294294294294        1.0019162193261577       0.43327650268786849     
   1.4334334334334333        1.0011932733168987       0.43044013563559824     
   1.4374374374374375        1.0004484654711479       0.42759951180366951     
   1.4414414414414414       0.99968119132836575       0.42475465928404799     
   1.4454454454454455       0.99889082714745980       0.42190560621051937     
   1.4494494494494494       0.99807672810662829       0.41905238075840973     
   1.4534534534534536       0.99723822892872938       0.41619501114430768     
   1.4574574574574575       0.99637464232829676       0.41333352562578418     
   1.4614614614614614       0.99548525929273879       0.41046795250111390     
   1.4654654654654655       0.99456934796728313       0.40759832010899610     
   1.4694694694694694       0.99362615338123161       0.40472465682827363     
   1.4734734734734736       0.99265489701613219       0.40184699107765148     
   1.4774774774774775       0.99165477570794347       0.39896535131541649     
   1.4814814814814814       0.99062496220763518       0.39607976603915679     
   1.4854854854854855       0.98956460292190651       0.39319026378547872     
   1.4894894894894894       0.98847281984952440       0.39029687312972589     
   1.4934934934934936       0.98734870674464170       0.38739962268569328     
   1.4974974974974975       0.98619133289688021       0.38449854110534909     
   1.5015015015015014       0.98499973721195611       0.38159365707854875     
   1.5055055055055055       0.98377293439907343       0.37868499933275013     
   1.5095095095095095       0.98250990636320901       0.37577259663273255     
   1.5135135135135136       0.98120961147009778       0.37285647778030873     
   1.5175175175175175       0.97987097253311795       0.36993667161404314     
   1.5215215215215214       0.97849288994353278       0.36701320700896550     
   1.5255255255255256       0.97707422541323574       0.36408611287628412     
   1.5295295295295295       0.97561381988519080       0.36115541816310132     
   1.5335335335335336       0.97411047206216750       0.35822115185212744     
   1.5375375375375375       0.97256296214828297       0.35528334296139380     
   1.5415415415415414       0.97097002405500188       0.35234202054396474     
   1.5455455455455456       0.96933037616719575       0.34939721368765114     
   1.5495495495495495       0.96764268597346403       0.34644895151472355     
   1.5535535535535536       0.96590560919655788       0.34349726318162310     
   1.5575575575575575       0.96411774544854778       0.34054217787867375     
   1.5615615615615615       0.96227768721220763       0.33758372482979260     
   1.5655655655655656       0.96038396497676537       0.33462193329220158     
   1.5695695695695695       0.95843510769950280       0.33165683255613898     
   1.5735735735735736       0.95642957573961551       0.32868845194456903     
   1.5775775775775776       0.95436583456230628       0.32571682081289088     
   1.5815815815815817       0.95224227366292002       0.32274196854864945     
   1.5855855855855856       0.95005729539242489       0.31976392457124525     
   1.5895895895895895       0.94780921795859141       0.31678271833164295     
   1.5935935935935936       0.94549638134436742       0.31379837931207866     
   1.5975975975975976       0.94311703239562539       0.31081093702577139     
   1.6016016016016017       0.94066944986374190       0.30782042101662782     
   1.6056056056056056       0.93815180954970967       0.30482686085895305     
   1.6096096096096095       0.93556233051929105       0.30183028615715729     
   1.6136136136136137       0.93289911828159622       0.29883072654546011     
   1.6176176176176176       0.93016033418841149       0.29582821168760254     
   1.6216216216216217       0.92734401469319472       0.29282277127655032     
   1.6256256256256256       0.92444826584371897       0.28981443503420135     
   1.6296296296296295       0.92147105680704611       0.28680323271109065     
   1.6336336336336337       0.91841044118387061       0.28378919408609704     
   1.6376376376376376       0.91526432320937245       0.28077234896614933     
   1.6416416416416417       0.91203070734531766       0.27775272718593036     
   1.6456456456456456       0.90870743588919045       0.27473035860758332     
   1.6496496496496496       0.90529246792273532       0.27170527312041282     
   1.6536536536536537       0.90178358749590115       0.26867750064059459     
   1.6576576576576576       0.89817871251466230       0.26564707111087615     
   1.6616616616616617       0.89447557322534710       0.26261401450028199     
   1.6656656656656657       0.89067205099725055       0.25957836080381591     
   1.6696696696696696       0.88676582752951294       0.25654014004216519     
   1.6736736736736737       0.88275475271301851       0.25349938226140467     
   1.6776776776776776       0.87863646582780963       0.25045611753269870     
   1.6816816816816818       0.87440879074306932       0.24741037595200283     
   1.6856856856856857       0.87006933137827891       0.24436218763976714     
   1.6896896896896898       0.86561589141043893       0.24131158274063927     
   1.6936936936936937       0.86104604744507107       0.23825859142316480     
   1.6976976976976976       0.85635758913910276       0.23520324387949043     
   1.7017017017017018       0.85154807487426942       0.23214557032506186     
   1.7057057057057057       0.84661528676774500       0.22908560099833006     
   1.7097097097097098       0.84155677516358607       0.22602336616044894     
   1.7137137137137137       0.83637032138974565       0.22295889609497727     
   1.7177177177177176       0.83105347908273208       0.21989222110757800     
   1.7217217217217218       0.82560403576104058       0.21682337152571932     
   1.7257257257257257       0.82001956087040773       0.21375237769837560     
   1.7297297297297298       0.81429785528564591       0.21067926999572606     
   1.7337337337337337       0.80843651800101746       0.20760407880885565     
   1.7377377377377377       0.80243337055478736       0.20452683454945109     
   1.7417417417417418       0.79628605647938955       0.20144756764950522     
   1.7457457457457457       0.78999242537983139       0.19836630856101312     
   1.7497497497497498       0.78355018158513356       0.19528308775567005     
   1.7537537537537538       0.77695721022165642       0.19219793572457314     
   1.7577577577577577       0.77021129394985199       0.18911088297791637     
   1.7617617617617618       0.76331036087982995       0.18602196004469188     
   1.7657657657657657       0.75625229081029377       0.18293119747238676     
   1.7697697697697699       0.74903506226401784       0.17983862582668017     
   1.7737737737737738       0.74165667223884224       0.17674427569114179     
   1.7777777777777777       0.73411515702756025       0.17364817766693028     
   1.7817817817817818       0.72640865210944361       0.17055036237248988     
   1.7857857857857857       0.71853525879912372       0.16745086044324664     
   1.7897897897897899       0.71049327351233571       0.16434970253130635     
   1.7937937937937938       0.70228086970284220       0.16124691930515228     
   1.7977977977977977       0.69389652828474013       0.15814254144934106     
   1.8018018018018018       0.68533850181047706       0.15503659966419786     
   1.8058058058058057       0.67660548027706635       0.15192912466551589     
   1.8098098098098099       0.66769580212078772       0.14882014718424907     
   1.8138138138138138       0.65860839192517717       0.14570969796621130     
   1.8178178178178179       0.64934168061162978       0.14259780777177095     
   1.8218218218218218       0.63989485364887755       0.13948450737554591     
   1.8258258258258258       0.63026644085920625       0.13636982756610005     
   1.8298298298298299       0.62045591554501012       0.13325379914563965     
   1.8338338338338338       0.61046191266641392       0.13013645292970785     
   1.8378378378378379       0.60028422079033505       0.12701781974687870     
   1.8418418418418419       0.58992158608830825       0.12389793043845529     
   1.8458458458458458       0.57937414011473820       0.12077681585816115     
   1.8498498498498499       0.56864074618731719       0.11765450687183837     
   1.8538538538538538       0.55772190664914401       0.11453103435714140     
   1.8578578578578580       0.54661660779391641       0.11140642920322855     
   1.8618618618618619       0.53532575039480501       0.10828072231046192     
   1.8658658658658658       0.52384844948993781       0.10515394459009815     
   1.8698698698698699       0.51218603150126996       0.10202612696398421     
   1.8738738738738738       0.50033774597148706        9.8897300364250137E-002
   1.8778778778778780       0.48830537147926406        9.5767495733004110E-002
   1.8818818818818819       0.47608829788646390        9.2636744022027262E-002
   1.8858858858858858       0.46368878141180414        8.9505076192466795E-002
   1.8898898898898899       0.45110635817783407        8.6372523214528804E-002
   1.8938938938938938       0.43834378616206537        8.3239116067172991E-002
   1.8978978978978980       0.42540075389799820        8.0104885737807094E-002
   1.9019019019019019       0.41228054350969373        7.6969863221979185E-002
   1.9059059059059058       0.39898300239174728        7.3834079523072429E-002
   1.9099099099099099       0.38551195707835062        7.0697565651994948E-002
   1.9139139139139139       0.37186742067531747        6.7560352626878470E-002
   1.9179179179179180       0.35805378184621300        6.4422471472768014E-002
   1.9219219219219219       0.34407122676689378        6.1283953221316440E-002
   1.9259259259259258       0.32992472095790565        5.8144828910476183E-002
   1.9299299299299300       0.31561463164959380        5.5005129584193228E-002
   1.9339339339339339       0.30114651248095059        5.1864886292100981E-002
   1.9379379379379380       0.28652092047151778        4.8724130089211899E-002
   1.9419419419419419       0.27174400467239151        4.5582892035611673E-002
   1.9459459459459461       0.25681652150908768        4.2441203196148525E-002
   1.9499499499499500       0.24174521824203732        3.9299094640131337E-002
   1.9539539539539539       0.22653106133989737        3.6156597441019275E-002
   1.9579579579579580       0.21118139401820873        3.3013742676113601E-002
   1.9619619619619619       0.19569740459014709        2.9870561426253450E-002
   1.9659659659659661       0.18008702434071450        2.6727084775504926E-002
   1.9699699699699700       0.16435167654026583        2.3583343810856781E-002
   1.9739739739739739       0.14849986642401070        2.0439369621911660E-002
   1.9779779779779780       0.13253326679772842        1.7295193300577764E-002
   1.9819819819819819       0.11646093582631874        1.4150845940762258E-002
   1.9859859859859861       0.10028481227661003        1.1006358638064652E-002
   1.9899899899899900        8.4014477722348296E-002   7.8617624894684063E-003
   1.9939939939939939        6.7652158692811395E-002   4.7170885930325071E-003
   1.9979979979979980        5.1207911076928708E-002   1.5723680475848198E-003
   2.0020020020020022        3.4684304964711865E-002  -1.5723680475845747E-003
   2.0060060060060061        1.8091730256354920E-002  -4.7170885930322625E-003
   2.0100100100100100        1.4333601191141505E-003  -7.8617624894681600E-003
   2.0140140140140139       -1.5280717161879516E-002  -1.1006358638064406E-002
   2.0180180180180178       -3.2045337899742350E-002  -1.4150845940762012E-002
   2.0220220220220222       -4.8850110523305845E-002  -1.7295193300577522E-002
   2.0260260260260261       -6.5689542830643141E-002  -2.0439369621911417E-002
   2.0300300300300300       -8.2552972651557366E-002  -2.3583343810856538E-002
   2.0340340340340339       -9.9434570235549941E-002  -2.6727084775504683E-002
   2.0380380380380378      -0.11632346410986046       -2.9870561426253207E-002
   2.0420420420420422      -0.13321351374032309       -3.3013742676113789E-002
   2.0460460460460461      -0.15009370129462010       -3.6156597441019026E-002
   2.0500500500500500      -0.16695759638129112       -3.9299094640131087E-002
   2.0540540540540539      -0.18379408621638488       -4.2441203196148275E-002
   2.0580580580580579      -0.20059647710876066       -4.5582892035610979E-002
   2.0620620620620622      -0.21735361742034229       -4.8724130089212093E-002
   2.0660660660660661      -0.23405858854616601       -5.1864886292100738E-002
   2.0700700700700700      -0.25070026020566294       -5.5005129584192979E-002
   2.0740740740740740      -0.26727153623009181       -5.8144828910475933E-002
   2.0780780780780779      -0.28376137228774512       -6.1283953221315746E-002
   2.0820820820820822      -0.30016255248193280       -6.4422471472768209E-002
   2.0860860860860861      -0.31646418947907567       -6.7560352626878220E-002
   2.0900900900900901      -0.33265901540109588       -7.0697565651994698E-002
   2.0940940940940940      -0.34873637542162661       -7.3834079523071736E-002
   2.0980980980980979      -0.36468902383153545       -7.6969863221978935E-002
   2.1021021021021022      -0.38050661589335472       -8.0104885737806844E-002
   2.1061061061061062      -0.39618200696521078       -8.3239116067172741E-002
   2.1101101101101101      -0.41170524205473030       -8.6372523214528554E-002
   2.1141141141141140      -0.42706936124512346       -8.9505076192466101E-002
   2.1181181181181179      -0.44226488131015002       -9.2636744022027012E-002
   2.1221221221221223      -0.45728511478954742       -9.5767495733003860E-002
   2.1261261261261262      -0.47212113368952713       -9.8897300364249888E-002
   2.1301301301301301      -0.48676661301466928      -0.10202612696398396     
   2.1341341341341340      -0.50121326312489511      -0.10515394459009790     
   2.1381381381381384      -0.51545521148757811      -0.10828072231046167     
   2.1421421421421423      -0.52948488750723199      -0.11140642920322831     
   2.1461461461461462      -0.54329695863874750      -0.11453103435714115     
   2.1501501501501501      -0.55688464916166058      -0.11765450687183812     
   2.1541541541541540      -0.57024324855352360      -0.12077681585816090     
   2.1581581581581584      -0.58336684380602133      -0.12389793043845504     
   2.1621621621621623      -0.59625141964982986      -0.12701781974687892     
   2.1661661661661662      -0.60889198318544557      -0.13013645292970763     
   2.1701701701701701      -0.62128527757489316      -0.13325379914563942     
   2.1741741741741740      -0.63342727742919658      -0.13636982756609983     
   2.1781781781781784      -0.64531553852424994      -0.13948450737554569     
   2.1821821821821823      -0.65694704060888509      -0.14259780777177072     
   2.1861861861861862      -0.66832019437434720      -0.14570969796621108     
   2.1901901901901901      -0.67943300552306862      -0.14882014718424885     
   2.1941941941941940      -0.69028475903428788      -0.15192912466551567     
   2.1981981981981984      -0.70087447791112700      -0.15503659966419808     
   2.2022022022022023      -0.71120230678871610      -0.15814254144934084     
   2.2062062062062062      -0.72126824181939564      -0.16124691930515206     
   2.2102102102102101      -0.73107323944468694      -0.16434970253130612     
   2.2142142142142140      -0.74061819700994302      -0.16745086044324597     
   2.2182182182182184      -0.74990481421661559      -0.17055036237248966     
   2.2222222222222223      -0.75893480441281713      -0.17364817766693005     
   2.2262262262262262      -0.76771053488932706      -0.17674427569114157     
   2.2302302302302301      -0.77623444727485014      -0.17983862582667995     
   2.2342342342342341      -0.78450950051903978      -0.18293119747238654     
   2.2382382382382384      -0.79253877772647863      -0.18602196004469207     
   2.2422422422422423      -0.80032575414367635      -0.18911088297791614     
   2.2462462462462462      -0.80787406796672756      -0.19219793572457292     
   2.2502502502502502      -0.81518763497205260      -0.19528308775566983     
   2.2542542542542541      -0.82227056184544778      -0.19836630856101248     
   2.2582582582582584      -0.82912712860049786      -0.20144756764950500     
   2.2622622622622623      -0.83576182418293077      -0.20452683454945086     
   2.2662662662662663      -0.84217921708560284      -0.20760407880885542     
   2.2702702702702702      -0.84838409414914540      -0.21067926999572584     
   2.2742742742742741      -0.85438123874963356      -0.21375237769837538     
   2.2782782782782784      -0.86017565486149983      -0.21682337152571909     
   2.2822822822822824      -0.86577227094274067      -0.21989222110757778     
   2.2862862862862863      -0.87117623250976395      -0.22295889609497704     
   2.2902902902902902      -0.87639254845237979      -0.22602336616044871     
   2.2942942942942941      -0.88142643662345632      -0.22908560099832984     
   2.2982982982982985      -0.88628292783180485      -0.23214557032506164     
   2.3023023023023024      -0.89096725027473755      -0.23520324387949024     
   2.3063063063063063      -0.89548440491574144      -0.23825859142316458     
   2.3103103103103102      -0.89983957597301834      -0.24131158274063905     
   2.3143143143143141      -0.90403768981956301      -0.24436218763976694     
   2.3183183183183185      -0.90808384016623855      -0.24741037595200260     
   2.3223223223223224      -0.91198284105168670      -0.25045611753269847     
   2.3263263263263263      -0.91573965680147418      -0.25349938226140445     
   2.3303303303303302      -0.91935895813000390      -0.25654014004216497     
   2.3343343343343341      -0.92284554839293564      -0.25957836080381524     
   2.3383383383383385      -0.92620393032703874      -0.26261401450028221     
   2.3423423423423424      -0.92943872151632212      -0.26564707111087593     
   2.3463463463463463      -0.93255423787044178      -0.26867750064059437     
   2.3503503503503502      -0.93555489257175184      -0.27170527312041259     
   2.3543543543543541      -0.93844480105747397      -0.27473035860758266     
   2.3583583583583585      -0.94122815898357393      -0.27775272718593058     
   2.3623623623623624      -0.94390887224617737      -0.28077234896614911     
   2.3663663663663663      -0.94649091067045354      -0.28378919408609682     
   2.3703703703703702      -0.94897796549482338      -0.28680323271108998     
   2.3743743743743742      -0.95137377655461919      -0.28981443503420068     
   2.3783783783783785      -0.95368181866671808      -0.29282277127655010     
   2.3823823823823824      -0.95590560101872535      -0.29582821168760237     
   2.3863863863863863      -0.95804838303614870      -0.29883072654545989     
   2.3903903903903903      -0.96011344550271760      -0.30183028615715662     
   2.3943943943943946      -0.96210383576771574      -0.30482686085895327     
   2.3983983983983985      -0.96402261081057006      -0.30782042101662760     
   2.4024024024024024      -0.96587261104959299      -0.31081093702577117     
   2.4064064064064064      -0.96765667612676909      -0.31379837931207849     
   2.4104104104104103      -0.96937744610504817      -0.31678271833164234     
   2.4144144144144146      -0.97103755119317592      -0.31976392457124503     
   2.4184184184184185      -0.97263943875844916      -0.32274196854864923     
   2.4224224224224224      -0.97418553854501400      -0.32571682081289072     
   2.4264264264264264      -0.97567811367232737      -0.32868845194456880     
   2.4304304304304303      -0.97711940313402945      -0.33165683255613876     
   2.4344344344344346      -0.97851149478766641      -0.33462193329220136     
   2.4384384384384385      -0.97985644706677388      -0.33758372482979238     
   2.4424424424424425      -0.98115618188233644      -0.34054217787867352     
   2.4464464464464464      -0.98241258755049488      -0.34349726318162288     
   2.4504504504504503      -0.98362742950822479      -0.34644895151472338     
   2.4544544544544546      -0.98480243646556187      -0.34939721368765092     
   2.4584584584584586      -0.98593922687479685      -0.35234202054396457     
   2.4624624624624625      -0.98703938027142479      -0.35528334296139358     
   2.4664664664664664      -0.98810437751611213      -0.35822115185212722     
   2.4704704704704703      -0.98913565920410773      -0.36115541816310109     
   2.4744744744744747      -0.99013457781163161      -0.36408611287628395     
   2.4784784784784786      -0.99110244493958610      -0.36701320700896528     
   2.4824824824824825      -0.99204049363123292      -0.36993667161404292     
   2.4864864864864864      -0.99294991608195093      -0.37285647778030850     
   2.4904904904904903      -0.99383183454472401      -0.37577259663273233     
   2.4944944944944947      -0.99468733099133488      -0.37868499933275035     
   2.4984984984984986      -0.99551742517917230      -0.38159365707854853     
   2.5025025025025025      -0.99632309759733739      -0.38449854110534887     
   2.5065065065065064      -0.99710527342670507      -0.38739962268569306     
   2.5105105105105103      -0.99786483995236275      -0.39029687312972527     
   2.5145145145145147      -0.99860263530412796      -0.39319026378547894     
   2.5185185185185186      -0.99931946136876748      -0.39607976603915657     
   2.5225225225225225       -1.0000160763466783      -0.39896535131541627     
   2.5265265265265264       -1.0006932040567211      -0.40184699107765126     
   2.5305305305305303       -1.0013515294839090      -0.40472465682827302     
   2.5345345345345347       -1.0019917052386675      -0.40759832010899633     
   2.5385385385385386       -1.0026143493984723      -0.41046795250111373     
   2.5425425425425425       -1.0032200497633526      -0.41333352562578402     
   2.5465465465465464       -1.0038093634104452      -0.41619501114430751     
   2.5505505505505504       -1.0043828192794355      -0.41905238075840956     
   2.5545545545545547       -1.0049409189625016      -0.42190560621051959     
   2.5585585585585586       -1.0054841380573860      -0.42475465928404776     
   2.5625625625625625       -1.0060129278062697      -0.42759951180366890     
   2.5665665665665665       -1.0065277155700849      -0.43044013563559802     
   2.5705705705705704       -1.0070289070089053      -0.43327650268786827     
   2.5745745745745747       -1.0075168859584758      -0.43610858491061100     
   2.5785785785785786       -1.0079920169123675      -0.43893635429633066     
   2.5825825825825826       -1.0084546445198075      -0.44175978288018303     
   2.5865865865865865       -1.0089050961870043      -0.44457884274025233     
   2.5905905905905904       -1.0093436813633130      -0.44739350599782673     
   2.5945945945945947       -1.0097706941267399      -0.45020374481767333     
   2.5985985985985987       -1.0101864123823305      -0.45300953140831385     
   2.6026026026026026       -1.0105911003359338      -0.45581083802230121     
   2.6066066066066065       -1.0109850076934703      -0.45860763695649065     
   2.6106106106106104       -1.0113683719585640      -0.46139990055231678     
   2.6146146146146148       -1.0117414176930408      -0.46418760119606622     
   2.6186186186186187       -1.0121043585990712      -0.46697071131914791     
   2.6226226226226226       -1.0124573968788992      -0.46974920339837051     
   2.6266266266266265       -1.0128007250815596      -0.47252304995621180     
   2.6306306306306309       -1.0131345255826234      -0.47529222356109002     
   2.6346346346346348       -1.0134589721902401      -0.47805669682763591     
   2.6386386386386387       -1.0137742297527037      -0.48081644241696481     
   2.6426426426426426       -1.0140804555293870      -0.48357143303694416     
   2.6466466466466465       -1.0143777989244667      -0.48632164144246637     
   2.6506506506506509       -1.0146664026358867      -0.48906704043571703     
   2.6546546546546548       -1.0149464025070039      -0.49180760286644165     
   2.6586586586586587       -1.0152179284717342      -0.49454330163221849     
   2.6626626626626626       -1.0154811045115586      -0.49727410967872404     
   2.6666666666666665       -1.0157360494179699      -0.49999999999999972     
   2.6706706706706709       -1.0159828768397747      -0.50272094563872161     
   2.6746746746746748       -1.0162216958853569      -0.50543691968646454     
   2.6786786786786787       -1.0164526112440544      -0.50814789528396909     
   2.6826826826826826       -1.0166757236509747      -0.51085384562140823     
   2.6866866866866865       -1.0168911300660897      -0.51355474393865141     
   2.6906906906906909       -1.0170989240237045      -0.51625056352552878     
   2.6946946946946948       -1.0172991958534836      -0.51894127772209564     
   2.6986986986986987       -1.0174920329354751      -0.52162685991889768     
   2.7027027027027026       -1.0176775199483130      -0.52430728355723144     
   2.7067067067067065       -1.0178557390491554      -0.52698252212940910     
   2.7107107107107109       -1.0180267701355927      -0.52965254917902060     
   2.7147147147147148       -1.0181906909681353      -0.53231733830119188     
   2.7187187187187187       -1.0183475774338091      -0.53497686314285131     
   2.7227227227227226       -1.0184975036270076      -0.53763109740298709     
   2.7267267267267266       -1.0186405421042080      -0.54028001483290666     
   2.7307307307307309       -1.0187767639372876      -0.54292358923649919     
   2.7347347347347348       -1.0189062389501227      -0.54556179447049191     
   2.7387387387387387       -1.0190290357569041      -0.54819460444470958     
   2.7427427427427427       -1.0191452219725479      -0.55082199312233360     
   2.7467467467467466       -1.0192548642471928      -0.55344393452015828     
   2.7507507507507509       -1.0193580284433004      -0.55606040270884749     
   2.7547547547547548       -1.0194547796764000      -0.55867137181319182     
   2.7587587587587588       -1.0195451824524535      -0.56127681601236501     
   2.7627627627627627       -1.0196293007241166      -0.56387670954017755     
   2.7667667667667666       -1.0197071979823307      -0.56647102668533345     
   2.7707707707707709       -1.0197789373368804      -0.56905974179168384     
   2.7747747747747749       -1.0198445815562394      -0.57164282925847854     
   2.7787787787787788       -1.0199041931810877      -0.57422026354062317     
   2.7827827827827827       -1.0199578345061500      -0.57679201914892952     
   2.7867867867867866       -1.0200055677355806      -0.57935807065036660     
   2.7907907907907910       -1.0200474548998850      -0.58191839266831491     
   2.7947947947947949       -1.0200835580627177      -0.58447295988281489     
   2.7987987987987988       -1.0201139391649232      -0.58702174703081833     
   2.8028028028028027       -1.0201386602933746      -0.58956472890643896     
   2.8068068068068066       -1.0201577834426738      -0.59210188036120082     
   2.8108108108108110       -1.0201713708582119      -0.59463317630428647     
   2.8148148148148149       -1.0201794847040839      -0.59715859170278585     
   2.8188188188188188       -1.0201821874946231      -0.59967810158194468     
   2.8228228228228227       -1.0201795416545831      -0.60219168102540921     
   2.8268268268268266       -1.0201716097388509      -0.60469930517547521     
   2.8308308308308310       -1.0201584545763549      -0.60720094923333168     
   2.8348348348348349       -1.0201401393428902      -0.60969658845930674     
   2.8388388388388388       -1.0201167273878580      -0.61218619817311326     
   2.8428428428428427       -1.0200882822924819      -0.61466975375409216     
   2.8468468468468466       -1.0200548678230485      -0.61714723064145482     
   2.8508508508508510       -1.0200165479948662      -0.61961860433452842     
   2.8548548548548549       -1.0199733871666516      -0.62208385039299596     
   2.8588588588588588       -1.0199254498402055      -0.62454294443713865     
   2.8628628628628627       -1.0198728008107090      -0.62699586214807834     
   2.8668668668668666       -1.0198155050404831      -0.62944257926801550     
   2.8708708708708710       -1.0197536279512305      -0.63188307160047208     
   2.8748748748748749       -1.0196872349895929      -0.63431731501052735     
   2.8788788788788788       -1.0196163920054573      -0.63674528542506048     
   2.8828828828828827       -1.0195411649089752      -0.63916695883298458     
   2.8868868868868871       -1.0194616201895330      -0.64158231128548815     
   2.8908908908908910       -1.0193778241647258      -0.64399131889626826     
   2.8948948948948949       -1.0192898437108400      -0.64639395784176901     
   2.8988988988988988       -1.0191977456941159      -0.64879020436141721     
   2.9029029029029028       -1.0191015974739484      -0.65118003475785557     
   2.9069069069069071       -1.0190014662910900      -0.65356342539717915     
   2.9109109109109110       -1.0188974198359135      -0.65594035270916740     
   2.9149149149149149       -1.0187895259755868      -0.65831079318751873     
   2.9189189189189189       -1.0186778526651523      -0.66067472339008115     
   2.9229229229229228       -1.0185624680713727      -0.66303211993908662     
   2.9269269269269271       -1.0184434406567551      -0.66538295952137938     
   2.9309309309309310       -1.0183208389007412      -0.66772721888864839     
   2.9349349349349350       -1.0181947314904753      -0.67006487485765742     
   2.9389389389389389       -1.0180651872943178      -0.67239590431047236     
   2.9429429429429428       -1.0179322753351054      -0.67472028419469232     
   2.9469469469469471       -1.0177960646451754      -0.67703799152367616     
   2.9509509509509511       -1.0176566245197476      -0.67934900337676973     
   2.9549549549549550       -1.0175140243393221      -0.68165329689953269     
   2.9589589589589589       -1.0173683334829047      -0.68395084930396566     
   2.9629629629629628       -1.0172196215300233      -0.68624163786873338     
   2.9669669669669672       -1.0170679581734787      -0.68852563993939209     
   2.9709709709709711       -1.0169134130145678      -0.69080283292861111     
   2.9749749749749750       -1.0167560558804936      -0.69307319431639702     
   2.9789789789789789       -1.0165959566380962      -0.69533670165031769     
   2.9829829829829828       -1.0164331850657020      -0.69759333254572287     
   2.9869869869869872       -1.0162678111333576      -0.69984306468596547     
   2.9909909909909911       -1.0160999048004018      -0.70208587582262250     
   2.9949949949949950       -1.0159295359327585      -0.70432174377571644     
   2.9989989989989989       -1.0157567745725433      -0.70655064643393228     
   3.0030030030030028       -1.0155816906663055      -0.70877256175483805     
   3.0070070070070072       -1.0154043540976745      -0.71098746776510247     
   3.0110110110110111       -1.0152248348962483      -0.71319534256071015     
   3.0150150150150150       -1.0150432029044114      -0.71539616430718178     
   3.0190190190190189       -1.0148595279421428      -0.71758991123978788     
   3.0230230230230228       -1.0146738799599178      -0.71977656166376336     
   3.0270270270270272       -1.0144863285765306      -0.72195609395452442     
   3.0310310310310311       -1.0142969435238522      -0.72412848655788031     
   3.0350350350350350       -1.0141057945107022      -0.72629371799024711     
   3.0390390390390389       -1.0139129509341680      -0.72845176683886070     
   3.0430430430430429       -1.0137184823374927      -0.73060261176198871     
   3.0470470470470472       -1.0135224580551061      -0.73274623148913987     
   3.0510510510510511       -1.0133249472410510      -0.73488260482127588     
   3.0550550550550550       -1.0131260191475857      -0.73701171063102133     
   3.0590590590590589       -1.0129257426405334      -0.73913352786287101     
   3.0630630630630629       -1.0127241866004060      -0.74124803553339991     
   3.0670670670670672       -1.0125214198235697      -0.74335521273147032     
   3.0710710710710711       -1.0123175107250206      -0.74545503861843621     
   3.0750750750750750       -1.0121125278168646      -0.74754749242835339     
   3.0790790790790790       -1.0119065392707400      -0.74963255346818258     
   3.0830830830830829       -1.0116996130901406      -0.75171020111799314     
   3.0870870870870872       -1.0114918172494243      -0.75378041483116953     
   3.0910910910910911       -1.0112832192642063      -0.75584317413461222     
   3.0950950950950951       -1.0110738866820193      -0.75789845862894101     
   3.0990990990990990       -1.0108638867305522      -0.75994624798869759     
   3.1031031031031029       -1.0106532863545876      -0.76198652196254535     
   3.1071071071071072       -1.0104421524648175      -0.76401926037346968     
   3.1111111111111112       -1.0102305514640240      -0.76604444311897801     
   3.1151151151151151       -1.0100185497312975      -0.76806205017129969     
   3.1191191191191190       -1.0098062132952568      -0.77007206157758090     
   3.1231231231231229       -1.0095936078475380      -0.77207445746008596     
   3.1271271271271273       -1.0093807990041601      -0.77406921801639050     
   3.1311311311311312       -1.0091678518185845      -0.77605632351957909     
   3.1351351351351351       -1.0089548313103698      -0.77803575431843974     
   3.1391391391391390       -1.0087418020271472      -0.78000749083765863     
   3.1431431431431434       -1.0085288282299361      -0.78197151357801342     
   3.1471471471471473       -1.0083159739730685      -0.78392780311656574     
   3.1511511511511512       -1.0081033027461141      -0.78587634010685492     
   3.1551551551551551       -1.0078908779776217      -0.78781710527908644     
   3.1591591591591590       -1.0076787624691177      -0.78975007944032583     
   3.1631631631631634       -1.0074670188474792      -0.79167524347468532     
   3.1671671671671673       -1.0072557093251202      -0.79359257834351493     
   3.1711711711711712       -1.0070448956265348      -0.79550206508559018     
   3.1751751751751751       -1.0068346392816252      -0.79740368481729929     
   3.1791791791791790       -1.0066250011615587      -0.79929741873283011     
   3.1831831831831834       -1.0064160419851618      -0.80118324810435748     
   3.1871871871871873       -1.0062078218161421      -0.80306115428222580     
   3.1911911911911912       -1.0060004004305090      -0.80493111869513456     
   3.1951951951951951       -1.0057938371187174      -0.80679312285032412     
   3.1991991991991990       -1.0055881906429589      -0.80864714833375495     
   3.2032032032032034       -1.0053835194352621      -0.81049317681029209     
   3.2072072072072073       -1.0051798812574204      -0.81233119002388610     
   3.2112112112112112       -1.0049773335892600      -0.81416116979775310     
   3.2152152152152151       -1.0047759331901096      -0.81598309803455449     
   3.2192192192192191       -1.0045757364793917      -0.81779695671657726     
   3.2232232232232234       -1.0043767992448691      -0.81960272790591171     
   3.2272272272272273       -1.0041791767537900      -0.82140039374462503     
   3.2312312312312312       -1.0039829237523874      -0.82318993645494509     
   3.2352352352352352       -1.0037880943486537      -0.82497133833943015     
   3.2392392392392391       -1.0035947421623732      -0.82674458178114651     
   3.2432432432432434       -1.0034029201151156      -0.82850964924384241     
   3.2472472472472473       -1.0032126806326385      -0.83026652327212114     
   3.2512512512512513       -1.0030240754115431      -0.83201518649161355     
   3.2552552552552552       -1.0028371556070192      -0.83375562160915107     
   3.2592592592592591       -1.0026519716735547      -0.83548781141293604     
   3.2632632632632634       -1.0024685734153984      -0.83721173877271049     
   3.2672672672672673       -1.0022870099897219      -0.83892738663992716     
   3.2712712712712713       -1.0021073298127341      -0.84063473804791811     
   3.2752752752752752       -1.0019295806598592      -0.84233377611206173     
   3.2792792792792791       -1.0017538095277998      -0.84402448402995045     
   3.2832832832832834       -1.0015800627384173      -0.84570684508155636     
   3.2872872872872874       -1.0014083858168230      -0.84738084262939606     
   3.2912912912912913       -1.0012388235725851      -0.84904646011869733     
   3.2952952952952952       -1.0010714199967523      -0.85070368107756111     
   3.2992992992992991       -1.0009062183316801      -0.85235248911712369     
   3.3033033033033035       -1.0007432609700024      -0.85399286793172058     
   3.3073073073073074       -1.0005825895263838      -0.85562480129904661     
   3.3113113113113113       -1.0004242447396707      -0.85724827308031681     
   3.3153153153153152       -1.0002682665234690      -0.85886326722042616     
   3.3193193193193191       -1.0001146939161947      -0.86046976774810746     
   3.3233233233233235      -0.99996356506271744      -0.86206775877609132     
   3.3273273273273274      -0.99981491722399540      -0.86365722450126015     
   3.3313313313313313      -0.99966878673155046      -0.86523814920480790     
   3.3353353353353352      -0.99952520899362152      -0.86681051725239255     
   3.3393393393393391      -0.99938421847033787      -0.86837431309429247     
   3.3433433433433435      -0.99924584865085320      -0.86992952126555956     
   3.3473473473473474      -0.99911013205931132      -0.87147612638617244     
   3.3513513513513513      -0.99897710020253105      -0.87301411316118827     
   3.3553553553553552      -0.99884678360180335      -0.87454346638089397     
   3.3593593593593591      -0.99871921171880640      -0.87606417092095756     
   3.3633633633633635      -0.99859441300485974      -0.87757621174257716     
   3.3673673673673674      -0.99847241481315396      -0.87907957389262847     
   3.3713713713713713      -0.99835324345843623      -0.88057424250381433     
   3.3753753753753752      -0.99823692412144005      -0.88206020279481123     
   3.3793793793793796      -0.99812348091448821      -0.88353744007041513     
   3.3833833833833835      -0.99801293678153979      -0.88500593972168740     
   3.3873873873873874      -0.99790531356738710      -0.88646568722609875     
   3.3913913913913913      -0.99780063191500745      -0.88791666814767278     
   3.3953953953953953      -0.99769891133723376      -0.88935886813712972     
   3.3993993993993996      -0.99760017011245139      -0.89079227293202790     
   3.4034034034034035      -0.99750442535775763      -0.89221686835690339     
   3.4074074074074074      -0.99741169292436049      -0.89363264032341194     
   3.4114114114114114      -0.99732198747060319      -0.89503957483046781     
   3.4154154154154153      -0.99723532235924595      -0.89643765796438168     
   3.4194194194194196      -0.99715170972794620      -0.89782687589899912     
   3.4234234234234235      -0.99707116039108434      -0.89920721489583688     
   3.4274274274274275      -0.99699368390544441      -0.90057866130421815     
   3.4314314314314314      -0.99691928847815470      -0.90194120156140900     
   3.4354354354354353      -0.99684798102770844      -0.90329482219275192     
   3.4394394394394396      -0.99677976709553462      -0.90463950981179775     
   3.4434434434434436      -0.99671465090845812      -0.90597525112043964     
   3.4474474474474475      -0.99665263528371650      -0.90730203290904421     
   3.4514514514514514      -0.99659372170762950      -0.90861984205658186     
   3.4554554554554553      -0.99653791021589611      -0.90992866553075646     
   3.4594594594594597      -0.99648519950694581      -0.91122849038813580     
   3.4634634634634636      -0.99643558678588251      -0.91251930377427593     
   3.4674674674674675      -0.99638906790791115      -0.91380109292385281     
   3.4714714714714714      -0.99634563721821368      -0.91507384516078560     
   3.4754754754754753      -0.99630528767359461      -0.91633754789836286     
   3.4794794794794797      -0.99626801070863125      -0.91759218863936631     
   3.4834834834834836      -0.99623379635558607      -0.91883775497619591     
   3.4874874874874875      -0.99620263309079593      -0.92007423459099136     
   3.4914914914914914      -0.99617450798928808      -0.92130161525575383     
   3.4954954954954953      -0.99614940653534845      -0.92251988483246850     
   3.4994994994994997      -0.99612731281099143      -0.92372903127322248     
   3.5035035035035036      -0.99610820928537991      -0.92492904262032472     
   3.5075075075075075      -0.99609207701280056      -0.92611990700642566     
   3.5115115115115114      -0.99607889542896078      -0.92730161265463207     
   3.5155155155155153      -0.99606864253801253      -0.92847414787862559     
   3.5195195195195197      -0.99606129470908433      -0.92963750108277710     
   3.5235235235235236      -0.99605682691685027      -0.93079166076226205     
   3.5275275275275275      -0.99605521242263451      -0.93193661550317375     
   3.5315315315315314      -0.99605642315601928      -0.93307235398263721     
   3.5355355355355353      -0.99606042945718332      -0.93419886496891946     
   3.5395395395395397      -0.99606720010149508      -0.93531613732154262     
   3.5435435435435436      -0.99607670225019562      -0.93642415999139206     
   3.5475475475475475      -0.99608890162072827      -0.93752292202082732     
   3.5515515515515514      -0.99610376230341624      -0.93861241254378924     
   3.5555555555555554      -0.99612124693463977      -0.93969262078590843     
   3.5595595595595597      -0.99614131661164640      -0.94076353606461116     
   3.5635635635635636      -0.99616393085374066      -0.94182514778922477     
   3.5675675675675675      -0.99618904780922757      -0.94287744546108421     
   3.5715715715715715      -0.99621662389913057      -0.94392041867363274     
   3.5755755755755754      -0.99624661437465301      -0.94495405711252811     
   3.5795795795795797      -0.99627897257723985      -0.94597835055574231     
   3.5835835835835836      -0.99631365090550528      -0.94699328887366330     
   3.5875875875875876      -0.99635059969300777      -0.94799886202919548     
   3.5915915915915915      -0.99638976852456362      -0.94899506007785894     
   3.5955955955955954      -0.99643110474832397      -0.94998187316788696     
   3.5995995995995997      -0.99647455524730755      -0.95095929154032532     
   3.6036036036036037      -0.99652006440259666      -0.95192730552912663     
   3.6076076076076076      -0.99656757652871641      -0.95288590556124664     
   3.6116116116116115      -0.99661703307685978      -0.95383508215674029     
   3.6156156156156154      -0.99666837586866541      -0.95477482592885354     
   3.6196196196196198      -0.99672154356833664      -0.95570512758411708     
   3.6236236236236237      -0.99677647548206727      -0.95662597792243798     
   3.6276276276276276      -0.99683310777278988      -0.95753736783719101     
   3.6316316316316315      -0.99689137713266252      -0.95843928831530878     
   3.6356356356356359      -0.99695121753796911      -0.95933173043737030     
   3.6396396396396398      -0.99701256298885754      -0.96021468537768961     
   3.6436436436436437      -0.99707534557153743      -0.96108814440440271     
   3.6476476476476476      -0.99713949658137047      -0.96195209887955480     
   3.6516516516516515      -0.99720494653643965      -0.96280654025918444     
   3.6556556556556559      -0.99727162390747237      -0.96365146009340885     
   3.6596596596596598      -0.99733945810935487      -0.96448685002650714     
   3.6636636636636637      -0.99740837461941367      -0.96531270179700357     
   3.6676676676676676      -0.99747830223281087      -0.96612900723774797     
   3.6716716716716715      -0.99754916338436062      -0.96693575827599820     
   3.6756756756756759      -0.99762088643758673      -0.96773294693349898     
   3.6796796796796798      -0.99769339116581612      -0.96852056532655983     
   3.6836836836836837      -0.99776660540092599      -0.96929860566613557     
   3.6876876876876876      -0.99784044680051642      -0.97006706025790090     
   3.6916916916916915      -0.99791484241118511      -0.97082592150232783     
   3.6956956956956959      -0.99798970866945969      -0.97157518189476044     
   3.6996996996996998      -0.99806497108348635      -0.97231483402548924     
   3.7037037037037037      -0.99814054637414606      -0.97304487057982392     
   3.7077077077077076      -0.99821635719807533      -0.97376528433816678     
   3.7117117117117115      -0.99829232253304245      -0.97447606817608323     
   3.7157157157157159      -0.99836836065083112      -0.97517721506437227     
   3.7197197197197198      -0.99844439482758485      -0.97586871806913611     
   3.7237237237237237      -0.99852033743672231      -0.97655057035184933     
   3.7277277277277276      -0.99859611799199843      -0.97722276516942586     
   3.7317317317317316      -0.99867164190537450      -0.97788529587428519     
   3.7357357357357359      -0.99874684593039964      -0.97853815591441973     
   3.7397397397397398      -0.99882162904069449      -0.97918133883345804     
   3.7437437437437437      -0.99889593413857325      -0.97981483827072935     
   3.7477477477477477      -0.99896965672454185      -0.98043864796132674     
   3.7517517517517516      -0.99904274197500964      -0.98105276173616807     
   3.7557557557557559      -0.99911508843985863      -0.98165717352205806     
   3.7597597597597598      -0.99918663531102159      -0.98225187734174813     
   3.7637637637637638      -0.99925729546270237      -0.98283686731399489     
   3.7677677677677677      -0.99932698932608810      -0.98341213765361879     
   3.7717717717717716      -0.99939565965821164      -0.98397768267156138     
   3.7757757757757759      -0.99946319131037953      -0.98453349677494195     
   3.7797797797797799      -0.99952957577048918      -0.98507957446711136     
   3.7837837837837838      -0.99959464405372511      -0.98561591034770824     
   3.7877877877877877      -0.99965845404719800      -0.98614249911271146     
   3.7917917917917916      -0.99972076896442419      -0.98665933555449192     
   3.7957957957957960      -0.99978172262447795      -0.98716641456186571     
   3.7997997997997999      -0.99984100970933065      -0.98766373112014327     
   3.8038038038038038      -0.99989883029157500      -0.98815128031117960     
   3.8078078078078077      -0.99995483550395592      -0.98862905731342254     
   3.8118118118118116       -1.0000092491966546      -0.98909705740196108     
   3.8158158158158160       -1.0000617442657880      -0.98955527594857173     
   3.8198198198198199       -1.0001124785838458      -0.99000370842176366     
   3.8238238238238238       -1.0001612651111802      -0.99044235038682449     
   3.8278278278278277       -1.0002080491114576      -0.99087119750586350     
   3.8318318318318316       -1.0002529595756335      -0.99129024553785516     
   3.8358358358358360       -1.0002955287747721      -0.99169949033868066     
   3.8398398398398399       -1.0003364215191439      -0.99209892786116838     
   3.8438438438438438       -1.0003745306209122      -0.99248855415513493     
   3.8478478478478477       -1.0004112752790784      -0.99286836536742351     
   3.8518518518518516       -1.0004447217765819      -0.99323835774194280     
   3.8558558558558560       -1.0004771725067061      -0.99359852761970280     
   3.8598598598598599       -1.0005058333676988      -0.99394887143885202     
   3.8638638638638638       -1.0005337892721984      -0.99428938573471282     
   3.8678678678678677       -1.0005576689031985      -0.99462006713981466     
   3.8718718718718717       -1.0005808263925289      -0.99494091238392857     
   3.8758758758758760       -1.0006001069569477      -0.99525191829409909     
   3.8798798798798799       -1.0006180180946724      -0.99555308179467450     
   3.8838838838838838       -1.0006330923706852      -0.99584439990733942     
   3.8878878878878878       -1.0006451557027805      -0.99612586975114281     
   3.8918918918918921       -1.0006566083322428      -0.99639748854252641     
   3.8958958958958960       -1.0006621337386479      -0.99665925359535279     
   3.8998998998998999       -1.0006706230383571      -0.99691116232093191     
   3.9039039039039038       -1.0006690228531496      -0.99715321222804643     
   3.9079079079079078       -1.0006750102163107      -0.99738540092297623     
   3.9119119119119121       -1.0006661643513739      -0.99760772610952264     
   3.9159159159159160       -1.0006694561562113      -0.99782018558903074     
   3.9199199199199199       -1.0006542615884366      -0.99802277726041111     
   3.9239239239239239       -1.0006533948052436      -0.99821549912016083     
   3.9279279279279278       -1.0006344103800819      -0.99839834926238302     
   3.9319319319319321       -1.0006260479360607      -0.99857132587880604     
   3.9359359359359360       -1.0006079711211608      -0.99873442725880057     
   3.9399399399399400       -1.0005866776908079      -0.99888765178939798     
   3.9439439439439439       -1.0005761685779069      -0.99903099795530448     
   3.9479479479479478       -1.0005351663450213      -0.99916446433891781     
   3.9519519519519521       -1.0005393287822066      -0.99928804962034024     
   3.9559559559559561       -1.0004729558050587      -0.99940175257739150     
   3.9599599599599600       -1.0004958190517932      -0.99950557208562174     
   3.9639639639639639       -1.0004041235377279      -0.99959950711832180     
   3.9679679679679678       -1.0004411344636215      -0.99968355674653397     
   3.9719719719719722       -1.0003358648145424      -0.99975772013906072     
   3.9759759759759761       -1.0003682520069412      -0.99982199656247328     
   3.9799799799799800       -1.0002768916318727      -0.99987638538111856     
   3.9839839839839839       -1.0002711832945346      -0.99992088605712559     
   3.9879879879879878       -1.0002315065434804      -0.99995549815041107     
   3.9919919919919922       -1.0001538488498953      -0.99998022131868336     
   3.9959959959959961       -1.0001902540626744      -0.99999505531744570     
   4.0000000000000000       -1.0000000000000000       -1.0000000000000000     
