   0.0000000000000000        1.0000000000000000       0.99999999999999989     
   4.0040040040040040E-003  0.99988843931565052       0.99999505531744592     
   8.0080080080080079E-003  0.99999824326355857       0.99998022131868325     
   1.2012012012012012E-002  0.99992650253017668       0.99995549815041107     
   1.6016016016016016E-002   1.0000506269785838       0.99992088605712559     
   2.0020020020020020E-002  0.99997701379967641       0.99987638538111856     
   2.4024024024024024E-002   1.0000922534868988       0.99982199656247328     
   2.8028028028028028E-002   1.0000431462796717       0.99975772013906072     
   3.2032032032032032E-002   1.0001341762510183       0.99968355674653397     
   3.6036036036036036E-002   1.0001168996194647       0.99959950711832180     
   4.0040040040040040E-002   1.0001812104437044       0.99950557208562174     
   4.4044044044044044E-002   1.0001929912818930       0.99940175257739161     
   4.8048048048048048E-002   1.0002357768263910       0.99928804962034012     
   5.2052052052052052E-002   1.0002683724397445       0.99916446433891792     
   5.6056056056056056E-002   1.0002980567365258       0.99903099795530459     
   6.0060060060060060E-002   1.0003420383342230       0.99888765178939798     
   6.4064064064064064E-002   1.0003665610883954       0.99873442725880068     
   6.8068068068068074E-002   1.0004142255527613       0.99857132587880615     
   7.2072072072072071E-002   1.0004390479289262       0.99839834926238324     
   7.6076076076076082E-002   1.0004855356496769       0.99821549912016094     
   8.0080080080080079E-002   1.0005132799270804       0.99802277726041122     
   8.4084084084084090E-002   1.0005563592079512       0.99782018558903074     
   8.8088088088088087E-002   1.0005874215207524       0.99760772610952264     
   9.2092092092092098E-002   1.0006266556296584       0.99738540092297623     
   9.6096096096096095E-002   1.0006601260846186       0.99715321222804643     
  0.10010010010010011        1.0006959786344005       0.99691116232093191     
  0.10410410410410410        1.0007304481342707       0.99665925359535279     
  0.10810810810810811        1.0007636115722363       0.99639748854252641     
  0.11211211211211211        1.0007976999558228       0.99612586975114281     
  0.11611611611611612        1.0008287156826248       0.99584439990733964     
  0.12012012012012012        1.0008613237465549       0.99555308179467450     
  0.12412412412412413        1.0008904431554646       0.99525191829409887     
  0.12812812812812813        1.0009208072405136       0.99494091238392868     
  0.13213213213213212        1.0009480037663043       0.99462006713981466     
  0.13613613613613615        1.0009756426912546       0.99428938573471282     
  0.14014014014014015        1.0010006926723549       0.99394887143885213     
  0.14414414414414414        1.0010253173397770       0.99359852761970280     
  0.14814814814814814        1.0010478933044877       0.99323835774194291     
  0.15215215215215216        1.0010693213518800       0.99286836536742373     
  0.15615615615615616        1.0010890681532003       0.99248855415513493     
  0.16016016016016016        1.0011071621951213       0.99209892786116838     
  0.16416416416416416        1.0011237464689353       0.99169949033868066     
  0.16816816816816818        1.0011383788209804       0.99129024553785539     
  0.17217217217217218        1.0011515136196034       0.99087119750586361     
  0.17617617617617617        1.0011625522056553       0.99044235038682449     
  0.18018018018018017        1.0011720039770415       0.99000370842176388     
  0.18418418418418420        1.0011793118762702       0.98955527594857196     
  0.18818818818818819        1.0011848971101405       0.98909705740196130     
  0.19219219219219219        1.0011883389005498       0.98862905731342254     
  0.19619619619619619        1.0011899164922751       0.98815128031117949     
  0.20020020020020021        1.0011893664383489       0.98766373112014327     
  0.20420420420420421        1.0011868299340867       0.98716641456186571     
  0.20820820820820821        1.0011821793312521       0.98665933555449203     
  0.21221221221221220        1.0011754500724472       0.98614249911271146     
  0.21621621621621623        1.0011666118529505       0.98561591034770846     
  0.22022022022022023        1.0011556347014747       0.98507957446711159     
  0.22422422422422422        1.0011425463968318       0.98453349677494206     
  0.22822822822822822        1.0011272873973827       0.98397768267156138     
  0.23223223223223224        1.0011099119990896       0.98341213765361868     
  0.23623623623623624        1.0010903571759826       0.98283686731399489     
  0.24024024024024024        1.0010686827630888       0.98225187734174813     
  0.24424424424424424        1.0010448379479155       0.98165717352205828     
  0.24824824824824826        1.0010188767043993       0.98105276173616818     
  0.25225225225225223        1.0009907674260807       0.98043864796132674     
  0.25625625625625625        1.0009605542669819       0.97981483827072957     
  0.26026026026026028        1.0009282258474916       0.97918133883345804     
  0.26426426426426425        1.0008938171505688       0.97853815591441973     
  0.26826826826826827        1.0008573344978966       0.97788529587428519     
  0.27227227227227230        1.0008188067072306       0.97722276516942586     
  0.27627627627627627        1.0007782540532493       0.97655057035184956     
  0.28028028028028029        1.0007357026543164       0.97586871806913633     
  0.28428428428428426        1.0006911828222960       0.97517721506437238     
  0.28828828828828829        1.0006447212439797       0.97447606817608334     
  0.29229229229229231        1.0005963550356842       0.97376528433816700     
  0.29629629629629628        1.0005461136717035       0.97304487057982403     
  0.30030030030030030        1.0004940388532484       0.97231483402548924     
  0.30430430430430433        1.0004401642461660       0.97157518189476044     
  0.30830830830830830        1.0003845345919820       0.97082592150232794     
  0.31231231231231232        1.0003271883897031       0.97006706025790113     
  0.31631631631631629        1.0002681727530061       0.96929860566613568     
  0.32032032032032032        1.0002075308536409       0.96852056532656006     
  0.32432432432432434        1.0001453119566923       0.96773294693349898     
  0.32832832832832831        1.0000815636072520       0.96693575827599854     
  0.33233233233233234        1.0000163370773432       0.96612900723774819     
  0.33633633633633636       0.99994968379780225       0.96531270179700357     
  0.34034034034034033       0.99988165717325139       0.96448685002650714     
  0.34434434434434436       0.99981231180654673       0.96365146009340885     
  0.34834834834834832       0.99974170336894863       0.96280654025918455     
  0.35235235235235235       0.99966988914453037       0.96195209887955491     
  0.35635635635635637       0.99959692693726654       0.96108814440440293     
  0.36036036036036034       0.99952287634400971       0.96021468537768961     
  0.36436436436436437       0.99944779722244248       0.95933173043737041     
  0.36836836836836839       0.99937175102385056       0.95843928831530878     
  0.37237237237237236       0.99929479957035439       0.95753736783719101     
  0.37637637637637639       0.99921700582874062       0.95662597792243798     
  0.38038038038038036       0.99913843335925401       0.95570512758411708     
  0.38438438438438438       0.99905914644108507       0.95477482592885377     
  0.38838838838838841       0.99897921002456047       0.95383508215674051     
  0.39239239239239238       0.99889868955907979       0.95288590556124697     
  0.39639639639639640       0.99881765111936271       0.95192730552912663     
  0.40040040040040042       0.99873616106456387       0.95095929154032544     
  0.40440440440440439       0.99865428637733900       0.94998187316788707     
  0.40840840840840842       0.99857209407688163       0.94899506007785894     
  0.41241241241241239       0.99848965183427196       0.94799886202919548     
  0.41641641641641641       0.99840702716186913       0.94699328887366341     
  0.42042042042042044       0.99832428809501650       0.94597835055574242     
  0.42442442442442441       0.99824150249524124       0.94495405711252856     
  0.42842842842842843       0.99815873849803005       0.94392041867363297     
  0.43243243243243246       0.99807606413995997       0.94287744546108421     
  0.43643643643643643       0.99799354746948632       0.94182514778922499     
  0.44044044044044045       0.99791125643305989       0.94076353606461094     
  0.44444444444444442       0.99782925884044404       0.93969262078590843     
  0.44844844844844844       0.99774762232347025       0.93861241254378935     
  0.45245245245245247       0.99766641428539560       0.93752292202082743     
  0.45645645645645644       0.99758570185355810       0.93642415999139239     
  0.46046046046046046       0.99750555183092837       0.93531613732154295     
  0.46446446446446449       0.99742603068231839       0.93419886496891991     
  0.46846846846846846       0.99734720441696290       0.93307235398263733     
  0.47247247247247248       0.99726913867429934       0.93193661550317397     
  0.47647647647647645       0.99719189850334389       0.93079166076226205     
  0.48048048048048048       0.99711554856253470       0.92963750108277710     
  0.48448448448448450       0.99704015279836566       0.92847414787862570     
  0.48848848848848847       0.99696577470889258       0.92730161265463229     
  0.49249249249249250       0.99689247701942829       0.92611990700642588     
  0.49649649649649652       0.99682032190616576       0.92492904262032505     
  0.50050050050050054       0.99674937074170755       0.92372903127322259     
  0.50450450450450446       0.99667968425185427       0.92251988483246872     
  0.50850850850850848       0.99661132232325800       0.92130161525575405     
  0.51251251251251251       0.99654434409929815       0.92007423459099136     
  0.51651651651651653       0.99647880787914733       0.91883775497619602     
  0.52052052052052056       0.99641477111867727       0.91759218863936653     
  0.52452452452452447       0.99635229038299888       0.91633754789836308     
  0.52852852852852850       0.99629142135912585       0.91507384516078605     
  0.53253253253253252       0.99623221877380319       0.91380109292385314     
  0.53653653653653655       0.99617473644097654       0.91251930377427604     
  0.54054054054054057       0.99611902716555023       0.91122849038813569     
  0.54454454454454460       0.99606514279523950       0.90992866553075669     
  0.54854854854854851       0.99601313412789827       0.90861984205658186     
  0.55255255255255253       0.99596305096284699       0.90730203290904443     
  0.55655655655655656       0.99591494200995678       0.90597525112043986     
  0.56056056056056058       0.99586885496505162       0.90463950981179786     
  0.56456456456456461       0.99582483637899621       0.90329482219275237     
  0.56856856856856852       0.99578293176448396       0.90194120156140967     
  0.57257257257257255       0.99574318546633833       0.90057866130421826     
  0.57657657657657657       0.99570564075391432       0.89920721489583666     
  0.58058058058058060       0.99567033971059438       0.89782687589899912     
  0.58458458458458462       0.99563732331949828       0.89643765796438168     
  0.58858858858858853       0.99560663135076566       0.89503957483046792     
  0.59259259259259256       0.99557830246456780       0.89363264032341216     
  0.59659659659659658       0.99555237408106645       0.89221686835690384     
  0.60060060060060061       0.99552888249570581       0.89079227293202834     
  0.60460460460460463       0.99550786274405190       0.88935886813713039     
  0.60860860860860866       0.99548934873751949       0.88791666814767300     
  0.61261261261261257       0.99547337310039474       0.88646568722609853     
  0.61661661661661660       0.99545996733568898       0.88500593972168740     
  0.62062062062062062       0.99544916163824793       0.88353744007041513     
  0.62462462462462465       0.99544098508556544       0.88206020279481145     
  0.62862862862862867       0.99543546543050143       0.88057424250381455     
  0.63263263263263259       0.99543262931389376       0.87907957389262892     
  0.63663663663663661       0.99543250204470490       0.87757621174257761     
  0.64064064064064064       0.99543510764016097       0.87606417092095823     
  0.64464464464464466       0.99544046906476069       0.87454346638089420     
  0.64864864864864868       0.99544860795700196       0.87301411316118804     
  0.65265265265265260       0.99545954483238808       0.87147612638617244     
  0.65665665665665662       0.99547329889177172       0.86992952126555978     
  0.66066066066066065       0.99548988820863538       0.86837431309429269     
  0.66466466466466467       0.99550932955507054       0.86681051725239278     
  0.66866866866866870       0.99553163857372606       0.86523814920480835     
  0.67267267267267272       0.99555682962084024       0.86365722450126059     
  0.67667667667667664       0.99558491592353027       0.86206775877609154     
  0.68068068068068066       0.99561590943888911       0.86046976774810768     
  0.68468468468468469       0.99564982099736354       0.85886326722042616     
  0.68868868868868871       0.99568666017732776       0.85724827308031681     
  0.69269269269269274       0.99572643543478956       0.85562480129904683     
  0.69669669669669665       0.99576915399308774       0.85399286793172080     
  0.70070070070070067       0.99581482195923632       0.85235248911712413     
  0.70470470470470470       0.99586344422804784       0.85070368107756156     
  0.70870870870870872       0.99591502458607450       0.84904646011869800     
  0.71271271271271275       0.99596956562847538       0.84738084262939628     
  0.71671671671671666       0.99602706885317216       0.84570684508155602     
  0.72072072072072069       0.99608753458637800       0.84402448402995045     
  0.72472472472472471       0.99615096207214693       0.84233377611206173     
  0.72872872872872874       0.99621734940006446       0.84063473804791822     
  0.73273273273273276       0.99628669359800481       0.83892738663992727     
  0.73673673673673679       0.99635899055277488       0.83721173877271082     
  0.74074074074074070       0.99643423511550311       0.83548781141293649     
  0.74474474474474472       0.99651242100725912       0.83375562160915173     
  0.74874874874874875       0.99659354094043850       0.83201518649161366     
  0.75275275275275277       0.99667758651367933       0.83026652327212069     
  0.75675675675675680       0.99676454832880013       0.82850964924384218     
  0.76076076076076071       0.99685441592357238       0.82674458178114663     
  0.76476476476476474       0.99694717782309006       0.82497133833943037     
  0.76876876876876876       0.99704282153709944       0.82318993645494531     
  0.77277277277277279       0.99714133357124379       0.82140039374462548     
  0.77677677677677681       0.99724269944007915       0.81960272790591149     
  0.78078078078078073       0.99734690367796519       0.81779695671657793     
  0.78478478478478475       0.99745392985107717       0.81598309803455460     
  0.78878878878878878       0.99756376056325780       0.81416116979775299     
  0.79279279279279280       0.99767637748046711       0.81233119002388599     
  0.79679679679679682       0.99779176132307190       0.81049317681029232     
  0.80080080080080085       0.99790989189125423       0.80864714833375506     
  0.80480480480480476       0.99803074809004100       0.80679312285032445     
  0.80880880880880879       0.99815430788231430       0.80493111869513490     
  0.81281281281281281       0.99828054841352076       0.80306115428222591     
  0.81681681681681684       0.99840944586635783       0.80118324810435759     
  0.82082082082082086       0.99854097564777222       0.79929741873283022     
  0.82482482482482478       0.99867511223078054       0.79740368481729917     
  0.82882882882882880       0.99881182932027168       0.79550206508558996     
  0.83283283283283283       0.99895109973612606       0.79359257834351515     
  0.83683683683683685       0.99909289551008262       0.79167524347468543     
  0.84084084084084088       0.99923718788914884       0.78975007944032627     
  0.84484484484484490       0.99938394726632629       0.78781710527908688     
  0.84884884884884881       0.99953314335210874       0.78587634010685514     
  0.85285285285285284       0.99968474498179993       0.78392780311656585     
  0.85685685685685686       0.99983872033673848       0.78197151357801298     
  0.86086086086086089       0.99999503678125190       0.78000749083765841     
  0.86486486486486491        1.0001536609809647       0.77803575431843952     
  0.86886886886886883        1.0003145589195839       0.77605632351957921     
  0.87287287287287285        1.0004776957779424       0.77406921801639061     
  0.87687687687687688        1.0006430361989689       0.77207445746008641     
  0.88088088088088090        1.0008105439711794       0.77007206157758135     
  0.88488488488488493        1.0009801823825726       0.76806205017129980     
  0.88888888888888884        1.0011519139432550       0.76604444311897812     
  0.89289289289289286        1.0013257005717511       0.76401926037346957     
  0.89689689689689689        1.0015015036217747       0.76198652196254524     
  0.90090090090090091        1.0016792836933104       0.75994624798869781     
  0.90490490490490494        1.0018590009540291       0.75789845862894112     
  0.90890890890890896        1.0020406148384926       0.75584317413461199     
  0.91291291291291288        1.0022240842864156       0.75378041483116964     
  0.91691691691691690        1.0024093677086066       0.75171020111799358     
  0.92092092092092093        1.0025964228434432       0.74963255346818269     
  0.92492492492492495        1.0027852070904102       0.74754749242835361     
  0.92892892892892898        1.0029756771304039       0.74545503861843632     
  0.93293293293293289        1.0031677892855992       0.74335521273147021     
  0.93693693693693691        1.0033614993580653       0.74124803553340046     
  0.94094094094094094        1.0035567626048445       0.73913352786287123     
  0.94494494494494496        1.0037535339666372       0.73701171063102144     
  0.94894894894894899        1.0039517677946812       0.73488260482127599     
  0.95295295295295290        1.0041514180812077       0.73274623148913998     
  0.95695695695695693        1.0043524384808122       0.73060261176198882     
  0.96096096096096095        1.0045547820682890       0.72845176683886093     
  0.96496496496496498        1.0047584017622522       0.72629371799024722     
  0.96896896896896900        1.0049632499375878       0.72412848655788020     
  0.97297297297297303        1.0051692786997011       0.72195609395452465     
  0.97697697697697694        1.0053764398900449       0.71977656166376347     
  0.98098098098098097        1.0055846849052974       0.71758991123978799     
  0.98498498498498499        1.0057939649387646       0.71539616430718200     
  0.98898898898898902        1.0060042309579498       0.71319534256071038     
  0.99299299299299304        1.0062154335080338       0.71098746776510235     
  0.99699699699699695        1.0064275231184918       0.70877256175483849     
   1.0010010010010011        1.0066404499290884       0.70655064643393239     
   1.0050050050050050        1.0068541639552273       0.70432174377571666     
   1.0090090090090089        1.0070686150867958       0.70208587582262261     
   1.0130130130130131        1.0072837529840408       0.69984306468596524     
   1.0170170170170170        1.0074995271571678       0.69759333254572309     
   1.0210210210210211        1.0077158872084515       0.69533670165031780     
   1.0250250250250250        1.0079327823580044       0.69307319431639725     
   1.0290290290290289        1.0081501620016042       0.69080283292861089     
   1.0330330330330331        1.0083679754387138       0.68852563993939231     
   1.0370370370370370        1.0085861719100511       0.68624163786873360     
   1.0410410410410411        1.0088047006705723       0.68395084930396588     
   1.0450450450450450        1.0090235111892583       0.68165329689953280     
   1.0490490490490489        1.0092425527103854       0.67934900337676996     
   1.0530530530530531        1.0094617748431054       0.67703799152367639     
   1.0570570570570570        1.0096811272044612       0.67472028419469277     
   1.0610610610610611        1.0099005595870794       0.67239590431047247     
   1.0650650650650650        1.0101200218867594       0.67006487485765720     
   1.0690690690690692        1.0103394644875434       0.66772721888864850     
   1.0730730730730731        1.0105588376353360       0.66538295952137927     
   1.0770770770770770        1.0107780921853968       0.66303211993908673     
   1.0810810810810811        1.0109971791456929       0.66067472339008138     
   1.0850850850850851        1.0112160499726308       0.65831079318751895     
   1.0890890890890892        1.0114346563244367       0.65594035270916762     
   1.0930930930930931        1.0116529505904441       0.65356342539717938     
   1.0970970970970970        1.0118708852962000       0.65118003475785569     
   1.1011011011011012        1.0120884137333397       0.64879020436141710     
   1.1051051051051051        1.0123054894476762       0.64639395784176923     
   1.1091091091091092        1.0125220669770252       0.64399131889626848     
   1.1131131131131131        1.0127381009572123       0.64158231128548826     
   1.1171171171171170        1.0129535471757447       0.63916695883298480     
   1.1211211211211212        1.0131683617031333       0.63674528542506059     
   1.1251251251251251        1.0133825018139466       0.63431731501052790     
   1.1291291291291292        1.0135959250021906       0.63188307160047219     
   1.1331331331331331        1.0138085901764380       0.62944257926801572     
   1.1371371371371370        1.0140204566335995       0.62699586214807856     
   1.1411411411411412        1.0142314850974932       0.62454294443713887     
   1.1451451451451451        1.0144416366475533       0.62208385039299618     
   1.1491491491491492        1.0146508740404108       0.61961860433452864     
   1.1531531531531531        1.0148591605154706       0.61714723064145538     
   1.1571571571571571        1.0150664610305495       0.61466975375409227     
   1.1611611611611612        1.0152727410113933       0.61218619817311382     
   1.1651651651651651        1.0154779678398724       0.60969658845930685     
   1.1691691691691692        1.0156821094461985       0.60720094923333146     
   1.1731731731731732        1.0158851358577023       0.60469930517547543     
   1.1771771771771771        1.0160870176169474       0.60219168102540976     
   1.1811811811811812        1.0162877275768285       0.59967810158194490     
   1.1851851851851851        1.0164872390907627       0.59715859170278607     
   1.1891891891891893        1.0166855281460776       0.59463317630428669     
   1.1931931931931932        1.0168825711300813       0.59210188036120104     
   1.1971971971971973        1.0170783472374263       0.58956472890643952     
   1.2012012012012012        1.0172728361273486       0.58702174703081855     
   1.2052052052052051        1.0174660204058616       0.58447295988281511     
   1.2092092092092093        1.0176578831681846       0.58191839266831502     
   1.2132132132132132        1.0178484107322283       0.57935807065036715     
   1.2172172172172173        1.0180375897843121       0.57679201914892964     
   1.2212212212212212        1.0182254104518842       0.57422026354062339     
   1.2252252252252251        1.0184118632286934       0.57164282925847876     
   1.2292292292292293        1.0185969422347596       0.56905974179168362     
   1.2332332332332332        1.0187806419178687       0.56647102668533400     
   1.2372372372372373        1.0189629605424511       0.56387670954017777     
   1.2412412412412412        1.0191438966407680       0.56127681601236523     
   1.2452452452452452        1.0193234528139419       0.55867137181319193     
   1.2492492492492493        1.0195016317646268       0.55606040270884771     
   1.2532532532532532        1.0196784404968382       0.55344393452015839     
   1.2572572572572573        1.0198538859916353       0.55082199312233371     
   1.2612612612612613        1.0200279797373673       0.54819460444470980     
   1.2652652652652652        1.0202007330357714       0.54556179447049202     
   1.2692692692692693        1.0203721619012824       0.54292358923649942     
   1.2732732732732732        1.0205422819573995       0.54028001483290677     
   1.2772772772772774        1.0207111137395908       0.53763109740298687     
   1.2812812812812813        1.0208786771445226       0.53497686314285187     
   1.2852852852852852        1.0210449971696924       0.53231733830119210     
   1.2892892892892893        1.0212100978775636       0.52965254917902038     
   1.2932932932932932        1.0213740086065435       0.52698252212940966     
   1.2972972972972974        1.0215367574089671       0.52430728355723166     
   1.3013013013013013        1.0216983777715856       0.52162685991889790     
   1.3053053053053052        1.0218589014817265       0.51894127772209575     
   1.3093093093093093        1.0220183658999833       0.51625056352552856     
   1.3133133133133132        1.0221768061978840       0.51355474393865164     
   1.3173173173173174        1.0223342632063621       0.51085384562140879     
   1.3213213213213213        1.0224907751203334       0.50814789528396931     
   1.3253253253253254        1.0226463857634596       0.50543691968646431     
   1.3293293293293293        1.0228011357127276       0.50272094563872183     
   1.3333333333333333        1.0229550712242284       0.50000000000000033     
   1.3373373373373374        1.0231082345723472       0.49727410967872421     
   1.3413413413413413        1.0232606736781282       0.49454330163221866     
   1.3453453453453454        1.0234124316890965       0.49180760286644143     
   1.3493493493493494        1.0235635574197843       0.48906704043571680     
   1.3533533533533533        1.0237140938437870       0.48632164144246692     
   1.3573573573573574        1.0238640895336357       0.48357143303694439     
   1.3613613613613613        1.0240135860793491       0.48081644241696458     
   1.3653653653653655        1.0241626307407736       0.47805669682763607     
   1.3693693693693694        1.0243112623989168       0.47529222356109019     
   1.3733733733733733        1.0244595253956645       0.47252304995621203     
   1.3773773773773774        1.0246074542096901       0.46974920339837073     
   1.3813813813813813        1.0247550889339103       0.46697071131914814     
   1.3853853853853855        1.0249024577785109       0.46418760119606600     
   1.3893893893893894        1.0250495943382050       0.46139990055231739     
   1.3933933933933933        1.0251965187810823       0.45860763695649082     
   1.3973973973973974        1.0253432561710549       0.45581083802230099     
   1.4014014014014013        1.0254898158208499       0.45300953140831446     
   1.4054054054054055        1.0256362121849734       0.45020374481767350     
   1.4094094094094094        1.0257824411236363       0.44739350599782696     
   1.4134134134134133        1.0259285032869145       0.44457884274025250     
   1.4174174174174174        1.0260743785331714       0.44175978288018319     
   1.4214214214214214        1.0262200506522385       0.43893635429633082     
   1.4254254254254255        1.0263654797109216       0.43610858491061116     
   1.4294294294294294        1.0265106297954907       0.43327650268786849     
   1.4334334334334333        1.0266554370556809       0.43044013563559824     
   1.4374374374374375        1.0267998422968494       0.42759951180366951     
   1.4414414414414414        1.0269437537905970       0.42475465928404799     
   1.4454454454454455        1.0270870844994640       0.42190560621051937     
   1.4494494494494494        1.0272297107753154       0.41905238075840973     
   1.4534534534534536        1.0273715129078058       0.41619501114430768     
   1.4574574574574575        1.0275123304140508       0.41333352562578418     
   1.4614614614614614        1.0276520062930152       0.41046795250111390     
   1.4654654654654655        1.0277903372054478       0.40759832010899610     
   1.4694694694694694        1.0279271241814796       0.40472465682827363     
   1.4734734734734736        1.0280621147560771       0.40184699107765148     
   1.4774774774774775        1.0281950622267182       0.39896535131541649     
   1.4814814814814814        1.0283256591674237       0.39607976603915679     
   1.4854854854854855        1.0284536039867060       0.39319026378547872     
   1.4894894894894894        1.0285785284055704       0.39029687312972589     
   1.4934934934934936        1.0287000692385460       0.38739962268569328     
   1.4974974974974975        1.0288177891838990       0.38449854110534909     
   1.5015015015015014        1.0289312575221496       0.38159365707854875     
   1.5055055055055055        1.0290399598559847       0.37868499933275013     
   1.5095095095095095        1.0291433896424862       0.37577259663273255     
   1.5135135135135136        1.0292409485298579       0.37285647778030873     
   1.5175175175175175        1.0293320458492152       0.36993667161404314     
   1.5215215215215214        1.0294159896263955       0.36701320700896550     
   1.5255255255255256        1.0294920980581379       0.36408611287628412     
   1.5295295295295295        1.0295595769565604       0.36115541816310132     
   1.5335335335335336        1.0296176434071553       0.35822115185212744     
   1.5375375375375375        1.0296653919091152       0.35528334296139380     
   1.5415415415415414        1.0297019300559669       0.35234202054396474     
   1.5455455455455456        1.0297262321055480       0.34939721368765114     
   1.5495495495495495        1.0297372855709852       0.34644895151472355     
   1.5535535535535536        1.0297339362115554       0.34349726318162310     
   1.5575575575575575        1.0297150436715523       0.34054217787867375     
   1.5615615615615615        1.0296793134132118       0.33758372482979260     
   1.5655655655655656        1.0296254652083943       0.33462193329220158     
   1.5695695695695695        1.0295520568555268       0.33165683255613898     
   1.5735735735735736        1.0294576578143571       0.32868845194456903     
   1.5775775775775776        1.0293406693019431       0.32571682081289088     
   1.5815815815815817        1.0291994998238754       0.32274196854864945     
   1.5855855855855856        1.0290323854983465       0.31976392457124525     
   1.5895895895895895        1.0288375630830913       0.31678271833164295     
   1.5935935935935936        1.0286130956421609       0.31379837931207866     
   1.5975975975975976        1.0283570372932107       0.31081093702577139     
   1.6016016016016017        1.0280672708298231       0.30782042101662782     
   1.6056056056056056        1.0277416567933668       0.30482686085895305     
   1.6096096096096095        1.0273778914200238       0.30183028615715729     
   1.6136136136136137        1.0269736307493647       0.29883072654546011     
   1.6176176176176176        1.0265263793057278       0.29582821168760254     
   1.6216216216216217        1.0260335777654319       0.29282277127655032     
   1.6256256256256256        1.0254925351335407       0.28981443503420135     
   1.6296296296296295        1.0249004659761174       0.28680323271109065     
   1.6336336336336337        1.0242544815430532       0.28378919408609704     
   1.6376376376376376        1.0235515597033624       0.28077234896614933     
   1.6416416416416417        1.0227886135203199       0.27775272718593036     
   1.6456456456456456        1.0219623737785104       0.27473035860758332     
   1.6496496496496496        1.0210695569674531       0.27170527312041282     
   1.6536536536536537        1.0201066366299150       0.26867750064059459     
   1.6576576576576576        1.0190701365842034       0.26564707111087615     
   1.6616616616616617        1.0179562632236792       0.26261401450028199     
   1.6656656656656657        1.0167613541372476       0.25957836080381591     
   1.6696696696696696        1.0154813389178512       0.25654014004216519     
   1.6736736736736737        1.0141123781588786       0.25349938226140467     
   1.6776776776776776        1.0126501152497960       0.25045611753269870     
   1.6816816816816818        1.0110905460697377       0.24741037595200283     
   1.6856856856856857        1.0094290186232229       0.24436218763976714     
   1.6896896896896898        1.0076613796611154       0.24131158274063927     
   1.6936936936936937        1.0057826727967241       0.23825859142316480     
   1.6976976976976976        1.0037886148025768       0.23520324387949043     
   1.7017017017017018        1.0016739360012366       0.23214557032506186     
   1.7057057057057057       0.99943424616183651       0.22908560099833006     
   1.7097097097097098       0.99706395343113186       0.22602336616044894     
   1.7137137137137137       0.99455858763764571       0.22295889609497727     
   1.7177177177177176       0.99191222576459392       0.21989222110757800     
   1.7217217217217218       0.98912034911483970       0.21682337152571932     
   1.7257257257257257       0.98617669427533627       0.21375237769837560     
   1.7297297297297298       0.98307673005545226       0.21067926999572606     
   1.7337337337337337       0.97981384300135088       0.20760407880885565     
   1.7377377377377377       0.97638353034263947       0.20452683454945109     
   1.7417417417417418       0.97277881833892077       0.20144756764950522     
   1.7457457457457457       0.96899527869671709       0.19836630856101312     
   1.7497497497497498       0.96502556633309344       0.19528308775567005     
   1.7537537537537538       0.96086537888623857       0.19219793572457314     
   1.7577577577577577       0.95650698784039467       0.18911088297791637     
   1.7617617617617618       0.95194627386288277       0.18602196004469188     
   1.7657657657657657       0.94717511164680401       0.18293119747238676     
   1.7697697697697699       0.94218962785782057       0.17983862582668017     
   1.7737737737737738       0.93698128553462667       0.17674427569114179     
   1.7777777777777777       0.93154652638975821       0.17364817766693028     
   1.7817817817817818       0.92587638520628057       0.17055036237248988     
   1.7857857857857857       0.91996769405132006       0.16745086044324664     
   1.7897897897897899       0.91381104089140108       0.16434970253130635     
   1.7937937937937938       0.90740372986087803       0.16124691930515228     
   1.7977977977977977       0.90073588138596439       0.15814254144934106     
   1.8018018018018018       0.89380535989118637       0.15503659966419786     
   1.8058058058058057       0.88660179519810633       0.15192912466551589     
   1.8098098098098099       0.87912370681389485       0.14882014718424907     
   1.8138138138138138       0.87136020840452011       0.14570969796621130     
   1.8178178178178179       0.86331057592969718       0.14259780777177095     
   1.8218218218218218       0.85496337875324813       0.13948450737554591     
   1.8258258258258258       0.84631875718693339       0.13636982756610005     
   1.8298298298298299       0.83736470548271080       0.13325379914563965     
   1.8338338338338338       0.82810234262631621       0.13013645292970785     
   1.8378378378378379       0.81851905426230864       0.12701781974687870     
   1.8418418418418419       0.80861705862538868       0.12389793043845529     
   1.8458458458458458       0.79838309659621176       0.12077681585816115     
   1.8498498498498499       0.78782061225275157       0.11765450687183837     
   1.8538538538538538       0.77691566296846037       0.11453103435714140     
   1.8578578578578580       0.76567305097846405       0.11140642920322855     
   1.8618618618618619       0.75407810894364335       0.10828072231046192     
   1.8658658658658658       0.74213713492276578       0.10515394459009815     
   1.8698698698698699       0.72983469337276830       0.10202612696398421     
   1.8738738738738738       0.71717872076004685        9.8897300364250137E-002
   1.8778778778778780       0.70415296778809611        9.5767495733004110E-002
   1.8818818818818819       0.69076715632842134        9.2636744022027262E-002
   1.8858858858858858       0.67700417600343687        8.9505076192466795E-002
   1.8898898898898899       0.66287568492717686        8.6372523214528804E-002
   1.8938938938938938       0.64836366286752878        8.3239116067172991E-002
   1.8978978978978980       0.63348185821466940        8.0104885737807094E-002
   1.9019019019019019       0.61821129104761330        7.6969863221979185E-002
   1.9059059059059058       0.60256795654790130        7.3834079523072429E-002
   1.9099099099099099       0.58653186464821871        7.0697565651994948E-002
   1.9139139139139139       0.57012141553218443        6.7560352626878470E-002
   1.9179179179179180       0.55331555839665969        6.4422471472768014E-002
   1.9219219219219219       0.53613525747513413        6.1283953221316440E-002
   1.9259259259259258       0.51855835105202619        5.8144828910476183E-002
   1.9299299299299300       0.50060852636403508        5.5005129584193228E-002
   1.9339339339339339       0.48226246161885578        5.1864886292100981E-002
   1.9379379379379380       0.46354672490969179        4.8724130089211899E-002
   1.9419419419419419       0.44443678687049726        4.5582892035611673E-002
   1.9459459459459461       0.42496225212354377        4.2441203196148525E-002
   1.9499499499499500       0.40509733861080138        3.9299094640131337E-002
   1.9539539539539539       0.38487483981843107        3.6156597441019275E-002
   1.9579579579579580       0.36426767902643403        3.3013742676113601E-002
   1.9619619619619619       0.34331198634714438        2.9870561426253450E-002
   1.9659659659659661       0.32197935240596637        2.6727084775504926E-002
   1.9699699699699700       0.30030938581699923        2.3583343810856781E-002
   1.9739739739739739       0.27827231142536940        2.0439369621911660E-002
   1.9779779779779780       0.25591135094475093        1.7295193300577764E-002
   1.9819819819819819       0.23319533611635859        1.4150845940762258E-002
   1.9859859859859861       0.21017122765697338        1.1006358638064652E-002
   1.9899899899899900       0.18680644352152492        7.8617624894684063E-003
   1.9939939939939939       0.16315179951356132        4.7170885930325071E-003
   1.9979979979979980       0.13917328589162212        1.5723680475848198E-003
   2.0020020020020022       0.11492568008620757       -1.5723680475845747E-003
   2.0060060060060061        9.0373534915257681E-002  -4.7170885930322625E-003
   2.0100100100100100        6.5575690634567793E-002  -7.8617624894681600E-003
   2.0140140140140139        4.0495258521744550E-002  -1.1006358638064406E-002
   2.0180180180180178        1.5195173396962637E-002  -1.4150845940762012E-002
   2.0220220220220222       -1.0362520450185472E-002  -1.7295193300577522E-002
   2.0260260260260261       -3.6112395714108084E-002  -2.0439369621911417E-002
   2.0300300300300300       -6.2087678522947602E-002  -2.3583343810856538E-002
   2.0340340340340339       -8.8224545461811854E-002  -2.6727084775504683E-002
   2.0380380380380378      -0.11455189670302876       -2.9870561426253207E-002
   2.0420420420420422      -0.14100731337728245       -3.3013742676113789E-002
   2.0460460460460461      -0.16761544130853898       -3.6156597441019026E-002
   2.0500500500500500      -0.19431513133530165       -3.9299094640131087E-002
   2.0540540540540539      -0.22112683842381725       -4.2441203196148275E-002
   2.0580580580580579      -0.24799052558535431       -4.5582892035610979E-002
   2.0620620620620622      -0.27492253537271205       -4.8724130089212093E-002
   2.0660660660660661      -0.30186382005491164       -5.1864886292100738E-002
   2.0700700700700700      -0.32882672484961739       -5.5005129584192979E-002
   2.0740740740740740      -0.35575308270344558       -5.8144828910475933E-002
   2.0780780780780779      -0.38265135486482560       -6.1283953221315746E-002
   2.0820820820820822      -0.40946413850627655       -6.4422471472768209E-002
   2.0860860860860861      -0.43619611751893356       -6.7560352626878220E-002
   2.0900900900900901      -0.46279053803976905       -7.0697565651994698E-002
   2.0940940940940940      -0.48924842001616892       -7.3834079523071736E-002
   2.0980980980980979      -0.51551356405902637       -7.6969863221978935E-002
   2.1021021021021022      -0.54158346457695505       -8.0104885737806844E-002
   2.1061061061061062      -0.56740241676192482       -8.3239116067172741E-002
   2.1101101101101101      -0.59296455581866825       -8.6372523214528554E-002
   2.1141141141141140      -0.61821464285393046       -8.9505076192466101E-002
   2.1181181181181179      -0.64314364203311414       -9.2636744022027012E-002
   2.1221221221221223      -0.66769678295997548       -9.5767495733003860E-002
   2.1261261261261262      -0.69186207756494245       -9.8897300364249888E-002
   2.1301301301301301      -0.71558527912885983      -0.10202612696398396     
   2.1341341341341340      -0.73885172787941822      -0.10515394459009790     
   2.1381381381381384      -0.76160784764999701      -0.10828072231046167     
   2.1421421421421423      -0.78383669108251963      -0.11140642920322831     
   2.1461461461461462      -0.80548563514607541      -0.11453103435714115     
   2.1501501501501501      -0.82653597881583740      -0.11765450687183812     
   2.1541541541541540      -0.84693652420321919      -0.12077681585816090     
   2.1581581581581584      -0.86666756604528794      -0.12389793043845504     
   2.1621621621621623      -0.88568007673167470      -0.12701781974687892     
   2.1661661661661662      -0.90395441584542324      -0.13013645292970763     
   2.1701701701701701      -0.92144486915735113      -0.13325379914563942     
   2.1741741741741740      -0.93813338931565049      -0.13636982756609983     
   2.1781781781781784      -0.95397925892971203      -0.13948450737554569     
   2.1821821821821823      -0.96896813839751961      -0.14259780777177072     
   2.1861861861861862      -0.98306661919962168      -0.14570969796621108     
   2.1901901901901901      -0.99626679112066530      -0.14882014718424885     
   2.1941941941941940       -1.0085454096824826      -0.15192912466551567     
   2.1981981981981984       -1.0199040898873759      -0.15503659966419808     
   2.2022022022022023       -1.0303327220925218      -0.15814254144934084     
   2.2062062062062062       -1.0398452648511638      -0.16124691930515206     
   2.2102102102102101       -1.0484469460323864      -0.16434970253130612     
   2.2142142142142140       -1.0561655474284701      -0.16745086044324597     
   2.2182182182182184       -1.0630219444756108      -0.17055036237248966     
   2.2222222222222223       -1.0690568920808390      -0.17364817766693005     
   2.2262262262262262       -1.0743046798079143      -0.17674427569114157     
   2.2302302302302301       -1.0788157137654077      -0.17983862582667995     
   2.2342342342342341       -1.0826333239415207      -0.18293119747238654     
   2.2382382382382384       -1.0858126569147273      -0.18602196004469207     
   2.2422422422422423       -1.0884007988980067      -0.18911088297791614     
   2.2462462462462462       -1.0904525814423089      -0.19219793572457292     
   2.2502502502502502       -1.0920141614418466      -0.19528308775566983     
   2.2542542542542541       -1.0931362397050635      -0.19836630856101248     
   2.2582582582582584       -1.0938610135821316      -0.20144756764950500     
   2.2622622622622623       -1.0942330473456028      -0.20452683454945086     
   2.2662662662662663       -1.0942892695652460      -0.20760407880885542     
   2.2702702702702702       -1.0940672667133866      -0.21067926999572584     
   2.2742742742742741       -1.0935976303212207      -0.21375237769837538     
   2.2782782782782784       -1.0929134944397476      -0.21682337152571909     
   2.2822822822822824       -1.0920402462588725      -0.21989222110757778     
   2.2862862862862863       -1.0910053500492431      -0.22295889609497704     
   2.2902902902902902       -1.0898293718344148      -0.22602336616044871     
   2.2942942942942941       -1.0885348392586536      -0.22908560099832984     
   2.2982982982982985       -1.0871384319067370      -0.23214557032506164     
   2.3023023023023024       -1.0856585444887319      -0.23520324387949024     
   2.3063063063063063       -1.0841085806564725      -0.23825859142316458     
   2.3103103103103102       -1.0825035181644607      -0.24131158274063905     
   2.3143143143143141       -1.0808541238783724      -0.24436218763976694     
   2.3183183183183185       -1.0791724720446236      -0.24741037595200260     
   2.3223223223223224       -1.0774671697717557      -0.25045611753269847     
   2.3263263263263263       -1.0757479075820020      -0.25349938226140445     
   2.3303303303303302       -1.0740215119605949      -0.25654014004216497     
   2.3343343343343341       -1.0722957016439558      -0.25957836080381524     
   2.3383383383383385       -1.0705758360106126      -0.26261401450028221     
   2.3423423423423424       -1.0688680028713202      -0.26564707111087593     
   2.3463463463463463       -1.0671763523602249      -0.26867750064059437     
   2.3503503503503502       -1.0655056233401097      -0.27170527312041259     
   2.3543543543543541       -1.0638589681777326      -0.27473035860758266     
   2.3583583583583585       -1.0622400081932093      -0.27775272718593058     
   2.3623623623623624       -1.0606510759484382      -0.28077234896614911     
   2.3663663663663663       -1.0590948792909991      -0.28378919408609682     
   2.3703703703703702       -1.0575730641317567      -0.28680323271108998     
   2.3743743743743742       -1.0560875765297726      -0.28981443503420068     
   2.3783783783783785       -1.0546395167412339      -0.29282277127655010     
   2.3823823823823824       -1.0532301965458704      -0.29582821168760237     
   2.3863863863863863       -1.0518602594551216      -0.29883072654545989     
   2.3903903903903903       -1.0505305105071758      -0.30183028615715662     
   2.3943943943943946       -1.0492412112384242      -0.30482686085895327     
   2.3983983983983985       -1.0479927568062750      -0.30782042101662760     
   2.4024024024024024       -1.0467850970115327      -0.31081093702577117     
   2.4064064064064064       -1.0456182946499355      -0.31379837931207849     
   2.4104104104104103       -1.0444920481522220      -0.31678271833164234     
   2.4144144144144146       -1.0434061526709910      -0.31976392457124503     
   2.4184184184184185       -1.0423601071740340      -0.32274196854864923     
   2.4224224224224224       -1.0413534909511735      -0.32571682081289072     
   2.4264264264264264       -1.0403856494781409      -0.32868845194456880     
   2.4304304304304303       -1.0394559908332281      -0.33165683255613876     
   2.4344344344344346       -1.0385637409643307      -0.33462193329220136     
   2.4384384384384385       -1.0377081792779514      -0.33758372482979238     
   2.4424424424424425       -1.0368884397993388      -0.34054217787867352     
   2.4464464464464464       -1.0361037057164684      -0.34349726318162288     
   2.4504504504504503       -1.0353530453069639      -0.34644895151472338     
   2.4544544544544546       -1.0346355734035171      -0.34939721368765092     
   2.4584584584584586       -1.0339503129174541      -0.35234202054396457     
   2.4624624624624625       -1.0332963332669240      -0.35528334296139358     
   2.4664664664664664       -1.0326726300759410      -0.35822115185212722     
   2.4704704704704703       -1.0320782464200338      -0.36115541816310109     
   2.4744744744744747       -1.0315121655315180      -0.36408611287628395     
   2.4784784784784786       -1.0309734199270710      -0.36701320700896528     
   2.4824824824824825       -1.0304609929165285      -0.36993667161404292     
   2.4864864864864864       -1.0299739192995074      -0.37285647778030850     
   2.4904904904904903       -1.0295111928524512      -0.37577259663273233     
   2.4944944944944947       -1.0290718611563989      -0.37868499933275035     
   2.4984984984984986       -1.0286549369954530      -0.38159365707854853     
   2.5025025025025025       -1.0282594891477168      -0.38449854110534887     
   2.5065065065065064       -1.0278845563606136      -0.38739962268569306     
   2.5105105105105103       -1.0275292352795125      -0.39029687312972527     
   2.5145145145145147       -1.0271925962037145      -0.39319026378547894     
   2.5185185185185186       -1.0268737687948208      -0.39607976603915657     
   2.5225225225225225       -1.0265718592877717      -0.39896535131541627     
   2.5265265265265264       -1.0262860343124440      -0.40184699107765126     
   2.5305305305305303       -1.0260154393684016      -0.40472465682827302     
   2.5345345345345347       -1.0257592809122822      -0.40759832010899633     
   2.5385385385385386       -1.0255167461519064      -0.41046795250111373     
   2.5425425425425425       -1.0252870833319214      -0.41333352562578402     
   2.5465465465465464       -1.0250695230510922      -0.41619501114430751     
   2.5505505505505504       -1.0248633565232639      -0.41905238075840956     
   2.5545545545545547       -1.0246678587107620      -0.42190560621051959     
   2.5585585585585586       -1.0244823644105003      -0.42475465928404776     
   2.5625625625625625       -1.0243061933941344      -0.42759951180366890     
   2.5665665665665665       -1.0241387240675697      -0.43044013563559802     
   2.5705705705705704       -1.0239793209594046      -0.43327650268786827     
   2.5745745745745747       -1.0238274057056482      -0.43610858491061100     
   2.5785785785785786       -1.0236823871063379      -0.43893635429633066     
   2.5825825825825826       -1.0235437292847578      -0.44175978288018303     
   2.5865865865865865       -1.0234108845368393      -0.44457884274025233     
   2.5905905905905904       -1.0232833584334600      -0.44739350599782673     
   2.5945945945945947       -1.0231606456781099      -0.45020374481767333     
   2.5985985985985987       -1.0230422920288500      -0.45300953140831385     
   2.6026026026026026       -1.0229278332866856      -0.45581083802230121     
   2.6066066066066065       -1.0228168539572762      -0.45860763695649065     
   2.6106106106106104       -1.0227089294488703      -0.46139990055231678     
   2.6146146146146148       -1.0226036814396773      -0.46418760119606622     
   2.6186186186186187       -1.0225007233155690      -0.46697071131914791     
   2.6226226226226226       -1.0223997122544417      -0.46974920339837051     
   2.6266266266266265       -1.0223002978858802      -0.47252304995621180     
   2.6306306306306309       -1.0222021711322040      -0.47529222356109002     
   2.6346346346346348       -1.0221050160889766      -0.47805669682763591     
   2.6386386386386387       -1.0220085556526151      -0.48081644241696481     
   2.6426426426426426       -1.0219125064985508      -0.48357143303694416     
   2.6466466466466465       -1.0218166216914348      -0.48632164144246637     
   2.6506506506506509       -1.0217206486885959      -0.48906704043571703     
   2.6546546546546548       -1.0216243688736366      -0.49180760286644165     
   2.6586586586586587       -1.0215275586200525      -0.49454330163221849     
   2.6626626626626626       -1.0214300258824967      -0.49727410967872404     
   2.6666666666666665       -1.0213315740836493      -0.49999999999999972     
   2.6706706706706709       -1.0212320359886979      -0.50272094563872161     
   2.6746746746746748       -1.0211312403067039      -0.50543691968646454     
   2.6786786786786787       -1.0210290428467008      -0.50814789528396909     
   2.6826826826826826       -1.0209252958565451      -0.51085384562140823     
   2.6866866866866865       -1.0208198766008982      -0.51355474393865141     
   2.6906906906906909       -1.0207126590460094      -0.51625056352552878     
   2.6946946946946948       -1.0206035403262610      -0.51894127772209564     
   2.6986986986986987       -1.0204924145720529      -0.52162685991889768     
   2.7027027027027026       -1.0203791972018341      -0.52430728355723144     
   2.7067067067067065       -1.0202638008819467      -0.52698252212940910     
   2.7107107107107109       -1.0201461578781907      -0.52965254917902060     
   2.7147147147147148       -1.0200261978845160      -0.53231733830119188     
   2.7187187187187187       -1.0199038685953945      -0.53497686314285131     
   2.7227227227227226       -1.0197791153445208      -0.53763109740298709     
   2.7267267267267266       -1.0196518999114210      -0.54028001483290666     
   2.7307307307307309       -1.0195221818734845      -0.54292358923649919     
   2.7347347347347348       -1.0193899358605925      -0.54556179447049191     
   2.7387387387387387       -1.0192551344140031      -0.54819460444470958     
   2.7427427427427427       -1.0191177638289757      -0.55082199312233360     
   2.7467467467467466       -1.0189778084055385      -0.55344393452015828     
   2.7507507507507509       -1.0188352649937156      -0.55606040270884749     
   2.7547547547547548       -1.0186901285165095      -0.55867137181319182     
   2.7587587587587588       -1.0185424053290875      -0.56127681601236501     
   2.7627627627627627       -1.0183920999609861      -0.56387670954017755     
   2.7667667667667666       -1.0182392272944618      -0.56647102668533345     
   2.7707707707707709       -1.0180838004483417      -0.56905974179168384     
   2.7747747747747749       -1.0179258419482105      -0.57164282925847854     
   2.7787787787787788       -1.0177653725877356      -0.57422026354062317     
   2.7827827827827827       -1.0176024217007138      -0.57679201914892952     
   2.7867867867867866       -1.0174370169035118      -0.57935807065036660     
   2.7907907907907910       -1.0172691935405513      -0.58191839266831491     
   2.7947947947947949       -1.0170989853137227      -0.58447295988281489     
   2.7987987987987988       -1.0169264328997969      -0.58702174703081833     
   2.8028028028028027       -1.0167515752991172      -0.58956472890643896     
   2.8068068068068066       -1.0165744578605811      -0.59210188036120082     
   2.8108108108108110       -1.0163951242290952      -0.59463317630428647     
   2.8148148148148149       -1.0162136237809991      -0.59715859170278585     
   2.8188188188188188       -1.0160300043269035      -0.59967810158194468     
   2.8228228228228227       -1.0158443186899777      -0.60219168102540921     
   2.8268268268268266       -1.0156566181943179      -0.60469930517547521     
   2.8308308308308310       -1.0154669586223888      -0.60720094923333168     
   2.8348348348348349       -1.0152753943144810      -0.60969658845930674     
   2.8388388388388388       -1.0150819836609166      -0.61218619817311326     
   2.8428428428428427       -1.0148867835225199      -0.61466975375409216     
   2.8468468468468466       -1.0146898543470786      -0.61714723064145482     
   2.8508508508508510       -1.0144912551371661      -0.61961860433452842     
   2.8548548548548549       -1.0142910481477307      -0.62208385039299596     
   2.8588588588588588       -1.0140892941380109      -0.62454294443713865     
   2.8628628628628627       -1.0138860566724268      -0.62699586214807834     
   2.8668668668668666       -1.0136813979418398      -0.62944257926801550     
   2.8708708708708710       -1.0134753826738807      -0.63188307160047208     
   2.8748748748748749       -1.0132680741565927      -0.63431731501052735     
   2.8788788788788788       -1.0130595378387959      -0.63674528542506048     
   2.8828828828828827       -1.0128498378677819      -0.63916695883298458     
   2.8868868868868871       -1.0126390403505938      -0.64158231128548815     
   2.8908908908908910       -1.0124272099426166      -0.64399131889626826     
   2.8948948948948949       -1.0122144130370376      -0.64639395784176901     
   2.8988988988988988       -1.0120007147321564      -0.64879020436141721     
   2.9029029029029028       -1.0117861815804010      -0.65118003475785557     
   2.9069069069069071       -1.0115708787588127      -0.65356342539717915     
   2.9109109109109110       -1.0113548727696660      -0.65594035270916740     
   2.9149149149149149       -1.0111382289198660      -0.65831079318751873     
   2.9189189189189189       -1.0109210133935225      -0.66067472339008115     
   2.9229229229229228       -1.0107032912930463      -0.66303211993908662     
   2.9269269269269271       -1.0104851285884280      -0.66538295952137938     
   2.9309309309309310       -1.0102665900130616      -0.66772721888864839     
   2.9349349349349350       -1.0100477410136304      -0.67006487485765742     
   2.9389389389389389       -1.0098286459672350      -0.67239590431047236     
   2.9429429429429428       -1.0096093697591071      -0.67472028419469232     
   2.9469469469469471       -1.0093899761329785      -0.67703799152367616     
   2.9509509509509511       -1.0091705293518640      -0.67934900337676973     
   2.9549549549549550       -1.0089510925765410      -0.68165329689953269     
   2.9589589589589589       -1.0087317292011875      -0.68395084930396566     
   2.9629629629629628       -1.0085125016963661      -0.68624163786873338     
   2.9669669669669672       -1.0082934727008697      -0.68852563993939209     
   2.9709709709709711       -1.0080747037595286      -0.69080283292861111     
   2.9749749749749750       -1.0078562566465286      -0.69307319431639702     
   2.9789789789789789       -1.0076381921129296      -0.69533670165031769     
   2.9829829829829828       -1.0074205708477155      -0.69759333254572287     
   2.9869869869869872       -1.0072034527181029      -0.69984306468596547     
   2.9909909909909911       -1.0069868974550544      -0.70208587582262250     
   2.9949949949949950       -1.0067709638238866      -0.70432174377571644     
   2.9989989989989989       -1.0065557105623308      -0.70655064643393228     
   3.0030030030030028       -1.0063411954176191      -0.70877256175483805     
   3.0070070070070072       -1.0061274759252650      -0.71098746776510247     
   3.0110110110110111       -1.0059146088501032      -0.71319534256071015     
   3.0150150150150150       -1.0057026505459117      -0.71539616430718178     
   3.0190190190190189       -1.0054916565861916      -0.71758991123978788     
   3.0230230230230228       -1.0052816822815267      -0.71977656166376336     
   3.0270270270270272       -1.0050727819308580      -0.72195609395452442     
   3.0310310310310311       -1.0048650096166372      -0.72412848655788031     
   3.0350350350350350       -1.0046584185826948      -0.72629371799024711     
   3.0390390390390389       -1.0044530615179137      -0.72845176683886070     
   3.0430430430430429       -1.0042489904853371      -0.73060261176198871     
   3.0470470470470472       -1.0040462569588888      -0.73274623148913987     
   3.0510510510510511       -1.0038449116290731      -0.73488260482127588     
   3.0550550550550550       -1.0036450047841312      -0.73701171063102133     
   3.0590590590590589       -1.0034465857549315      -0.73913352786287101     
   3.0630630630630629       -1.0032497034734125      -0.74124803553339991     
   3.0670670670670672       -1.0030544060798361      -0.74335521273147032     
   3.0710710710710711       -1.0028607410183554      -0.74545503861843621     
   3.0750750750750750       -1.0026687551381572      -0.74754749242835339     
   3.0790790790790790       -1.0024784945316185      -0.74963255346818258     
   3.0830830830830829       -1.0022900045882361      -0.75171020111799314     
   3.0870870870870872       -1.0021033301100937      -0.75378041483116953     
   3.0910910910910911       -1.0019185149878922      -0.75584317413461222     
   3.0950950950950951       -1.0017356026137116      -0.75789845862894101     
   3.0990990990990990       -1.0015546355075926      -0.75994624798869759     
   3.1031031031031029       -1.0013756555048479      -0.76198652196254535     
   3.1071071071071072       -1.0011987037644936      -0.76401926037346968     
   3.1111111111111112       -1.0010238205644681      -0.76604444311897801     
   3.1151151151151151       -1.0008510455846391      -0.76806205017129969     
   3.1191191191191190       -1.0006804176523127      -0.77007206157758090     
   3.1231231231231229       -1.0005119748353362      -0.77207445746008596     
   3.1271271271271273       -1.0003457545099717      -0.77406921801639050     
   3.1311311311311312       -1.0001817931270831      -0.77605632351957909     
   3.1351351351351351       -1.0000201265134483      -0.77803575431843974     
   3.1391391391391390      -0.99986078957364910      -0.78000749083765863     
   3.1431431431431434      -0.99970381646620554      -0.78197151357801342     
   3.1471471471471473      -0.99954924056913586      -0.78392780311656574     
   3.1511511511511512      -0.99939709433138535      -0.78587634010685492     
   3.1551551551551551      -0.99924740953699431      -0.78781710527908644     
   3.1591591591591590      -0.99910021695021967      -0.78975007944032583     
   3.1631631631631634      -0.99895554665835262      -0.79167524347468532     
   3.1671671671671673      -0.99881342780281002      -0.79359257834351493     
   3.1711711711711712      -0.99867388867649354      -0.79550206508559018     
   3.1751751751751751      -0.99853695675019349      -0.79740368481729929     
   3.1791791791791790      -0.99840265853373478      -0.79929741873283011     
   3.1831831831831834      -0.99827101975434474      -0.80118324810435748     
   3.1871871871871873      -0.99814206514360804      -0.80306115428222580     
   3.1911911911911912      -0.99801581860566768      -0.80493111869513456     
   3.1951951951951951      -0.99789230311032295      -0.80679312285032412     
   3.1991991991991990      -0.99777154067325147      -0.80864714833375495     
   3.2032032032032034      -0.99765355245043430      -0.81049317681029209     
   3.2072072072072073      -0.99753835856546358      -0.81233119002388610     
   3.2112112112112112      -0.99742597830479529      -0.81416116979775310     
   3.2152152152152151      -0.99731642987650548      -0.81598309803455449     
   3.2192192192192191      -0.99720973063868423      -0.81779695671657726     
   3.2232232232232234      -0.99710589689636075      -0.81960272790591171     
   3.2272272272272273      -0.99700494400628714      -0.82140039374462503     
   3.2312312312312312      -0.99690688632595115      -0.82318993645494509     
   3.2352352352352352      -0.99681173720292182      -0.82497133833943015     
   3.2392392392392391      -0.99671950899114214      -0.82674458178114651     
   3.2432432432432434      -0.99663021300441235      -0.82850964924384241     
   3.2472472472472473      -0.99654385955543212      -0.83026652327212114     
   3.2512512512512513      -0.99646045788822790      -0.83201518649161355     
   3.2552552552552552      -0.99638001623444616      -0.83375562160915107     
   3.2592592592592591      -0.99630254175465960      -0.83548781141293604     
   3.2632632632632634      -0.99622804054596370      -0.83721173877271049     
   3.2672672672672673      -0.99615651765527180      -0.83892738663992716     
   3.2712712712712713      -0.99608797702197605      -0.84063473804791811     
   3.2752752752752752      -0.99602242152975595      -0.84233377611206173     
   3.2792792792792791      -0.99595985294552425      -0.84402448402995045     
   3.2832832832832834      -0.99590027195015773      -0.84570684508155636     
   3.2872872872872874      -0.99584367811048413      -0.84738084262939606     
   3.2912912912912913      -0.99579006987690011      -0.84904646011869733     
   3.2952952952952952      -0.99573944458352115      -0.85070368107756111     
   3.2992992992992991      -0.99569179842819122      -0.85235248911712369     
   3.3033033033033035      -0.99564712648016085      -0.85399286793172058     
   3.3073073073073074      -0.99560542266235696      -0.85562480129904661     
   3.3113113113113113      -0.99556667975637425      -0.85724827308031681     
   3.3153153153153152      -0.99553088937973122      -0.85886326722042616     
   3.3193193193193191      -0.99549804201758041      -0.86046976774810746     
   3.3233233233233235      -0.99546812695267506      -0.86206775877609132     
   3.3273273273273274      -0.99544113234730358      -0.86365722450126015     
   3.3313313313313313      -0.99541704514382712      -0.86523814920480790     
   3.3353353353353352      -0.99539585115798390      -0.86681051725239255     
   3.3393393393393391      -0.99537753497953629      -0.86837431309429247     
   3.3433433433433435      -0.99536208006406868      -0.86992952126555956     
   3.3473473473473474      -0.99534946863591434      -0.87147612638617244     
   3.3513513513513513      -0.99533968178222088      -0.87301411316118827     
   3.3553553553553552      -0.99533269935195356      -0.87454346638089397     
   3.3593593593593591      -0.99532850005916307      -0.87606417092095756     
   3.3633633633633635      -0.99532706137180027      -0.87757621174257716     
   3.3673673673673674      -0.99532835962950228      -0.87907957389262847     
   3.3713713713713713      -0.99533237008575148      -0.88057424250381433     
   3.3753753753753752      -0.99533906660012683      -0.88206020279481123     
   3.3793793793793796      -0.99534842198231288      -0.88353744007041513     
   3.3833833833833835      -0.99536040772541612      -0.88500593972168740     
   3.3873873873873874      -0.99537499427023279      -0.88646568722609875     
   3.3913913913913913      -0.99539215075422149      -0.88791666814767278     
   3.3953953953953953      -0.99541184526354487      -0.88935886813712972     
   3.3993993993993996      -0.99543404459593321      -0.89079227293202790     
   3.4034034034034035      -0.99545871450639400      -0.89221686835690339     
   3.4074074074074074      -0.99548581946834669      -0.89363264032341194     
   3.4114114114114114      -0.99551532292573219      -0.89503957483046781     
   3.4154154154154153      -0.99554718706322554      -0.89643765796438168     
   3.4194194194194196      -0.99558137304451177      -0.89782687589899912     
   3.4234234234234235      -0.99561784079663018      -0.89920721489583688     
   3.4274274274274275      -0.99565654923882352      -0.90057866130421815     
   3.4314314314314314      -0.99569745608035709      -0.90194120156140900     
   3.4354354354354353      -0.99574051803832286      -0.90329482219275192     
   3.4394394394394396      -0.99578569064984257      -0.90463950981179775     
   3.4434434434434436      -0.99583292847991645      -0.90597525112043964     
   3.4474474474474475      -0.99588218494645142      -0.90730203290904421     
   3.4514514514514514      -0.99593341251886358      -0.90861984205658186     
   3.4554554554554553      -0.99598656254606466      -0.90992866553075646     
   3.4594594594594597      -0.99604158547334776      -0.91122849038813580     
   3.4634634634634636      -0.99609843064892223      -0.91251930377427593     
   3.4674674674674675      -0.99615704655613524      -0.91380109292385281     
   3.4714714714714714      -0.99621738063116938      -0.91507384516078560     
   3.4754754754754753      -0.99627937946137390      -0.91633754789836286     
   3.4794794794794797      -0.99634298864755955      -0.91759218863936631     
   3.4834834834834836      -0.99640815297676588      -0.91883775497619591     
   3.4874874874874875      -0.99647481629796264      -0.92007423459099136     
   3.4914914914914914      -0.99654292169193448      -0.92130161525575383     
   3.4954954954954953      -0.99661241135523648      -0.92251988483246850     
   3.4994994994994997      -0.99668322675769938      -0.92372903127322248     
   3.5035035035035036      -0.99675530855693240      -0.92492904262032472     
   3.5075075075075075      -0.99682859670996071      -0.92611990700642566     
   3.5115115115115114      -0.99690303045947593      -0.92730161265463207     
   3.5155155155155153      -0.99697854836100230      -0.92847414787862559     
   3.5195195195195197      -0.99705508835448386      -0.92963750108277710     
   3.5235235235235236      -0.99713258774644831      -0.93079166076226205     
   3.5275275275275275      -0.99721098328322133      -0.93193661550317375     
   3.5315315315315314      -0.99729021115146366      -0.93307235398263721     
   3.5355355355355353      -0.99737020705190560      -0.93419886496891946     
   3.5395395395395397      -0.99745090619523569      -0.93531613732154262     
   3.5435435435435436      -0.99753224337141122      -0.93642415999139206     
   3.5475475475475475      -0.99761415297994616      -0.93752292202082732     
   3.5515515515515514      -0.99769656904399540      -0.93861241254378924     
   3.5555555555555554      -0.99777942530683927      -0.93969262078590843     
   3.5595595595595597      -0.99786265521398587      -0.94076353606461116     
   3.5635635635635636      -0.99794619199772405      -0.94182514778922477     
   3.5675675675675675      -0.99802996868675597      -0.94287744546108421     
   3.5715715715715715      -0.99811391819481787      -0.94392041867363274     
   3.5755755755755754      -0.99819797330572324      -0.94495405711252811     
   3.5795795795795797      -0.99828206680303555      -0.94597835055574231     
   3.5835835835835836      -0.99836613139317154      -0.94699328887366330     
   3.5875875875875876      -0.99845009996347212      -0.94799886202919548     
   3.5915915915915915      -0.99853390530354047      -0.94899506007785894     
   3.5955955955955954      -0.99861748059180400      -0.94998187316788696     
   3.5995995995995997      -0.99870075893080590      -0.95095929154032532     
   3.6036036036036037      -0.99878367395893597      -0.95192730552912663     
   3.6076076076076076      -0.99886615936293321      -0.95288590556124664     
   3.6116116116116115      -0.99894814938586651      -0.95383508215674029     
   3.6156156156156154      -0.99902957856251662      -0.95477482592885354     
   3.6196196196196198      -0.99911038192098900      -0.95570512758411708     
   3.6236236236236237      -0.99919049507343527      -0.95662597792243798     
   3.6276276276276276      -0.99926985408475777      -0.95753736783719101     
   3.6316316316316315      -0.99934839584311530      -0.95843928831530878     
   3.6356356356356359      -0.99942605769130888      -0.95933173043737030     
   3.6396396396396398      -0.99950277802285947      -0.96021468537768961     
   3.6436436436436437      -0.99957849566822699      -0.96108814440440271     
   3.6476476476476476      -0.99965315080944106      -0.96195209887955480     
   3.6516516516516515      -0.99972668399683573      -0.96280654025918444     
   3.6556556556556559      -0.99979903735645348      -0.96365146009340885     
   3.6596596596596598      -0.99987015355987596      -0.96448685002650714     
   3.6636636636636637      -0.99993997669200008      -0.96531270179700357     
   3.6676676676676676       -1.0000084520916981      -0.96612900723774797     
   3.6716716716716715       -1.0000755257268621      -0.96693575827599820     
   3.6756756756756759       -1.0001411461033587      -0.96773294693349898     
   3.6796796796796798       -1.0002052611124972      -0.96852056532655983     
   3.6836836836836837       -1.0002678229329176      -0.96929860566613557     
   3.6876876876876876       -1.0003287812720292      -0.97006706025790090     
   3.6916916916916915       -1.0003880926191417      -0.97082592150232783     
   3.6956956956956959       -1.0004457084163541      -0.97157518189476044     
   3.6996996996996998       -1.0005015898817538      -0.97231483402548924     
   3.7037037037037037       -1.0005556904713675      -0.97304487057982392     
   3.7077077077077076       -1.0006079760882396      -0.97376528433816678     
   3.7117117117117115       -1.0006584029949064      -0.97447606817608323     
   3.7157157157157159       -1.0007069412034528      -0.97517721506437227     
   3.7197197197197198       -1.0007535511871473      -0.97586871806913611     
   3.7237237237237237       -1.0007982056320777      -0.97655057035184933     
   3.7277277277277276       -1.0008408717103294      -0.97722276516942586     
   3.7317317317317316       -1.0008815221687739      -0.97788529587428519     
   3.7357357357357359       -1.0009201344589169      -0.97853815591441973     
   3.7397397397397398       -1.0009566778496410      -0.97918133883345804     
   3.7437437437437437       -1.0009911444110984      -0.97981483827072935     
   3.7477477477477477       -1.0010234956554851      -0.98043864796132674     
   3.7517517517517516       -1.0010537431361777      -0.98105276173616807     
   3.7557557557557559       -1.0010818365036267      -0.98165717352205806     
   3.7597597597597598       -1.0011078103925235      -0.98225187734174813     
   3.7637637637637638       -1.0011316006631044      -0.98283686731399489     
   3.7677677677677677       -1.0011532656066280      -0.98341213765361879     
   3.7717717717717716       -1.0011727295939279      -0.98397768267156138     
   3.7757757757757759       -1.0011900690964457      -0.98453349677494195     
   3.7797797797797799       -1.0012052071730446      -0.98507957446711136     
   3.7837837837837838       -1.0012182236151090      -0.98561591034770824     
   3.7877877877877877       -1.0012290609832653      -0.98614249911271146     
   3.7917917917917916       -1.0012377755097015      -0.98665933555449192     
   3.7957957957957960       -1.0012443630191852      -0.98716641456186571     
   3.7997997997997999       -1.0012488163809368      -0.98766373112014327     
   3.8038038038038038       -1.0012512301821019      -0.98815128031117960     
   3.8078078078078077       -1.0012514846229255      -0.98862905731342254     
   3.8118118118118116       -1.0012498238748888      -0.98909705740196108     
   3.8158158158158160       -1.0012459670846960      -0.98955527594857173     
   3.8198198198198199       -1.0012403493151540      -0.99000370842176366     
   3.8238238238238238       -1.0012325012985666      -0.99044235038682449     
   3.8278278278278277       -1.0012230550835026      -0.99087119750586350     
   3.8318318318318316       -1.0012113769353872      -0.99129024553785516     
   3.8358358358358360       -1.0011982322145629      -0.99169949033868066     
   3.8398398398398399       -1.0011829361050322      -0.99209892786116838     
   3.8438438438438438       -1.0011662148066529      -0.99248855415513493     
   3.8478478478478477       -1.0011475715526181      -0.99286836536742351     
   3.8518518518518516       -1.0011273827031320      -0.99323835774194280     
   3.8558558558558560       -1.0011057213708174      -0.99359852761970280     
   3.8598598598598599       -1.0010821679422448      -0.99394887143885202     
   3.8638638638638638       -1.0010578591654280      -0.99428938573471282     
   3.8678678678678677       -1.0010310655778250      -0.99462006713981466     
   3.8718718718718717       -1.0010044793465751      -0.99494091238392857     
   3.8758758758758760       -1.0009746480771788      -0.99525191829409909     
   3.8798798798798799       -1.0009460794727214      -0.99555308179467450     
   3.8838838838838838       -1.0009135800658115      -0.99584439990733942     
   3.8878878878878878       -1.0008831449881015      -0.99612586975114281     
   3.8918918918918921       -1.0008486253984061      -0.99639748854252641     
   3.8958958958958960       -1.0008161467643919      -0.99665925359535279     
   3.8998998998998999       -1.0007806336158291      -0.99691116232093191     
   3.9039039039039038       -1.0007455670695757      -0.99715321222804643     
   3.9079079079079078       -1.0007104885069458      -0.99738540092297623     
   3.9119119119119121       -1.0006719715338153      -0.99760772610952264     
   3.9159159159159160       -1.0006390024946052      -0.99782018558903074     
   3.9199199199199199       -1.0005961388430606      -0.99802277726041111     
   3.9239239239239239       -1.0005667533762850      -0.99821549912016083     
   3.9279279279279278       -1.0005192382249859      -0.99839834926238302     
   3.9319319319319321       -1.0004938924828859      -0.99857132587880604     
   3.9359359359359360       -1.0004429999361169      -0.99873442725880057     
   3.9399399399399400       -1.0004200109310057      -0.99888765178939798     
   3.9439439439439439       -1.0003697571794516      -0.99903099795530448     
   3.9479479479479478       -1.0003442231806201      -0.99916446433891781     
   3.9519519519519521       -1.0003021685138673      -0.99928804962034024     
   3.9559559559559561       -1.0002656735522746      -0.99940175257739150     
   3.9599599599599600       -1.0002424288643599      -0.99950557208562174     
   3.9639639639639639       -1.0001845863016015      -0.99959950711832180     
   3.9679679679679678       -1.0001909871509997      -0.99968355674653397     
   3.9719719719719722       -1.0001035983972359      -0.99975772013906072     
   3.9759759759759761       -1.0001454418426052      -0.99982199656247328     
   3.9799799799799800       -1.0000282113568708      -0.99987638538111856     
   3.9839839839839839       -1.0001015280088985      -0.99992088605712559     
   3.9879879879879878      -0.99996362928961513      -0.99995549815041107     
   3.9919919919919922       -1.0000596867560296      -0.99998022131868336     
   3.9959959959959961      -0.99990457191286353      -0.99999505531744570     
   4.0000000000000000       -1.0000000000000000       -1.0000000000000000     
