   0.0000000000000000        1.0000000000000000       0.99999999999999989     
   4.0040040040040040E-003  0.99990447132293947       0.99999505531744592     
   8.0080080080080079E-003  0.99999832040445535       0.99998022131868325     
   1.2012012012012012E-002  0.99994454999584548       0.99995549815041107     
   1.6016016016016016E-002   1.0000639378956213       0.99992088605712559     
   2.0020020020020020E-002  0.99999791174494967       0.99987638538111856     
   2.4024024024024024E-002   1.0001159794106786       0.99982199656247328     
   2.8028028028028028E-002   1.0000679383895128       0.99975772013906072     
   3.2032032032032032E-002   1.0001655448066393       0.99968355674653397     
   3.6036036036036036E-002   1.0001462429873997       0.99959950711832180     
   4.0040040040040040E-002   1.0002178689531247       0.99950557208562174     
   4.4044044044044044E-002   1.0002269368699703       0.99940175257739161     
   4.8048048048048048E-002   1.0002759052422248       0.99928804962034012     
   5.2052052052052052E-002   1.0003063763827005       0.99916446433891792     
   5.6056056056056056E-002   1.0003402982077823       0.99903099795530459     
   6.0060060060060060E-002   1.0003831090788602       0.99888765178939798     
   6.4064064064064064E-002   1.0004098635540666       0.99873442725880068     
   6.8068068068068074E-002   1.0004571134947302       0.99857132587880615     
   7.2072072072072071E-002   1.0004825005597693       0.99839834926238324     
   7.6076076076076082E-002   1.0005288975609206       0.99821549912016094     
   8.0080080080080079E-002   1.0005559934514276       0.99802277726041122     
   8.4084084084084090E-002   1.0005988676113158       0.99782018558903074     
   8.8088088088088087E-002   1.0006284655176902       0.99760772610952264     
   9.2092092092092098E-002   1.0006670532657203       0.99738540092297623     
   9.6096096096096095E-002   1.0006985135918172       0.99715321222804643     
  0.10010010010010011        1.0007330933209098       0.99691116232093191     
  0.10410410410410410        1.0007651495691070       0.99665925359535279     
  0.10810810810810811        1.0007963496570091       0.99639748854252641     
  0.11211211211211211        1.0008276695221683       0.99612586975114281     
  0.11611611611611612        1.0008560484962530       0.99584439990733964     
  0.12012012012012012        1.0008855267662315       0.99555308179467450     
  0.12412412412412413        1.0009113950848567       0.99525191829409887     
  0.12812812812812813        1.0009382424923154       0.99494091238392868     
  0.13213213213213212        1.0009616455204595       0.99462006713981466     
  0.13613613613613615        1.0009853580670025       0.99428938573471282     
  0.14014014014014015        1.0010061399963022       0.99394887143885213     
  0.14414414414414414        1.0010264195595258       0.99359852761970280     
  0.14814814814814814        1.0010443097699704       0.99323835774194291     
  0.15215215215215216        1.0010609814386688       0.99286836536742373     
  0.15615615615615616        1.0010756702345858       0.99248855415513493     
  0.16016016016016016        1.0010886184393644       0.99209892786116838     
  0.16416416416416416        1.0010998093605699       0.99169949033868066     
  0.16816816816816818        1.0011089385551462       0.99129024553785539     
  0.17217217217217218        1.0011163767457461       0.99087119750586361     
  0.17617617617617617        1.0011215931957613       0.99044235038682449     
  0.18018018018018017        1.0011250756408656       0.99000370842176388     
  0.18418418418418420        1.0011262837027763       0.98955527594857196     
  0.18818818818818819        1.0011256581224188       0.98909705740196130     
  0.19219219219219219        1.0011227646251282       0.98862905731342254     
  0.19619619619619619        1.0011179231128939       0.98815128031117949     
  0.20020020020020021        1.0011108440306902       0.98766373112014327     
  0.20420420420420421        1.0011017150761525       0.98716641456186571     
  0.20820820820820821        1.0010903823989654       0.98665933555449203     
  0.21221221221221220        1.0010769243030360       0.98614249911271146     
  0.21621621621621623        1.0010612909523631       0.98561591034770846     
  0.22022022022022023        1.0010434869585476       0.98507957446711159     
  0.22422422422422422        1.0010235297198360       0.98453349677494206     
  0.22822822822822822        1.0010013850546409       0.98397768267156138     
  0.23223223223223224        1.0009771056161634       0.98341213765361868     
  0.23623623623623624        1.0009506457362309       0.98283686731399489     
  0.24024024024024024        1.0009220704384580       0.98225187734174813     
  0.24424424424424424        1.0008913404109359       0.98165717352205828     
  0.24824824824824826        1.0008585192931323       0.98105276173616818     
  0.25225225225225223        1.0008235833469015       0.98043864796132674     
  0.25625625625625625        1.0007865887198732       0.97981483827072957     
  0.26026026026026028        1.0007475301018829       0.97918133883345804     
  0.26426426426426425        1.0007064551616964       0.97853815591441973     
  0.26826826826826827        1.0006633757589523       0.97788529587428519     
  0.27227227227227230        1.0006183330361547       0.97722276516942586     
  0.27627627627627627        1.0005713529934344       0.97655057035184956     
  0.28028028028028029        1.0005224731598528       0.97586871806913633     
  0.28428428428428426        1.0004717300470396       0.97517721506437238     
  0.28828828828828829        1.0004191606562354       0.97447606817608334     
  0.29229229229229231        1.0003648087724049       0.97376528433816700     
  0.29629629629629628        1.0003087131293276       0.97304487057982403     
  0.30030030030030030        1.0002509224079823       0.97231483402548924     
  0.30430430430430433        1.0001914786257231       0.97157518189476044     
  0.30830830830830830        1.0001304335985102       0.97082592150232794     
  0.31231231231231232        1.0000678334437214       0.97006706025790113     
  0.31631631631631629        1.0000037322378494       0.96929860566613568     
  0.32032032032032032       0.99993818018288960       0.96852056532656006     
  0.32432432432432434       0.99987123323617955       0.96773294693349898     
  0.32832832832832831       0.99980294548671578       0.96693575827599854     
  0.33233233233233234       0.99973337451617184       0.96612900723774819     
  0.33633633633633636       0.99966257787217316       0.96531270179700357     
  0.34034034034034033       0.99959061482337985       0.96448685002650714     
  0.34434434434434436       0.99951754567879414       0.96365146009340885     
  0.34834834834834832       0.99944343150591641       0.96280654025918455     
  0.35235235235235235       0.99936833487669230       0.96195209887955491     
  0.35635635635635637       0.99929231851883327       0.96108814440440293     
  0.36036036036036034       0.99921544688408659       0.96021468537768961     
  0.36436436436436437       0.99913778428781319       0.95933173043737041     
  0.36836836836836839       0.99905939658155263       0.95843928831530878     
  0.37237237237237236       0.99898034959368853       0.95753736783719101     
  0.37637637637637639       0.99890071021693327       0.95662597792243798     
  0.38038038038038036       0.99882054557813205       0.95570512758411708     
  0.38438438438438438       0.99873992339806905       0.95477482592885377     
  0.38838838838838841       0.99865891175867949       0.95383508215674051     
  0.39239239239239238       0.99857757906736133       0.95288590556124697     
  0.39639639639639640       0.99849599409635370       0.95192730552912663     
  0.40040040040040042       0.99841422568297089       0.95095929154032544     
  0.40440440440440439       0.99833234307577357       0.94998187316788707     
  0.40840840840840842       0.99825041529934067       0.94899506007785894     
  0.41241241241241239       0.99816851186089084       0.94799886202919548     
  0.41641641641641641       0.99808670181702253       0.94699328887366341     
  0.42042042042042044       0.99800505460783950       0.94597835055574242     
  0.42442442442442441       0.99792363919522931       0.94495405711252856     
  0.42842842842842843       0.99784252468727175       0.94392041867363297     
  0.43243243243243246       0.99776177979395964       0.94287744546108421     
  0.43643643643643643       0.99768147310741662       0.94182514778922499     
  0.44044044044044045       0.99760167283390744       0.94076353606461094     
  0.44444444444444442       0.99752244690723968       0.93969262078590843     
  0.44844844844844844       0.99744386281732766       0.93861241254378935     
  0.45245245245245247       0.99736598768314300       0.93752292202082743     
  0.45645645645645644       0.99728888810079686       0.93642415999139239     
  0.46046046046046046       0.99721263019255801       0.93531613732154295     
  0.46446446446446449       0.99713727951653430       0.93419886496891991     
  0.46846846846846846       0.99706290101727701       0.93307235398263733     
  0.47247247247247248       0.99698955906628883       0.93193661550317397     
  0.47647647647647645       0.99691731727818889       0.93079166076226205     
  0.48048048048048048       0.99684623869592714       0.92963750108277710     
  0.48448448448448450       0.99677638547785508       0.92847414787862570     
  0.48848848848848847       0.99670781917159568       0.92730161265463229     
  0.49249249249249250       0.99664060037865276       0.92611990700642588     
  0.49649649649649652       0.99657478900210339       0.92492904262032505     
  0.50050050050050054       0.99651044397345256       0.92372903127322259     
  0.50450450450450446       0.99644762343609949       0.92251988483246872     
  0.50850850850850848       0.99638638453597617       0.92130161525575405     
  0.51251251251251251       0.99632678353921655       0.92007423459099136     
  0.51651651651651653       0.99626887572229927       0.91883775497619602     
  0.52052052052052056       0.99621271538397149       0.91759218863936653     
  0.52452452452452447       0.99615835580095469       0.91633754789836308     
  0.52852852852852850       0.99610584924012469       0.91507384516078605     
  0.53253253253253252       0.99605524689000524       0.91380109292385314     
  0.53653653653653655       0.99600659889769738       0.91251930377427604     
  0.54054054054054057       0.99595995429658224       0.91122849038813569     
  0.54454454454454460       0.99591536103672651       0.90992866553075669     
  0.54854854854854851       0.99587286592760904       0.90861984205658186     
  0.55255255255255253       0.99583251465607048       0.90730203290904443     
  0.55655655655655656       0.99579435174302233       0.90597525112043986     
  0.56056056056056058       0.99575842057302488       0.90463950981179786     
  0.56456456456456461       0.99572476332314241       0.90329482219275237     
  0.56856856856856852       0.99569342101151792       0.90194120156140967     
  0.57257257257257255       0.99566443344056710       0.90057866130421826     
  0.57657657657657657       0.99563783921679716       0.89920721489583666     
  0.58058058058058060       0.99561367572826831       0.89782687589899912     
  0.58458458458458462       0.99559197914204034       0.89643765796438168     
  0.58858858858858853       0.99557278439505037       0.89503957483046792     
  0.59259259259259256       0.99555612519313186       0.89363264032341216     
  0.59659659659659658       0.99554203399999786       0.89221686835690384     
  0.60060060060060061       0.99553054203287883       0.89079227293202834     
  0.60460460460460463       0.99552167926206503       0.88935886813713039     
  0.60860860860860866       0.99551547441099553       0.88791666814767300     
  0.61261261261261257       0.99551195494371358       0.88646568722609853     
  0.61661661661661660       0.99551114707900745       0.88500593972168740     
  0.62062062062062062       0.99551307565936720       0.88353744007041513     
  0.62462462462462465       0.99551776437588713       0.88206020279481145     
  0.62862862862862867       0.99552523568562523       0.88057424250381455     
  0.63263263263263259       0.99553551077284042       0.87907957389262892     
  0.63663663663663661       0.99554860959029989       0.87757621174257761     
  0.64064064064064064       0.99556455082192596       0.87606417092095823     
  0.64464464464464466       0.99558335192577685       0.87454346638089420     
  0.64864864864864868       0.99560502909707349       0.87301411316118804     
  0.65265265265265260       0.99562959731276879       0.87147612638617244     
  0.65665665665665662       0.99565707029537265       0.86992952126555978     
  0.66066066066066065       0.99568746055832180       0.86837431309429269     
  0.66466466466466467       0.99572077937145287       0.86681051725239278     
  0.66866866866866870       0.99575703680601324       0.86523814920480835     
  0.67267267267267272       0.99579624170270675       0.86365722450126059     
  0.67667667667667664       0.99583840171556115       0.86206775877609154     
  0.68068068068068066       0.99588352328296526       0.86046976774810768     
  0.68468468468468469       0.99593161166980171       0.85886326722042616     
  0.68868868868868871       0.99598267094214732       0.85724827308031681     
  0.69269269269269274       0.99603670400674271       0.85562480129904683     
  0.69669669669669665       0.99609371259008439       0.85399286793172080     
  0.70070070070070067       0.99615369727456071       0.85235248911712413     
  0.70470470470470470       0.99621665748212285       0.85070368107756156     
  0.70870870870870872       0.99628259150727205       0.84904646011869800     
  0.71271271271271275       0.99635149650429744       0.84738084262939628     
  0.71671671671671666       0.99642336851917557       0.84570684508155602     
  0.72072072072072069       0.99649820247675502       0.84402448402995045     
  0.72472472472472471       0.99657599221638482       0.84233377611206173     
  0.72872872872872874       0.99665673047285586       0.84063473804791822     
  0.73273273273273276       0.99674040892326921       0.83892738663992727     
  0.73673673673673679       0.99682701815291463       0.83721173877271082     
  0.74074074074074070       0.99691654772225669       0.83548781141293649     
  0.74474474474474472       0.99700898611060562       0.83375562160915173     
  0.74874874874874875       0.99710432080534783       0.83201518649161366     
  0.75275275275275277       0.99720253822958782       0.83026652327212069     
  0.75675675675675680       0.99730362383048610       0.82850964924384218     
  0.76076076076076071       0.99740756204289516       0.82674458178114663     
  0.76476476476476474       0.99751433631227349       0.82497133833943037     
  0.76876876876876876       0.99762392912323283       0.82318993645494531     
  0.77277277277277279       0.99773632198199413       0.82140039374462548     
  0.77677677677677681       0.99785149546014662       0.81960272790591149     
  0.78078078078078073       0.99796942917783493       0.81779695671657793     
  0.78478478478478475       0.99809010184460589       0.81598309803455460     
  0.78878878878878878       0.99821349123990133       0.81416116979775299     
  0.79279279279279280       0.99833957426323938       0.81233119002388599     
  0.79679679679679682       0.99846832690501541       0.81049317681029232     
  0.80080080080080085       0.99859972429222443       0.80864714833375506     
  0.80480480480480476       0.99873374069914633       0.80679312285032445     
  0.80880880880880879       0.99887034951167930       0.80493111869513490     
  0.81281281281281281       0.99900952334737370       0.80306115428222591     
  0.81681681681681684       0.99915123391245231       0.80118324810435759     
  0.82082082082082086       0.99929545219062621       0.79929741873283022     
  0.82482482482482478       0.99944214828396061       0.79740368481729917     
  0.82882882882882880       0.99959129158017268       0.79550206508558996     
  0.83283283283283283       0.99974285063868562       0.79359257834351515     
  0.83683683683683685       0.99989679328101677       0.79167524347468543     
  0.84084084084084088        1.0000530866088500       0.78975007944032627     
  0.84484484484484490        1.0002116969141275       0.78781710527908688     
  0.84884884884884881        1.0003725898790208       0.78587634010685514     
  0.85285285285285284        1.0005357303517353       0.78392780311656585     
  0.85685685685685686        1.0007010826019345       0.78197151357801298     
  0.86086086086086089        1.0008686101266571       0.78000749083765841     
  0.86486486486486491        1.0010382757955465       0.77803575431843952     
  0.86886886886886883        1.0012100418500411       0.77605632351957921     
  0.87287287287287285        1.0013838697917721       0.77406921801639061     
  0.87687687687687688        1.0015597206478282       0.77207445746008641     
  0.88088088088088090        1.0017375546494920       0.77007206157758135     
  0.88488488488488493        1.0019173315930976       0.76806205017129980     
  0.88888888888888884        1.0020990105607763       0.76604444311897812     
  0.89289289289289286        1.0022825501002410       0.76401926037346957     
  0.89689689689689689        1.0024679082721017       0.76198652196254524     
  0.90090090090090091        1.0026550424286376       0.75994624798869781     
  0.90490490490490494        1.0028439095773807       0.75789845862894112     
  0.90890890890890896        1.0030344660356993       0.75584317413461199     
  0.91291291291291288        1.0032266677116548       0.75378041483116964     
  0.91691691691691690        1.0034204700361193       0.75171020111799358     
  0.92092092092092093        1.0036158278442324       0.74963255346818269     
  0.92492492492492495        1.0038126956923323       0.74754749242835361     
  0.92892892892892898        1.0040110274932834       0.74545503861843632     
  0.93293293293293289        1.0042107768571045       0.74335521273147021     
  0.93693693693693691        1.0044118969606020       0.74124803553340046     
  0.94094094094094094        1.0046143404784493       0.73913352786287123     
  0.94494494494494496        1.0048180598681975       0.73701171063102144     
  0.94894894894894899        1.0050230070352859       0.73488260482127599     
  0.95295295295295290        1.0052291336238934       0.73274623148913998     
  0.95695695695695693        1.0054363909861914       0.73060261176198882     
  0.96096096096096095        1.0056447299846920       0.72845176683886093     
  0.96496496496496498        1.0058541013742530       0.72629371799024722     
  0.96896896896896900        1.0060644554615221       0.72412848655788020     
  0.97297297297297303        1.0062757423194284       0.72195609395452465     
  0.97697697697697694        1.0064879118690604       0.71977656166376347     
  0.98098098098098097        1.0067009136093981       0.71758991123978799     
  0.98498498498498499        1.0069146969522500       0.71539616430718200     
  0.98898898898898902        1.0071292111090999       0.71319534256071038     
  0.99299299299299304        1.0073444049806757       0.71098746776510235     
  0.99699699699699695        1.0075602274761730       0.70877256175483849     
   1.0010010010010011        1.0077766272346751       0.70655064643393239     
   1.0050050050050050        1.0079935527786446       0.70432174377571666     
   1.0090090090090089        1.0082109526410079       0.70208587582262261     
   1.0130130130130131        1.0084287751198959       0.69984306468596524     
   1.0170170170170170        1.0086469685001855       0.69759333254572309     
   1.0210210210210211        1.0088654811551452       0.69533670165031780     
   1.0250250250250250        1.0090842612134063       0.69307319431639725     
   1.0290290290290289        1.0093032569585292       0.69080283292861089     
   1.0330330330330331        1.0095224167372183       0.68852563993939231     
   1.0370370370370370        1.0097416887922577       0.68624163786873360     
   1.0410410410410411        1.0099610215493002       0.68395084930396588     
   1.0450450450450450        1.0101803635954041       0.68165329689953280     
   1.0490490490490489        1.0103996634657879       0.67934900337676996     
   1.0530530530530531        1.0106188699854974       0.67703799152367639     
   1.0570570570570570        1.0108379321842471       0.67472028419469277     
   1.0610610610610611        1.0110567991616821       0.67239590431047247     
   1.0650650650650650        1.0112754203290928       0.67006487485765720     
   1.0690690690690692        1.0114937454654214       0.66772721888864850     
   1.0730730730730731        1.0117117244297813       0.66538295952137927     
   1.0770770770770770        1.0119293075351903       0.66303211993908673     
   1.0810810810810811        1.0121464454966576       0.66067472339008138     
   1.0850850850850851        1.0123630892808930       0.65831079318751895     
   1.0890890890890892        1.0125791903248422       0.65594035270916762     
   1.0930930930930931        1.0127947005662612       0.65356342539717938     
   1.0970970970970970        1.0130095723710670       0.65118003475785569     
   1.1011011011011012        1.0132237585946025       0.64879020436141710     
   1.1051051051051051        1.0134372126629940       0.64639395784176923     
   1.1091091091091092        1.0136498886764347       0.64399131889626848     
   1.1131131131131131        1.0138617411737656       0.64158231128548826     
   1.1171171171171170        1.0140727254695256       0.63916695883298480     
   1.1211211211211212        1.0142827975414301       0.63674528542506059     
   1.1251251251251251        1.0144919141306132       0.63431731501052790     
   1.1291291291291292        1.0147000326159390       0.63188307160047219     
   1.1331331331331331        1.0149071112728332       0.62944257926801572     
   1.1371371371371370        1.0151131092380195       0.62699586214807856     
   1.1411411411411412        1.0153179864692050       0.62454294443713887     
   1.1451451451451451        1.0155217038048767       0.62208385039299618     
   1.1491491491491492        1.0157242230576615       0.61961860433452864     
   1.1531531531531531        1.0159255071145901       0.61714723064145538     
   1.1571571571571571        1.0161255197690253       0.61466975375409227     
   1.1611611611611612        1.0163242259393286       0.61218619817311382     
   1.1651651651651651        1.0165215915703634       0.60969658845930685     
   1.1691691691691692        1.0167175838876343       0.60720094923333146     
   1.1731731731731732        1.0169121711561326       0.60469930517547543     
   1.1771771771771771        1.0171053229657254       0.60219168102540976     
   1.1811811811811812        1.0172970100205743       0.59967810158194490     
   1.1851851851851851        1.0174872044172043       0.59715859170278607     
   1.1891891891891893        1.0176758795423571       0.59463317630428669     
   1.1931931931931932        1.0178630101667980       0.59210188036120104     
   1.1971971971971973        1.0180485723544530       0.58956472890643952     
   1.2012012012012012        1.0182325437261219       0.58702174703081855     
   1.2052052052052051        1.0184149031458851       0.58447295988281511     
   1.2092092092092093        1.0185956311767386       0.58191839266831502     
   1.2132132132132132        1.0187747096980690       0.57935807065036715     
   1.2172172172172173        1.0189521222949285       0.57679201914892964     
   1.2212212212212212        1.0191278538617656       0.57422026354062339     
   1.2252252252252251        1.0193018911403260       0.57164282925847876     
   1.2292292292292293        1.0194742221204525       0.56905974179168362     
   1.2332332332332332        1.0196448367577491       0.56647102668533400     
   1.2372372372372373        1.0198137261791083       0.56387670954017777     
   1.2412412412412412        1.0199808835859789       0.56127681601236523     
   1.2452452452452452        1.0201463033185321       0.55867137181319193     
   1.2492492492492493        1.0203099818051229       0.55606040270884771     
   1.2532532532532532        1.0204719165385459       0.55344393452015839     
   1.2572572572572573        1.0206321071702440       0.55082199312233371     
   1.2612612612612613        1.0207905542932794       0.54819460444470980     
   1.2652652652652652        1.0209472607045202       0.54556179447049202     
   1.2692692692692693        1.0211022299972730       0.54292358923649942     
   1.2732732732732732        1.0212554679870784       0.54028001483290677     
   1.2772772772772774        1.0214069811128856       0.53763109740298687     
   1.2812812812812813        1.0215567780247221       0.53497686314285187     
   1.2852852852852852        1.0217048677909863       0.53231733830119210     
   1.2892892892892893        1.0218512616456881       0.52965254917902038     
   1.2932932932932932        1.0219959710010276       0.52698252212940966     
   1.2972972972972974        1.0221390093487173       0.52430728355723166     
   1.3013013013013013        1.0222803900807491       0.52162685991889790     
   1.3053053053053052        1.0224201285345542       0.51894127772209575     
   1.3093093093093093        1.0225582396297215       0.51625056352552856     
   1.3133133133133132        1.0226947400359638       0.51355474393865164     
   1.3173173173173174        1.0228296456117083       0.51085384562140879     
   1.3213213213213213        1.0229629738310664       0.50814789528396931     
   1.3253253253253254        1.0230947408270463       0.50543691968646431     
   1.3293293293293293        1.0232249640610931       0.50272094563872183     
   1.3333333333333333        1.0233536591913948       0.50000000000000033     
   1.3373373373373374        1.0234808428048101       0.49727410967872421     
   1.3413413413413413        1.0236065291253966       0.49454330163221866     
   1.3453453453453454        1.0237307328603249       0.49180760286644143     
   1.3493493493493494        1.0238534658388196       0.48906704043571680     
   1.3533533533533533        1.0239747396622103       0.48632164144246692     
   1.3573573573573574        1.0240945624379862       0.48357143303694439     
   1.3613613613613613        1.0242129412742202       0.48081644241696458     
   1.3653653653653655        1.0243298792992452       0.47805669682763607     
   1.3693693693693694        1.0244453776368236       0.47529222356109019     
   1.3733733733733733        1.0245594326443486       0.47252304995621203     
   1.3773773773773774        1.0246720376052845       0.46974920339837073     
   1.3813813813813813        1.0247831806014220       0.46697071131914814     
   1.3853853853853855        1.0248928450708397       0.46418760119606600     
   1.3893893893893894        1.0250010083888537       0.46139990055231739     
   1.3933933933933933        1.0251076422570651       0.45860763695649082     
   1.3973973973973974        1.0252127111572928       0.45581083802230099     
   1.4014014014014013        1.0253161721299737       0.45300953140831446     
   1.4054054054054055        1.0254179745464784       0.45020374481767350     
   1.4094094094094094        1.0255180581232903       0.44739350599782696     
   1.4134134134134133        1.0256163537853336       0.44457884274025250     
   1.4174174174174174        1.0257127813503855       0.44175978288018319     
   1.4214214214214214        1.0258072501376883       0.43893635429633082     
   1.4254254254254255        1.0258996562674847       0.43610858491061116     
   1.4294294294294294        1.0259898845484261       0.43327650268786849     
   1.4334334334334333        1.0260778033162936       0.43044013563559824     
   1.4374374374374375        1.0261632692452287       0.42759951180366951     
   1.4414414414414414        1.0262461190447385       0.42475465928404799     
   1.4454454454454455        1.0263261766520766       0.42190560621051937     
   1.4494494494494494        1.0264032433098158       0.41905238075840973     
   1.4534534534534536        1.0264771053823887       0.41619501114430768     
   1.4574574574574575        1.0265475239916659       0.41333352562578418     
   1.4614614614614614        1.0266142433680279       0.41046795250111390     
   1.4654654654654655        1.0266769788116166       0.40759832010899610     
   1.4694694694694694        1.0267354278513547       0.40472465682827363     
   1.4734734734734736        1.0267892541174235       0.40184699107765148     
   1.4774774774774775        1.0268381028029545       0.39896535131541649     
   1.4814814814814814        1.0268815805943325       0.39607976603915679     
   1.4854854854854855        1.0269192733344887       0.39319026378547872     
   1.4894894894894894        1.0269507255599237       0.39029687312972589     
   1.4934934934934936        1.0269754572723997       0.38739962268569328     
   1.4974974974974975        1.0269929434519813       0.38449854110534909     
   1.5015015015015014        1.0270026326179011       0.38159365707854875     
   1.5055055055055055        1.0270039230148087       0.37868499933275013     
   1.5095095095095095        1.0269961849466862       0.37577259663273255     
   1.5135135135135136        1.0269787328038278       0.37285647778030873     
   1.5175175175175175        1.0269508500092743       0.36993667161404314     
   1.5215215215215214        1.0269117605770031       0.36701320700896550     
   1.5255255255255256        1.0268606530854996       0.36408611287628412     
   1.5295295295295295        1.0267966537703566       0.36115541816310132     
   1.5335335335335336        1.0267188480579392       0.35822115185212744     
   1.5375375375375375        1.0266262568819224       0.35528334296139380     
   1.5415415415415414        1.0265178538938795       0.35234202054396474     
   1.5455455455455456        1.0263925471453070       0.34939721368765114     
   1.5495495495495495        1.0262491896109069       0.34644895151472355     
   1.5535535535535536        1.0260865688966461       0.34349726318162310     
   1.5575575575575575        1.0259034081619645       0.34054217787867375     
   1.5615615615615615        1.0256983671031361       0.33758372482979260     
   1.5655655655655656        1.0254700297403569       0.33462193329220158     
   1.5695695695695695        1.0252169205859485       0.33165683255613898     
   1.5735735735735736        1.0249374750699896       0.32868845194456903     
   1.5775775775775776        1.0246300755347533       0.32571682081289088     
   1.5815815815815817        1.0242929993094674       0.32274196854864945     
   1.5855855855855856        1.0239244799735230       0.31976392457124525     
   1.5895895895895895        1.0235226272599698       0.31678271833164295     
   1.5935935935935936        1.0230855198966753       0.31379837931207866     
   1.5975975975975976        1.0226110906241244       0.31081093702577139     
   1.6016016016016017        1.0220972578495846       0.30782042101662782     
   1.6056056056056056        1.0215417681153172       0.30482686085895305     
   1.6096096096096095        1.0209423747767143       0.30183028615715729     
   1.6136136136136137        1.0202966292627131       0.29883072654546011     
   1.6176176176176176        1.0196021160027360       0.29582821168760254     
   1.6216216216216217        1.0188561827953548       0.29282277127655032     
   1.6256256256256256        1.0180562422458432       0.28981443503420135     
   1.6296296296296295        1.0171994305180703       0.28680323271109065     
   1.6336336336336337        1.0162829865870473       0.28378919408609704     
   1.6376376376376376        1.0153038276115283       0.28077234896614933     
   1.6416416416416417        1.0142590183338371       0.27775272718593036     
   1.6456456456456456        1.0131452502980314       0.27473035860758332     
   1.6496496496496496        1.0119594147203279       0.27170527312041282     
   1.6536536536536537        1.0106979718128628       0.26867750064059459     
   1.6576576576576576        1.0093576413787970       0.26564707111087615     
   1.6616616616616617        1.0079346476082784       0.26261401450028199     
   1.6656656656656657        1.0064255424992421       0.25957836080381591     
   1.6696696696696696        1.0048263106933994       0.25654014004216519     
   1.6736736736736737        1.0031333415644041       0.25349938226140467     
   1.6776776776776776        1.0013423779788320       0.25045611753269870     
   1.6816816816816818       0.99944965350818726       0.24741037595200283     
   1.6856856856856857       0.99745066845039954       0.24436218763976714     
   1.6896896896896898       0.99534150909624053       0.24131158274063927     
   1.6936936936936937       0.99311743394271002       0.23825859142316480     
   1.6976976976976976       0.99077439226964703       0.23520324387949043     
   1.7017017017017018       0.98830740322158772       0.23214557032506186     
   1.7057057057057057       0.98571229112729719       0.22908560099833006     
   1.7097097097097098       0.98298384001569539       0.22602336616044894     
   1.7137137137137137       0.98011776315083066       0.22295889609497727     
   1.7177177177177176       0.97710861556337414       0.21989222110757800     
   1.7217217217217218       0.97395201519933383       0.21682337152571932     
   1.7257257257257257       0.97064229616205522       0.21375237769837560     
   1.7297297297297298       0.96717499872059964       0.21067926999572606     
   1.7337337337337337       0.96354424612588474       0.20760407880885565     
   1.7377377377377377       0.95974552054288986       0.20452683454945109     
   1.7417417417417418       0.95577274647362898       0.20144756764950522     
   1.7457457457457457       0.95162136952702803       0.19836630856101312     
   1.7497497497497498       0.94728512958462108       0.19528308775567005     
   1.7537537537537538       0.94275945927427796       0.19219793572457314     
   1.7577577577577577       0.93803792997639124       0.18911088297791637     
   1.7617617617617618       0.93311598700169840       0.18602196004469188     
   1.7657657657657657       0.92798705127447390       0.18293119747238676     
   1.7697697697697699       0.92264660861423331       0.17983862582668017     
   1.7737737737737738       0.91708794936331550       0.17674427569114179     
   1.7777777777777777       0.91130662992213474       0.17364817766693028     
   1.7817817817817818       0.90529583162756100       0.17055036237248988     
   1.7857857857857857       0.89905121387377673       0.16745086044324664     
   1.7897897897897899       0.89256587211554861       0.16434970253130635     
   1.7937937937937938       0.88583560359760061       0.16124691930515228     
   1.7977977977977977       0.87885344238159679       0.15814254144934106     
   1.8018018018018018       0.87161536097281056       0.15503659966419786     
   1.8058058058058057       0.86411435769053435       0.15192912466551589     
   1.8098098098098099       0.85634662037633624       0.14882014718424907     
   1.8138138138138138       0.84830513819667386       0.14570969796621130     
   1.8178178178178179       0.83998635718319059       0.14259780777177095     
   1.8218218218218218       0.83138328463972400       0.13948450737554591     
   1.8258258258258258       0.82249267052833608       0.13636982756610005     
   1.8298298298298299       0.81330756803159854       0.13325379914563965     
   1.8338338338338338       0.80382507977009054       0.13013645292970785     
   1.8378378378378379       0.79403833274025337       0.12701781974687870     
   1.8418418418418419       0.78394483402747595       0.12389793043845529     
   1.8458458458458458       0.77353781230908181       0.12077681585816115     
   1.8498498498498499       0.76281523409630303       0.11765450687183837     
   1.8538538538538538       0.75177045728263292       0.11453103435714140     
   1.8578578578578580       0.74040196598073593       0.11140642920322855     
   1.8618618618618619       0.72870327424094494       0.10828072231046192     
   1.8658658658658658       0.71667344520814924       0.10515394459009815     
   1.8698698698698699       0.70430617517530991       0.10202612696398421     
   1.8738738738738738       0.69160117102491347        9.8897300364250137E-002
   1.8778778778778780       0.67855233626733236        9.5767495733004110E-002
   1.8818818818818819       0.66516008949895766        9.2636744022027262E-002
   1.8858858858858858       0.65141856506047402        8.9505076192466795E-002
   1.8898898898898899       0.63732896448128407        8.6372523214528804E-002
   1.8938938938938938       0.62288567493856228        8.3239116067172991E-002
   1.8978978978978980       0.60809075530276424        8.0104885737807094E-002
   1.9019019019019019       0.59293886574873989        7.6969863221979185E-002
   1.9059059059059058       0.57743300000432107        7.3834079523072429E-002
   1.9099099099099099       0.56156810932685142        7.0697565651994948E-002
   1.9139139139139139       0.54534820281774210        6.7560352626878470E-002
   1.9179179179179180       0.52876853860100481        6.4422471472768014E-002
   1.9219219219219219       0.51183422453067129        6.1283953221316440E-002
   1.9259259259259258       0.49454083886383904        5.8144828910476183E-002
   1.9299299299299300       0.47689467428247256        5.5005129584193228E-002
   1.9339339339339339       0.45889163971546360        5.1864886292100981E-002
   1.9379379379379380       0.44053930124726354        4.8724130089211899E-002
   1.9419419419419419       0.42183390608667642        4.5582892035611673E-002
   1.9459459459459461       0.40278438456592808        4.2441203196148525E-002
   1.9499499499499500       0.38338732665524961        3.9299094640131337E-002
   1.9539539539539539       0.36365311978949272        3.6156597441019275E-002
   1.9579579579579580       0.34357869786578871        3.3013742676113601E-002
   1.9619619619619619       0.32317599999067897        2.9870561426253450E-002
   1.9659659659659661       0.30244230165453134        2.6727084775504926E-002
   1.9699699699699700       0.28139118958694942        2.3583343810856781E-002
   1.9739739739739739       0.26002027486217960        2.0439369621911660E-002
   1.9779779779779780       0.23834488879496318        1.7295193300577764E-002
   1.9819819819819819       0.21636296818469780        1.4150845940762258E-002
   1.9859859859859861       0.19409168651265135        1.1006358638064652E-002
   1.9899899899899900       0.17152929230551520        7.8617624894684063E-003
   1.9939939939939939       0.14869489946690934        4.7170885930325071E-003
   1.9979979979979980       0.12558704815618255        1.5723680475848198E-003
   2.0020020020020022       0.10222689635597779       -1.5723680475845747E-003
   2.0060060060060061        7.8613236354209470E-002  -4.7170885930322625E-003
   2.0100100100100100        5.4769408204263119E-002  -7.8617624894681600E-003
   2.0140140140140139        3.0694333198693191E-002  -1.1006358638064406E-002
   2.0180180180180178        6.4138459638854589E-003  -1.4150845940762012E-002
   2.0220220220220222       -1.8073493219928009E-002  -1.7295193300577522E-002
   2.0260260260260261       -4.2738511908457941E-002  -2.0439369621911417E-002
   2.0300300300300300       -6.7580333395883749E-002  -2.3583343810856538E-002
   2.0340340340340339       -9.2569576371530710E-002  -2.6727084775504683E-002
   2.0380380380380378      -0.11770309155664734       -2.9870561426253207E-002
   2.0420420420420422      -0.14295117049204692       -3.3013742676113789E-002
   2.0460460460460461      -0.16830840667912361       -3.6156597441019026E-002
   2.0500500500500500      -0.19374468776051043       -3.9299094640131087E-002
   2.0540540540540539      -0.21925242375945522       -4.2441203196148275E-002
   2.0580580580580579      -0.24480105659180645       -4.5582892035610979E-002
   2.0620620620620622      -0.27038087683163337       -4.8724130089212093E-002
   2.0660660660660661      -0.29596082566665388       -5.1864886292100738E-002
   2.0700700700700700      -0.32152912654126459       -5.5005129584192979E-002
   2.0740740740740740      -0.34705416894836161       -5.8144828910475933E-002
   2.0780780780780779      -0.37252216574155689       -6.1283953221315746E-002
   2.0820820820820822      -0.39790092235612740       -6.4422471472768209E-002
   2.0860860860860861      -0.42317471925690070       -6.7560352626878220E-002
   2.0900900900900901      -0.44831077848428830       -7.0697565651994698E-002
   2.0940940940940940      -0.47329155265718637       -7.3834079523071736E-002
   2.0980980980980979      -0.49808370804976670       -7.6969863221978935E-002
   2.1021021021021022      -0.52266799062180802       -8.0104885737806844E-002
   2.1061061061061062      -0.54701055902731099       -8.3239116067172741E-002
   2.1101101101101101      -0.57109059205178347       -8.6372523214528554E-002
   2.1141141141141140      -0.59487381944973317       -8.9505076192466101E-002
   2.1181181181181179      -0.61833802835619478       -9.2636744022027012E-002
   2.1221221221221223      -0.64144865107520077       -9.5767495733003860E-002
   2.1261261261261262      -0.66418231823105189       -9.8897300364249888E-002
   2.1301301301301301      -0.68650437029321687      -0.10202612696398396     
   2.1341341341341340      -0.70839059511650382      -0.10515394459009790     
   2.1381381381381384      -0.72980653880356905      -0.10828072231046167     
   2.1421421421421423      -0.75072755899084054      -0.11140642920322831     
   2.1461461461461462      -0.77111982201855245      -0.11453103435714115     
   2.1501501501501501      -0.79095879967711724      -0.11765450687183812     
   2.1541541541541540      -0.81021185106337268      -0.12077681585816090     
   2.1581581581581584      -0.82885528676434439      -0.12389793043845504     
   2.1621621621621623      -0.84685844193369320      -0.12701781974687892     
   2.1661661661661662      -0.86419942437967467      -0.13013645292970763     
   2.1701701701701701      -0.88085058671532934      -0.13325379914563942     
   2.1741741741741740      -0.89679306154286009      -0.13636982756609983     
   2.1781781781781784      -0.91200353433208026      -0.13948450737554569     
   2.1821821821821823      -0.92646764943249371      -0.14259780777177072     
   2.1861861861861862      -0.94016796927931934      -0.14570969796621108     
   2.1901901901901901      -0.95309630536695999      -0.14882014718424885     
   2.1941941941941940      -0.96524271995928024      -0.15192912466551567     
   2.1981981981981984      -0.97660679701253528      -0.15503659966419808     
   2.2022022022022023      -0.98718750691192292      -0.15814254144934084     
   2.2062062062062062      -0.99699339841267831      -0.16124691930515206     
   2.2102102102102101       -1.0060331296924478      -0.16434970253130612     
   2.2142142142142140       -1.0143245681054265      -0.16745086044324597     
   2.2182182182182184       -1.0218858308313750      -0.17055036237248966     
   2.2222222222222223       -1.0287433462758753      -0.17364817766693005     
   2.2262262262262262       -1.0349233300838785      -0.17674427569114157     
   2.2302302302302301       -1.0404589360536920      -0.17983862582667995     
   2.2342342342342341       -1.0453821609981238      -0.18293119747238654     
   2.2382382382382384       -1.0497302707617555      -0.18602196004469207     
   2.2422422422422423       -1.0535381995025781      -0.18911088297791614     
   2.2462462462462462       -1.0568444921921516      -0.19219793572457292     
   2.2502502502502502       -1.0596843046327094      -0.19528308775566983     
   2.2542542542542541       -1.0620950717684419      -0.19836630856101248     
   2.2582582582582584       -1.0641101475584833      -0.20144756764950500     
   2.2622622622622623       -1.0657642844630664      -0.20452683454945086     
   2.2662662662662663       -1.0670878555256156      -0.20760407880885542     
   2.2702702702702702       -1.0681121337828281      -0.21067926999572584     
   2.2742742742742741       -1.0688640071224347      -0.21375237769837538     
   2.2782782782782784       -1.0693710181773783      -0.21682337152571909     
   2.2822822822822824       -1.0696565013518673      -0.21989222110757778     
   2.2862862862862863       -1.0697443464940346      -0.22295889609497704     
   2.2902902902902902       -1.0696545154306163      -0.22602336616044871     
   2.2942942942942941       -1.0694071169544845      -0.22908560099832984     
   2.2982982982982985       -1.0690194288231534      -0.23214557032506164     
   2.3023023023023024       -1.0685087664097412      -0.23520324387949024     
   2.3063063063063063       -1.0678895142296077      -0.23825859142316458     
   2.3103103103103102       -1.0671762972732475      -0.24131158274063905     
   2.3143143143143141       -1.0663810956762418      -0.24436218763976694     
   2.3183183183183185       -1.0655161263322468      -0.24741037595200260     
   2.3223223223223224       -1.0645913253659678      -0.25045611753269847     
   2.3263263263263263       -1.0636168590384554      -0.25349938226140445     
   2.3303303303303302       -1.0626009267011152      -0.25654014004216497     
   2.3343343343343341       -1.0615519376587639      -0.25957836080381524     
   2.3383383383383385       -1.0604766212388566      -0.26261401450028221     
   2.3423423423423424       -1.0593818859939375      -0.26564707111087593     
   2.3463463463463463       -1.0582732199179308      -0.26867750064059437     
   2.3503503503503502       -1.0571562525630249      -0.27170527312041259     
   2.3543543543543541       -1.0560354249283479      -0.27473035860758266     
   2.3583583583583585       -1.0549152756956570      -0.27775272718593058     
   2.3623623623623624       -1.0537993652473672      -0.28077234896614911     
   2.3663663663663663       -1.0526913187256859      -0.28378919408609682     
   2.3703703703703702       -1.0515939456921388      -0.28680323271108998     
   2.3743743743743742       -1.0505100835422467      -0.28981443503420068     
   2.3783783783783785       -1.0494419328530067      -0.29282277127655010     
   2.3823823823823824       -1.0483916598579264      -0.29582821168760237     
   2.3863863863863863       -1.0473609409314555      -0.29883072654545989     
   2.3903903903903903       -1.0463513925785839      -0.30183028615715662     
   2.3943943943943946       -1.0453642425273675      -0.30482686085895327     
   2.3983983983983985       -1.0444006490940481      -0.30782042101662760     
   2.4024024024024024       -1.0434614642017503      -0.31081093702577117     
   2.4064064064064064       -1.0425474624137732      -0.31379837931207849     
   2.4104104104104103       -1.0416591832959201      -0.31678271833164234     
   2.4144144144144146       -1.0407970809719924      -0.31976392457124503     
   2.4184184184184185       -1.0399614382136966      -0.32274196854864923     
   2.4224224224224224       -1.0391524400838066      -0.32571682081289072     
   2.4264264264264264       -1.0383701618912682      -0.32868845194456880     
   2.4304304304304303       -1.0376145658639968      -0.33165683255613876     
   2.4344344344344346       -1.0368855560439683      -0.33462193329220136     
   2.4384384384384385       -1.0361829168884187      -0.33758372482979238     
   2.4424424424424425       -1.0355064114773540      -0.34054217787867352     
   2.4464464464464464       -1.0348556812516356      -0.34349726318162288     
   2.4504504504504503       -1.0342303771071479      -0.34644895151472338     
   2.4544544544544546       -1.0336300282289910      -0.34939721368765092     
   2.4584584584584586       -1.0330541961448279      -0.35234202054396457     
   2.4624624624624625       -1.0325023235632951      -0.35528334296139358     
   2.4664664664664664       -1.0319739031141451      -0.35822115185212722     
   2.4704704704704703       -1.0314683130278164      -0.36115541816310109     
   2.4744744744744747       -1.0309849942146827      -0.36408611287628395     
   2.4784784784784786       -1.0305232790873227      -0.36701320700896528     
   2.4824824824824825       -1.0300825715195217      -0.36993667161404292     
   2.4864864864864864       -1.0296621737305565      -0.37285647778030850     
   2.4904904904904903       -1.0292614650818448      -0.37577259663273233     
   2.4944944944944947       -1.0288797307688295      -0.37868499933275035     
   2.4984984984984986       -1.0285163362513414      -0.38159365707854853     
   2.5025025025025025       -1.0281705606489768      -0.38449854110534887     
   2.5065065065065064       -1.0278417644803557      -0.38739962268569306     
   2.5105105105105103       -1.0275292298434149      -0.39029687312972527     
   2.5145145145145147       -1.0272323198481026      -0.39319026378547894     
   2.5185185185185186       -1.0269503269506002      -0.39607976603915657     
   2.5225225225225225       -1.0266826231137798      -0.39896535131541627     
   2.5265265265265264       -1.0264285171850975      -0.40184699107765126     
   2.5305305305305303       -1.0261873951263984      -0.40472465682827302     
   2.5345345345345347       -1.0259585869641081      -0.40759832010899633     
   2.5385385385385386       -1.0257414968564709      -0.41046795250111373     
   2.5425425425425425       -1.0255354797542069      -0.41333352562578402     
   2.5465465465465464       -1.0253399613846106      -0.41619501114430751     
   2.5505505505505504       -1.0251543244508028      -0.41905238075840956     
   2.5545545545545547       -1.0249780188417226      -0.42190560621051959     
   2.5585585585585586       -1.0248104571425958      -0.42475465928404776     
   2.5625625625625625       -1.0246511154052957      -0.42759951180366890     
   2.5665665665665665       -1.0244994375154459      -0.43044013563559802     
   2.5705705705705704       -1.0243549271194816      -0.43327650268786827     
   2.5745745745745747       -1.0242170603030891      -0.43610858491061100     
   2.5785785785785786       -1.0240853692347358      -0.43893635429633066     
   2.5825825825825826       -1.0239593626272783      -0.44175978288018303     
   2.5865865865865865       -1.0238386017376540      -0.44457884274025233     
   2.5905905905905904       -1.0237226279380975      -0.44739350599782673     
   2.5945945945945947       -1.0236110317539358      -0.45020374481767333     
   2.5985985985985987       -1.0235033869364285      -0.45300953140831385     
   2.6026026026026026       -1.0233993131645653      -0.45581083802230121     
   2.6066066066066065       -1.0232984160243945      -0.45860763695649065     
   2.6106106106106104       -1.0232003439809010      -0.46139990055231678     
   2.6146146146146148       -1.0231047336969061      -0.46418760119606622     
   2.6186186186186187       -1.0230112618445042      -0.46697071131914791     
   2.6226226226226226       -1.0229195952350518      -0.46974920339837051     
   2.6266266266266265       -1.0228294379942160      -0.47252304995621180     
   2.6306306306306309       -1.0227404860037692      -0.47529222356109002     
   2.6346346346346348       -1.0226524699762711      -0.47805669682763591     
   2.6386386386386387       -1.0225651137106342      -0.48081644241696481     
   2.6426426426426426       -1.0224781734639943      -0.48357143303694416     
   2.6466466466466465       -1.0223913997039167      -0.48632164144246637     
   2.6506506506506509       -1.0223045732149056      -0.48906704043571703     
   2.6546546546546548       -1.0222174697905884      -0.49180760286644165     
   2.6586586586586587       -1.0221298935921075      -0.49454330163221849     
   2.6626626626626626       -1.0220416444510814      -0.49727410967872404     
   2.6666666666666665       -1.0219525486941390      -0.49999999999999972     
   2.6706706706706709       -1.0218624288439213      -0.50272094563872161     
   2.6746746746746748       -1.0217711322294816      -0.50543691968646454     
   2.6786786786786787       -1.0216785026715745      -0.50814789528396909     
   2.6826826826826826       -1.0215844072957168      -0.51085384562140823     
   2.6866866866866865       -1.0214887099727099      -0.51355474393865141     
   2.6906906906906909       -1.0213912962952039      -0.51625056352552878     
   2.6946946946946948       -1.0212920488973094      -0.51894127772209564     
   2.6986986986986987       -1.0211908707319004      -0.52162685991889768     
   2.7027027027027026       -1.0210876618803713      -0.52430728355723144     
   2.7067067067067065       -1.0209823414268473      -0.52698252212940910     
   2.7107107107107109       -1.0208748257019507      -0.52965254917902060     
   2.7147147147147148       -1.0207650487729201      -0.53231733830119188     
   2.7187187187187187       -1.0206529420105230      -0.53497686314285131     
   2.7227227227227226       -1.0205384533993656      -0.53763109740298709     
   2.7267267267267266       -1.0204215281933866      -0.54028001483290666     
   2.7307307307307309       -1.0203021271830963      -0.54292358923649919     
   2.7347347347347348       -1.0201802084334268      -0.54556179447049191     
   2.7387387387387387       -1.0200557445143308      -0.54819460444470958     
   2.7427427427427427       -1.0199287052577319      -0.55082199312233360     
   2.7467467467467466       -1.0197990740315761      -0.55344393452015828     
   2.7507507507507509       -1.0196668314455442      -0.55606040270884749     
   2.7547547547547548       -1.0195319707266068      -0.55867137181319182     
   2.7587587587587588       -1.0193944823149566      -0.56127681601236501     
   2.7627627627627627       -1.0192543684526489      -0.56387670954017755     
   2.7667667667667666       -1.0191116285210273      -0.56647102668533345     
   2.7707707707707709       -1.0189662729081490      -0.56905974179168384     
   2.7747747747747749       -1.0188183091259173      -0.57164282925847854     
   2.7787787787787788       -1.0186677549231251      -0.57422026354062317     
   2.7827827827827827       -1.0185146251668611      -0.57679201914892952     
   2.7867867867867866       -1.0183589442262748      -0.57935807065036660     
   2.7907907907907910       -1.0182007335721619      -0.58191839266831491     
   2.7947947947947949       -1.0180400235514524      -0.58447295988281489     
   2.7987987987987988       -1.0178768416001418      -0.58702174703081833     
   2.8028028028028027       -1.0177112233361321      -0.58956472890643896     
   2.8068068068068066       -1.0175432015262629      -0.59210188036120082     
   2.8108108108108110       -1.0173728164754776      -0.59463317630428647     
   2.8148148148148149       -1.0172001056508710      -0.59715859170278585     
   2.8188188188188188       -1.0170251136248125      -0.59967810158194468     
   2.8228228228228227       -1.0168478819998419      -0.60219168102540921     
   2.8268268268268266       -1.0166684590060873      -0.60469930517547521     
   2.8308308308308310       -1.0164868899001642      -0.60720094923333168     
   2.8348348348348349       -1.0163032261056903      -0.60969658845930674     
   2.8388388388388388       -1.0161175161859293      -0.61218619817311326     
   2.8428428428428427       -1.0159298142955642      -0.61466975375409216     
   2.8468468468468466       -1.0157401717457437      -0.61714723064145482     
   2.8508508508508510       -1.0155486450618085      -0.61961860433452842     
   2.8548548548548549       -1.0153552880464130      -0.62208385039299596     
   2.8588588588588588       -1.0151601592333854      -0.62454294443713865     
   2.8628628628628627       -1.0149633144034571      -0.62699586214807834     
   2.8668668668668666       -1.0147648137797634      -0.62944257926801550     
   2.8708708708708710       -1.0145647149636874      -0.63188307160047208     
   2.8748748748748749       -1.0143630795472185      -0.63431731501052735     
   2.8788788788788788       -1.0141599664883674      -0.63674528542506048     
   2.8828828828828827       -1.0139554385076393      -0.63916695883298458     
   2.8868868868868871       -1.0137495558440919      -0.64158231128548815     
   2.8908908908908910       -1.0135423820023675      -0.64399131889626826     
   2.8948948948948949       -1.0133339780996589      -0.64639395784176901     
   2.8988988988988988       -1.0131244083587982      -0.64879020436141721     
   2.9029029029029028       -1.0129137346334500      -0.65118003475785557     
   2.9069069069069071       -1.0127020214969686      -0.65356342539717915     
   2.9109109109109110       -1.0124893312969505      -0.65594035270916740     
   2.9149149149149149       -1.0122757290114195      -0.65831079318751873     
   2.9189189189189189       -1.0120612771976534      -0.66067472339008115     
   2.9229229229229228       -1.0118460408839829      -0.66303211993908662     
   2.9269269269269271       -1.0116300829230285      -0.66538295952137938     
   2.9309309309309310       -1.0114134682296474      -0.66772721888864839     
   2.9349349349349350       -1.0111962596109230      -0.67006487485765742     
   2.9389389389389389       -1.0109785218716676      -0.67239590431047236     
   2.9429429429429428       -1.0107603177207991      -0.67472028419469232     
   2.9469469469469471       -1.0105417115641013      -0.67703799152367616     
   2.9509509509509511       -1.0103227659226310      -0.67934900337676973     
   2.9549549549549550       -1.0101035448540807      -0.68165329689953269     
   2.9589589589589589       -1.0098841104221845      -0.68395084930396566     
   2.9629629629629628       -1.0096645262114998      -0.68624163786873338     
   2.9669669669669672       -1.0094448539299203      -0.68852563993939209     
   2.9709709709709711       -1.0092251564450647      -0.69080283292861111     
   2.9749749749749750       -1.0090054949689728      -0.69307319431639702     
   2.9789789789789789       -1.0087859317854908      -0.69533670165031769     
   2.9829829829829828       -1.0085665273701556      -0.69759333254572287     
   2.9869869869869872       -1.0083473433153693      -0.69984306468596547     
   2.9909909909909911       -1.0081284394781100      -0.70208587582262250     
   2.9949949949949950       -1.0079098765309935      -0.70432174377571644     
   2.9989989989989989       -1.0076917136525025      -0.70655064643393228     
   3.0030030030030028       -1.0074740106807949      -0.70877256175483805     
   3.0070070070070072       -1.0072568258845245      -0.71098746776510247     
   3.0110110110110111       -1.0070402182928206      -0.71319534256071015     
   3.0150150150150150       -1.0068242452776444      -0.71539616430718178     
   3.0190190190190189       -1.0066089648333572      -0.71758991123978788     
   3.0230230230230228       -1.0063944335615274      -0.71977656166376336     
   3.0270270270270272       -1.0061807083389740      -0.72195609395452442     
   3.0310310310310311       -1.0059678447837825      -0.72412848655788031     
   3.0350350350350350       -1.0057558988772675      -0.72629371799024711     
   3.0390390390390389       -1.0055449250783801      -0.72845176683886070     
   3.0430430430430429       -1.0053349783295173      -0.73060261176198871     
   3.0470470470470472       -1.0051261121067330      -0.73274623148913987     
   3.0510510510510511       -1.0049183801122263      -0.73488260482127588     
   3.0550550550550550       -1.0047118348539974      -0.73701171063102133     
   3.0590590590590589       -1.0045065288095936      -0.73913352786287101     
   3.0630630630630629       -1.0043025133265346      -0.74124803553339991     
   3.0670670670670672       -1.0040998398287042      -0.74335521273147032     
   3.0710710710710711       -1.0038985583639835      -0.74545503861843621     
   3.0750750750750750       -1.0036987191882329      -0.74754749242835339     
   3.0790790790790790       -1.0035003711851267      -0.74963255346818258     
   3.0830830830830829       -1.0033035632643399      -0.75171020111799314     
   3.0870870870870872       -1.0031083431985262      -0.75378041483116953     
   3.0910910910910911       -1.0029147585131148      -0.75584317413461222     
   3.0950950950950951       -1.0027228557328027      -0.75789845862894101     
   3.0990990990990990       -1.0025326811310553      -0.75994624798869759     
   3.1031031031031029       -1.0023442798271824      -0.76198652196254535     
   3.1071071071071072       -1.0021576968471677      -0.76401926037346968     
   3.1111111111111112       -1.0019729759024318      -0.76604444311897801     
   3.1151151151151151       -1.0017901606424278      -0.76806205017129969     
   3.1191191191191190       -1.0016092934774083      -0.77007206157758090     
   3.1231231231231229       -1.0014304165420322      -0.77207445746008596     
   3.1271271271271273       -1.0012535709369632      -0.77406921801639050     
   3.1311311311311312       -1.0010787972787738      -0.77605632351957909     
   3.1351351351351351       -1.0009061352477453      -0.77803575431843974     
   3.1391391391391390       -1.0007356240164993      -0.78000749083765863     
   3.1431431431431434       -1.0005673017168080      -0.78197151357801342     
   3.1471471471471473       -1.0004012060952834      -0.78392780311656574     
   3.1511511511511512       -1.0002373736906971      -0.78587634010685492     
   3.1551551551551551       -1.0000758407493890      -0.78781710527908644     
   3.1591591591591590      -0.99991664224208410      -0.78975007944032583     
   3.1631631631631634      -0.99975981280391280      -0.79167524347468532     
   3.1671671671671673      -0.99960538589892156      -0.79359257834351493     
   3.1711711711711712      -0.99945339445034731      -0.79550206508559018     
   3.1751751751751751      -0.99930387036050750      -0.79740368481729929     
   3.1791791791791790      -0.99915684485269851      -0.79929741873283011     
   3.1831831831831834      -0.99901234818647100      -0.80118324810435748     
   3.1871871871871873      -0.99887040989114595      -0.80306115428222580     
   3.1911911911911912      -0.99873105849580646      -0.80493111869513456     
   3.1951951951951951      -0.99859432185206309      -0.80679312285032412     
   3.1991991991991990      -0.99846022668840473      -0.80864714833375495     
   3.2032032032032034      -0.99832879912232997      -0.81049317681029209     
   3.2072072072072073      -0.99820006407535422      -0.81233119002388610     
   3.2112112112112112      -0.99807404587034720      -0.81416116979775310     
   3.2152152152152151      -0.99795076759600887      -0.81598309803455449     
   3.2192192192192191      -0.99783025171575290      -0.81779695671657726     
   3.2232232232232234      -0.99771251949576079      -0.81960272790591171     
   3.2272272272272273      -0.99759759146297600      -0.82140039374462503     
   3.2312312312312312      -0.99748548701090567      -0.82318993645494509     
   3.2352352352352352      -0.99737622471966736      -0.82497133833943015     
   3.2392392392392391      -0.99726982204814385      -0.82674458178114651     
   3.2432432432432434      -0.99716629560205916      -0.82850964924384241     
   3.2472472472472473      -0.99706566086197124      -0.83026652327212114     
   3.2512512512512513      -0.99696793242006054      -0.83201518649161355     
   3.2552552552552552      -0.99687312373208536      -0.83375562160915107     
   3.2592592592592591      -0.99678124735983009      -0.83548781141293604     
   3.2632632632632634      -0.99669231467458175      -0.83721173877271049     
   3.2672672672672673      -0.99660633617260586      -0.83892738663992716     
   3.2712712712712713      -0.99652332111229813      -0.84063473804791811     
   3.2752752752752752      -0.99644327786896336      -0.84233377611206173     
   3.2792792792792791      -0.99636621356776045      -0.84402448402995045     
   3.2832832832832834      -0.99629213441766862      -0.84570684508155636     
   3.2872872872872874      -0.99622104537666301      -0.84738084262939606     
   3.2912912912912913      -0.99615295045390817      -0.84904646011869733     
   3.2952952952952952      -0.99608785240065001      -0.85070368107756111     
   3.2992992992992991      -0.99602575299807095      -0.85235248911712369     
   3.3033033033033035      -0.99596665275130702      -0.85399286793172058     
   3.3073073073073074      -0.99591055118450411      -0.85562480129904661     
   3.3113113113113113      -0.99585744652655639      -0.85724827308031681     
   3.3153153153153152      -0.99580733600680316      -0.85886326722042616     
   3.3193193193193191      -0.99576021556130334      -0.86046976774810746     
   3.3233233233233235      -0.99571608008807266      -0.86206775877609132     
   3.3273273273273274      -0.99567492319499318      -0.86365722450126015     
   3.3313313313313313      -0.99563673743581627      -0.86523814920480790     
   3.3353353353353352      -0.99560151405738107      -0.86681051725239255     
   3.3393393393393391      -0.99556924324899998      -0.86837431309429247     
   3.3433433433433435      -0.99553991387345242      -0.86992952126555956     
   3.3473473473473474      -0.99551351373422292      -0.87147612638617244     
   3.3513513513513513      -0.99549002929202590      -0.87301411316118827     
   3.3553553553553552      -0.99546944594550557      -0.87454346638089397     
   3.3593593593593591      -0.99545174773854039      -0.87606417092095756     
   3.3633633633633635      -0.99543691764976250      -0.87757621174257716     
   3.3673673673673674      -0.99542493729435100      -0.87907957389262847     
   3.3713713713713713      -0.99541578722008695      -0.88057424250381433     
   3.3753753753753752      -0.99540944660477748      -0.88206020279481123     
   3.3793793793793796      -0.99540589355901521      -0.88353744007041513     
   3.3833833833833835      -0.99540510481821631      -0.88500593972168740     
   3.3873873873873874      -0.99540705607690438      -0.88646568722609875     
   3.3913913913913913      -0.99541172177929715      -0.88791666814767278     
   3.3953953953953953      -0.99541907503880311      -0.88935886813712972     
   3.3993993993993996      -0.99542908782372075      -0.89079227293202790     
   3.4034034034034035      -0.99544173082194898      -0.89221686835690339     
   3.4074074074074074      -0.99545697356581253      -0.89363264032341194     
   3.4114114114114114      -0.99547478432490888      -0.89503957483046781     
   3.4154154154154153      -0.99549513021898894      -0.89643765796438168     
   3.4194194194194196      -0.99551797711702661      -0.89782687589899912     
   3.4234234234234235      -0.99554328974472306      -0.89920721489583688     
   3.4274274274274275      -0.99557103159276517      -0.90057866130421815     
   3.4314314314314314      -0.99560116501973883      -0.90194120156140900     
   3.4354354354354353      -0.99563365116657210      -0.90329482219275192     
   3.4394394394394396      -0.99566845005709381      -0.90463950981179775     
   3.4434434434434436      -0.99570552051852057      -0.90597525112043964     
   3.4474474474474475      -0.99574482027929767      -0.90730203290904421     
   3.4514514514514514      -0.99578630589518780      -0.90861984205658186     
   3.4554554554554553      -0.99582993283563681      -0.90992866553075646     
   3.4594594594594597      -0.99587565544180368      -0.91122849038813580     
   3.4634634634634636      -0.99592342697875846      -0.91251930377427593     
   3.4674674674674675      -0.99597319962009845      -0.91380109292385281     
   3.4714714714714714      -0.99602492450153191      -0.91507384516078560     
   3.4754754754754753      -0.99607855167996362      -0.91633754789836286     
   3.4794794794794797      -0.99613403022408786      -0.91759218863936631     
   3.4834834834834836      -0.99619130815511803      -0.91883775497619591     
   3.4874874874874875      -0.99625033254372208      -0.92007423459099136     
   3.4914914914914914      -0.99631104945469573      -0.92130161525575383     
   3.4954954954954953      -0.99637340404564845      -0.92251988483246850     
   3.4994994994994997      -0.99643734050549604      -0.92372903127322248     
   3.5035035035035036      -0.99650280217770248      -0.92492904262032472     
   3.5075075075075075      -0.99656973145909988      -0.92611990700642566     
   3.5115115115115114      -0.99663806998802851      -0.92730161265463207     
   3.5155155155155153      -0.99670775846711424      -0.92847414787862559     
   3.5195195195195197      -0.99677873692596708      -0.92963750108277710     
   3.5235235235235236      -0.99685094451316147      -0.93079166076226205     
   3.5275275275275275      -0.99692431974290385      -0.93193661550317375     
   3.5315315315315314      -0.99699880032628940      -0.93307235398263721     
   3.5355355355355353      -0.99707432339527025      -0.93419886496891946     
   3.5395395395395397      -0.99715082535495869      -0.93531613732154262     
   3.5435435435435436      -0.99722824207533678      -0.93642415999139206     
   3.5475475475475475      -0.99730650880822158      -0.93752292202082732     
   3.5515515515515514      -0.99738556029208891      -0.93861241254378924     
   3.5555555555555554      -0.99746533076792088      -0.93969262078590843     
   3.5595595595595597      -0.99754575401990575      -0.94076353606461116     
   3.5635635635635636      -0.99762676341105427      -0.94182514778922477     
   3.5675675675675675      -0.99770829192045174      -0.94287744546108421     
   3.5715715715715715      -0.99779027221439986      -0.94392041867363274     
   3.5755755755755754      -0.99787263662799441      -0.94495405711252811     
   3.5795795795795797      -0.99795531730816356      -0.94597835055574231     
   3.5835835835835836      -0.99803824610429048      -0.94699328887366330     
   3.5875875875875876      -0.99812135486692977      -0.94799886202919548     
   3.5915915915915915      -0.99820457511359439      -0.94899506007785894     
   3.5955955955955954      -0.99828783857310877      -0.94998187316788696     
   3.5995995995995997      -0.99837107665800717      -0.95095929154032532     
   3.6036036036036037      -0.99845422113077431      -0.95192730552912663     
   3.6076076076076076      -0.99853720356930320      -0.95288590556124664     
   3.6116116116116115      -0.99861995590266583      -0.95383508215674029     
   3.6156156156156154      -0.99870241013613381      -0.95477482592885354     
   3.6196196196196198      -0.99878449853865636      -0.95570512758411708     
   3.6236236236236237      -0.99886615376754462      -0.95662597792243798     
   3.6276276276276276      -0.99894730868211601      -0.95753736783719101     
   3.6316316316316315      -0.99902789678345061      -0.95843928831530878     
   3.6356356356356359      -0.99910785176511985      -0.95933173043737030     
   3.6396396396396398      -0.99918710819407419      -0.96021468537768961     
   3.6436436436436437      -0.99926560081410121      -0.96108814440440271     
   3.6476476476476476      -0.99934326553348229      -0.96195209887955480     
   3.6516516516516515      -0.99942003838947280      -0.96280654025918444     
   3.6556556556556559      -0.99949585677738750      -0.96365146009340885     
   3.6596596596596598      -0.99957065844473891      -0.96448685002650714     
   3.6636636636636637      -0.99964438228203700      -0.96531270179700357     
   3.6676676676676676      -0.99971696830393608      -0.96612900723774797     
   3.6716716716716715      -0.99978835682864353      -0.96693575827599820     
   3.6756756756756759      -0.99985849063014853      -0.96773294693349898     
   3.6796796796796798      -0.99992731153158043      -0.96852056532655983     
   3.6836836836836837      -0.99999476553680688      -0.96929860566613557     
   3.6876876876876876       -1.0000607959387839      -0.97006706025790090     
   3.6916916916916915       -1.0001253525371956      -0.97082592150232783     
   3.6956956956956959       -1.0001883801345242      -0.97157518189476044     
   3.6996996996996998       -1.0002498326216402      -0.97231483402548924     
   3.7037037037037037       -1.0003096567688223      -0.97304487057982392     
   3.7077077077077076       -1.0003678103414184      -0.97376528433816678     
   3.7117117117117115       -1.0004242430951826      -0.97447606817608323     
   3.7157157157157159       -1.0004789158950762      -0.97517721506437227     
   3.7197197197197198       -1.0005317831222063      -0.97586871806913611     
   3.7237237237237237       -1.0005828071288629      -0.97655057035184933     
   3.7277277277277276       -1.0006319495917544      -0.97722276516942586     
   3.7317317317317316       -1.0006791716680263      -0.97788529587428519     
   3.7357357357357359       -1.0007244459287543      -0.97853815591441973     
   3.7397397397397398       -1.0007677289682515      -0.97918133883345804     
   3.7437437437437437       -1.0008090082974157      -0.97981483827072935     
   3.7477477477477477       -1.0008482322386714      -0.98043864796132674     
   3.7517517517517516       -1.0008854073352020      -0.98105276173616807     
   3.7557557557557559       -1.0009204706717609      -0.98165717352205806     
   3.7597597597597598       -1.0009534500113826      -0.98225187734174813     
   3.7637637637637638       -1.0009842711051655      -0.98283686731399489     
   3.7677677677677677       -1.0010129813978115      -0.98341213765361879     
   3.7717717717717716       -1.0010395001220942      -0.98397768267156138     
   3.7757757757757759       -1.0010638862221535      -0.98453349677494195     
   3.7797797797797799       -1.0010860655396963      -0.98507957446711136     
   3.7837837837837838       -1.0011060907809342      -0.98561591034770824     
   3.7877877877877877       -1.0011239179732485      -0.98614249911271146     
   3.7917917917917916       -1.0011395644995700      -0.98665933555449192     
   3.7957957957957960       -1.0011530518294625      -0.98716641456186571     
   3.7997997997997999       -1.0011643220151059      -0.98766373112014327     
   3.8038038038038038       -1.0011735061262237      -0.98815128031117960     
   3.8078078078078077       -1.0011804251351155      -0.98862905731342254     
   3.8118118118118116       -1.0011853645187954      -0.98909705740196108     
   3.8158158158158160       -1.0011879850970222      -0.98955527594857173     
   3.8198198198198199       -1.0011887553595191      -0.99000370842176366     
   3.8238238238238238       -1.0011871647372101      -0.99044235038682449     
   3.8278278278278277       -1.0011838510475253      -0.99087119750586350     
   3.8318318318318316       -1.0011781797267427      -0.99129024553785516     
   3.8358358358358360       -1.0011708684853133      -0.99169949033868066     
   3.8398398398398399       -1.0011612997281829      -0.99209892786116838     
   3.8438438438438438       -1.0011500709450158      -0.99248855415513493     
   3.8478478478478477       -1.0011368460906227      -0.99286836536742351     
   3.8518518518518516       -1.0011217717291991      -0.99323835774194280     
   3.8558558558558560       -1.0011051863356208      -0.99359852761970280     
   3.8598598598598599       -1.0010863417630236      -0.99394887143885202     
   3.8638638638638638       -1.0010667243416038      -0.99428938573471282     
   3.8678678678678677       -1.0010442211640485      -0.99462006713981466     
   3.8718718718718717       -1.0010218863181863      -0.99494091238392857     
   3.8758758758758760       -1.0009959334610048      -0.99525191829409909     
   3.8798798798798799       -1.0009711050967716      -0.99555308179467450     
   3.8838838838838838       -1.0009420985847450      -0.99584439990733942     
   3.8878878878878878       -1.0009148087181843      -0.99612586975114281     
   3.8918918918918921       -1.0008834360449903      -0.99639748854252641     
   3.8958958958958960       -1.0008534241051432      -0.99665925359535279     
   3.8998998998998999       -1.0008207452739151      -0.99691116232093191     
   3.9039039039039038       -1.0007874110541408      -0.99715321222804643     
   3.9079079079079078       -1.0007548468799889      -0.99738540092297623     
   3.9119119119119121       -1.0007173422614437      -0.99760772610952264     
   3.9159159159159160       -1.0006864713853267      -0.99782018558903074     
   3.9199199199199199       -1.0006440371040684      -0.99802277726041111     
   3.9239239239239239       -1.0006160972046036      -0.99821549912016083     
   3.9279279279279278       -1.0005687328440740      -0.99839834926238302     
   3.9319319319319321       -1.0005437742547483      -0.99857132587880604     
   3.9359359359359360       -1.0004932307021659      -0.99873442725880057     
   3.9399399399399400       -1.0004690272206920      -0.99888765178939798     
   3.9439439439439439       -1.0004198894571448      -0.99903099795530448     
   3.9479479479479478       -1.0003910001813301      -0.99916446433891781     
   3.9519519519519521       -1.0003512783186421      -0.99928804962034024     
   3.9559559559559561       -1.0003090378899855      -0.99940175257739150     
   3.9599599599599600       -1.0002893173557006      -0.99950557208562174     
   3.9639639639639639       -1.0002237924823898      -0.99959950711832180     
   3.9679679679679678       -1.0002339677856238      -0.99968355674653397     
   3.9719719719719722       -1.0001385403464658      -0.99975772013906072     
   3.9759759759759761       -1.0001822036295538      -0.99982199656247328     
   3.9799799799799800       -1.0000594919047996      -0.99987638538111856     
   3.9839839839839839       -1.0001292080614350      -0.99992088605712559     
   3.9879879879879878      -0.99999238211661190      -0.99995549815041107     
   3.9919919919919922       -1.0000751714986906      -0.99998022131868336     
   3.9959959959959961      -0.99993230388563337      -0.99999505531744570     
   4.0000000000000000       -1.0000000000000000       -1.0000000000000000     
