   0.0000000000000000        1.0000000000000000       0.99999999999999989     
   4.0040040040040040E-003  0.99995846888392492       0.99999505531744592     
   8.0080080080080079E-003   1.0000002349187562       0.99998022131868325     
   1.2012012012012012E-002  0.99995536611449787       0.99995549815041107     
   1.6016016016016016E-002  0.99992699375886163       0.99992088605712559     
   2.0020020020020020E-002  0.99992178607153670       0.99987638538111856     
   2.4024024024024024E-002  0.99986657949345825       0.99982199656247328     
   2.8028028028028028E-002  0.99987741819800668       0.99975772013906072     
   3.2032032032032032E-002  0.99981746334009980       0.99968355674653397     
   3.6036036036036036E-002  0.99982840193014277       0.99959950711832180     
   4.0040040040040040E-002  0.99977551434840817       0.99950557208562174     
   4.4044044044044044E-002  0.99977939596070509       0.99940175257739161     
   4.8048048048048048E-002  0.99973820761317467       0.99928804962034012     
   5.2052052052052052E-002  0.99973343115634894       0.99916446433891792     
   5.6056056056056056E-002  0.99970422733339293       0.99903099795530459     
   6.0060060060060060E-002  0.99969243097307381       0.99888765178939798     
   6.4064064064064064E-002  0.99967313529496804       0.99873442725880068     
   6.8068068068068074E-002  0.99965744055674799       0.99857132587880615     
   7.2072072072072071E-002  0.99964517412295262       0.99839834926238324     
   7.6076076076076082E-002  0.99962883705360872       0.99821549912016094     
   8.0080080080080079E-002  0.99962101710382667       0.99802277726041122     
   8.4084084084084090E-002  0.99960659978638877       0.99782018558903074     
   8.8088088088088087E-002  0.99960148986802355       0.99760772610952264     
   9.2092092092092098E-002  0.99959056621832931       0.99738540092297623     
   9.6096096096096095E-002  0.99958735104586793       0.99715321222804643     
  0.10010010010010011       0.99958060197364340       0.99691116232093191     
  0.10410410410410410       0.99957917510603100       0.99665925359535279     
  0.10810810810810811       0.99957666944494150       0.99639748854252641     
  0.11211211211211211       0.99957732722055581       0.99612586975114281     
  0.11611611611611612       0.99957882158387790       0.99584439990733964     
  0.12012012012012012       0.99958199356012489       0.99555308179467450     
  0.12412412412412413       0.99958715930125353       0.99525191829409887     
  0.12812812812812813       0.99959323240960662       0.99494091238392868     
  0.13213213213213212       0.99960178347899609       0.99462006713981466     
  0.13613613613613615       0.99961102033445248       0.99428938573471282     
  0.14014014014014015       0.99962275823931723       0.99394887143885213     
  0.14414414414414414       0.99963528360448672       0.99359852761970280     
  0.14814814814814814       0.99965009069793109       0.99323835774194291     
  0.15215215215215216       0.99966591458298037       0.99286836536742373     
  0.15615615615615616       0.99968372441188447       0.99248855415513493     
  0.16016016016016016       0.99970277708283495       0.99209892786116838     
  0.16416416416416416       0.99972354172656652       0.99169949033868066     
  0.16816816816816818       0.99974570578408206       0.99129024553785539     
  0.17217217217217218       0.99976937029707569       0.99087119750586361     
  0.17617617617617617       0.99979450340371190       0.99044235038682449     
  0.18018018018018017       0.99982099058567298       0.99000370842176388     
  0.18418418418418420       0.99984893831812816       0.98955527594857196     
  0.18818818818818819       0.99987814248733031       0.98909705740196130     
  0.19219219219219219       0.99990874356970783       0.98862905731342254     
  0.19619619619619619       0.99994053056907495       0.98815128031117949     
  0.20020020020020021       0.99997361744184987       0.98766373112014327     
  0.20420420420420421        1.0000078281019298       0.98716641456186571     
  0.20820820820820821        1.0000432254449407       0.98665933555449203     
  0.21221221221221220        1.0000796800504967       0.98614249911271146     
  0.21621621621621623        1.0001172029073173       0.98561591034770846     
  0.22022022022022023        1.0001557055006671       0.98507957446711159     
  0.22422422422422422        1.0001951581183182       0.98453349677494206     
  0.22822822822822822        1.0002355001199041       0.98397768267156138     
  0.23223223223223224        1.0002766756298280       0.98341213765361868     
  0.23623623623623624        1.0003186383505769       0.98283686731399489     
  0.24024024024024024        1.0003613192664600       0.98225187734174813     
  0.24424424424424424        1.0004046759430001       0.98165717352205828     
  0.24824824824824826        1.0004486353512660       0.98105276173616818     
  0.25225225225225223        1.0004931524361835       0.98043864796132674     
  0.25625625625625625        1.0005381554364967       0.97981483827072957     
  0.26026026026026028        1.0005835938140615       0.97918133883345804     
  0.26426426426426425        1.0006293992066413       0.97853815591441973     
  0.26826826826826827        1.0006755152112123       0.97788529587428519     
  0.27227227227227230        1.0007218769979900       0.97722276516942586     
  0.27627627627627627        1.0007684235372307       0.97655057035184956     
  0.28028028028028029        1.0008150925732653       0.97586871806913633     
  0.28428428428428426        1.0008618201156980       0.97517721506437238     
  0.28828828828828829        1.0009085454568576       0.97447606817608334     
  0.29229229229229231        1.0009552033061089       0.97376528433816700     
  0.29629629629629628        1.0010017335181076       0.97304487057982403     
  0.30030030030030030        1.0010480708837264       0.97231483402548924     
  0.30430430430430433        1.0010941553321178       0.97157518189476044     
  0.30830830830830830        1.0011399225426756       0.97082592150232794     
  0.31231231231231232        1.0011853124242707       0.97006706025790113     
  0.31631631631631629        1.0012302621475311       0.96929860566613568     
  0.32032032032032032        1.0012747116495568       0.96852056532656006     
  0.32432432432432434        1.0013185998790215       0.96773294693349898     
  0.32832832832832831        1.0013618672248814       0.96693575827599854     
  0.33233233233233234        1.0014044544276799       0.96612900723774819     
  0.33633633633633636        1.0014463027926499       0.96531270179700357     
  0.34034034034034033        1.0014873549431609       0.96448685002650714     
  0.34434434434434436        1.0015275534451342       0.96365146009340885     
  0.34834834834834832        1.0015668428686355       0.96280654025918455     
  0.35235235235235235        1.0016051675017434       0.96195209887955491     
  0.35635635635635637        1.0016424738167777       0.96108814440440293     
  0.36036036036036034        1.0016787082076171       0.96021468537768961     
  0.36436436436436437        1.0017138191897015       0.95933173043737041     
  0.36836836836836839        1.0017477554376091       0.95843928831530878     
  0.37237237237237236        1.0017804677100377       0.95753736783719101     
  0.37637637637637639        1.0018119071487184       0.95662597792243798     
  0.38038038038038036        1.0018420268958823       0.95570512758411708     
  0.38438438438438438        1.0018707807724936       0.95477482592885377     
  0.38838838838838841        1.0018981243929199       0.95383508215674051     
  0.39239239239239238        1.0019240144303978       0.95288590556124697     
  0.39639639639639640        1.0019484091715953       0.95192730552912663     
  0.40040040040040042        1.0019712681768549       0.95095929154032544     
  0.40440440440440439        1.0019925526037021       0.94998187316788707     
  0.40840840840840842        1.0020122249679480       0.94899506007785894     
  0.41241241241241239        1.0020302494310587       0.94799886202919548     
  0.41641641641641641        1.0020465915943142       0.94699328887366341     
  0.42042042042042044        1.0020612186902473       0.94597835055574242     
  0.42442442442442441        1.0020740994850492       0.94495405711252856     
  0.42842842842842843        1.0020852043710857       0.94392041867363297     
  0.43243243243243246        1.0020945053637655       0.94287744546108421     
  0.43643643643643643        1.0021019761123007       0.94182514778922499     
  0.44044044044044045        1.0021075918825693       0.94076353606461094     
  0.44444444444444442        1.0021113296728796       0.93969262078590843     
  0.44844844844844844        1.0021131680440081       0.93861241254378935     
  0.45245245245245247        1.0021130873692343       0.93752292202082743     
  0.45645645645645644        1.0021110696612101       0.93642415999139239     
  0.46046046046046046        1.0021070986159115       0.93531613732154295     
  0.46446446446446449        1.0021011595971230       0.93419886496891991     
  0.46846846846846846        1.0020932396885278       0.93307235398263733     
  0.47247247247247248        1.0020833276513703       0.93193661550317397     
  0.47647647647647645        1.0020714139574021       0.93079166076226205     
  0.48048048048048048        1.0020574907684794       0.92963750108277710     
  0.48448448448448450        1.0020415519421864       0.92847414787862570     
  0.48848848848848847        1.0020235930137260       0.92730161265463229     
  0.49249249249249250        1.0020036112138104       0.92611990700642588     
  0.49649649649649652        1.0019816054247213       0.92492904262032505     
  0.50050050050050054        1.0019575762110169       0.92372903127322259     
  0.50450450450450446        1.0019315257766608       0.92251988483246872     
  0.50850850850850848        1.0019034579715191       0.92130161525575405     
  0.51251251251251251        1.0018733782678744       0.92007423459099136     
  0.51651651651651653        1.0018412937609138       0.91883775497619602     
  0.52052052052052056        1.0018072131474856       0.91759218863936653     
  0.52452452452452447        1.0017711466825008       0.91633754789836308     
  0.52852852852852850        1.0017331062305710       0.91507384516078605     
  0.53253253253253252        1.0016931051426023       0.91380109292385314     
  0.53653653653653655        1.0016511583698406       0.91251930377427604     
  0.54054054054054057        1.0016072822866036       0.91122849038813569     
  0.54454454454454460        1.0015614948502094       0.90992866553075669     
  0.54854854854854851        1.0015138153686387       0.90861984205658186     
  0.55255255255255253        1.0014642647176821       0.90730203290904443     
  0.55655655655655656        1.0014128650381529       0.90597525112043986     
  0.56056056056056058        1.0013596400443048       0.90463950981179786     
  0.56456456456456461        1.0013046146099138       0.90329482219275237     
  0.56856856856856852        1.0012478151770172       0.90194120156140967     
  0.57257257257257255        1.0011892692499416       0.90057866130421826     
  0.57657657657657657        1.0011290058962068       0.89920721489583666     
  0.58058058058058060        1.0010670551329943       0.89782687589899912     
  0.58458458458458462        1.0010034485494566       0.89643765796438168     
  0.58858858858858853        1.0009382185537616       0.89503957483046792     
  0.59259259259259256        1.0008713991458793       0.89363264032341216     
  0.59659659659659658        1.0008030250061246       0.89221686835690384     
  0.60060060060060061        1.0007331324234656       0.89079227293202834     
  0.60460460460460463        1.0006617582199475       0.88935886813713039     
  0.60860860860860866        1.0005889408601791       0.88791666814767300     
  0.61261261261261257        1.0005147191796868       0.88646568722609853     
  0.61661661661661660        1.0004391336949148       0.88500593972168740     
  0.62062062062062062        1.0003622251227204       0.88353744007041513     
  0.62462462462462465        1.0002840359077338       0.88206020279481145     
  0.62862862862862867        1.0002046085135678       0.88057424250381455     
  0.63263263263263259        1.0001239871881666       0.87907957389262892     
  0.63663663663663661        1.0000422160108169       0.87757621174257761     
  0.64064064064064064       0.99995934090062744       0.87606417092095823     
  0.64464464464464466       0.99987540741056280       0.87454346638089420     
  0.64864864864864868       0.99979046301131824       0.87301411316118804     
  0.65265265265265260       0.99970455459442487       0.87147612638617244     
  0.65665665665665662       0.99961773105190010       0.86992952126555978     
  0.66066066066066065       0.99953004047854277       0.86837431309429269     
  0.66466466466466467       0.99944153305897576       0.86681051725239278     
  0.66866866866866870       0.99935225795754867       0.86523814920480835     
  0.67267267267267272       0.99926226652910366       0.86365722450126059     
  0.67667667667667664       0.99917160886428402       0.86206775877609154     
  0.68068068068068066       0.99908033735692992       0.86046976774810768     
  0.68468468468468469       0.99898850290492336       0.85886326722042616     
  0.68868868868868871       0.99889615881213911       0.85724827308031681     
  0.69269269269269274       0.99880335665303177       0.85562480129904683     
  0.69669669669669665       0.99871015051647061       0.85399286793172080     
  0.70070070070070067       0.99861659252883417       0.85235248911712413     
  0.70470470470470470       0.99852273744493103       0.85070368107756156     
  0.70870870870870872       0.99842863781030633       0.84904646011869800     
  0.71271271271271275       0.99833434891894046       0.84738084262939628     
  0.71671671671671666       0.99823992363170333       0.84570684508155602     
  0.72072072072072069       0.99814541765533504       0.84402448402995045     
  0.72472472472472471       0.99805088405256515       0.84233377611206173     
  0.72872872872872874       0.99795637882074428       0.84063473804791822     
  0.73273273273273276       0.99786195512453635       0.83892738663992727     
  0.73673673673673679       0.99776766912312675       0.83721173877271082     
  0.74074074074074070       0.99767357397842182       0.83548781141293649     
  0.74474474474474472       0.99757972589547705       0.83375562160915173     
  0.74874874874874875       0.99748617794631089       0.83201518649161366     
  0.75275275275275277       0.99739298625613992       0.83026652327212069     
  0.75675675675675680       0.99730020371673722       0.82850964924384218     
  0.76076076076076071       0.99720788626601775       0.82674458178114663     
  0.76476476476476474       0.99711608653761752       0.82497133833943037     
  0.76876876876876876       0.99702486013834857       0.82318993645494531     
  0.77277277277277279       0.99693425939324454       0.82140039374462548     
  0.77677677677677681       0.99684433945402340       0.81960272790591149     
  0.78078078078078073       0.99675515227663081       0.81779695671657793     
  0.78478478478478475       0.99666675243425751       0.81598309803455460     
  0.78878878878878878       0.99657919146798590       0.81416116979775299     
  0.79279279279279280       0.99649252324140802       0.81233119002388599     
  0.79679679679679682       0.99640679883688366       0.81049317681029232     
  0.80080080080080085       0.99632207127485262       0.80864714833375506     
  0.80480480480480476       0.99623839117491841       0.80679312285032445     
  0.80880880880880879       0.99615581056312863       0.80493111869513490     
  0.81281281281281281       0.99607437959031842       0.80306115428222591     
  0.81681681681681684       0.99599414915853557       0.80118324810435759     
  0.82082082082082086       0.99591516892916132       0.79929741873283022     
  0.82482482482482478       0.99583748853336429       0.79740368481729917     
  0.82882882882882880       0.99576115717100999       0.79550206508558996     
  0.83283283283283283       0.99568622304674392       0.79359257834351515     
  0.83683683683683685       0.99561273491677604       0.79167524347468543     
  0.84084084084084088       0.99554073941866372       0.78975007944032627     
  0.84484484484484490       0.99547028490620437       0.78781710527908688     
  0.84884884884884881       0.99540141626481904       0.78587634010685514     
  0.85285285285285284       0.99533418151091169       0.78392780311656585     
  0.85685685685685686       0.99526862360073232       0.78197151357801298     
  0.86086086086086089       0.99520479028760167       0.78000749083765841     
  0.86486486486486491       0.99514272240701696       0.77803575431843952     
  0.86886886886886883       0.99508246754516338       0.77605632351957921     
  0.87287287287287285       0.99502406423083400       0.77406921801639061     
  0.87687687687687688       0.99496755995556385       0.77207445746008641     
  0.88088088088088090       0.99491299076376016       0.77007206157758135     
  0.88488488488488493       0.99486040413615040       0.76806205017129980     
  0.88888888888888884       0.99480983345157514       0.76604444311897812     
  0.89289289289289286       0.99476132626212821       0.76401926037346957     
  0.89689689689689689       0.99471491311539462       0.76198652196254524     
  0.90090090090090091       0.99467064175651121       0.75994624798869781     
  0.90490490490490494       0.99462853963913689       0.75789845862894112     
  0.90890890890890896       0.99458865485835790       0.75584317413461199     
  0.91291291291291288       0.99455101153668246       0.75378041483116964     
  0.91691691691691690       0.99451565827660871       0.75171020111799358     
  0.92092092092092093       0.99448261565914264       0.74963255346818269     
  0.92492492492492495       0.99445193287065614       0.74754749242835361     
  0.92892892892892898       0.99442362679902807       0.74545503861843632     
  0.93293293293293289       0.99439774725876551       0.74335521273147021     
  0.93693693693693691       0.99437430731326493       0.74124803553340046     
  0.94094094094094094       0.99435335746913023       0.73913352786287123     
  0.94494494494494496       0.99433490676530523       0.73701171063102144     
  0.94894894894894899       0.99431900651896277       0.73488260482127599     
  0.95295295295295290       0.99430566151484101       0.73274623148913998     
  0.95695695695695693       0.99429492399275454       0.73060261176198882     
  0.96096096096096095       0.99428679434760059       0.72845176683886093     
  0.96496496496496498       0.99428132566595628       0.72629371799024722     
  0.96896896896896900       0.99427851394712030       0.72412848655788020     
  0.97297297297297303       0.99427841300643305       0.72195609395452465     
  0.97697697697697694       0.99428101427040949       0.71977656166376347     
  0.98098098098098097       0.99428637229322347       0.71758991123978799     
  0.98498498498498499       0.99429447406785632       0.71539616430718200     
  0.98898898898898902       0.99430537472403024       0.71319534256071038     
  0.99299299299299304       0.99431905678888299       0.71098746776510235     
  0.99699699699699695       0.99433557564436548       0.70877256175483849     
   1.0010010010010011       0.99435490959793460       0.70655064643393239     
   1.0050050050050050       0.99437711383198768       0.70432174377571666     
   1.0090090090090089       0.99440216271820170       0.70208587582262261     
   1.0130130130130131       0.99443011079370047       0.69984306468596524     
   1.0170170170170170       0.99446092871818026       0.69759333254572309     
   1.0210210210210211       0.99449466990756263       0.69533670165031780     
   1.0250250250250250       0.99453130175581528       0.69307319431639725     
   1.0290290290290289       0.99457087566109625       0.69080283292861089     
   1.0330330330330331       0.99461335653406668       0.68852563993939231     
   1.0370370370370370       0.99465879277907632       0.68624163786873360     
   1.0410410410410411       0.99470714745635580       0.68395084930396588     
   1.0450450450450450       0.99475846504509968       0.68165329689953280     
   1.0490490490490489       0.99481270762121088       0.67934900337676996     
   1.0530530530530531       0.99486991431391736       0.67703799152367639     
   1.0570570570570570       0.99493004751568792       0.67472028419469277     
   1.0610610610610611       0.99499313938998779       0.67239590431047247     
   1.0650650650650650       0.99505915386857824       0.67006487485765720     
   1.0690690690690692       0.99512811455497530       0.66772721888864850     
   1.0730730730730731       0.99519998840641444       0.66538295952137927     
   1.0770770770770770       0.99527478829624771       0.66303211993908673     
   1.0810810810810811       0.99535248619097882       0.66067472339008138     
   1.0850850850850851       0.99543308188835644       0.65831079318751895     
   1.0890890890890892       0.99551655426072772       0.65594035270916762     
   1.0930930930930931       0.99560288758108040       0.65356342539717938     
   1.0970970970970970       0.99569206995942128       0.65118003475785569     
   1.1011011011011012       0.99578406713036693       0.64879020436141710     
   1.1051051051051051       0.99587887905038153       0.64639395784176923     
   1.1091091091091092       0.99597644986102207       0.64399131889626848     
   1.1131131131131131       0.99607679410166095       0.64158231128548826     
   1.1171171171171170       0.99617983079869765       0.63916695883298480     
   1.1211211211211212       0.99628559228936842       0.63674528542506059     
   1.1251251251251251       0.99639396878706177       0.63431731501052790     
   1.1291291291291292       0.99650501360251698       0.63188307160047219     
   1.1331331331331331       0.99661858420886718       0.62944257926801572     
   1.1371371371371370       0.99673475854788518       0.62699586214807856     
   1.1411411411411412       0.99685335715320422       0.62454294443713887     
   1.1451451451451451       0.99697448614642303       0.62208385039299618     
   1.1491491491491492       0.99709792487875781       0.61961860433452864     
   1.1531531531531531       0.99722381157050810       0.61714723064145538     
   1.1571571571571571       0.99735187995063346       0.61466975375409227     
   1.1611611611611612       0.99748230405547156       0.61218619817311382     
   1.1651651651651651       0.99761476766278967       0.60969658845930685     
   1.1691691691691692       0.99774948448385525       0.60720094923333146     
   1.1731731731731732       0.99788608408515189       0.60469930517547543     
   1.1771771771771771       0.99802482337654308       0.60219168102540976     
   1.1811811811811812       0.99816527370630259       0.59967810158194490     
   1.1851851851851851       0.99830773848454324       0.59715859170278607     
   1.1891891891891893       0.99845172735039922       0.59463317630428669     
   1.1931931931931932       0.99859759299082040       0.59210188036120104     
   1.1971971971971973       0.99874478031568015       0.58956472890643952     
   1.2012012012012012       0.99889369341260714       0.58702174703081855     
   1.2052052052052051       0.99904371037541218       0.58447295988281511     
   1.2092092092092093       0.99919528787870904       0.58191839266831502     
   1.2132132132132132       0.99934773628540341       0.57935807065036715     
   1.2172172172172173       0.99950156482689123       0.57679201914892964     
   1.2212212212212212       0.99965601651443492       0.57422026354062339     
   1.2252252252252251       0.99981165168893549       0.57164282925847876     
   1.2292292292292293       0.99996764819994199       0.56905974179168362     
   1.2332332332332332        1.0001246141849462       0.56647102668533400     
   1.2372372372372373        1.0002816666393834       0.56387670954017777     
   1.2412412412412412        1.0004394560112053       0.56127681601236523     
   1.2452452452452452        1.0005970453242747       0.55867137181319193     
   1.2492492492492493        1.0007551192142072       0.55606040270884771     
   1.2532532532532532        1.0009126965507866       0.55344393452015839     
   1.2572572572572573        1.0010704850334629       0.55082199312233371     
   1.2612612612612613        1.0012274726986587       0.54819460444470980     
   1.2652652652652652        1.0013843756529559       0.54556179447049202     
   1.2692692692692693        1.0015401683996938       0.54292358923649942     
   1.2732732732732732        1.0016955568041519       0.54028001483290677     
   1.2772772772772774        1.0018495236389804       0.53763109740298687     
   1.2812812812812813        1.0020027413918373       0.53497686314285187     
   1.2852852852852852        1.0021542279402120       0.53231733830119210     
   1.2892892892892893        1.0023045942783155       0.52965254917902038     
   1.2932932932932932        1.0024529257782859       0.52698252212940966     
   1.2972972972972974        1.0025997383748035       0.52430728355723166     
   1.3013013013013013        1.0027442233717123       0.52162685991889790     
   1.3053053053053052        1.0028867621980013       0.51894127772209575     
   1.3093093093093093        1.0030266970133022       0.51625056352552856     
   1.3133133133133132        1.0031642290410006       0.51355474393865164     
   1.3173173173173174        1.0032989030706245       0.51085384562140879     
   1.3213213213213213        1.0034306879791075       0.50814789528396931     
   1.3253253253253254        1.0035593900568673       0.50543691968646431     
   1.3293293293293293        1.0036846869423910       0.50272094563872183     
   1.3333333333333333        1.0038067125410688       0.50000000000000033     
   1.3373373373373374        1.0039247878012931       0.49727410967872421     
   1.3413413413413413        1.0040394474309662       0.49454330163221866     
   1.3453453453453454        1.0041495839061119       0.49180760286644143     
   1.3493493493493494        1.0042562128179107       0.48906704043571680     
   1.3533533533533533        1.0043577204563201       0.48632164144246692     
   1.3573573573573574        1.0044556894236656       0.48357143303694439     
   1.3613613613613613        1.0045479171454597       0.48081644241696458     
   1.3653653653653655        1.0046366447882942       0.47805669682763607     
   1.3693693693693694        1.0047189944067405       0.47529222356109019     
   1.3733733733733733        1.0047979608924533       0.47252304995621203     
   1.3773773773773774        1.0048699022105791       0.46974920339837073     
   1.3813813813813813        1.0049386645505962       0.46697071131914814     
   1.3853853853853855        1.0049997529195234       0.46418760119606600     
   1.3893893893893894        1.0050579616811492       0.46139990055231739     
   1.3933933933933933        1.0051078568932912       0.45860763695649082     
   1.3973973973973974        1.0051552750134729       0.45581083802230099     
   1.4014014014014013        1.0051937624641047       0.45300953140831446     
   1.4054054054054055        1.0052302852630435       0.45020374481767350     
   1.4094094094094094        1.0052572993615898       0.44739350599782696     
   1.4134134134134133        1.0052829765371925       0.44457884274025250     
   1.4174174174174174        1.0052986257566434       0.44175978288018319     
   1.4214214214214214        1.0053136854554812       0.43893635429633082     
   1.4254254254254255        1.0053182796197331       0.43610858491061116     
   1.4294294294294294        1.0053231537740648       0.43327650268786849     
   1.4334334334334333        1.0053172334363263       0.43044013563559824     
   1.4374374374374375        1.0053125844007262       0.42759951180366951     
   1.4414414414414414        1.0052969520077191       0.42475465928404799     
   1.4454454454454455        1.0052837031413504       0.42190560621051937     
   1.4494494494494494        1.0052594566198105       0.41905238075840973     
   1.4534534534534536        1.0052388216981241       0.41619501114430768     
   1.4574574574574575        1.0052073872055598       0.41333352562578418     
   1.4614614614614614        1.0051809021174334       0.41046795250111390     
   1.4654654654654655        1.0051440692522096       0.40759832010899610     
   1.4694694694694694        1.0051136244695755       0.40472465682827363     
   1.4734734734734736        1.0050735820597094       0.40184699107765148     
   1.4774774774774775        1.0050414556473362       0.39896535131541649     
   1.4814814814814814        1.0050008271310507       0.39607976603915679     
   1.4854854854854855        1.0049697178068964       0.39319026378547872     
   1.4894894894894894        1.0049315950951687       0.39029687312972589     
   1.4934934934934936        1.0049046552979533       0.38739962268569328     
   1.4974974974974975        1.0048726299300781       0.38449854110534909     
   1.5015015015015014        1.0048534969324814       0.38159365707854875     
   1.5055055055055055        1.0048316881304387       0.37868499933275013     
   1.5095095095095095        1.0048245127528255       0.37577259663273255     
   1.5135135135135136        1.0048175888816850       0.37285647778030873     
   1.5175175175175175        1.0048270603012379       0.36993667161404314     
   1.5215215215215214        1.0048402494935857       0.36701320700896550     
   1.5255255255255256        1.0048716132149491       0.36408611287628412     
   1.5295295295295295        1.0049107107558222       0.36115541816310132     
   1.5335335335335336        1.0049697809606779       0.35822115185212744     
   1.5375375375375375        1.0050411381443236       0.35528334296139380     
   1.5415415415415414        1.0051342996152375       0.35234202054396474     
   1.5455455455455456        1.0052447991653095       0.34939721368765114     
   1.5495495495495495        1.0053789962976643       0.34644895151472355     
   1.5535535535535536        1.0055360057665259       0.34349726318162310     
   1.5575575575575575        1.0057187169040485       0.34054217787867375     
   1.5615615615615615        1.0059300192570899       0.33758372482979260     
   1.5655655655655656        1.0061692129155388       0.33462193329220158     
   1.5695695695695695        1.0064429089236060       0.33165683255613898     
   1.5735735735735736        1.0067469790071473       0.32868845194456903     
   1.5775775775775776        1.0070913563443291       0.32571682081289088     
   1.5815815815815817        1.0074690324878255       0.32274196854864945     
   1.5855855855855856        1.0078923982008732       0.31976392457124525     
   1.5895895895895895        1.0083526307091732       0.31678271833164295     
   1.5935935935935936        1.0088631034971753       0.31379837931207866     
   1.5975975975975976        1.0094149199219407       0.31081093702577139     
   1.6016016016016017        1.0100201766379138       0.30782042101662782     
   1.6056056056056056        1.0106725092132081       0.30482686085895305     
   1.6096096096096095        1.0113794853147176       0.30183028615715729     
   1.6136136136136137        1.0121409739459315       0.29883072654546011     
   1.6176176176176176        1.0129555178693412       0.29582821168760254     
   1.6216216216216217        1.0138342879963418       0.29282277127655032     
   1.6256256256256256        1.0147607647081804       0.28981443503420135     
   1.6296296296296295        1.0157641932612831       0.28680323271109065     
   1.6336336336336337        1.0168050458908826       0.28378919408609704     
   1.6376376376376376        1.0179395163902130       0.28077234896614933     
   1.6416416416416417        1.0190947850679242       0.27775272718593036     
   1.6456456456456456        1.0203654541465417       0.27473035860758332     
   1.6496496496496496        1.0216322583748099       0.27170527312041282     
   1.6536536536536537        1.0230428463513213       0.26867750064059459     
   1.6576576576576576        1.0244148346240964       0.26564707111087615     
   1.6616616616616617        1.0259674550444262       0.26261401450028199     
   1.6656656656656657        1.0274342332996862       0.25957836080381591     
   1.6696696696696696        1.0291292940940580       0.25654014004216519     
   1.6736736736736737        1.0306758231576472       0.25349938226140467     
   1.6776776776776776        1.0325120079265582       0.25045611753269870     
   1.6816816816816818        1.0341179828102465       0.24741037595200283     
   1.6856856856856857        1.0360923480072817       0.24436218763976714     
   1.6896896896896898        1.0377315522325656       0.24131158274063927     
   1.6936936936936937        1.0398397592516977       0.23825859142316480     
   1.6976976976976976        1.0414793755667127       0.23520324387949043     
   1.7017017017017018        1.0437160700533821       0.23214557032506186     
   1.7057057057057057        1.0453159562926255       0.22908560099833006     
   1.7097097097097098        1.0476753273834996       0.22602336616044894     
   1.7137137137137137        1.0491872197154666       0.22295889609497727     
   1.7177177177177176        1.0516637409292018       0.21989222110757800     
   1.7217217217217218        1.0530303914166319       0.21682337152571932     
   1.7257257257257257        1.0556197289573701       0.21375237769837560     
   1.7297297297297298        1.0567739692975455       0.21067926999572606     
   1.7337337337337337        1.0594740834540228       0.20760407880885565     
   1.7377377377377377        1.0603377818788609       0.20452683454945109     
   1.7417417417417418        1.0631501026340364       0.20144756764950522     
   1.7457457457457457        1.0636334765350224       0.19836630856101312     
   1.7497497497497498        1.0665633292788976       0.19528308775567005     
   1.7537537537537538        1.0665647678495105       0.19219793572457314     
   1.7577577577577577        1.0696228882334566       0.18911088297791637     
   1.7617617617617618        1.0690262393523045       0.18602196004469188     
   1.7657657657657657        1.0722303042677221       0.18293119747238676     
   1.7697697697697699        1.0709103249809375       0.17983862582668017     
   1.7737737737737738        1.0742708164905557       0.17674427569114179     
   1.7777777777777777        1.0721068666678863       0.17364817766693028     
   1.7817817817817818        1.0756320720709305       0.17055036237248988     
   1.7857857857857857        1.0724742690917737       0.16745086044324664     
   1.7897897897897899        1.0762095880883162       0.16434970253130635     
   1.7937937937937938        1.0718803291309393       0.16124691930515228     
   1.7977977977977977        1.0758740181648527       0.15814254144934106     
   1.8018018018018018        1.0702155046947743       0.15503659966419786     
   1.8058058058058057        1.0745013726851109       0.15192912466551589     
   1.8098098098098099        1.0673452774975973       0.14882014718424907     
   1.8138138138138138        1.0719656579692760       0.14570969796621130     
   1.8178178178178179        1.0631314065139101       0.14259780777177095     
   1.8218218218218218        1.0681388694101226       0.13948450737554591     
   1.8258258258258258        1.0574329923913435       0.13636982756610005     
   1.8298298298298299        1.0628911827356451       0.13325379914563965     
   1.8338338338338338        1.0501075853824211       0.13013645292970785     
   1.8378378378378379        1.0560911650291624       0.12701781974687870     
   1.8418418418418419        1.0410122616336459       0.12389793043845529     
   1.8458458458458458        1.0476060831975060       0.12077681585816115     
   1.8498498498498499        1.0300046014335322       0.11765450687183837     
   1.8538538538538538        1.0373023655222378       0.11453103435714140     
   1.8578578578578580        1.0169435372088511       0.11140642920322855     
   1.8618618618618619        1.0250462300032441       0.10828072231046192     
   1.8658658658658658        1.0016900840857341       0.10515394459009815     
   1.8698698698698699        1.0107044506630936       0.10202612696398421     
   1.8738738738738738       0.98410800064501802        9.8897300364250137E-002
   1.8778778778778780       0.99414520915608029        9.5767495733004110E-002
   1.8818818818818819       0.96406443800558961        9.2636744022027262E-002
   1.8858858858858858       0.97523898067214465        8.9505076192466795E-002
   1.8898898898898899       0.94143062296464364        8.6372523214528804E-002
   1.8938938938938938       0.95385942195763662        8.3239116067172991E-002
   1.8978978978978980       0.91608259851396034        8.0104885737807094E-002
   1.9019019019019019       0.92988425090300653        7.6969863221979185E-002
   1.9059059059059058       0.88790202576813571        7.3834079523072429E-002
   1.9099099099099099       0.90319612170898989        7.0697565651994948E-002
   1.9139139139139139       0.85677704093724472        6.7560352626878470E-002
   1.9179179179179180       0.87368350529776351        6.4422471472768014E-002
   1.9219219219219219       0.82260315829269726        6.1283953221316440E-002
   1.9259259259259258       0.84124158436034935        5.8144828910476183E-002
   1.9299299299299300       0.78528421145535077        5.5005129584193228E-002
   1.9339339339339339       0.80577316977283453        5.1864886292100981E-002
   1.9379379379379380       0.74473332783951063        4.8724130089211899E-002
   1.9419419419419419       0.76718964227383890        4.5582892035611673E-002
   1.9459459459459461       0.70087393325240188        4.2441203196148525E-002
   1.9499499499499500       0.72541192115391884        3.9299094640131337E-002
   1.9539539539539539       0.65364078505627354        3.6156597441019275E-002
   1.9579579579579580       0.68037146038865637        3.3013742676113601E-002
   1.9619619619619619       0.60298103303585759        2.9870561426253450E-002
   1.9659659659659661       0.63201127196662599        2.6727084775504926E-002
   1.9699699699699700       0.54885530742776878        2.3583343810856781E-002
   1.9739739739739739       0.58028697588114342        2.0439369621911660E-002
   1.9779779779779780       0.49123883369874877        1.7295193300577764E-002
   1.9819819819819819       0.52516787619069205        1.4150845940762258E-002
   1.9859859859859861       0.43012257376901547        1.1006358638064652E-002
   1.9899899899899900       0.46663806261171697        7.8617624894684063E-003
   1.9939939939939939       0.36551439356110144        4.7170885930325071E-003
   1.9979979979979980       0.40469753725105889        1.5723680475848198E-003
   2.0020020020020022       0.29744025708499627       -1.5723680475845747E-003
   2.0060060060060061       0.33936336628553376       -4.7170885930322625E-003
   2.0100100100100100       0.22594544780741974       -7.8617624894681600E-003
   2.0140140140140139       0.27067085690729720       -1.1006358638064406E-002
   2.0180180180180178       0.15109581752515019       -1.4150845940762012E-002
   2.0220220220220222       0.19867476575670326       -1.7295193300577522E-002
   2.0260260260260261        7.2979041480405835E-002  -2.0439369621911417E-002
   2.0300300300300300       0.12345063301722230       -2.3583343810856538E-002
   2.0340340340340339       -8.2944665407643451E-003  -2.6727084775504683E-002
   2.0380380380380378        4.5097455803819277E-002  -2.9870561426253207E-002
   2.0420420420420422       -9.2595214927922345E-002  -3.3013742676113789E-002
   2.0460460460460461       -3.6244061648599897E-002  -3.6156597441019026E-002
   2.0500500500500500      -0.17979018797542290       -3.9299094640131087E-002
   2.0540540540540539      -0.12037391257440203       -4.2441203196148275E-002
   2.0580580580580579      -0.26972513251614205       -4.5582892035610979E-002
   2.0620620620620622      -0.20706383807524487       -4.8724130089212093E-002
   2.0660660660660661      -0.36221934609985290       -5.1864886292100738E-002
   2.0700700700700700      -0.29605545261864086       -5.5005129584192979E-002
   2.0740740740740740      -0.45706463468208314       -5.8144828910475933E-002
   2.0780780780780779      -0.38705774493183454       -6.1283953221315746E-002
   2.0820820820820822      -0.55402402971956255       -6.4422471472768209E-002
   2.0860860860860861      -0.47974471950312420       -6.7560352626878220E-002
   2.0900900900900901      -0.65283130692276969       -7.0697565651994698E-002
   2.0940940940940940      -0.57375291989394639       -7.3834079523071736E-002
   2.0980980980980979      -0.75318991982219885       -7.6969863221978935E-002
   2.1021021021021022      -0.66867757140759265       -8.0104885737806844E-002
   2.1061061061061062      -0.85477162053262012       -8.3239116067172741E-002
   2.1101101101101101      -0.76406842485517201       -8.6372523214528554E-002
   2.1141141141141140      -0.95721579554693159       -8.9505076192466101E-002
   2.1181181181181179      -0.85942525484694976       -9.2636744022027012E-002
   2.1221221221221223       -1.0601291758194165       -9.5767495733003860E-002
   2.1261261261261262      -0.95419192896916560       -9.8897300364249888E-002
   2.1301301301301301       -1.1630852649160563      -0.10202612696398396     
   2.1341341341341340       -1.0477481587034418      -0.10515394459009790     
   2.1381381381381384       -1.2656239826337641      -0.10828072231046167     
   2.1421421421421423       -1.1393986280836730      -0.11140642920322831     
   2.1461461461461462       -1.3672517174775969      -0.11453103435714115     
   2.1501501501501501       -1.2283575636742172      -0.11765450687183812     
   2.1541541541541540       -1.4674411154023734      -0.12077681585816090     
   2.1581581581581584       -1.3137308022385499      -0.12389793043845504     
   2.1621621621621623       -1.5656176578168275      -0.12701781974687892     
   2.1661661661661662       -1.3945395681851067      -0.13013645292970763     
   2.1701701701701701       -1.6609426142702104      -0.13325379914563942     
   2.1741741741741740       -1.4703953779878742      -0.13636982756609983     
   2.1781781781781784       -1.7496393814841271      -0.13948450737554569     
   2.1821821821821823       -1.5501229844144102      -0.14259780777177072     
   2.1861861861861862       -1.7972328491398470      -0.14570969796621108     
   2.1901901901901901       -1.8011375507897884      -0.14882014718424885     
   2.1941941941941940       -1.5441316426948795      -0.15192912466551567     
   2.1981981981981984       -1.7557167978506187      -0.15503659966419808     
   2.2022022022022023       -1.4752132517597443      -0.15814254144934084     
   2.2062062062062062       -1.6815470611105425      -0.16124691930515206     
   2.2102102102102101       -1.4209703088314178      -0.16434970253130612     
   2.2142142142142140       -1.6107393307435003      -0.16745086044324597     
   2.2182182182182184       -1.3718801700019676      -0.17055036237248966     
   2.2222222222222223       -1.5455083490628623      -0.17364817766693005     
   2.2262262262262262       -1.3271043574729131      -0.17674427569114157     
   2.2302302302302301       -1.4856306291331414      -0.17983862582667995     
   2.2342342342342341       -1.2863715921158436      -0.18293119747238654     
   2.2382382382382384       -1.4307734510354593      -0.18602196004469207     
   2.2422422422422423       -1.2494328226349680      -0.18911088297791614     
   2.2462462462462462       -1.3806295728815994      -0.19219793572457292     
   2.2502502502502502       -1.2160433048767185      -0.19528308775566983     
   2.2542542542542541       -1.3349111722901170      -0.19836630856101248     
   2.2582582582582584       -1.1859671654218038      -0.20144756764950500     
   2.2622622622622623       -1.2933453979937566      -0.20452683454945086     
   2.2662662662662663       -1.1589782468098389      -0.20760407880885542     
   2.2702702702702702       -1.2556725253833765      -0.21067926999572584     
   2.2742742742742741       -1.1348597905500979      -0.21375237769837538     
   2.2782782782782784       -1.2216448771845672      -0.21682337152571909     
   2.2822822822822824       -1.1134039435122183      -0.21989222110757778     
   2.2862862862862863       -1.1910259158459633      -0.22295889609497704     
   2.2902902902902902       -1.0944113461875629      -0.22602336616044871     
   2.2942942942942941       -1.1635893787793308      -0.22908560099832984     
   2.2982982982982985       -1.0776908779852483      -0.23214557032506164     
   2.3023023023023024       -1.1391183952767676      -0.23520324387949024     
   2.3063063063063063       -1.0630596009538729      -0.23825859142316458     
   2.3103103103103102       -1.1174045557521683      -0.24131158274063905     
   2.3143143143143141       -1.0503429080353988      -0.24436218763976694     
   2.3183183183183185       -1.0982469505891479      -0.24741037595200260     
   2.3223223223223224       -1.0393748189379530      -0.25045611753269847     
   2.3263263263263263       -1.0814512674069323      -0.25349938226140445     
   2.3303303303303302       -1.0299982949488167      -0.25654014004216497     
   2.3343343343343341       -1.0668290927098474      -0.25957836080381524     
   2.3383383383383385       -1.0220654109563381      -0.26261401450028221     
   2.3423423423423424       -1.0541975633794596      -0.26564707111087593     
   2.3463463463463463       -1.0154372583539144      -0.26867750064059437     
   2.3503503503503502       -1.0433794444673212      -0.27170527312041259     
   2.3543543543543541       -1.0099835444014680      -0.27473035860758266     
   2.3583583583583585       -1.0342036024241272      -0.27775272718593058     
   2.3623623623623624       -1.0055819571909295      -0.28077234896614911     
   2.3663663663663663       -1.0265057467352066      -0.28378919408609682     
   2.3703703703703702       -1.0021174360300125      -0.28680323271108998     
   2.3743743743743742       -1.0201292662940469      -0.28981443503420068     
   2.3783783783783785      -0.99948150347448672      -0.29282277127655010     
   2.3823823823823824       -1.0149259967416966      -0.29582821168760237     
   2.3863863863863863      -0.99757177726722701      -0.29883072654545989     
   2.3903903903903903       -1.0107568032414618      -0.30183028615715662     
   2.3943943943943946      -0.99629171858088938      -0.30482686085895327     
   2.3983983983983985       -1.0074919302735770      -0.30782042101662760     
   2.4024024024024024      -0.99555060896221326      -0.31081093702577117     
   2.4064064064064064       -1.0050111243482258      -0.31379837931207849     
   2.4104104104104103      -0.99526370031045253      -0.31678271833164234     
   2.4144144144144146       -1.0032035728450555      -0.31976392457124503     
   2.4184184184184185      -0.99535245871445743      -0.32274196854864923     
   2.4224224224224224       -1.0019677157172531      -0.32571682081289072     
   2.4264264264264264      -0.99574482134324904      -0.32868845194456880     
   2.4304304304304303       -1.0012109841302639      -0.33165683255613876     
   2.4344344344344346      -0.99637414674746472      -0.33462193329220136     
   2.4384384384384385       -1.0008559200966527      -0.33758372482979238     
   2.4424424424424425      -0.99717122559959281      -0.34054217787867352     
   2.4464464464464464       -1.0008366622253551      -0.34349726318162288     
   2.4504504504504503      -0.99808293689763372      -0.34644895151472338     
   2.4544544544544546       -1.0010768303605353      -0.34939721368765092     
   2.4584584584584586      -0.99907435342243978      -0.35234202054396457     
   2.4624624624624625       -1.0015090516035536      -0.35528334296139358     
   2.4664664664664664       -1.0001100366188602      -0.35822115185212722     
   2.4704704704704703       -1.0020801571815694      -0.36115541816310109     
   2.4744744744744747       -1.0011567583940235      -0.36408611287628395     
   2.4784784784784786       -1.0027453661682608      -0.36701320700896528     
   2.4824824824824825       -1.0021876018582998      -0.36993667161404292     
   2.4864864864864864       -1.0034650724641667      -0.37285647778030850     
   2.4904904904904903       -1.0031816632214552      -0.37577259663273233     
   2.4944944944944947       -1.0042055563769685      -0.37868499933275035     
   2.4984984984984986       -1.0041223389434015      -0.38159365707854853     
   2.5025025025025025       -1.0049393274830667      -0.38449854110534887     
   2.5065065065065064       -1.0049964289431539      -0.38739962268569306     
   2.5105105105105103       -1.0056445361581883      -0.39029687312972527     
   2.5145145145145147       -1.0057939566358707      -0.39319026378547894     
   2.5185185185185186       -1.0063041566626745      -0.39607976603915657     
   2.5225225225225225       -1.0065079276370019      -0.39896535131541627     
   2.5265265265265264       -1.0069053191486754      -0.40184699107765126     
   2.5305305305305303       -1.0071339677649318      -0.40472465682827302     
   2.5345345345345347       -1.0074387706205414      -0.40759832010899633     
   2.5385385385385386       -1.0076699292563014      -0.41046795250111373     
   2.5425425425425425       -1.0078983706871276      -0.41333352562578402     
   2.5465465465465464       -1.0081155364637602      -0.41619501114430751     
   2.5505505505505504       -1.0082806086448770      -0.41905238075840956     
   2.5545545545545547       -1.0084720667303000      -0.42190560621051959     
   2.5585585585585586       -1.0085841570913414      -0.42475465928404776     
   2.5625625625625625       -1.0087420600588362      -0.42759951180366890     
   2.5665665665665665       -1.0088094707345014      -0.43044013563559802     
   2.5705705705705704       -1.0089290569681655      -0.43327650268786827     
   2.5745745745745747       -1.0089584299562209      -0.43610858491061100     
   2.5785785785785786       -1.0090373641983195      -0.43893635429633066     
   2.5825825825825826       -1.0090340285543435      -0.44175978288018303     
   2.5865865865865865       -1.0090718492912472      -0.44457884274025233     
   2.5905905905905904       -1.0090401010123655      -0.44739350599782673     
   2.5945945945945947       -1.0090377495697742      -0.45020374481767333     
   2.5985985985985987       -1.0089810275923197      -0.45300953140831385     
   2.6026026026026026       -1.0089405651872314      -0.45581083802230121     
   2.6066066066066065       -1.0088616944262492      -0.45860763695649065     
   2.6106106106106104       -1.0087858009372492      -0.46139990055231678     
   2.6146146146146148       -1.0086873273171961      -0.46418760119606622     
   2.6186186186186187       -1.0085790354887891      -0.46697071131914791     
   2.6226226226226226       -1.0084630662560146      -0.46974920339837051     
   2.6266266266266265       -1.0083258622656792      -0.47252304995621180     
   2.6306306306306309       -1.0081942061179519      -0.47529222356109002     
   2.6346346346346348       -1.0080316503616045      -0.47805669682763591     
   2.6386386386386387       -1.0078858973434788      -0.48081644241696481     
   2.6426426426426426       -1.0077015360312640      -0.48357143303694416     
   2.6466466466466465       -1.0075431430508266      -0.48632164144246637     
   2.6506506506506509       -1.0073404098249341      -0.48906704043571703     
   2.6546546546546548       -1.0071707445175839      -0.49180760286644165     
   2.6586586586586587       -1.0069528921866704      -0.49454330163221849     
   2.6626626626626626       -1.0067732615751361      -0.49727410967872404     
   2.6666666666666665       -1.0065433177212997      -0.49999999999999972     
   2.6706706706706709       -1.0063549854513756      -0.50272094563872161     
   2.6746746746746748       -1.0061157266323082      -0.50543691968646454     
   2.6786786786786787       -1.0059199218808306      -0.50814789528396909     
   2.6826826826826826       -1.0056738620582197      -0.51085384562140823     
   2.6866866866866865       -1.0054717825969768      -0.51355474393865141     
   2.6906906906906909       -1.0052211722556728      -0.51625056352552878     
   2.6946946946946948       -1.0050139834404368      -0.51894127772209564     
   2.6986986986986987       -1.0047608165422768      -0.52162685991889768     
   2.7027027027027026       -1.0045496480441642      -0.52430728355723144     
   2.7067067067067065       -1.0042956742494704      -0.52698252212940910     
   2.7107107107107109       -1.0040816153426824      -0.52965254917902060     
   2.7147147147147148       -1.0038283559095700      -0.53231733830119188     
   2.7187187187187187       -1.0036124503871566      -0.53497686314285131     
   2.7227227227227226       -1.0033612161788068      -0.53763109740298709     
   2.7267267267267266       -1.0031444574129249      -0.54028001483290666     
   2.7307307307307309       -1.0028963678492306      -0.54292358923649919     
   2.7347347347347348       -1.0026796943239653      -0.54556179447049191     
   2.7387387387387387       -1.0024356965820049      -0.54819460444470958     
   2.7427427427427427       -1.0022199882694138      -0.55082199312233360     
   2.7467467467467466       -1.0019808760429383      -0.55344393452015828     
   2.7507507507507509       -1.0017669516801113      -0.55606040270884749     
   2.7547547547547548       -1.0015333830944890      -0.55867137181319182     
   2.7587587587587588       -1.0013219984256978      -0.56127681601236501     
   2.7627627627627627       -1.0010945128703144      -0.56387670954017755     
   2.7667667667667666       -1.0008863598729509      -0.56647102668533345     
   2.7707707707707709       -1.0006653934774277      -0.56905974179168384     
   2.7747747747747749       -1.0004611004206478      -0.57164282925847854     
   2.7787787787787788       -1.0002470002017674      -0.57422026354062317     
   2.7827827827827827       -1.0000471325543123      -0.57679201914892952     
   2.7867867867867866      -0.99984016913612694      -0.57935807065036660     
   2.7907907907907910      -0.99964523115045700      -0.58191839266831491     
   2.7947947947947949      -0.99944561015569056      -0.58447295988281489     
   2.7987987987987988      -0.99925604712680216      -0.58702174703081833     
   2.8028028028028027      -0.99906391918522730      -0.58956472890643896     
   2.8068068068068066      -0.99888012002494353      -0.59210188036120082     
   2.8108108108108110      -0.99869558953439508      -0.59463317630428647     
   2.8148148148148149      -0.99851788982674006      -0.59715859170278585     
   2.8188188188188188      -0.99834102269027369      -0.59967810158194468     
   2.8228228228228227      -0.99816970806585636      -0.60219168102540921     
   2.8268268268268266      -0.99800053816430434      -0.60469930517547521     
   2.8308308308308310      -0.99783584763967159      -0.60720094923333168     
   2.8348348348348349      -0.99767438251736951      -0.60969658845930674     
   2.8388388388388388      -0.99751651220302540      -0.61218619817311326     
   2.8428428428428427      -0.99736273789641605      -0.61466975375409216     
   2.8468468468468466      -0.99721184440424693      -0.61714723064145482     
   2.8508508508508510      -0.99706572936468130      -0.61961860433452842     
   2.8548548548548549      -0.99692193350302294      -0.62208385039299596     
   2.8588588588588588      -0.99678343209524456      -0.62454294443713865     
   2.8628628628628627      -0.99664682214126765      -0.62699586214807834     
   2.8668668668668666      -0.99651587727988700      -0.62944257926801550     
   2.8708708708708710      -0.99638651243249399      -0.63188307160047208     
   2.8748748748748749      -0.99626305801576009      -0.63431731501052735     
   2.8788788788788788      -0.99614097135006907      -0.63674528542506048     
   2.8828828828828827      -0.99602493397081915      -0.63916695883298458     
   2.8868868868868871      -0.99591013555977781      -0.64158231128548815     
   2.8908908908908910      -0.99580143609749461      -0.64399131889626826     
   2.8948948948948949      -0.99569391552666331      -0.64639395784176901     
   2.8988988988988988      -0.99559247026808362      -0.64879020436141721     
   2.9029029029029028      -0.99549219934403399      -0.65118003475785557     
   2.9069069069069071      -0.99539792085509449      -0.65356342539717915     
   2.9109109109109110      -0.99530485570190397      -0.65594035270916740     
   2.9149149149149149      -0.99521765363949477      -0.65831079318751873     
   2.9189189189189189      -0.99513173688886969      -0.66067472339008115     
   2.9229229229229228      -0.99505151830401528      -0.66303211993908662     
   2.9269269269269271      -0.99497268090821345      -0.66538295952137938     
   2.9309309309309310      -0.99489935079507508      -0.66772721888864839     
   2.9349349349349350      -0.99482751355668664      -0.67006487485765742     
   2.9389389389389389      -0.99476097497219962      -0.67239590431047236     
   2.9429429429429428      -0.99469605012699125      -0.67472028419469232     
   2.9469469469469471      -0.99463620430936184      -0.67703799152367616     
   2.9509509509509511      -0.99457809662746566      -0.67934900337676973     
   2.9549549549549550      -0.99452484315284684      -0.68165329689953269     
   2.9589589589589589      -0.99447345104211760      -0.68395084930396566     
   2.9629629629629628      -0.99442668767129938      -0.68624163786873338     
   2.9669669669669672      -0.99438190414044580      -0.68852563993939209     
   2.9709709709709711      -0.99434152683603028      -0.69080283292861111     
   2.9749749749749750      -0.99430324010041071      -0.69307319431639702     
   2.9789789789789789      -0.99426914297563307      -0.69533670165031769     
   2.9829829829829828      -0.99423723715250067      -0.69759333254572287     
   2.9869869869869872      -0.99420931222104880      -0.69984306468596547     
   2.9909909909909911      -0.99418366785273782      -0.70208587582262250     
   2.9949949949949950      -0.99416180495921125      -0.70432174377571644     
   2.9989989989989989      -0.99414229928781739      -0.70655064643393228     
   3.0030030030030028      -0.99412638599158720      -0.70877256175483805     
   3.0070070070070072      -0.99411289328230612      -0.71098746776510247     
   3.0110110110110111      -0.99410281462183270      -0.71319534256071015     
   3.0150150150150150      -0.99409520641910321      -0.71539616430718178     
   3.0190190190190189      -0.99409084473162590      -0.71758991123978788     
   3.0230230230230228      -0.99408898995696759      -0.71977656166376336     
   3.0270270270270272      -0.99409022479483611      -0.72195609395452442     
   3.0310310310310311      -0.99409398987698916      -0.72412848655788031     
   3.0350350350350350      -0.99410069808209067      -0.72629371799024711     
   3.0390390390390389      -0.99410994687198184      -0.72845176683886070     
   3.0430430430430429      -0.99412200184839927      -0.73060261176198871     
   3.0470470470470472      -0.99413659557014500      -0.73274623148913987     
   3.0510510510510511      -0.99415386748327261      -0.73488260482127588     
   3.0550550550550550      -0.99417366470087054      -0.73701171063102133     
   3.0590590590590589      -0.99419602032994814      -0.73913352786287101     
   3.0630630630630629      -0.99422087691772199      -0.74124803553339991     
   3.0670670670670672      -0.99424817952713795      -0.74335521273147032     
   3.0710710710710711      -0.99427794868296870      -0.74545503861843621     
   3.0750750750750750      -0.99431005779867754      -0.74754749242835339     
   3.0790790790790790      -0.99434458989881691      -0.74963255346818258     
   3.0830830830830829      -0.99438136131703425      -0.75171020111799314     
   3.0870870870870872      -0.99442050379558156      -0.75378041483116953     
   3.0910910910910911      -0.99446178954681064      -0.75584317413461222     
   3.0950950950950951      -0.99450538675288191      -0.75789845862894101     
   3.0990990990990990      -0.99455103500852637      -0.75994624798869759     
   3.1031031031031029      -0.99459892818615303      -0.76198652196254535     
   3.1071071071071072      -0.99464878317810812      -0.76401926037346968     
   3.1111111111111112      -0.99470081037841784      -0.76604444311897801     
   3.1151151151151151      -0.99475471239367474      -0.76806205017129969     
   3.1191191191191190      -0.99481070839784003      -0.77007206157758090     
   3.1231231231231229      -0.99486849380985432      -0.77207445746008596     
   3.1271271271271273      -0.99492829002294025      -0.77406921801639050     
   3.1311311311311312      -0.99498979128353238      -0.77605632351957909     
   3.1351351351351351      -0.99505321574431382      -0.77803575431843974     
   3.1391391391391390      -0.99511826140855697      -0.78000749083765863     
   3.1431431431431434      -0.99518513879319548      -0.78197151357801342     
   3.1471471471471473      -0.99525355355594614      -0.78392780311656574     
   3.1511511511511512      -0.99532370516014457      -0.78587634010685492     
   3.1551551551551551      -0.99539530991634684      -0.78781710527908644     
   3.1591591591591590      -0.99546855369758180      -0.78975007944032583     
   3.1631631631631634      -0.99554316564293566      -0.79167524347468532     
   3.1671671671671673      -0.99561931628133560      -0.79359257834351493     
   3.1711711711711712      -0.99569674906510042      -0.79550206508559018     
   3.1751751751751751      -0.99577561796037217      -0.79740368481729929     
   3.1791791791791790      -0.99585568178214934      -0.79929741873283011     
   3.1831831831831834      -0.99593707721503544      -0.80118324810435748     
   3.1871871871871873      -0.99601957898775495      -0.80306115428222580     
   3.1911911911911912      -0.99610330623289578      -0.80493111869513456     
   3.1951951951951951      -0.99618804976286246      -0.80679312285032412     
   3.1991991991991990      -0.99627391124219855      -0.80864714833375495     
   3.2032032032032034      -0.99636069738501809      -0.81049317681029209     
   3.2072072072072073      -0.99644849283071535      -0.81233119002388610     
   3.2112112112112112      -0.99653711974778725      -0.81416116979775310     
   3.2152152152152151      -0.99662664639732923      -0.81598309803455449     
   3.2192192192192191      -0.99671690977947913      -0.81779695671657726     
   3.2232232232232234      -0.99680796261554772      -0.81960272790591171     
   3.2272272272272273      -0.99689965593839425      -0.82140039374462503     
   3.2312312312312312      -0.99699202790072383      -0.82318993645494509     
   3.2352352352352352      -0.99708494270857106      -0.82497133833943015     
   3.2392392392392391      -0.99717842498641807      -0.82674458178114651     
   3.2432432432432434      -0.99727235118231572      -0.82850964924384241     
   3.2472472472472473      -0.99736673351055705      -0.83026652327212114     
   3.2512512512512513      -0.99746145967007327      -0.83201518649161355     
   3.2552552552552552      -0.99755653061432437      -0.83375562160915107     
   3.2592592592592591      -0.99765184433719944      -0.83548781141293604     
   3.2632632632632634      -0.99774739165976900      -0.83721173877271049     
   3.2672672672672673      -0.99784307990998367      -0.83892738663992716     
   3.2712712712712713      -0.99793889091660559      -0.84063473804791811     
   3.2752752752752752      -0.99803474040323803      -0.84233377611206173     
   3.2792792792792791      -0.99813060230644413      -0.84402448402995045     
   3.2832832832832834      -0.99822639986130102      -0.84570684508155636     
   3.2872872872872874      -0.99832210018242851      -0.84738084262939606     
   3.2912912912912913      -0.99841763318421506      -0.84904646011869733     
   3.2952952952952952      -0.99851296016390412      -0.85070368107756111     
   3.2992992992992991      -0.99860801695346590      -0.85235248911712369     
   3.3033033033033035      -0.99870275998647950      -0.85399286793172058     
   3.3073073073073074      -0.99879713030126938      -0.85562480129904661     
   3.3113113113113113      -0.99889108035958107      -0.85724827308031681     
   3.3153153153153152      -0.99898455578355072      -0.85886326722042616     
   3.3193193193193191      -0.99907750589684063      -0.86046976774810746     
   3.3233233233233235      -0.99916988033358900      -0.86206775877609132     
   3.3273273273273274      -0.99926162604124824      -0.86365722450126015     
   3.3313313313313313      -0.99935269618207156      -0.86523814920480790     
   3.3353353353353352      -0.99944303602722062      -0.86681051725239255     
   3.3393393393393391      -0.99953260183132553      -0.86837431309429247     
   3.3433433433433435      -0.99962133783529517      -0.86992952126555956     
   3.3473473473473474      -0.99970920303065491      -0.87147612638617244     
   3.3513513513513513      -0.99979614120732896      -0.87301411316118827     
   3.3553553553553552      -0.99988211379097736      -0.87454346638089397     
   3.3593593593593591      -0.99996706464671414      -0.87606417092095756     
   3.3633633633633635       -1.0000509573906999      -0.87757621174257716     
   3.3673673673673674       -1.0001337364416207      -0.87907957389262847     
   3.3713713713713713       -1.0002153674028453      -0.88057424250381433     
   3.3753753753753752       -1.0002957956717600      -0.88206020279481123     
   3.3793793793793796       -1.0003749887050379      -0.88353744007041513     
   3.3833833833833835       -1.0004528932552961      -0.88500593972168740     
   3.3873873873873874       -1.0005294785297376      -0.88646568722609875     
   3.3913913913913913       -1.0006046929746444      -0.88791666814767278     
   3.3953953953953953       -1.0006785074850619      -0.88935886813712972     
   3.3993993993993996       -1.0007508725012315      -0.89079227293202790     
   3.4034034034034035       -1.0008217605813621      -0.89221686835690339     
   3.4074074074074074       -1.0008911244193675      -0.89363264032341194     
   3.4114114114114114       -1.0009589382359330      -0.89503957483046781     
   3.4154154154154153       -1.0010251572181204      -0.89643765796438168     
   3.4194194194194196       -1.0010897572787101      -0.89782687589899912     
   3.4234234234234235       -1.0011526963008930      -0.89920721489583688     
   3.4274274274274275       -1.0012139519388221      -0.90057866130421815     
   3.4314314314314314       -1.0012734849517475      -0.90194120156140900     
   3.4354354354354353       -1.0013312748023795      -0.90329482219275192     
   3.4394394394394396       -1.0013872852830821      -0.90463950981179775     
   3.4434434434434436       -1.0014414977469071      -0.90597525112043964     
   3.4474474474474475       -1.0014938791570631      -0.90730203290904421     
   3.4514514514514514       -1.0015444128487447      -0.90861984205658186     
   3.4554554554554553       -1.0015930690671369      -0.90992866553075646     
   3.4594594594594597       -1.0016398332373995      -0.91122849038813580     
   3.4634634634634636       -1.0016846789875378      -0.91251930377427593     
   3.4674674674674675       -1.0017275939349584      -0.91380109292385281     
   3.4714714714714714       -1.0017685551848881      -0.91507384516078560     
   3.4754754754754753       -1.0018075526474108      -0.91633754789836286     
   3.4794794794794797       -1.0018445669720428      -0.91759218863936631     
   3.4834834834834836       -1.0018795904778646      -0.91883775497619591     
   3.4874874874874875       -1.0019126074131934      -0.92007423459099136     
   3.4914914914914914       -1.0019436126143628      -0.92130161525575383     
   3.4954954954954953       -1.0019725939743349      -0.92251988483246850     
   3.4994994994994997       -1.0019995489479359      -0.92372903127322248     
   3.5035035035035036       -1.0020244691109572      -0.92492904262032472     
   3.5075075075075075       -1.0020473546270645      -0.92611990700642566     
   3.5115115115115114       -1.0020682007874888      -0.92730161265463207     
   3.5155155155155153       -1.0020870105461217      -0.92847414787862559     
   3.5195195195195197       -1.0021037829214852      -0.92963750108277710     
   3.5235235235235236       -1.0021185237531187      -0.93079166076226205     
   3.5275275275275275       -1.0021312357795404      -0.93193661550317375     
   3.5315315315315314       -1.0021419277866199      -0.93307235398263721     
   3.5355355355355353       -1.0021506062387491      -0.93419886496891946     
   3.5395395395395397       -1.0021572829237917      -0.93531613732154262     
   3.5435435435435436       -1.0021619680106519      -0.93642415999139206     
   3.5475475475475475       -1.0021646763429890      -0.93752292202082732     
   3.5515515515515514       -1.0021654217600280      -0.93861241254378924     
   3.5555555555555554       -1.0021642221805083      -0.93969262078590843     
   3.5595595595595597       -1.0021610950048991      -0.94076353606461116     
   3.5635635635635636       -1.0021560613194298      -0.94182514778922477     
   3.5675675675675675       -1.0021491421473339      -0.94287744546108421     
   3.5715715715715715       -1.0021403616769264      -0.94392041867363274     
   3.5755755755755754       -1.0021297444803314      -0.94495405711252811     
   3.5795795795795797       -1.0021173178209775      -0.94597835055574231     
   3.5835835835835836       -1.0021031097343855      -0.94699328887366330     
   3.5875875875875876       -1.0020871505834921      -0.94799886202919548     
   3.5915915915915915       -1.0020694717471532      -0.94899506007785894     
   3.5955955955955954       -1.0020501066384038      -0.94998187316788696     
   3.5995995995995997       -1.0020290898852684      -0.95095929154032532     
   3.6036036036036037       -1.0020064579178121      -0.95192730552912663     
   3.6076076076076076       -1.0019822484920340      -0.95288590556124664     
   3.6116116116116115       -1.0019565009758702      -0.95383508215674029     
   3.6156156156156154       -1.0019292561337136      -0.95477482592885354     
   3.6196196196196198       -1.0019005561926340      -0.95570512758411708     
   3.6236236236236237       -1.0018704447394327      -0.95662597792243798     
   3.6276276276276276       -1.0018389668401000      -0.95753736783719101     
   3.6316316316316315       -1.0018061686848070      -0.95843928831530878     
   3.6356356356356359       -1.0017720980876526      -0.95933173043737030     
   3.6396396396396398       -1.0017368036667942      -0.96021468537768961     
   3.6436436436436437       -1.0017003358328820      -0.96108814440440271     
   3.6476476476476476       -1.0016627455046785      -0.96195209887955480     
   3.6516516516516515       -1.0016240854739447      -0.96280654025918444     
   3.6556556556556559       -1.0015844088201689      -0.96365146009340885     
   3.6596596596596598       -1.0015437704784436      -0.96448685002650714     
   3.6636636636636637       -1.0015022255764519      -0.96531270179700357     
   3.6676676676676676       -1.0014598309041565      -0.96612900723774797     
   3.6716716716716715       -1.0014166435566207      -0.96693575827599820     
   3.6756756756756759       -1.0013727217377575      -0.96773294693349898     
   3.6796796796796798       -1.0013281246095220      -0.96852056532655983     
   3.6836836836836837       -1.0012829112348187      -0.96929860566613557     
   3.6876876876876876       -1.0012371428788991      -0.97006706025790090     
   3.6916916916916915       -1.0011908790029964      -0.97082592150232783     
   3.6956956956956959       -1.0011441829208141      -0.97157518189476044     
   3.6996996996996998       -1.0010971140522593      -0.97231483402548924     
   3.7037037037037037       -1.0010497376530838      -0.97304487057982392     
   3.7077077077077076       -1.0010021127427546      -0.97376528433816678     
   3.7117117117117115       -1.0009543061986879      -0.97447606817608323     
   3.7157157157157159       -1.0009063766438142      -0.97517721506437227     
   3.7197197197197198       -1.0008583917358906      -0.97586871806913611     
   3.7237237237237237       -1.0008104101935089      -0.97655057035184933     
   3.7277277277277276       -1.0007624991620008      -0.97722276516942586     
   3.7317317317317316       -1.0007147183811669      -0.97788529587428519     
   3.7357357357357359       -1.0006671326789938      -0.97853815591441973     
   3.7397397397397398       -1.0006198043012586      -0.97918133883345804     
   3.7437437437437437       -1.0005727934392388      -0.97981483827072935     
   3.7477477477477477       -1.0005261664774239      -0.98043864796132674     
   3.7517517517517516       -1.0004799769740811      -0.98105276173616807     
   3.7557557557557559       -1.0004342964466848      -0.98165717352205806     
   3.7597597597597598       -1.0003891706319523      -0.98225187734174813     
   3.7637637637637638       -1.0003446758421961      -0.98283686731399489     
   3.7677677677677677       -1.0003008510322673      -0.98341213765361879     
   3.7717717717717716       -1.0002577739026111      -0.98397768267156138     
   3.7757757757757759       -1.0002154811973007      -0.98453349677494195     
   3.7797797797797799       -1.0001740446635241      -0.98507957446711136     
   3.7837837837837838       -1.0001335079333575      -0.98561591034770824     
   3.7877877877877877       -1.0000939244478373      -0.98614249911271146     
   3.7917917917917916       -1.0000553586345453      -0.98665933555449192     
   3.7957957957957960       -1.0000178293673938      -0.98716641456186571     
   3.7997997997997999      -0.99998143835088815      -0.98766373112014327     
   3.8038038038038038      -0.99994615308897816      -0.98815128031117960     
   3.8078078078078077      -0.99991212637524740      -0.98862905731342254     
   3.8118118118118116      -0.99987926451744413      -0.98909705740196108     
   3.8158158158158160      -0.99984777309016104      -0.98955527594857173     
   3.8198198198198199      -0.99981750573274764      -0.99000370842176366     
   3.8238238238238238      -0.99978869693946526      -0.99044235038682449     
   3.8278278278278277      -0.99976118925637847      -0.99087119750586350     
   3.8318318318318316      -0.99973518200251454      -0.99129024553785516     
   3.8358358358358360      -0.99971059475917790      -0.99169949033868066     
   3.8398398398398399      -0.99968747691478232      -0.99209892786116838     
   3.8438438438438438      -0.99966596448567313      -0.99248855415513493     
   3.8478478478478477      -0.99964579535764297      -0.99286836536742351     
   3.8518518518518516      -0.99962749675793894      -0.99323835774194280     
   3.8558558558558560      -0.99961031855167792      -0.99359852761970280     
   3.8598598598598599      -0.99959533804341072      -0.99394887143885202     
   3.8638638638638638      -0.99958119925368993      -0.99428938573471282     
   3.8678678678678677      -0.99956957454422390      -0.99462006713981466     
   3.8718718718718717      -0.99955856530259135      -0.99494091238392857     
   3.8758758758758760      -0.99955022601337995      -0.99525191829409909     
   3.8798798798798799      -0.99954251907916802      -0.99555308179467450     
   3.8838838838838838      -0.99953724679912270      -0.99584439990733942     
   3.8878878878878878      -0.99953312705075292      -0.99612586975114281     
   3.8918918918918921      -0.99953054033237887      -0.99639748854252641     
   3.8958958958958960      -0.99953039298225432      -0.99665925359535279     
   3.8998998998998999      -0.99952999306482393      -0.99691116232093191     
   3.9039039039039038      -0.99953421093695727      -0.99715321222804643     
   3.9079079079079078      -0.99953552915299493      -0.99738540092297623     
   3.9119119119119121      -0.99954430146190532      -0.99760772610952264     
   3.9159159159159160      -0.99954717332166976      -0.99782018558903074     
   3.9199199199199199      -0.99956015226445838      -0.99802277726041111     
   3.9239239239239239      -0.99956509243637770      -0.99821549912016083     
   3.9279279279279278      -0.99958100438817810      -0.99839834926238302     
   3.9319319319319321      -0.99958956560599876      -0.99857132587880604     
   3.9359359359359360      -0.99960593787242946      -0.99873442725880057     
   3.9399399399399400      -0.99962083013332748      -0.99888765178939798     
   3.9439439439439439      -0.99963409817002336      -0.99903099795530448     
   3.9479479479479478      -0.99965878905255046      -0.99916446433891781     
   3.9519519519519521      -0.99966503479390822      -0.99928804962034024     
   3.9559559559559561      -0.99970266790980100      -0.99940175257739150     
   3.9599599599599600      -0.99969899767223058      -0.99950557208562174     
   3.9639639639639639      -0.99975083306823320      -0.99959950711832180     
   3.9679679679679678      -0.99973695476035063      -0.99968355674653397     
   3.9719719719719722      -0.99980094264361530      -0.99975772013906072     
   3.9759759759759761      -0.99978041017847052      -0.99982199656247328     
   3.9799799799799800      -0.99984987621161514      -0.99987638538111856     
   3.9839839839839839      -0.99983252374731013      -0.99992088605712559     
   3.9879879879879878      -0.99989048758811105      -0.99995549815041107     
   3.9919919919919922      -0.99990564130299153      -0.99998022131868336     
   3.9959959959959961      -0.99989762468336252      -0.99999505531744570     
   4.0000000000000000       -1.0000000000000000       -1.0000000000000000     
