   0.0000000000000000        1.0000000000000000       0.99999999999999989     
   4.0040040040040040E-003  0.99994539887361433       0.99999505531744592     
   8.0080080080080079E-003  0.99999858661801388       0.99998022131868325     
   1.2012012012012012E-002  0.99998849133994527       0.99995549815041107     
   1.6016016016016016E-002   1.0000902788410047       0.99992088605712559     
   2.0020020020020020E-002   1.0000451212352588       0.99987638538111856     
   2.4024024024024024E-002   1.0001627469929470       0.99982199656247328     
   2.8028028028028028E-002   1.0001197925352727       0.99975772013906072     
   3.2032032032032032E-002   1.0002266831668367       0.99968355674653397     
   3.6036036036036036E-002   1.0002038040806123       0.99959950711832180     
   4.0040040040040040E-002   1.0002879212787192       0.99950557208562174     
   4.4044044044044044E-002   1.0002902627974781       0.99940175257739161     
   4.8048048048048048E-002   1.0003504566301136       0.99928804962034012     
   5.2052052052052052E-002   1.0003743717765727       0.99916446433891792     
   5.6056056056056056E-002   1.0004159672780066       0.99903099795530459     
   6.0060060060060060E-002   1.0004537333369963       0.99888765178939798     
   6.4064064064064064E-002   1.0004840372851980       0.99873442725880068     
   6.8068068068068074E-002   1.0005277403377972       0.99857132587880615     
   7.2072072072072071E-002   1.0005530046965385       0.99839834926238324     
   7.6076076076076082E-002   1.0005966633659782       0.99821549912016094     
   8.0080080080080079E-002   1.0006208237977370       0.99802277726041122     
   8.4084084084084090E-002   1.0006609243655011       0.99782018558903074     
   8.8088088088088087E-002   1.0006856271454558       0.99760772610952264     
   9.2092092092092098E-002   1.0007207101453175       0.99738540092297623     
   9.6096096096096095E-002   1.0007459605543585       0.99715321222804643     
  0.10010010010010011        1.0007758697372948       0.99691116232093191     
  0.10410410410410410        1.0008007933902423       0.99665925359535279     
  0.10810810810810811        1.0008259746930090       0.99639748854252641     
  0.11211211211211211        1.0008494222458577       0.99612586975114281     
  0.11611611611611612        1.0008704375213762       0.99584439990733964     
  0.12012012012012012        1.0008913526942727       0.99555308179467450     
  0.12412412412412413        1.0009086239329090       0.99525191829409887     
  0.12812812812812813        1.0009262036757682       0.99494091238392868     
  0.13213213213213212        1.0009399322811166       0.99462006713981466     
  0.13613613613613615        1.0009536476854475       0.99428938573471282     
  0.14014014014014015        1.0009638370058596       0.99394887143885213     
  0.14414414414414414        1.0009733831068082       0.99359852761970280     
  0.14814814814814814        1.0009799042204020       0.99323835774194291     
  0.15215215215215216        1.0009851283840929       0.99286836536742373     
  0.15615615615615616        1.0009877902590469       0.99248855415513493     
  0.16016016016016016        1.0009886276805449       0.99209892786116838     
  0.16416416416416416        1.0009872325715510       0.99169949033868066     
  0.16816816816816818        1.0009836607871485       0.99129024553785539     
  0.17217217217217218        1.0009780390829703       0.99087119750586361     
  0.17617617617617617        1.0009700513731832       0.99044235038682449     
  0.18018018018018017        1.0009600781087429       0.99000370842176388     
  0.18418418418418420        1.0009476730942066       0.98955527594857196     
  0.18818818818818819        1.0009332719575896       0.98909705740196130     
  0.19219219219219219        1.0009164527300474       0.98862905731342254     
  0.19619619619619619        1.0008975926648411       0.98815128031117949     
  0.20020020020020021        1.0008763706376818       0.98766373112014327     
  0.20420420420420421        1.0008530595839220       0.98716641456186571     
  0.20820820820820821        1.0008274596406608       0.98665933555449203     
  0.21221221221221220        1.0007997378298081       0.98614249911271146     
  0.21621621621621623        1.0007698027319827       0.98561591034770846     
  0.22022022022022023        1.0007377370961088       0.98507957446711159     
  0.22422422422422422        1.0007035305198297       0.98453349677494206     
  0.22822822822822822        1.0006672106770118       0.98397768267156138     
  0.23223223223223224        1.0006288185603263       0.98341213765361868     
  0.23623623623623624        1.0005883539811831       0.98283686731399489     
  0.24024024024024024        1.0005458845643951       0.98225187734174813     
  0.24424424424424424        1.0005014030195447       0.98165717352205828     
  0.24824824824824826        1.0004549860432479       0.98105276173616818     
  0.25225225225225223        1.0004066324198646       0.98043864796132674     
  0.25625625625625625        1.0003564176982334       0.97981483827072957     
  0.26026026026026028        1.0003043533295426       0.97918133883345804     
  0.26426426426426425        1.0002505092281069       0.97853815591441973     
  0.26826826826826827        1.0001949111451847       0.97788529587428519     
  0.27227227227227230        1.0001376228063148       0.97722276516942586     
  0.27627627627627627        1.0000786831133095       0.97655057035184956     
  0.28028028028028029        1.0000181509946460       0.97586871806913633     
  0.28428428428428426       0.99995607585377477       0.97517721506437238     
  0.28828828828828829       0.99989251420196323       0.97447606817608334     
  0.29229229229229231       0.99982752300807776       0.97376528433816700     
  0.29629629629629628       0.99976115847109359       0.97304487057982403     
  0.30030030030030030       0.99969348264326208       0.97231483402548924     
  0.30430430430430433       0.99962455311666809       0.97157518189476044     
  0.30830830830830830       0.99955443495487628       0.97082592150232794     
  0.31231231231231232       0.99948318824764215       0.97006706025790113     
  0.31631631631631629       0.99941087984226240       0.96929860566613568     
  0.32032032032032032       0.99933757258724765       0.96852056532656006     
  0.32432432432432434       0.99926333444107396       0.96773294693349898     
  0.32832832832832831       0.99918823102863907       0.96693575827599854     
  0.33233233233233234       0.99911233094762708       0.96612900723774819     
  0.33633633633633636       0.99903570230992378       0.96531270179700357     
  0.34034034034034033       0.99895841429643029       0.96448685002650714     
  0.34434434434434436       0.99888053685819234       0.96365146009340885     
  0.34834834834834832       0.99880213984139066       0.96280654025918455     
  0.35235235235235235       0.99872329453157649       0.96195209887955491     
  0.35635635635635637       0.99864407131317456       0.96108814440440293     
  0.36036036036036034       0.99856454239700732       0.96021468537768961     
  0.36436436436436437       0.99848477867258945       0.95933173043737041     
  0.36836836836836839       0.99840485275038937       0.95843928831530878     
  0.37237237237237236       0.99832483601040956       0.95753736783719101     
  0.37637637637637639       0.99824480106002733       0.95662597792243798     
  0.38038038038038036       0.99816481960915970       0.95570512758411708     
  0.38438438438438438       0.99808496402588809       0.95477482592885377     
  0.38838838838838841       0.99800530604289750       0.95383508215674051     
  0.39239239239239238       0.99792591764986838       0.95288590556124697     
  0.39639639639639640       0.99784687036135356       0.95192730552912663     
  0.40040040040040042       0.99776823554398431       0.95095929154032544     
  0.40440440440440439       0.99769008430307593       0.94998187316788707     
  0.40840840840840842       0.99761248716184459       0.94899506007785894     
  0.41241241241241239       0.99753551461570111       0.94799886202919548     
  0.41641641641641641       0.99745923622436949       0.94699328887366341     
  0.42042042042042044       0.99738372155293054       0.94597835055574242     
  0.42442442442442441       0.99730903912086866       0.94495405711252856     
  0.42842842842842843       0.99723525730144946       0.94392041867363297     
  0.43243243243243246       0.99716244346755833       0.94287744546108421     
  0.43643643643643643       0.99709066462651819       0.94182514778922499     
  0.44044044044044045       0.99701998679621207       0.94076353606461094     
  0.44444444444444442       0.99695047549739257       0.93969262078590843     
  0.44844844844844844       0.99688219521972576       0.93861241254378935     
  0.45245245245245247       0.99681520986655336       0.93752292202082743     
  0.45645645645645644       0.99674958226126165       0.93642415999139239     
  0.46046046046046046       0.99668537453485995       0.93531613732154295     
  0.46446446446446449       0.99662264774125031       0.93419886496891991     
  0.46846846846846846       0.99656146208628693       0.93307235398263733     
  0.47247247247247248       0.99650187674609303       0.93193661550317397     
  0.47647647647647645       0.99644394988157881       0.93079166076226205     
  0.48048048048048048       0.99638773868642816       0.92963750108277710     
  0.48448448448448450       0.99633329918687075       0.92847414787862570     
  0.48848848848848847       0.99628068646059886       0.92730161265463229     
  0.49249249249249250       0.99622995434016792       0.92611990700642588     
  0.49649649649649652       0.99618115566881738       0.92492904262032505     
  0.50050050050050054       0.99613434201486772       0.92372903127322259     
  0.50450450450450446       0.99608956390373060       0.92251988483246872     
  0.50850850850850848       0.99604687056502728       0.92130161525575405     
  0.51251251251251251       0.99600631012175134       0.92007423459099136     
  0.51651651651651653       0.99596792942159074       0.91883775497619602     
  0.52052052052052056       0.99593177412848710       0.91759218863936653     
  0.52452452452452447       0.99589788861527540       0.91633754789836308     
  0.52852852852852850       0.99586631605922460       0.91507384516078605     
  0.53253253253253252       0.99583709830572542       0.91380109292385314     
  0.53653653653653655       0.99581027599290606       0.91251930377427604     
  0.54054054054054057       0.99578588840835192       0.91122849038813569     
  0.54454454454454460       0.99576397360799107       0.90992866553075669     
  0.54854854854854851       0.99574456828876456       0.90861984205658186     
  0.55255255255255253       0.99572770789217480       0.90730203290904443     
  0.55655655655655656       0.99571342649482553       0.90597525112043986     
  0.56056056056056058       0.99570175691850882       0.90463950981179786     
  0.56456456456456461       0.99569273059763275       0.90329482219275237     
  0.56856856856856852       0.99568637770258017       0.90194120156140967     
  0.57257257257257255       0.99568272702853688       0.90057866130421826     
  0.57657657657657657       0.99568180608044854       0.89920721489583666     
  0.58058058058058060       0.99568364090357331       0.89782687589899912     
  0.58458458458458462       0.99568825630055680       0.89643765796438168     
  0.58858858858858853       0.99569567580148211       0.89503957483046792     
  0.59259259259259256       0.99570592155666615       0.89363264032341216     
  0.59659659659659658       0.99571901444527089       0.89221686835690384     
  0.60060060060060061       0.99573497397626720       0.89079227293202834     
  0.60460460460460463       0.99575381838790855       0.88935886813713039     
  0.60860860860860866       0.99577556456170557       0.88791666814767300     
  0.61261261261261257       0.99580022811144864       0.88646568722609853     
  0.61661661661661660       0.99582782330883868       0.88500593972168740     
  0.62062062062062062       0.99585836316452769       0.88353744007041513     
  0.62462462462462465       0.99589185936225566       0.88206020279481145     
  0.62862862862862867       0.99592832233513351       0.88057424250381455     
  0.63263263263263259       0.99596776120490671       0.87907957389262892     
  0.63663663663663661       0.99601018385640139       0.87757621174257761     
  0.64064064064064064       0.99605559687924383       0.87606417092095823     
  0.64464464464464466       0.99610400564230284       0.87454346638089420     
  0.64864864864864868       0.99615541423691256       0.87301411316118804     
  0.65265265265265260       0.99620982555116899       0.87147612638617244     
  0.65665665665665662       0.99626724121515320       0.86992952126555978     
  0.66066066066066065       0.99632766167419007       0.86837431309429269     
  0.66466466466466467       0.99639108613705807       0.86681051725239278     
  0.66866866866866870       0.99645751264690330       0.86523814920480835     
  0.67267267267267272       0.99652693803353731       0.86365722450126059     
  0.67667667667667664       0.99659935798104593       0.86206775877609154     
  0.68068068068068066       0.99667476698476110       0.86046976774810768     
  0.68468468468468469       0.99675315841487089       0.85886326722042616     
  0.68868868868868871       0.99683452447877507       0.85724827308031681     
  0.69269269269269274       0.99691885627984167       0.85562480129904683     
  0.69669669669669665       0.99700614378569397       0.85399286793172080     
  0.70070070070070067       0.99709637588178435       0.85235248911712413     
  0.70470470470470470       0.99718954034531671       0.85070368107756156     
  0.70870870870870872       0.99728562389449438       0.84904646011869800     
  0.71271271271271275       0.99738461216623020       0.84738084262939628     
  0.71671671671671666       0.99748648976414833       0.84570684508155602     
  0.72072072072072069       0.99759124023532486       0.84402448402995045     
  0.72472472472472471       0.99769884612311777       0.84233377611206173     
  0.72872872872872874       0.99780928893548226       0.84063473804791822     
  0.73273273273273276       0.99792254921131696       0.83892738663992727     
  0.73673673673673679       0.99803860647067055       0.83721173877271082     
  0.74074074074074070       0.99815743930384226       0.83548781141293649     
  0.74474474474474472       0.99827902529679857       0.83375562160915173     
  0.74874874874874875       0.99840334114358209       0.83201518649161366     
  0.75275275275275277       0.99853036255632266       0.83026652327212069     
  0.75675675675675680       0.99866006437244714       0.82850964924384218     
  0.76076076076076071       0.99879242050855166       0.82674458178114663     
  0.76476476476476474       0.99892740399099111       0.82497133833943037     
  0.76876876876876876       0.99906498698626967       0.82318993645494531     
  0.77277277277277279       0.99920514078045697       0.82140039374462548     
  0.77677677677677681       0.99934783583289399       0.81960272790591149     
  0.78078078078078073       0.99949304175045017       0.81779695671657793     
  0.78478478478478475       0.99964072734154419       0.81598309803455460     
  0.78878878878878878       0.99979086058636069       0.81416116979775299     
  0.79279279279279280       0.99994340869891374       0.81233119002388599     
  0.79679679679679682        1.0000983380916368       0.81049317681029232     
  0.80080080080080085        1.0002556144243482       0.80864714833375506     
  0.80480480480480476        1.0004152026223123       0.80679312285032445     
  0.80880880880880879        1.0005770668252889       0.80493111869513490     
  0.81281281281281281        1.0007411705353817       0.80306115428222591     
  0.81681681681681684        1.0009074764399526       0.80118324810435759     
  0.82082082082082086        1.0010759466410264       0.79929741873283022     
  0.82482482482482478        1.0012465424570371       0.79740368481729917     
  0.82882882882882880        1.0014192246269813       0.79550206508558996     
  0.83283283283283283        1.0015939531698306       0.79359257834351515     
  0.83683683683683685        1.0017706874892818       0.79167524347468543     
  0.84084084084084088        1.0019493863967142       0.78975007944032627     
  0.84484484484484490        1.0021300079985929       0.78781710527908688     
  0.84884884884884881        1.0023125099369419       0.78587634010685514     
  0.85285285285285284        1.0024968491145831       0.78392780311656585     
  0.85685685685685686        1.0026829820057612       0.78197151357801298     
  0.86086086086086089        1.0028708644124738       0.78000749083765841     
  0.86486486486486491        1.0030604516467427       0.77803575431843952     
  0.86886886886886883        1.0032516985138169       0.77605632351957921     
  0.87287287287287285        1.0034445591936647       0.77406921801639061     
  0.87687687687687688        1.0036389875350467       0.77207445746008641     
  0.88088088088088090        1.0038349366916364       0.77007206157758135     
  0.88488488488488493        1.0040323595293155       0.76806205017129980     
  0.88888888888888884        1.0042312083097011       0.76604444311897812     
  0.89289289289289286        1.0044314348853518       0.76401926037346957     
  0.89689689689689689        1.0046329907619984       0.76198652196254524     
  0.90090090090090091        1.0048358268330102       0.75994624798869781     
  0.90490490490490494        1.0050398938070733       0.75789845862894112     
  0.90890890890890896        1.0052451417917949       0.75584317413461199     
  0.91291291291291288        1.0054515206366543       0.75378041483116964     
  0.91691691691691690        1.0056589798228321       0.75171020111799358     
  0.92092092092092093        1.0058674683618785       0.74963255346818269     
  0.92492492492492495        1.0060769351140399       0.74754749242835361     
  0.92892892892892898        1.0062873284142677       0.74545503861843632     
  0.93293293293293289        1.0064985964110345       0.74335521273147021     
  0.93693693693693691        1.0067106869607421       0.74124803553340046     
  0.94094094094094094        1.0069235475029601       0.73913352786287123     
  0.94494494494494496        1.0071371254244281       0.73701171063102144     
  0.94894894894894899        1.0073513676322798       0.73488260482127599     
  0.95295295295295290        1.0075662209267360       0.73274623148913998     
  0.95695695695695693        1.0077816319079407       0.73060261176198882     
  0.96096096096096095        1.0079975468166427       0.72845176683886093     
  0.96496496496496498        1.0082139118844118       0.72629371799024722     
  0.96896896896896900        1.0084306730306776       0.72412848655788020     
  0.97297297297297303        1.0086477760102750       0.72195609395452465     
  0.97697697697697694        1.0088651665926631       0.71977656166376347     
  0.98098098098098097        1.0090827901656516       0.71758991123978799     
  0.98498498498498499        1.0093005921964133       0.71539616430718200     
  0.98898898898898902        1.0095185180007009       0.71319534256071038     
  0.99299299299299304        1.0097365127296263       0.71098746776510235     
  0.99699699699699695        1.0099545215909111       0.70877256175483849     
   1.0010010010010011        1.0101724896758615       0.70655064643393239     
   1.0050050050050050        1.0103903619732439       0.70432174377571666     
   1.0090090090090089        1.0106080836603137       0.70208587582262261     
   1.0130130130130131        1.0108255996698874       0.69984306468596524     
   1.0170170170170170        1.0110428550863311       0.69759333254572309     
   1.0210210210210211        1.0112597950825519       0.69533670165031780     
   1.0250250250250250        1.0114763647373248       0.69307319431639725     
   1.0290290290290289        1.0116925092537994       0.69080283292861089     
   1.0330330330330331        1.0119081740792666       0.68852563993939231     
   1.0370370370370370        1.0121233044825821       0.68624163786873360     
   1.0410410410410411        1.0123378460949968       0.68395084930396588     
   1.0450450450450450        1.0125517446310230       0.68165329689953280     
   1.0490490490490489        1.0127649459179595       0.67934900337676996     
   1.0530530530530531        1.0129773959606532       0.67703799152367639     
   1.0570570570570570        1.0131890411576798       0.67472028419469277     
   1.0610610610610611        1.0133998278179017       0.67239590431047247     
   1.0650650650650650        1.0136097027433353       0.67006487485765720     
   1.0690690690690692        1.0138186129352773       0.66772721888864850     
   1.0730730730730731        1.0140265056408528       0.66538295952137927     
   1.0770770770770770        1.0142333283450971       0.66303211993908673     
   1.0810810810810811        1.0144390291250203       0.66067472339008138     
   1.0850850850850851        1.0146435560380573       0.65831079318751895     
   1.0890890890890892        1.0148468577939316       0.65594035270916762     
   1.0930930930930931        1.0150488833000089       0.65356342539717938     
   1.0970970970970970        1.0152495820677954       0.65118003475785569     
   1.1011011011011012        1.0154489037440679       0.64879020436141710     
   1.1051051051051051        1.0156467987099269       0.64639395784176923     
   1.1091091091091092        1.0158432176346728       0.64399131889626848     
   1.1131131131131131        1.0160381117677597       0.64158231128548826     
   1.1171171171171170        1.0162314326898010       0.63916695883298480     
   1.1211211211211212        1.0164231327878213       0.63674528542506059     
   1.1251251251251251        1.0166131647042775       0.63431731501052790     
   1.1291291291291292        1.0168014818521744       0.63188307160047219     
   1.1331331331331331        1.0169880379531431       0.62944257926801572     
   1.1371371371371370        1.0171727877360301       0.62699586214807856     
   1.1411411411411412        1.0173556860728032       0.62454294443713887     
   1.1451451451451451        1.0175366888576682       0.62208385039299618     
   1.1491491491491492        1.0177157521862583       0.61961860433452864     
   1.1531531531531531        1.0178928333798911       0.61714723064145538     
   1.1571571571571571        1.0180678897906403       0.61466975375409227     
   1.1611611611611612        1.0182408800375953       0.61218619817311382     
   1.1651651651651651        1.0184117627896472       0.60969658845930685     
   1.1691691691691692        1.0185804981293050       0.60720094923333146     
   1.1731731731731732        1.0187470461005810       0.60469930517547543     
   1.1771771771771771        1.0189113681792112       0.60219168102540976     
   1.1811811811811812        1.0190734257783960       0.59967810158194490     
   1.1851851851851851        1.0192331817713292       0.59715859170278607     
   1.1891891891891893        1.0193905990512317       0.59463317630428669     
   1.1931931931931932        1.0195456419205053       0.59210188036120104     
   1.1971971971971973        1.0196982745899714       0.58956472890643952     
   1.2012012012012012        1.0198484628191711       0.58702174703081855     
   1.2052052052052051        1.0199961720990693       0.58447295988281511     
   1.2092092092092093        1.0201413695722970       0.58191839266831502     
   1.2132132132132132        1.0202840220585923       0.57935807065036715     
   1.2172172172172173        1.0204240979916193       0.57679201914892964     
   1.2212212212212212        1.0205615653309033       0.57422026354062339     
   1.2252252252252251        1.0206963937535856       0.57164282925847876     
   1.2292292292292293        1.0208285522436809       0.56905974179168362     
   1.2332332332332332        1.0209580115834394       0.56647102668533400     
   1.2372372372372373        1.0210847416161688       0.56387670954017777     
   1.2412412412412412        1.0212087140505819       0.56127681601236523     
   1.2452452452452452        1.0213298994505882       0.55867137181319193     
   1.2492492492492493        1.0214482702121586       0.55606040270884771     
   1.2532532532532532        1.0215637973268112       0.55344393452015839     
   1.2572572572572573        1.0216764536446106       0.55082199312233371     
   1.2612612612612613        1.0217862102899093       0.54819460444470980     
   1.2652652652652652        1.0218930402488817       0.54556179447049202     
   1.2692692692692693        1.0219969144247558       0.54292358923649942     
   1.2732732732732732        1.0220978055631074       0.54028001483290677     
   1.2772772772772774        1.0221956839265303       0.53763109740298687     
   1.2812812812812813        1.0222905215775320       0.53497686314285187     
   1.2852852852852852        1.0223822876464297       0.53231733830119210     
   1.2892892892892893        1.0224709529970764       0.52965254917902038     
   1.2932932932932932        1.0225564850565767       0.52698252212940966     
   1.2972972972972974        1.0226388528937618       0.52430728355723166     
   1.3013013013013013        1.0227180215743734       0.52162685991889790     
   1.3053053053053052        1.0227939576872449       0.51894127772209575     
   1.3093093093093093        1.0228666231829444       0.51625056352552856     
   1.3133133133133132        1.0229359813843835       0.51355474393865164     
   1.3173173173173174        1.0230019902275549       0.51085384562140879     
   1.3213213213213213        1.0230646089730711       0.50814789528396931     
   1.3253253253253254        1.0231237905684598       0.50543691968646431     
   1.3293293293293293        1.0231794891236106       0.50272094563872183     
   1.3333333333333333        1.0232316515407116       0.50000000000000033     
   1.3373373373373374        1.0232802256563536       0.49727410967872421     
   1.3413413413413413        1.0233251510609542       0.49454330163221866     
   1.3453453453453454        1.0233663680626992       0.49180760286644143     
   1.3493493493493494        1.0234038076817980       0.48906704043571680     
   1.3533533533533533        1.0234374012400602       0.48632164144246692     
   1.3573573573573574        1.0234670695653740       0.48357143303694439     
   1.3613613613613613        1.0234927333985271       0.48081644241696458     
   1.3653653653653655        1.0235143018366979       0.47805669682763607     
   1.3693693693693694        1.0235316833784505       0.47529222356109019     
   1.3733733733733733        1.0235447733231275       0.47252304995621203     
   1.3773773773773774        1.0235534659347725       0.46974920339837073     
   1.3813813813813813        1.0235576409652567       0.46697071131914814     
   1.3853853853853855        1.0235571763939812       0.46418760119606600     
   1.3893893893893894        1.0235519340203523       0.46139990055231739     
   1.3933933933933933        1.0235417732073966       0.45860763695649082     
   1.3973973973973974        1.0235265352069993       0.45581083802230099     
   1.4014014014014013        1.0235060584442446       0.45300953140831446     
   1.4054054054054055        1.0234801609378656       0.45020374481767350     
   1.4094094094094094        1.0234486574834061       0.44739350599782696     
   1.4134134134134133        1.0234113399522053       0.44457884274025250     
   1.4174174174174174        1.0233679965992322       0.44175978288018319     
   1.4214214214214214        1.0233183899976419       0.43893635429633082     
   1.4254254254254255        1.0232622787242505       0.43610858491061116     
   1.4294294294294294        1.0231993926602008       0.43327650268786849     
   1.4334334334334333        1.0231294573339682       0.43044013563559824     
   1.4374374374374375        1.0230521662931122       0.42759951180366951     
   1.4414414414414414        1.0229672084101376       0.42475465928404799     
   1.4454454454454455        1.0228742370071202       0.42190560621051937     
   1.4494494494494494        1.0227729004521215       0.41905238075840973     
   1.4534534534534536        1.0226628076994568       0.41619501114430768     
   1.4574574574574575        1.0225435625218076       0.41333352562578418     
   1.4614614614614614        1.0224147251158691       0.41046795250111390     
   1.4654654654654655        1.0222758503257283       0.40759832010899610     
   1.4694694694694694        1.0221264449593623       0.40472465682827363     
   1.4734734734734736        1.0219660103588668       0.40184699107765148     
   1.4774774774774775        1.0217939950815016       0.39896535131541649     
   1.4814814814814814        1.0216098421581852       0.39607976603915679     
   1.4854854854854855        1.0214129368172664       0.39319026378547872     
   1.4894894894894894        1.0212026587401593       0.39029687312972589     
   1.4934934934934936        1.0209783245516990       0.38739962268569328     
   1.4974974974974975        1.0207392453253668       0.38449854110534909     
   1.5015015015015014        1.0204846636368974       0.38159365707854875     
   1.5055055055055055        1.0202138164848584       0.37868499933275013     
   1.5095095095095095        1.0199258668106785       0.37577259663273255     
   1.5135135135135136        1.0196199718766825       0.37285647778030873     
   1.5175175175175175        1.0192952093033032       0.36993667161404314     
   1.5215215215215214        1.0189506507774841       0.36701320700896550     
   1.5255255255255256        1.0185852828557713       0.36408611287628412     
   1.5295295295295295        1.0181980856519066       0.36115541816310132     
   1.5335335335335336        1.0177879489122910       0.35822115185212744     
   1.5375375375375375        1.0173537550423362       0.35528334296139380     
   1.5415415415415414        1.0168942912896888       0.35234202054396474     
   1.5455455455455456        1.0164083361024465       0.34939721368765114     
   1.5495495495495495        1.0158945686679128       0.34644895151472355     
   1.5535535535535536        1.0153516571393579       0.34349726318162310     
   1.5575575575575575        1.0147781672873009       0.34054217787867375     
   1.5615615615615615        1.0141726505709263       0.33758372482979260     
   1.5655655655655656        1.0135335542796522       0.33462193329220158     
   1.5695695695695695        1.0128593067454974       0.33165683255613898     
   1.5735735735735736        1.0121482321006052       0.32868845194456903     
   1.5775775775775776        1.0113986291112838       0.32571682081289088     
   1.5815815815815817        1.0106086945694994       0.32274196854864945     
   1.5855855855855856        1.0097765912601528       0.31976392457124525     
   1.5895895895895895        1.0089003850594191       0.31678271833164295     
   1.5935935935935936        1.0079780964055840       0.31379837931207866     
   1.5975975975975976        1.0070076574134219       0.31081093702577139     
   1.6016016016016017        1.0059869398860504       0.30782042101662782     
   1.6056056056056056        1.0049137401924246       0.30482686085895305     
   1.6096096096096095        1.0037857753124060       0.30183028615715729     
   1.6136136136136137        1.0026007048851970       0.29883072654546011     
   1.6176176176176176        1.0013560850003145       0.29582821168760254     
   1.6216216216216217        1.0000494387307082       0.29282277127655032     
   1.6256256256256256       0.99867815534572979       0.28981443503420135     
   1.6296296296296295       0.99723962281712719       0.28680323271109065     
   1.6336336336336337       0.99573105781242499       0.28378919408609704     
   1.6376376376376376       0.99414971612963010       0.28077234896614933     
   1.6416416416416417       0.99249263620526129       0.27775272718593036     
   1.6456456456456456       0.99075694622053323       0.27473035860758332     
   1.6496496496496496       0.98893950090077409       0.27170527312041282     
   1.6536536536536537       0.98703730716969529       0.26867750064059459     
   1.6576576576576576       0.98504703069770960       0.26564707111087615     
   1.6616616616616617       0.98296556549082459       0.26261401450028199     
   1.6656656656656657       0.98078938293435314       0.25957836080381591     
   1.6696696696696696       0.97851527462001864       0.25654014004216519     
   1.6736736736736737       0.97613951249683140       0.25349938226140467     
   1.6776776776776776       0.97365879859692628       0.25045611753269870     
   1.6816816816816818       0.97106920031338273       0.24741037595200283     
   1.6856856856856857       0.96836734551651560       0.24436218763976714     
   1.6896896896896898       0.96554909189410876       0.24131158274063927     
   1.6936936936936937       0.96261101129098892       0.23825859142316480     
   1.6976976976976976       0.95954874643447030       0.23520324387949043     
   1.7017017017017018       0.95635883421740675       0.23214557032506186     
   1.7057057057057057       0.95303669695424531       0.22908560099833006     
   1.7097097097097098       0.94957886079757614       0.22602336616044894     
   1.7137137137137137       0.94598052189239967       0.22295889609497727     
   1.7177177177177176       0.94223822320337880       0.21989222110757800     
   1.7217217217217218       0.93834692852300006       0.21682337152571932     
   1.7257257257257257       0.93430322872355076       0.21375237769837560     
   1.7297297297297298       0.93010184849849731       0.21067926999572606     
   1.7337337337337337       0.92573946146763664       0.20760407880885565     
   1.7377377377377377       0.92121054576508665       0.20452683454945109     
   1.7417417417417418       0.91651189654001997       0.20144756764950522     
   1.7457457457457457       0.91163773703098605       0.19836630856101312     
   1.7497497497497498       0.90658502683215847       0.19528308775567005     
   1.7537537537537538       0.90134772490290882       0.19219793572457314     
   1.7577577577577577       0.89592300251492207       0.18911088297791637     
   1.7617617617617618       0.89030454373920953       0.18602196004469188     
   1.7657657657657657       0.88448978324571437       0.18293119747238676     
   1.7697697697697699       0.87847211820059734       0.17983862582668017     
   1.7737737737737738       0.87224930303717252       0.17674427569114179     
   1.7777777777777777       0.86581443441115158       0.17364817766693028     
   1.7817817817817818       0.85916564766598702       0.17055036237248988     
   1.7857857857857857       0.85229572357402905       0.16745086044324664     
   1.7897897897897899       0.84520324443193928       0.16434970253130635     
   1.7937937937937938       0.83788065781769860       0.16124691930515228     
   1.7977977977977977       0.83032706400871326       0.15814254144934106     
   1.8018018018018018       0.82253455797995156       0.15503659966419786     
   1.8058058058058057       0.81450283405942758       0.15192912466551589     
   1.8098098098098099       0.80622361296825695       0.14882014718424907     
   1.8138138138138138       0.79769726422107590       0.14570969796621130     
   1.8178178178178179       0.78891511026614358       0.14259780777177095     
   1.8218218218218218       0.77987828199307063       0.13948450737554591     
   1.8258258258258258       0.77057767708610425       0.13636982756610005     
   1.8298298298298299       0.76101527899564481       0.13325379914563965     
   1.8338338338338338       0.75118153159975787       0.13013645292970785     
   1.8378378378378379       0.74107936699375121       0.12701781974687870     
   1.8418418418418419       0.73069874360546483       0.12389793043845529     
   1.8458458458458458       0.72004364301105628       0.12077681585816115     
   1.8498498498498499       0.70910350392196930       0.11765450687183837     
   1.8538538538538538       0.69788346278633140       0.11453103435714140     
   1.8578578578578580       0.68637240172358926       0.11140642920322855     
   1.8618618618618619       0.67457672175065120       0.10828072231046192     
   1.8658658658658658       0.66248470895766565       0.10515394459009815     
   1.8698698698698699       0.65010414262795224       0.10202612696398421     
   1.8738738738738738       0.63742267090798554        9.8897300364250137E-002
   1.8778778778778780       0.62444956868326840        9.5767495733004110E-002
   1.8818818818818819       0.61117180188831299        9.2636744022027262E-002
   1.8858858858858858       0.59760026156186785        8.9505076192466795E-002
   1.8898898898898899       0.58372118496745862        8.6372523214528804E-002
   1.8938938938938938       0.56954720257807956        8.3239116067172991E-002
   1.8978978978978980       0.55506377454098910        8.0104885737807094E-002
   1.9019019019019019       0.54028539622416927        7.6969863221979185E-002
   1.9059059059059058       0.52519670047401457        7.3834079523072429E-002
   1.9099099099099099       0.50981417457653899        7.0697565651994948E-002
   1.9139139139139139       0.49412157244376498        6.7560352626878470E-002
   1.9179179179179180       0.47813750117788800        6.4422471472768014E-002
   1.9219219219219219       0.46184478300888432        6.1283953221316440E-002
   1.9259259259259258       0.44526427286873205        5.8144828910476183E-002
   1.9299299299299300       0.42837780782334728        5.5005129584193228E-002
   1.9339339339339339       0.41120861792849883        5.1864886292100981E-002
   1.9379379379379380       0.39373750129517066        4.8724130089211899E-002
   1.9419419419419419       0.37599018876361001        4.5582892035611673E-002
   1.9459459459459461       0.35794638586169303        4.2441203196148525E-002
   1.9499499499499500       0.33963444724536035        3.9299094640131337E-002
   1.9539539539539539       0.32103293291172641        3.6156597441019275E-002
   1.9579579579579580       0.30217294065122691        3.3013742676113601E-002
   1.9619619619619619       0.28303183322712389        2.9870561426253450E-002
   1.9659659659659661       0.26364356599600008        2.6727084775504926E-002
   1.9699699699699700       0.24398425463776932        2.3583343810856781E-002
   1.9739739739739739       0.22409082035068595        2.0439369621911660E-002
   1.9779779779779780       0.20393808437470903        1.7295193300577764E-002
   1.9819819819819819       0.18356603454283063        1.4150845940762258E-002
   1.9859859859859861       0.16294815333772811        1.1006358638064652E-002
   1.9899899899899900       0.14212758743335294        7.8617624894684063E-003
   1.9939939939939939       0.12107643912643964        4.7170885930325071E-003
   1.9979979979979980        9.9841097817326779E-002   1.5723680475848198E-003
   2.0020020020020022        7.8392244098900637E-002  -1.5723680475845747E-003
   2.0060060060060061        5.6779590222431245E-002  -4.7170885930322625E-003
   2.0100100100100100        3.4972351048260936E-002  -7.8617624894681600E-003
   2.0140140140140139        1.3023592935171337E-002  -1.1006358638064406E-002
   2.0180180180180178       -9.0986861056349157E-003  -1.4150845940762012E-002
   2.0220220220220222       -3.1339396292445559E-002  -1.7295193300577522E-002
   2.0260260260260261       -5.3726810987403707E-002  -2.0439369621911417E-002
   2.0300300300300300       -7.6207444401207858E-002  -2.3583343810856538E-002
   2.0340340340340339       -9.8806176090571365E-002  -2.6727084775504683E-002
   2.0380380380380378      -0.12147099928230803       -2.9870561426253207E-002
   2.0420420420420422      -0.14422348864800935       -3.3013742676113789E-002
   2.0460460460460461      -0.16701303676315207       -3.6156597441019026E-002
   2.0500500500500500      -0.18985800199106193       -3.9299094640131087E-002
   2.0540540540540539      -0.21270909364731483       -4.2441203196148275E-002
   2.0580580580580579      -0.23558156922262252       -4.5582892035610979E-002
   2.0620620620620622      -0.25842740444713486       -4.8724130089212093E-002
   2.0660660660660661      -0.28125890059139147       -5.1864886292100738E-002
   2.0700700700700700      -0.30402926083612763       -5.5005129584192979E-002
   2.0740740740740740      -0.32674797963837526       -5.8144828910475933E-002
   2.0780780780780779      -0.34936945207403447       -6.1283953221315746E-002
   2.0820820820820822      -0.37190052344919483       -6.4422471472768209E-002
   2.0860860860860861      -0.39429675963282940       -6.7560352626878220E-002
   2.0900900900900901      -0.41656253356158646       -7.0697565651994698E-002
   2.0940940940940940      -0.43865458797341639       -7.3834079523071736E-002
   2.0980980980980979      -0.46057502969380665       -7.6969863221978935E-002
   2.1021021021021022      -0.48228181963358874       -8.0104885737806844E-002
   2.1061061061061062      -0.50377503633936971       -8.3239116067172741E-002
   2.1101101101101101      -0.52501393516672867       -8.6372523214528554E-002
   2.1141141141141140      -0.54599683450635594       -8.9505076192466101E-002
   2.1181181181181179      -0.56668439746160471       -9.2636744022027012E-002
   2.1221221221221223      -0.58707348540904869       -9.5767495733003860E-002
   2.1261261261261262      -0.60712632761036456       -9.8897300364249888E-002
   2.1301301301301301      -0.62683867587846365      -0.10202612696398396     
   2.1341341341341340      -0.64617453986023343      -0.10515394459009790     
   2.1381381381381384      -0.66512896411259637      -0.10828072231046167     
   2.1421421421421423      -0.68366801863893556      -0.11140642920322831     
   2.1461461461461462      -0.70178650530672426      -0.11453103435714115     
   2.1501501501501501      -0.71945290429696274      -0.11765450687183812     
   2.1541541541541540      -0.73666230178354797      -0.12077681585816090     
   2.1581581581581584      -0.75338600433368585      -0.12389793043845504     
   2.1621621621621623      -0.76961996512614961      -0.12701781974687892     
   2.1661661661661662      -0.78533878926072864      -0.13013645292970763     
   2.1701701701701701      -0.80053992040491651      -0.13325379914563942     
   2.1741741741741740      -0.81520176874230899      -0.13636982756609983     
   2.1781781781781784      -0.82932390346837082      -0.13948450737554569     
   2.1821821821821823      -0.84288904194100245      -0.14259780777177072     
   2.1861861861861862      -0.85589947729714744      -0.14570969796621108     
   2.1901901901901901      -0.86834267323881331      -0.14882014718424885     
   2.1941941941941940      -0.88022414168504992      -0.15192912466551567     
   2.1981981981981984      -0.89153639454200462      -0.15503659966419808     
   2.2022022022022023      -0.90228847805171897      -0.15814254144934084     
   2.2062062062062062      -0.91247804596306514      -0.16124691930515206     
   2.2102102102102101      -0.92211775783999561      -0.16434970253130612     
   2.2142142142142140      -0.93121025317096717      -0.16745086044324597     
   2.2182182182182184      -0.93977161944605347      -0.17055036237248966     
   2.2222222222222223      -0.94780905323661857      -0.17364817766693005     
   2.2262262262262262      -0.95534159951285258      -0.17674427569114157     
   2.2302302302302301      -0.96238029782379353      -0.17983862582667995     
   2.2342342342342341      -0.96894640801999410      -0.18293119747238654     
   2.2382382382382384      -0.97505387044925740      -0.18602196004469207     
   2.2422422422422423      -0.98072525607562810      -0.18911088297791614     
   2.2462462462462462      -0.98597639110812518      -0.19219793572457292     
   2.2502502502502502      -0.99083026718599654      -0.19528308775566983     
   2.2542542542542541      -0.99530367265326369      -0.19836630856101248     
   2.2582582582582584      -0.99941927174560752      -0.20144756764950500     
   2.2622622622622623       -1.0031940670080328      -0.20452683454945086     
   2.2662662662662663       -1.0066498309903440      -0.20760407880885542     
   2.2702702702702702       -1.0098032180440661      -0.21067926999572584     
   2.2742742742742741       -1.0126747172690138      -0.21375237769837538     
   2.2782782782782784       -1.0152802367865559      -0.21682337152571909     
   2.2822822822822824       -1.0176387367164286      -0.21989222110757778     
   2.2862862862862863       -1.0197651182375045      -0.22295889609497704     
   2.2902902902902902       -1.0216766854085599      -0.22602336616044871     
   2.2942942942942941       -1.0233871820174367      -0.22908560099832984     
   2.2982982982982985       -1.0249122204226737      -0.23214557032506164     
   2.3023023023023024       -1.0262643209504347      -0.23520324387949024     
   2.3063063063063063       -1.0274574351081243      -0.23825859142316458     
   2.3103103103103102       -1.0285028548188231      -0.24131158274063905     
   2.3143143143143141       -1.0294129466214494      -0.24436218763976694     
   2.3183183183183185       -1.0301978108021195      -0.24741037595200260     
   2.3223223223223224       -1.0308683326591059      -0.25045611753269847     
   2.3263263263263263       -1.0314334840885873      -0.25349938226140445     
   2.3303303303303302       -1.0319027877591520      -0.25654014004216497     
   2.3343343343343341       -1.0322841655761259      -0.25957836080381524     
   2.3383383383383385       -1.0325859017985408      -0.26261401450028221     
   2.3423423423423424       -1.0328149538348650      -0.26564707111087593     
   2.3463463463463463       -1.0329784910551347      -0.26867750064059437     
   2.3503503503503502       -1.0330825934705661      -0.27170527312041259     
   2.3543543543543541       -1.0331334343255612      -0.27473035860758266     
   2.3583583583583585       -1.0331363013707180      -0.27775272718593058     
   2.3623623623623624       -1.0330964833093623      -0.28077234896614911     
   2.3663663663663663       -1.0330185433924444      -0.28378919408609682     
   2.3703703703703702       -1.0329070083222307      -0.28680323271108998     
   2.3743743743743742       -1.0327657971794353      -0.28981443503420068     
   2.3783783783783785       -1.0325987642156575      -0.29282277127655010     
   2.3823823823823824       -1.0324092520533150      -0.29582821168760237     
   2.3863863863863863       -1.0322005075181879      -0.29883072654545989     
   2.3903903903903903       -1.0319753821942041      -0.30183028615715662     
   2.3943943943943946       -1.0317365822876072      -0.30482686085895327     
   2.3983983983983985       -1.0314865288386148      -0.30782042101662760     
   2.4024024024024024       -1.0312274576398812      -0.31081093702577117     
   2.4064064064064064       -1.0309614086151240      -0.31379837931207849     
   2.4104104104104103       -1.0306902115153658      -0.31678271833164234     
   2.4144144144144146       -1.0304155684189149      -0.31976392457124503     
   2.4184184184184185       -1.0301389623099970      -0.32274196854864923     
   2.4224224224224224       -1.0298617928766864      -0.32571682081289072     
   2.4264264264264264       -1.0295852499185623      -0.32868845194456880     
   2.4304304304304303       -1.0293104664685329      -0.33165683255613876     
   2.4344344344344346       -1.0290383786840924      -0.33462193329220136     
   2.4384384384384385       -1.0287698908711924      -0.33758372482979238     
   2.4424424424424425       -1.0285057204418213      -0.34054217787867352     
   2.4464464464464464       -1.0282465721533776      -0.34349726318162288     
   2.4504504504504503       -1.0279929780419823      -0.34644895151472338     
   2.4544544544544546       -1.0277454709979950      -0.34939721368765092     
   2.4584584584584586       -1.0275044249912284      -0.35234202054396457     
   2.4624624624624625       -1.0272702250328953      -0.35528334296139358     
   2.4664664664664664       -1.0270431119043446      -0.35822115185212722     
   2.4704704704704703       -1.0268233442813299      -0.36115541816310109     
   2.4744744744744747       -1.0266110511204565      -0.36408611287628395     
   2.4784784784784786       -1.0264063839198090      -0.36701320700896528     
   2.4824824824824825       -1.0262093784740118      -0.36993667161404292     
   2.4864864864864864       -1.0260200959623438      -0.37285647778030850     
   2.4904904904904903       -1.0258384952811876      -0.37577259663273233     
   2.4944944944944947       -1.0256645622698097      -0.37868499933275035     
   2.4984984984984986       -1.0254981930529927      -0.38159365707854853     
   2.5025025025025025       -1.0253393113040807      -0.38449854110534887     
   2.5065065065065064       -1.0251877626328310      -0.38739962268569306     
   2.5105105105105103       -1.0250434201251672      -0.39029687312972527     
   2.5145145145145147       -1.0249060895014579      -0.39319026378547894     
   2.5185185185185186       -1.0247756033660618      -0.39607976603915657     
   2.5225225225225225       -1.0246517367057331      -0.39896535131541627     
   2.5265265265265264       -1.0245342905295469      -0.40184699107765126     
   2.5305305305305303       -1.0244230169571416      -0.40472465682827302     
   2.5345345345345347       -1.0243176930992615      -0.40759832010899633     
   2.5385385385385386       -1.0242180549644737      -0.41046795250111373     
   2.5425425425425425       -1.0241238624273301      -0.41333352562578402     
   2.5465465465465464       -1.0240348411694959      -0.41619501114430751     
   2.5505505505505504       -1.0239507395444476      -0.41905238075840956     
   2.5545545545545547       -1.0238712777686556      -0.42190560621051959     
   2.5585585585585586       -1.0237961976270489      -0.42475465928404776     
   2.5625625625625625       -1.0237252180219101      -0.42759951180366890     
   2.5665665665665665       -1.0236580783227760      -0.43044013563559802     
   2.5705705705705704       -1.0235944995794266      -0.43327650268786827     
   2.5745745745745747       -1.0235342222772292      -0.43610858491061100     
   2.5785785785785786       -1.0234769724622905      -0.43893635429633066     
   2.5825825825825826       -1.0234224946736814      -0.44175978288018303     
   2.5865865865865865       -1.0233705223409788      -0.44457884274025233     
   2.5905905905905904       -1.0233208064758030      -0.44739350599782673     
   2.5945945945945947       -1.0232730897929008      -0.45020374481767333     
   2.5985985985985987       -1.0232271317514237      -0.45300953140831385     
   2.6026026026026026       -1.0231826858654585      -0.45581083802230121     
   2.6066066066066065       -1.0231395216193562      -0.45860763695649065     
   2.6106106106106104       -1.0230974044985977      -0.46139990055231678     
   2.6146146146146148       -1.0230561152427684      -0.46418760119606622     
   2.6186186186186187       -1.0230154321837892      -0.46697071131914791     
   2.6226226226226226       -1.0229751482437155      -0.46974920339837051     
   2.6266266266266265       -1.0229350552188838      -0.47252304995621180     
   2.6306306306306309       -1.0228949588604359      -0.47529222356109002     
   2.6346346346346348       -1.0228546648528702      -0.47805669682763591     
   2.6386386386386387       -1.0228139922251149      -0.48081644241696481     
   2.6426426426426426       -1.0227727607195694      -0.48357143303694416     
   2.6466466466466465       -1.0227308028706898      -0.48632164144246637     
   2.6506506506506509       -1.0226879526004264      -0.48906704043571703     
   2.6546546546546548       -1.0226440559709375      -0.49180760286644165     
   2.6586586586586587       -1.0225989609911319      -0.49454330163221849     
   2.6626626626626626       -1.0225525272213085      -0.49727410967872404     
   2.6666666666666665       -1.0225046165329366      -0.49999999999999972     
   2.6706706706706709       -1.0224551017899397      -0.50272094563872161     
   2.6746746746746748       -1.0224038584810111      -0.50543691968646454     
   2.6786786786786787       -1.0223507724392460      -0.50814789528396909     
   2.6826826826826826       -1.0222957324062958      -0.51085384562140823     
   2.6866866866866865       -1.0222386369116241      -0.51355474393865141     
   2.6906906906906909       -1.0221793873980549      -0.51625056352552878     
   2.6946946946946948       -1.0221178946829372      -0.51894127772209564     
   2.6986986986986987       -1.0220540725259077      -0.52162685991889768     
   2.7027027027027026       -1.0219878435197021      -0.52430728355723144     
   2.7067067067067065       -1.0219191331684612      -0.52698252212940910     
   2.7107107107107109       -1.0218478753687608      -0.52965254917902060     
   2.7147147147147148       -1.0217740068257850      -0.53231733830119188     
   2.7187187187187187       -1.0216974721850163      -0.53497686314285131     
   2.7227227227227226       -1.0216182188383307      -0.53763109740298709     
   2.7267267267267266       -1.0215362016176588      -0.54028001483290666     
   2.7307307307307309       -1.0214513779867656      -0.54292358923649919     
   2.7347347347347348       -1.0213637124250989      -0.54556179447049191     
   2.7387387387387387       -1.0212731718932764      -0.54819460444470958     
   2.7427427427427427       -1.0211797299520935      -0.55082199312233360     
   2.7467467467467466       -1.0210833624844156      -0.55344393452015828     
   2.7507507507507509       -1.0209840515701725      -0.55606040270884749     
   2.7547547547547548       -1.0208817814412294      -0.55867137181319182     
   2.7587587587587588       -1.0207765421276862      -0.56127681601236501     
   2.7627627627627627       -1.0206683256935518      -0.56387670954017755     
   2.7667667667667666       -1.0205571295706546      -0.56647102668533345     
   2.7707707707707709       -1.0204429530730692      -0.56905974179168384     
   2.7747747747747749       -1.0203258005240607      -0.57164282925847854     
   2.7787787787787788       -1.0202056779583459      -0.57422026354062317     
   2.7827827827827827       -1.0200825960796689      -0.57679201914892952     
   2.7867867867867866       -1.0199565671295079      -0.57935807065036660     
   2.7907907907907910       -1.0198276076695565      -0.58191839266831491     
   2.7947947947947949       -1.0196957357013594      -0.58447295988281489     
   2.7987987987987988       -1.0195609732143778      -0.58702174703081833     
   2.8028028028028027       -1.0194233434341657      -0.58956472890643896     
   2.8068068068068066       -1.0192828733165213      -0.59210188036120082     
   2.8108108108108110       -1.0191395908793530      -0.59463317630428647     
   2.8148148148148149       -1.0189935275569306      -0.59715859170278585     
   2.8188188188188188       -1.0188447158706473      -0.59967810158194468     
   2.8228228228228227       -1.0186931913093944      -0.60219168102540921     
   2.8268268268268266       -1.0185389903862434      -0.60469930517547521     
   2.8308308308308310       -1.0183821522790386      -0.60720094923333168     
   2.8348348348348349       -1.0182227171066602      -0.60969658845930674     
   2.8388388388388388       -1.0180607274931630      -0.61218619817311326     
   2.8428428428428427       -1.0178962267806948      -0.61466975375409216     
   2.8468468468468466       -1.0177292605555726      -0.61714723064145482     
   2.8508508508508510       -1.0175598750715074      -0.61961860433452842     
   2.8548548548548549       -1.0173881186935687      -0.62208385039299596     
   2.8588588588588588       -1.0172140402832417      -0.62454294443713865     
   2.8628628628628627       -1.0170376905204488      -0.62699586214807834     
   2.8668668668668666       -1.0168591205771453      -0.62944257926801550     
   2.8708708708708710       -1.0166783833431658      -0.63188307160047208     
   2.8748748748748749       -1.0164955320195115      -0.63431731501052735     
   2.8788788788788788       -1.0163106212690201      -0.63674528542506048     
   2.8828828828828827       -1.0161237060844470      -0.63916695883298458     
   2.8868868868868871       -1.0159348428663826      -0.64158231128548815     
   2.8908908908908910       -1.0157440880784736      -0.64399131889626826     
   2.8948948948948949       -1.0155514994552184      -0.64639395784176901     
   2.8988988988988988       -1.0153571348697255      -0.64879020436141721     
   2.9029029029029028       -1.0151610532774413      -0.65118003475785557     
   2.9069069069069071       -1.0149633135933078      -0.65356342539717915     
   2.9109109109109110       -1.0147639757370674      -0.65594035270916740     
   2.9149149149149149       -1.0145630997294579      -0.65831079318751873     
   2.9189189189189189       -1.0143607461912698      -0.66067472339008115     
   2.9229229229229228       -1.0141569758555034      -0.66303211993908662     
   2.9269269269269271       -1.0139518501395874      -0.66538295952137938     
   2.9309309309309310       -1.0137454303304267      -0.66772721888864839     
   2.9349349349349350       -1.0135377782812494      -0.67006487485765742     
   2.9389389389389389       -1.0133289558172860      -0.67239590431047236     
   2.9429429429429428       -1.0131190251883460      -0.67472028419469232     
   2.9469469469469471       -1.0129080484459465      -0.67703799152367616     
   2.9509509509509511       -1.0126960881248004      -0.67934900337676973     
   2.9549549549549550       -1.0124832065552880      -0.68165329689953269     
   2.9589589589589589       -1.0122694662784135      -0.68395084930396566     
   2.9629629629629628       -1.0120549297390027      -0.68624163786873338     
   2.9669669669669672       -1.0118396595955357      -0.68852563993939209     
   2.9709709709709711       -1.0116237181468080      -0.69080283292861111     
   2.9749749749749750       -1.0114071679943830      -0.69307319431639702     
   2.9789789789789789       -1.0111900714255775      -0.69533670165031769     
   2.9829829829829828       -1.0109724907336064      -0.69759333254572287     
   2.9869869869869872       -1.0107544880457673      -0.69984306468596547     
   2.9909909909909911       -1.0105361254737555      -0.70208587582262250     
   2.9949949949949950       -1.0103174647336337      -0.70432174377571644     
   2.9989989989989989       -1.0100985676672836      -0.70655064643393228     
   3.0030030030030028       -1.0098794956666359      -0.70877256175483805     
   3.0070070070070072       -1.0096603100492652      -0.71098746776510247     
   3.0110110110110111       -1.0094410718822349      -0.71319534256071015     
   3.0150150150150150       -1.0092218419802279      -0.71539616430718178     
   3.0190190190190189       -1.0090026808202766      -0.71758991123978788     
   3.0230230230230228       -1.0087836488336042      -0.71977656166376336     
   3.0270270270270272       -1.0085648058248409      -0.72195609395452442     
   3.0310310310310311       -1.0083462115854274      -0.72412848655788031     
   3.0350350350350350       -1.0081279254716504      -0.72629371799024711     
   3.0390390390390389       -1.0079100064573467      -0.72845176683886070     
   3.0430430430430429       -1.0076925132634296      -0.73060261176198871     
   3.0470470470470472       -1.0074755042343773      -0.73274623148913987     
   3.0510510510510511       -1.0072590372311254      -0.73488260482127588     
   3.0550550550550550       -1.0070431699659370      -0.73701171063102133     
   3.0590590590590589       -1.0068279594597314      -0.73913352786287101     
   3.0630630630630629       -1.0066134625654029      -0.74124803553339991     
   3.0670670670670672       -1.0063997356354695      -0.74335521273147032     
   3.0710710710710711       -1.0061868345223151      -0.74545503861843621     
   3.0750750750750750       -1.0059748147603009      -0.74754749242835339     
   3.0790790790790790       -1.0057637313484691      -0.74963255346818258     
   3.0830830830830829       -1.0055536388008106      -0.75171020111799314     
   3.0870870870870872       -1.0053445913081387      -0.75378041483116953     
   3.0910910910910911       -1.0051366423269692      -0.75584317413461222     
   3.0950950950950951       -1.0049298450738231      -0.75789845862894101     
   3.0990990990990990       -1.0047242520868129      -0.75994624798869759     
   3.1031031031031029       -1.0045199154372215      -0.76198652196254535     
   3.1071071071071072       -1.0043168867339562      -0.76401926037346968     
   3.1111111111111112       -1.0041152169067111      -0.76604444311897801     
   3.1151151151151151       -1.0039149564780541      -0.76806205017129969     
   3.1191191191191190       -1.0037161553514569      -0.77007206157758090     
   3.1231231231231229       -1.0035188628109422      -0.77207445746008596     
   3.1271271271271273       -1.0033231277141992      -0.77406921801639050     
   3.1311311311311312       -1.0031289981061582      -0.77605632351957909     
   3.1351351351351351       -1.0029365216663988      -0.77803575431843974     
   3.1391391391391390       -1.0027457452811486      -0.78000749083765863     
   3.1431431431431434       -1.0025567153096140      -0.78197151357801342     
   3.1471471471471473       -1.0023694774907830      -0.78392780311656574     
   3.1511511511511512       -1.0021840768192984      -0.78587634010685492     
   3.1551551551551551       -1.0020005577944417      -0.78781710527908644     
   3.1591591591591590       -1.0018189640784996      -0.78975007944032583     
   3.1631631631631634       -1.0016393387994760      -0.79167524347468532     
   3.1671671671671673       -1.0014617243534221      -0.79359257834351493     
   3.1711711711711712       -1.0012861623888749      -0.79550206508559018     
   3.1751751751751751       -1.0011126939687958      -0.79740368481729929     
   3.1791791791791790       -1.0009413592754850      -0.79929741873283011     
   3.1831831831831834       -1.0007721979438544      -0.80118324810435748     
   3.1871871871871873       -1.0006052486984180      -0.80306115428222580     
   3.1911911911911912       -1.0004405496443471      -0.80493111869513456     
   3.1951951951951951       -1.0002781380636847      -0.80679312285032412     
   3.1991991991991990       -1.0001180504562248      -0.80864714833375495     
   3.2032032032032034      -0.99996032259431034      -0.81049317681029209     
   3.2072072072072073      -0.99980498936501094      -0.81233119002388610     
   3.2112112112112112      -0.99965208495881919      -0.81416116979775310     
   3.2152152152152151      -0.99950164262402030      -0.81598309803455449     
   3.2192192192192191      -0.99935369489028325      -0.81779695671657726     
   3.2232232232232234      -0.99920827337735907      -0.81960272790591171     
   3.2272272272272273      -0.99906540886823059      -0.82140039374462503     
   3.2312312312312312      -0.99892513129533489      -0.82318993645494509     
   3.2352352352352352      -0.99878746967964471      -0.82497133833943015     
   3.2392392392392391      -0.99865245219502030      -0.82674458178114651     
   3.2432432432432434      -0.99852010606702091      -0.82850964924384241     
   3.2472472472472473      -0.99839045765773826      -0.83026652327212114     
   3.2512512512512513      -0.99826353235220722      -0.83201518649161355     
   3.2552552552552552      -0.99813935464320525      -0.83375562160915107     
   3.2592592592592591      -0.99801794805248667      -0.83548781141293604     
   3.2632632632632634      -0.99789933513417128      -0.83721173877271049     
   3.2672672672672673      -0.99778353750159654      -0.83892738663992716     
   3.2712712712712713      -0.99767057573441220      -0.84063473804791811     
   3.2752752752752752      -0.99756046947003074      -0.84233377611206173     
   3.2792792792792791      -0.99745323728519830      -0.84402448402995045     
   3.2832832832832834      -0.99734889678436034      -0.84570684508155636     
   3.2872872872872874      -0.99724746449755786      -0.84738084262939606     
   3.2912912912912913      -0.99714895595123965      -0.84904646011869733     
   3.2952952952952952      -0.99705338557805689      -0.85070368107756111     
   3.2992992992992991      -0.99696076678624956      -0.85235248911712369     
   3.3033033033033035      -0.99687111185991184      -0.85399286793172058     
   3.3073073073073074      -0.99678443204672296      -0.85562480129904661     
   3.3113113113113113      -0.99670073744010623      -0.85724827308031681     
   3.3153153153153152      -0.99662003707488500      -0.85886326722042616     
   3.3193193193193191      -0.99654233882416376      -0.86046976774810746     
   3.3233233233233235      -0.99646764945939126      -0.86206775877609132     
   3.3273273273273274      -0.99639597458232732      -0.86365722450126015     
   3.3313313313313313      -0.99632731867383373      -0.86523814920480790     
   3.3353353353353352      -0.99626168501531009      -0.86681051725239255     
   3.3393393393393391      -0.99619907576109012      -0.86837431309429247     
   3.3433433433433435      -0.99613949183260131      -0.86992952126555956     
   3.3473473473473474      -0.99608293301915551      -0.87147612638617244     
   3.3513513513513513      -0.99602939784697420      -0.87301411316118827     
   3.3553553553553552      -0.99597888370303878      -0.87454346638089397     
   3.3593593593593591      -0.99593138668554504      -0.87606417092095756     
   3.3633633633633635      -0.99588690174462846      -0.87757621174257716     
   3.3673673673673674      -0.99584542251958985      -0.87907957389262847     
   3.3713713713713713      -0.99580694149254279      -0.88057424250381433     
   3.3753753753753752      -0.99577144981522070      -0.88206020279481123     
   3.3793793793793796      -0.99573893747405740      -0.88353744007041513     
   3.3833833833833835      -0.99570939310718876      -0.88500593972168740     
   3.3873873873873874      -0.99568280418128374      -0.88646568722609875     
   3.3913913913913913      -0.99565915679803418      -0.88791666814767278     
   3.3953953953953953      -0.99563843588386491      -0.88935886813712972     
   3.3993993993993996      -0.99562062498491222      -0.89079227293202790     
   3.4034034034034035      -0.99560570647053104      -0.89221686835690339     
   3.4074074074074074      -0.99559366131644644      -0.89363264032341194     
   3.4114114114114114      -0.99558446932188849      -0.89503957483046781     
   3.4154154154154153      -0.99557810888202469      -0.89643765796438168     
   3.4194194194194196      -0.99557455721691102      -0.89782687589899912     
   3.4234234234234235      -0.99557379013598546      -0.89920721489583688     
   3.4274274274274275      -0.99557578230066068      -0.90057866130421815     
   3.4314314314314314      -0.99558050708845591      -0.90194120156140900     
   3.4354354354354353      -0.99558793642765775      -0.90329482219275192     
   3.4394394394394396      -0.99559804107814753      -0.90463950981179775     
   3.4434434434434436      -0.99561079039192057      -0.90597525112043964     
   3.4474474474474475      -0.99562615255763853      -0.90730203290904421     
   3.4514514514514514      -0.99564409436378498      -0.90861984205658186     
   3.4554554554554553      -0.99566458143457837      -0.90992866553075646     
   3.4594594594594597      -0.99568757802133978      -0.91122849038813580     
   3.4634634634634636      -0.99571304720881182      -0.91251930377427593     
   3.4674674674674675      -0.99574095072649971      -0.91380109292385281     
   3.4714714714714714      -0.99577124916444926      -0.91507384516078560     
   3.4754754754754753      -0.99580390174959565      -0.91633754789836286     
   3.4794794794794797      -0.99583886660747001      -0.91759218863936631     
   3.4834834834834836      -0.99587610051239217      -0.91883775497619591     
   3.4874874874874875      -0.99591555916122176      -0.92007423459099136     
   3.4914914914914914      -0.99595719692351170      -0.92130161525575383     
   3.4954954954954953      -0.99600096711884512      -0.92251988483246850     
   3.4994994994994997      -0.99604682176095627      -0.92372903127322248     
   3.5035035035035036      -0.99609471185670428      -0.92492904262032472     
   3.5075075075075075      -0.99614458711680387      -0.92611990700642566     
   3.5115115115115114      -0.99619639630856593      -0.92730161265463207     
   3.5155155155155153      -0.99625008690811478      -0.92847414787862559     
   3.5195195195195197      -0.99630560550177949      -0.92963750108277710     
   3.5235235235235236      -0.99636289744331108      -0.93079166076226205     
   3.5275275275275275      -0.99642190719351853      -0.93193661550317375     
   3.5315315315315314      -0.99648257807099816      -0.93307235398263721     
   3.5355355355355353      -0.99654485250827340      -0.93419886496891946     
   3.5395395395395397      -0.99660867189016034      -0.93531613732154262     
   3.5435435435435436      -0.99667397670626345      -0.93642415999139206     
   3.5475475475475475      -0.99674070652939595      -0.93752292202082732     
   3.5515515515515514      -0.99680880000436622      -0.93861241254378924     
   3.5555555555555554      -0.99687819500131558      -0.93969262078590843     
   3.5595595595595597      -0.99694882846875021      -0.94076353606461116     
   3.5635635635635636      -0.99702063667281504      -0.94182514778922477     
   3.5675675675675675      -0.99709355498696939      -0.94287744546108421     
   3.5715715715715715      -0.99716751822161909      -0.94392041867363274     
   3.5755755755755754      -0.99724246031034736      -0.94495405711252811     
   3.5795795795795797      -0.99731831475125254      -0.94597835055574231     
   3.5835835835835836      -0.99739501417370835      -0.94699328887366330     
   3.5875875875875876      -0.99747249095177815      -0.94799886202919548     
   3.5915915915915915      -0.99755067654684992      -0.94899506007785894     
   3.5955955955955954      -0.99762950234459724      -0.94998187316788696     
   3.5995995995995997      -0.99770889885500702      -0.95095929154032532     
   3.6036036036036037      -0.99778879659017683      -0.95192730552912663     
   3.6076076076076076      -0.99786912537110917      -0.95288590556124664     
   3.6116116116116115      -0.99794981493330781      -0.95383508215674029     
   3.6156156156156154      -0.99803079465839839      -0.95477482592885354     
   3.6196196196196198      -0.99811199365430681      -0.95570512758411708     
   3.6236236236236237      -0.99819334106660151      -0.95662597792243798     
   3.6276276276276276      -0.99827476561585260      -0.95753736783719101     
   3.6316316316316315      -0.99835619637462447      -0.95843928831530878     
   3.6356356356356359      -0.99843756191944555      -0.95933173043737030     
   3.6396396396396398      -0.99851879144081568      -0.96021468537768961     
   3.6436436436436437      -0.99859981359402950      -0.96108814440440271     
   3.6476476476476476      -0.99868055793024368      -0.96195209887955480     
   3.6516516516516515      -0.99876095344289206      -0.96280654025918444     
   3.6556556556556559      -0.99884093015283437      -0.96365146009340885     
   3.6596596596596598      -0.99892041783157171      -0.96448685002650714     
   3.6636636636636637      -0.99899934694990666      -0.96531270179700357     
   3.6676676676676676      -0.99907764862403292      -0.96612900723774797     
   3.6716716716716715      -0.99915525371424430      -0.96693575827599820     
   3.6756756756756759      -0.99923209514067834      -0.96773294693349898     
   3.6796796796796798      -0.99930810429973216      -0.96852056532655983     
   3.6836836836836837      -0.99938321629366844      -0.96929860566613557     
   3.6876876876876876      -0.99945736316065714      -0.97006706025790090     
   3.6916916916916915      -0.99953048258856803      -0.97082592150232783     
   3.6956956956956959      -0.99960250752733670      -0.97157518189476044     
   3.6996996996996998      -0.99967337829617253      -0.97231483402548924     
   3.7037037037037037      -0.99974302953860761      -0.97304487057982392     
   3.7077077077077076      -0.99981140367171162      -0.97376528433816678     
   3.7117117117117115      -0.99987843842046298      -0.97447606817608323     
   3.7157157157157159      -0.99994407721589784      -0.97517721506437227     
   3.7197197197197198       -1.0000082628213784      -0.97586871806913611     
   3.7237237237237237       -1.0000709378926247      -0.97655057035184933     
   3.7277277277277276       -1.0001320530110949      -0.97722276516942586     
   3.7317317317317316       -1.0001915475250831      -0.97788529587428519     
   3.7357357357357359       -1.0002493830973502      -0.97853815591441973     
   3.7397397397397398       -1.0003054931498048      -0.97918133883345804     
   3.7437437437437437       -1.0003598534052909      -0.97981483827072935     
   3.7477477477477477       -1.0004123892818053      -0.98043864796132674     
   3.7517517517517516       -1.0004630925845934      -0.98105276173616807     
   3.7557557557557559       -1.0005118805260476      -0.98165717352205806     
   3.7597597597597598       -1.0005587599162054      -0.98225187734174813     
   3.7637637637637638       -1.0006036436388726      -0.98283686731399489     
   3.7677677677677677       -1.0006465476013369      -0.98341213765361879     
   3.7717717717717716       -1.0006873900645243      -0.98397768267156138     
   3.7757757757757759       -1.0007261829117531      -0.98453349677494195     
   3.7797797797797799       -1.0007628678724605      -0.98507957446711136     
   3.7837837837837838       -1.0007974307808356      -0.98561591034770824     
   3.7877877877877877       -1.0008298638145336      -0.98614249911271146     
   3.7917917917917916       -1.0008600960970646      -0.98665933555449192     
   3.7957957957957960       -1.0008882048635317      -0.98716641456186571     
   3.7997997997997999       -1.0009140265513132      -0.98766373112014327     
   3.8038038038038038       -1.0009377596896603      -0.98815128031117960     
   3.8078078078078077       -1.0009591153303752      -0.98862905731342254     
   3.8118118118118116       -1.0009784395109860      -0.98909705740196108     
   3.8158158158158160       -1.0009953039982624      -0.98955527594857173     
   3.8198198198198199       -1.0010101992436482      -0.99000370842176366     
   3.8238238238238238       -1.0010225851183761      -0.99044235038682449     
   3.8278278278278277       -1.0010330384972161      -0.99087119750586350     
   3.8318318318318316       -1.0010410039490669      -0.99129024553785516     
   3.8358358358358360       -1.0010470036019792      -0.99169949033868066     
   3.8398398398398399       -1.0010506588161252      -0.99209892786116838     
   3.8438438438438438       -1.0010521913805088      -0.99248855415513493     
   3.8478478478478477       -1.0010516989515184      -0.99286836536742351     
   3.8518518518518516       -1.0010487550803451      -0.99323835774194280     
   3.8558558558558560       -1.0010443185427891      -0.99359852761970280     
   3.8598598598598599       -1.0010369139257074      -0.99394887143885202     
   3.8638638638638638       -1.0010287481927631      -0.99428938573471282     
   3.8678678678678677       -1.0010169660330932      -0.99462006713981466     
   3.8718718718718717       -1.0010052430994822      -0.99494091238392857     
   3.8758758758758760       -1.0009893009036477      -0.99525191829409909     
   3.8798798798798799       -1.0009740725258647      -0.99555308179467450     
   3.8838838838838838       -1.0009544076593617      -0.99584439990733942     
   3.8878878878878878       -1.0009355175644430      -0.99612586975114281     
   3.8918918918918921       -1.0009128693502167      -0.99639748854252641     
   3.8958958958958960       -1.0008898881138268      -0.99665925359535279     
   3.8998998998998999       -1.0008653308655215      -0.99691116232093191     
   3.9039039039039038       -1.0008375726436829      -0.99715321222804643     
   3.9079079079079078       -1.0008124272823391      -0.99738540092297623     
   3.9119119119119121       -1.0007791315997285      -0.99760772610952264     
   3.9159159159159160       -1.0007546661327178      -0.99782018558903074     
   3.9199199199199199       -1.0007154330222976      -0.99802277726041111     
   3.9239239239239239       -1.0006922767082624      -0.99821549912016083     
   3.9279279279279278       -1.0006478007822877      -0.99839834926238302     
   3.9319319319319321       -1.0006250772249246      -0.99857132587880604     
   3.9359359359359360       -1.0005780985385224      -0.99873442725880057     
   3.9399399399399400       -1.0005524660714735      -0.99888765178939798     
   3.9439439439439439       -1.0005086145982804      -0.99903099795530448     
   3.9479479479479478       -1.0004736978805355      -0.99916446433891781     
   3.9519519519519521       -1.0004415727346034      -0.99928804962034024     
   3.9559559559559561       -1.0003886091892620      -0.99940175257739150     
   3.9599599599599600       -1.0003781491005681      -0.99950557208562174     
   3.9639639639639639       -1.0002988067193195      -0.99959950711832180     
   3.9679679679679678       -1.0003171580119421      -0.99968355674653397     
   3.9719719719719722       -1.0002088846516199      -0.99975772013906072     
   3.9759759759759761       -1.0002542631518003      -0.99982199656247328     
   3.9799799799799800       -1.0001263482826563      -0.99987638538111856     
   3.9839839839839839       -1.0001837033187444      -0.99992088605712559     
   3.9879879879879878       -1.0000575980923916      -0.99995549815041107     
   3.9919919919919922       -1.0001056393578640      -0.99998022131868336     
   3.9959959959959961      -0.99999783116675212      -0.99999505531744570     
   4.0000000000000000       -1.0000000000000000       -1.0000000000000000     
