   0.0000000000000000        1.0000000000000000       0.99999999999999989     
   4.0040040040040040E-003  0.99994672209910074       0.99999505531744592     
   8.0080080080080079E-003   1.0000001084471519       0.99998022131868325     
   1.2012012012012012E-002  0.99994426159001393       0.99995549815041107     
   1.6016016016016016E-002  0.99992478150376296       0.99992088605712559     
   2.0020020020020020E-002  0.99991265017799724       0.99987638538111856     
   2.4024024024024024E-002  0.99986292364013718       0.99982199656247328     
   2.8028028028028028E-002  0.99987075132930037       0.99975772013906072     
   3.2032032032032032E-002  0.99981347895271655       0.99968355674653397     
   3.6036036036036036E-002  0.99982436649183182       0.99959950711832180     
   4.0040040040040040E-002  0.99977242620627593       0.99950557208562174     
   4.4044044044044044E-002  0.99977810081999208       0.99940175257739161     
   4.8048048048048048E-002  0.99973714235162836       0.99928804962034012     
   5.2052052052052052E-002  0.99973506233275167       0.99916446433891792     
   5.6056056056056056E-002  0.99970612479792764       0.99903099795530459     
   6.0060060060060060E-002  0.99969729100097293       0.99888765178939798     
   6.4064064064064064E-002  0.99967873261935158       0.99873442725880068     
   6.8068068068068074E-002  0.99966593231257739       0.99857132587880615     
   7.2072072072072071E-002  0.99965503220080854       0.99839834926238324     
   7.6076076076076082E-002  0.99964141932232886       0.99821549912016094     
   8.0080080080080079E-002  0.99963556441220558       0.99802277726041122     
   8.4084084084084090E-002  0.99962373693602335       0.99782018558903074     
   8.8088088088088087E-002  0.99962106475676948       0.99760772610952264     
   9.2092092092092098E-002  0.99961268671960668       0.99738540092297623     
   9.6096096096096095E-002  0.99961223213397632       0.99715321222804643     
  0.10010010010010011       0.99960807185745659       0.99691116232093191     
  0.10410410410410410       0.99960959736332577       0.99665925359535279     
  0.10810810810810811       0.99960978006384138       0.99639748854252641     
  0.11211211211211211       0.99961348604683398       0.99612586975114281     
  0.11611611611611612       0.99961778785025923       0.99584439990733964     
  0.12012012012012012       0.99962404265045268       0.99555308179467450     
  0.12412412412412413       0.99963212354959818       0.99525191829409887     
  0.12812812812812813       0.99964127852569029       0.99494091238392868     
  0.13213213213213212       0.99965282092394947       0.99462006713981466     
  0.13613613613613615       0.99966511796790847       0.99428938573471282     
  0.14014014014014015       0.99967988250261564       0.99394887143885213     
  0.14414414414414414       0.99969543133246852       0.99359852761970280     
  0.14814814814814814       0.99971325807355171       0.99323835774194291     
  0.15215215215215216       0.99973205351300387       0.99286836536742373     
  0.15615615615615616       0.99975283679233329       0.99248855415513493     
  0.16016016016016016       0.99977479113123335       0.99209892786116838     
  0.16416416416416416       0.99979844857493649       0.99169949033868066     
  0.16816816816816818       0.99982342326313423       0.99129024553785539     
  0.17217217217217218       0.99984987016284455       0.99087119750586361     
  0.17617617617617617       0.99987769939229498       0.99044235038682449     
  0.18018018018018017       0.99990683258387114       0.99000370842176388     
  0.18418418418418420       0.99993733742105018       0.98955527594857196     
  0.18818818818818819       0.99996902800685616       0.98909705740196130     
  0.19219219219219219        1.0000020228272863       0.98862905731342254     
  0.19619619619619619        1.0000361153308568       0.98815128031117949     
  0.20020020020020021        1.0000714092799130       0.98766373112014327     
  0.20420420420420421        1.0001077245812389       0.98716641456186571     
  0.20820820820820821        1.0001451206395990       0.98665933555449203     
  0.21221221221221220        1.0001834602153845       0.98614249911271146     
  0.21621621621621623        1.0002227535797943       0.98561591034770846     
  0.22022022022022023        1.0002629037975133       0.98507957446711159     
  0.22422422422422422        1.0003038807874394       0.98453349677494206     
  0.22822822822822822        1.0003456166370124       0.98397768267156138     
  0.23223223223223224        1.0003880543421828       0.98341213765361868     
  0.23623623623623624        1.0004311421005208       0.98283686731399489     
  0.24024024024024024        1.0004748088116853       0.98225187734174813     
  0.24424424424424424        1.0005190082228630       0.98165717352205828     
  0.24824824824824826        1.0005636645591249       0.98105276173616818     
  0.25225225225225223        1.0006087302335185       0.98043864796132674     
  0.25625625625625625        1.0006541305398722       0.97981483827072957     
  0.26026026026026028        1.0006998132393115       0.97918133883345804     
  0.26426426426426425        1.0007457072520520       0.97853815591441973     
  0.26826826826826827        1.0007917549404959       0.97788529587428519     
  0.27227227227227230        1.0008378892802170       0.97722276516942586     
  0.27627627627627627        1.0008840482521242       0.97655057035184956     
  0.28028028028028029        1.0009301680752309       0.97586871806913633     
  0.28428428428428426        1.0009761839272826       0.97517721506437238     
  0.28828828828828829        1.0010220342718983       0.97447606817608334     
  0.29229229229229231        1.0010676531521909       0.97376528433816700     
  0.29629629629629628        1.0011129802390788       0.97304487057982403     
  0.30030030030030030        1.0011579498840784       0.97231483402548924     
  0.30430430430430433        1.0012025023909510       0.97157518189476044     
  0.30830830830830830        1.0012465733015661       0.97082592150232794     
  0.31231231231231232        1.0012901033669830       0.97006706025790113     
  0.31631631631631629        1.0013330299893186       0.96929860566613568     
  0.32032032032032032        1.0013752943366840       0.96852056532656006     
  0.32432432432432434        1.0014168360036768       0.96773294693349898     
  0.32832832832832831        1.0014575969440584       0.96693575827599854     
  0.33233233233233234        1.0014975189769266       0.96612900723774819     
  0.33633633633633636        1.0015365452731944       0.96531270179700357     
  0.34034034034034033        1.0015746199647331       0.96448685002650714     
  0.34434434434434436        1.0016116877665422       0.96365146009340885     
  0.34834834834834832        1.0016476951684647       0.96280654025918455     
  0.35235235235235235        1.0016825888861811       0.96195209887955491     
  0.35635635635635637        1.0017163176923678       0.96108814440440293     
  0.36036036036036034        1.0017488306879305       0.96021468537768961     
  0.36436436436436437        1.0017800790355513       0.95933173043737041     
  0.36836836836836839        1.0018100143953457       0.95843928831530878     
  0.37237237237237236        1.0018385904875742       0.95753736783719101     
  0.37637637637637639        1.0018657617147624       0.95662597792243798     
  0.38038038038038036        1.0018914844631375       0.95570512758411708     
  0.38438438438438438        1.0019157160843306       0.95477482592885377     
  0.38838838838838841        1.0019384156886981       0.95383508215674051     
  0.39239239239239238        1.0019595437410449       0.95288590556124697     
  0.39639639639639640        1.0019790622496272       0.95192730552912663     
  0.40040040040040042        1.0019969348125950       0.95095929154032544     
  0.40440440440440439        1.0020131265122487       0.94998187316788707     
  0.40840840840840842        1.0020276041307139       0.94899506007785894     
  0.41241241241241239        1.0020403359362433       0.94799886202919548     
  0.41641641641641641        1.0020512920063418       0.94699328887366341     
  0.42042042042042044        1.0020604438410843       0.94597835055574242     
  0.42442442442442441        1.0020677648734493       0.94495405711252856     
  0.42842842842842843        1.0020732299039528       0.94392041867363297     
  0.43243243243243246        1.0020768157849229       0.94287744546108421     
  0.43643643643643643        1.0020785006950546       0.94182514778922499     
  0.44044044044044045        1.0020782648932853       0.94076353606461094     
  0.44444444444444442        1.0020760901083809       0.93969262078590843     
  0.44844844844844844        1.0020719599455870       0.93861241254378935     
  0.45245245245245247        1.0020658595656033       0.93752292202082743     
  0.45645645645645644        1.0020577760279310       0.93642415999139239     
  0.46046046046046046        1.0020476979442625       0.93531613732154295     
  0.46446446446446449        1.0020356158471380       0.93419886496891991     
  0.46846846846846846        1.0020215217825630       0.93307235398263733     
  0.47247247247247248        1.0020054097461248       0.93193661550317397     
  0.47647647647647645        1.0019872752005001       0.93079166076226205     
  0.48048048048048048        1.0019671155873660       0.92963750108277710     
  0.48448448448448450        1.0019449297665772       0.92847414787862570     
  0.48848848848848847        1.0019207185783945       0.92730161265463229     
  0.49249249249249250        1.0018944842508752       0.92611990700642588     
  0.49649649649649652        1.0018662309765851       0.92492904262032505     
  0.50050050050050054        1.0018359642968122       0.92372903127322259     
  0.50450450450450446        1.0018036917115962       0.92251988483246872     
  0.50850850850850848        1.0017694220118747       0.92130161525575405     
  0.51251251251251251        1.0017331659326334       0.92007423459099136     
  0.51651651651651653        1.0016949354606532       0.91883775497619602     
  0.52052052052052056        1.0016547445031052       0.91759218863936653     
  0.52452452452452447        1.0016126081438128       0.91633754789836308     
  0.52852852852852850        1.0015685433869397       0.91507384516078605     
  0.53253253253253252        1.0015225683378526       0.91380109292385314     
  0.53653653653653655        1.0014747029978694       0.91251930377427604     
  0.54054054054054057        1.0014249684111676       0.91122849038813569     
  0.54454454454454460        1.0013733874770023       0.90992866553075669     
  0.54854854854854851        1.0013199840797338       0.90861984205658186     
  0.55255255255255253        1.0012647839105557       0.90730203290904443     
  0.55655655655655656        1.0012078135857105       0.90597525112043986     
  0.56056056056056058        1.0011491014902167       0.90463950981179786     
  0.56456456456456461        1.0010886768662202       0.90329482219275237     
  0.56856856856856852        1.0010265706635229       0.90194120156140967     
  0.57257257257257255        1.0009628146436418       0.90057866130421826     
  0.57657657657657657        1.0008974422005135       0.89920721489583666     
  0.58058058058058060        1.0008304874946659       0.89782687589899912     
  0.58458458458458462        1.0007619862421118       0.89643765796438168     
  0.58858858858858853        1.0006919748795116       0.89503957483046792     
  0.59259259259259256        1.0006204913158265       0.89363264032341216     
  0.59659659659659658        1.0005475741458949       0.89221686835690384     
  0.60060060060060061        1.0004732633311193       0.89079227293202834     
  0.60460460460460463        1.0003975994969627       0.88935886813713039     
  0.60860860860860866        1.0003206245251837       0.88791666814767300     
  0.61261261261261257        1.0002423809482963       0.88646568722609853     
  0.61661661661661660        1.0001629124254321       0.88500593972168740     
  0.62062062062062062        1.0000822632707609       0.88353744007041513     
  0.62462462462462465        1.0000004787776167       0.88206020279481145     
  0.62862862862862867       0.99991760491597692       0.88057424250381455     
  0.63263263263263259       0.99983368846861287       0.87907957389262892     
  0.63663663663663661       0.99974877694095909       0.87757621174257761     
  0.64064064064064064       0.99966291845262323       0.87606417092095823     
  0.64464464464464466       0.99957616191522736       0.87454346638089420     
  0.64864864864864868       0.99948855664508018       0.87301411316118804     
  0.65265265265265260       0.99940015283934702       0.87147612638617244     
  0.65665665665665662       0.99931100085961511       0.86992952126555978     
  0.66066066066066065       0.99922115206975981       0.86837431309429269     
  0.66466466466466467       0.99913065772638165       0.86681051725239278     
  0.66866866866866870       0.99903957024458334       0.86523814920480835     
  0.67267267267267272       0.99894794163172396       0.86365722450126059     
  0.67667667667667664       0.99885582523051397       0.86206775877609154     
  0.68068068068068066       0.99876327364588269       0.86046976774810768     
  0.68468468468468469       0.99867034105058416       0.85886326722042616     
  0.68868868868868871       0.99857708049565297       0.85724827308031681     
  0.69269269269269274       0.99848354687581697       0.85562480129904683     
  0.69669669669669665       0.99838979354099389       0.85399286793172080     
  0.70070070070070067       0.99829587600670644       0.85235248911712413     
  0.70470470470470470       0.99820184778084720       0.85070368107756156     
  0.70870870870870872       0.99810776489081221       0.84904646011869800     
  0.71271271271271275       0.99801368085462605       0.84738084262939628     
  0.71671671671671666       0.99791965213216649       0.84570684508155602     
  0.72072072072072069       0.99782573210455783       0.84402448402995045     
  0.72472472472472471       0.99773197757479404       0.84233377611206173     
  0.72872872872872874       0.99763844164597748       0.84063473804791822     
  0.73273273273273276       0.99754518138748494       0.83892738663992727     
  0.73673673673673679       0.99745224947843392       0.83721173877271082     
  0.74074074074074070       0.99735970317154543       0.83548781141293649     
  0.74474474474474472       0.99726759459177861       0.83375562160915173     
  0.74874874874874875       0.99717598110721872       0.83201518649161366     
  0.75275275275275277       0.99708491415184319       0.83026652327212069     
  0.75675675675675680       0.99699445113476204       0.82850964924384218     
  0.76076076076076071       0.99690464268489498       0.82674458178114663     
  0.76476476476476474       0.99681554618599755       0.82497133833943037     
  0.76876876876876876       0.99672721131624631       0.82318993645494531     
  0.77277277277277279       0.99663969539067776       0.82140039374462548     
  0.77677677677677681       0.99655304701687564       0.81960272790591149     
  0.78078078078078073       0.99646732338070576       0.81779695671657793     
  0.78478478478478475       0.99638257190777280       0.81598309803455460     
  0.78878878878878878       0.99629884960088144       0.81416116979775299     
  0.79279279279279280       0.99621620259351384       0.81233119002388599     
  0.79679679679679682       0.99613468764384627       0.81049317681029232     
  0.80080080080080085       0.99605434949134242       0.80864714833375506     
  0.80480480480480476       0.99597524461673193       0.80679312285032445     
  0.80880880880880879       0.99589741625750261       0.80493111869513490     
  0.81281281281281281       0.99582092056902005       0.80306115428222591     
  0.81681681681681684       0.99574579921505657       0.80118324810435759     
  0.82082082082082086       0.99567210794695526       0.79929741873283022     
  0.82482482482482478       0.99559988678252698       0.79740368481729917     
  0.82882882882882880       0.99552919102199688       0.79550206508558996     
  0.83283283283283283       0.99546005897400036       0.79359257834351515     
  0.83683683683683685       0.99539254541066524       0.79167524347468543     
  0.84084084084084088       0.99532668690443937       0.78975007944032627     
  0.84484484484484490       0.99526253762328420       0.78781710527908688     
  0.84884884884884881       0.99520013235458726       0.78587634010685514     
  0.85285285285285284       0.99513952458586552       0.78392780311656585     
  0.85685685685685686       0.99508074730416907       0.78197151357801298     
  0.86086086086086089       0.99502385322191678       0.78000749083765841     
  0.86486486486486491       0.99496887352453089       0.77803575431843952     
  0.86886886886886883       0.99491586004602617       0.77605632351957921     
  0.87287287287287285       0.99486484220590266       0.77406921801639061     
  0.87687687687687688       0.99481587079919453       0.77207445746008641     
  0.88088088088088090       0.99476897355833949       0.77007206157758135     
  0.88488488488488493       0.99472420005391582       0.76806205017129980     
  0.88888888888888884       0.99468157644340438       0.76604444311897812     
  0.89289289289289286       0.99464115084746541       0.76401926037346957     
  0.89689689689689689       0.99460294801518345       0.76198652196254524     
  0.90090090090090091       0.99456701439098616       0.75994624798869781     
  0.90490490490490494       0.99453337342476067       0.75789845862894112     
  0.90890890890890896       0.99450206965288279       0.75584317413461199     
  0.91291291291291288       0.99447312540326593       0.75378041483116964     
  0.91691691691691690       0.99444658302820932       0.75171020111799358     
  0.92092092092092093       0.99442246398299683       0.74963255346818269     
  0.92492492492492495       0.99440080803150388       0.74754749242835361     
  0.92892892892892898       0.99438163611226660       0.74545503861843632     
  0.93293293293293289       0.99436498491630987       0.74335521273147021     
  0.93693693693693691       0.99435087528834498       0.74124803553340046     
  0.94094094094094094       0.99433934033580818       0.73913352786287123     
  0.94494494494494496       0.99433040120783567       0.73701171063102144     
  0.94894894894894899       0.99432408692934204       0.73488260482127599     
  0.95295295295295290       0.99432041936402349       0.73274623148913998     
  0.95695695695695693       0.99431942290767872       0.73060261176198882     
  0.96096096096096095       0.99432112059403621       0.72845176683886093     
  0.96496496496496498       0.99432553135940049       0.72629371799024722     
  0.96896896896896900       0.99433268034906819       0.72412848655788020     
  0.97297297297297303       0.99434258023824373       0.72195609395452465     
  0.97697697697697694       0.99435525890054299       0.71977656166376347     
  0.98098098098098097       0.99437072189704423       0.71758991123978799     
  0.98498498498498499       0.99438900049593926       0.71539616430718200     
  0.98898898898898902       0.99441009231273703       0.71319534256071038     
  0.99299299299299304       0.99443403282268084       0.71098746776510235     
  0.99699699699699695       0.99446081059005387       0.70877256175483849     
   1.0010010010010011       0.99449046632784110       0.70655064643393239     
   1.0050050050050050       0.99452297832197101       0.70432174377571666     
   1.0090090090090089       0.99455839357537013       0.70208587582262261     
   1.0130130130130131       0.99459667890291337       0.69984306468596524     
   1.0170170170170170       0.99463788855107782       0.69759333254572309     
   1.0210210210210211       0.99468197669108926       0.69533670165031780     
   1.0250250250250250       0.99472900593080582       0.69307319431639725     
   1.0290290290290289       0.99477891627452419       0.69080283292861089     
   1.0330330330330331       0.99483178006358586       0.68852563993939231     
   1.0370370370370370       0.99488752163465677       0.68624163786873360     
   1.0410410410410411       0.99494622416534495       0.68395084930396588     
   1.0450450450450450       0.99500779500868475       0.68165329689953280     
   1.0490490490490489       0.99507232936166834       0.67934900337676996     
   1.0530530530530531       0.99513971595596906       0.67703799152367639     
   1.0570570570570570       0.99521006343652230       0.67472028419469277     
   1.0610610610610611       0.99528324030307280       0.67239590431047247     
   1.0650650650650650       0.99535936975655792       0.67006487485765720     
   1.0690690690690692       0.99543829874723067       0.66772721888864850     
   1.0730730730730731       0.99552016611329663       0.66538295952137927     
   1.0770770770770770       0.99560479568021387       0.66303211993908673     
   1.0810810810810811       0.99569234315866317       0.66067472339008138     
   1.0850850850850851       0.99578260788221307       0.65831079318751895     
   1.0890890890890892       0.99587576316821680       0.65594035270916762     
   1.0930930930930931       0.99597158283799248       0.65356342539717938     
   1.0970970970970970       0.99607025850961983       0.65118003475785569     
   1.1011011011011012       0.99617153742334996       0.64879020436141710     
   1.1051051051051051       0.99627562991868346       0.64639395784176923     
   1.1091091091091092       0.99638225614229925       0.64399131889626848     
   1.1131131131131131       0.99649164507557897       0.64158231128548826     
   1.1171171171171170       0.99660348946326160       0.63916695883298480     
   1.1211211211211212       0.99671803662124858       0.63674528542506059     
   1.1251251251251251       0.99683495216821760       0.63431731501052790     
   1.1291291291291292       0.99695450061266033       0.63188307160047219     
   1.1331331331331331       0.99707632133565061       0.62944257926801572     
   1.1371371371371370       0.99720069450371251       0.62699586214807856     
   1.1411411411411412       0.99732723480701246       0.62454294443713887     
   1.1451451451451451       0.99745623546081730       0.62208385039299618     
   1.1491491491491492       0.99758728898056559       0.61961860433452864     
   1.1531531531531531       0.99772069834971344       0.61714723064145538     
   1.1571571571571571       0.99785603732309125       0.61466975375409227     
   1.1611611611611612       0.99799361404515508       0.61218619817311382     
   1.1651651651651651       0.99813298820314189       0.60969658845930685     
   1.1691691691691692       0.99827446744873549       0.60720094923333146     
   1.1731731731731732       0.99841760339601737       0.60469930517547543     
   1.1771771771771771       0.99856269596640435       0.60219168102540976     
   1.1811811811811812       0.99870929622862947       0.59967810158194490     
   1.1851851851851851       0.99885768762804417       0.59715859170278607     
   1.1891891891891893       0.99900743004360681       0.59463317630428669     
   1.1931931931931932       0.99915877987117219       0.59210188036120104     
   1.1971971971971973       0.99931131693878583       0.58956472890643952     
   1.2012012012012012       0.99946525807372766       0.58702174703081855     
   1.2052052052052051       0.99962021641435761       0.58447295988281511     
   1.2092092092092093       0.99977635451427127       0.58191839266831502     
   1.2132132132132132       0.99993333457867806       0.57935807065036715     
   1.2172172172172173        1.0000912478075508       0.57679201914892964     
   1.2212212212212212        1.0002498236304387       0.57422026354062339     
   1.2252252252252251        1.0004090623778163       0.57164282925847876     
   1.2292292292292293        1.0005687816133055       0.56905974179168362     
   1.2332332332332332        1.0007288685963274       0.56647102668533400     
   1.2372372372372373        1.0008892527581907       0.56387670954017777     
   1.2412412412412412        1.0010496833626379       0.56127681601236523     
   1.2452452452452452        1.0012102284146507       0.55867137181319193     
   1.2492492492492493        1.0013704714229128       0.55606040270884771     
   1.2532532532532532        1.0015306486054456       0.55344393452015839     
   1.2572572572572573        1.0016901472011075       0.55082199312233371     
   1.2612612612612613        1.0018494042887913       0.54819460444470980     
   1.2652652652652652        1.0020075775819666       0.54556179447049202     
   1.2692692692692693        1.0021653405477275       0.54292358923649942     
   1.2732732732732732        1.0023215855814445       0.54028001483290677     
   1.2772772772772774        1.0024772607418970       0.53763109740298687     
   1.2812812812812813        1.0026309550689201       0.53497686314285187     
   1.2852852852852852        1.0027839317657401       0.53231733830119210     
   1.2892892892892893        1.0029344366679769       0.52965254917902038     
   1.2932932932932932        1.0030840905469387       0.52698252212940966     
   1.2972972972972974        1.0032307549739281       0.52430728355723166     
   1.3013013013013013        1.0033764519265254       0.52162685991889790     
   1.3053053053053052        1.0035186172333517       0.51894127772209575     
   1.3093093093093093        1.0036597180662030       0.51625056352552856     
   1.3133133133133132        1.0037967236200900       0.51355474393865164     
   1.3173173173173174        1.0039325894983289       0.51085384562140879     
   1.3213213213213213        1.0040637793087868       0.50814789528396931     
   1.3253253253253254        1.0041937782032129       0.50543691968646431     
   1.3293293293293293        1.0043185085615902       0.50272094563872183     
   1.3333333333333333        1.0044420224594484       0.50000000000000033     
   1.3373373373373374        1.0045596707455098       0.49727410967872421     
   1.3413413413413413        1.0046761039802452       0.49454330163221866     
   1.3453453453453454        1.0047860786972156       0.49180760286644143     
   1.3493493493493494        1.0048948674961022       0.48906704043571680     
   1.3533533533533533        1.0049966197827429       0.48632164144246692     
   1.3573573573573574        1.0050972427968001       0.48357143303694439     
   1.3613613613613613        1.0051902790559812       0.48081644241696458     
   1.3653653653653655        1.0052822693311476       0.47805669682763607     
   1.3693693693693694        1.0053661658104471       0.47529222356109019     
   1.3733733733733733        1.0054491240300247       0.47252304995621203     
   1.3773773773773774        1.0055235424227422       0.46974920339837073     
   1.3813813813813813        1.0055971516319977       0.46697071131914814     
   1.3853853853853855        1.0056618569532023       0.46418760119606600     
   1.3893893893893894        1.0057258985826609       0.46139990055231739     
   1.3933933933933933        1.0057807781280499       0.45860763695649082     
   1.3973973973973974        1.0058351500043599       0.45581083802230099     
   1.4014014014014013        1.0058802342770075       0.45300953140831446     
   1.4054054054054055        1.0059249697056127       0.45020374481767350     
   1.4094094094094094        1.0059604552273789       0.44739350599782696     
   1.4134134134134133        1.0059957439332461       0.44457884274025250     
   1.4174174174174174        1.0060220172487797       0.44175978288018319     
   1.4214214214214214        1.0060482282704295       0.43893635429633082     
   1.4254254254254255        1.0060658916699963       0.43610858491061116     
   1.4294294294294294        1.0060835973828979       0.43327650268786849     
   1.4334334334334333        1.0060934961896877       0.43044013563559824     
   1.4374374374374375        1.0061034981083505       0.42759951180366951     
   1.4414414414414414        1.0061067490247619       0.42475465928404799     
   1.4454454454454455        1.0061101050941406       0.42190560621051937     
   1.4494494494494494        1.0061081252585522       0.41905238075840973     
   1.4534534534534536        1.0061061785818717       0.41619501114430768     
   1.4574574574574575        1.0061007151652785       0.41333352562578418     
   1.4614614614614614        1.0060951237896079       0.41046795250111390     
   1.4654654654654655        1.0060882836418770       0.40759832010899610     
   1.4694694694694694        1.0060810508624380       0.40472465682827363     
   1.4734734734734736        1.0060753294813709       0.40184699107765148     
   1.4774774774774775        1.0060688345489930       0.39896535131541649     
   1.4814814814814814        1.0060671436785269       0.39607976603915679     
   1.4854854854854855        1.0060641724769062       0.39319026378547872     
   1.4894894894894894        1.0060698647358679       0.39029687312972589     
   1.4934934934934936        1.0060736397557395       0.38739962268569328     
   1.4974974974974975        1.0060905296681433       0.38449854110534909     
   1.5015015015015014        1.0061047375790892       0.38159365707854875     
   1.5055055055055055        1.0061371181545122       0.37868499933275013     
   1.5095095095095095        1.0061659342721998       0.37577259663273255     
   1.5135135135135136        1.0062185862154920       0.37285647778030873     
   1.5175175175175175        1.0062666955167430       0.36993667161404314     
   1.5215215215215214        1.0063448870301486       0.36701320700896550     
   1.5255255255255256        1.0064174985081364       0.36408611287628412     
   1.5295295295295295        1.0065269757582711       0.36115541816310132     
   1.5335335335335336        1.0066298285833088       0.35822115185212744     
   1.5375375375375375        1.0067767901682385       0.35528334296139380     
   1.5415415415415414        1.0069161509833142       0.35234202054396474     
   1.5455455455455456        1.0071072081059471       0.34939721368765114     
   1.5495495495495495        1.0072898547236311       0.34644895151472355     
   1.5535535535535536        1.0075319694994360       0.34349726318162310     
   1.5575575575575575        1.0077651600264554       0.34054217787867375     
   1.5615615615615615        1.0080655617343597       0.33758372482979260     
   1.5655655655655656        1.0083569859978840       0.33462193329220158     
   1.5695695695695695        1.0087230606104174       0.33165683255613898     
   1.5735735735735736        1.0090807714211674       0.32868845194456903     
   1.5775775775775776        1.0095199201926435       0.32571682081289088     
   1.5815815815815817        1.0099522410245039       0.32274196854864945     
   1.5855855855855856        1.0104717057718955       0.31976392457124525     
   1.5895895895895895        1.0109871148403051       0.31678271833164295     
   1.5935935935935936        1.0115937675328084       0.31379837931207866     
   1.5975975975975976        1.0122007558496706       0.31081093702577139     
   1.6016016016016017        1.0129008481309421       0.30782042101662782     
   1.6056056056056056        1.0136077509769450       0.30482686085895305     
   1.6096096096096095        1.0144066245109282       0.30183028615715729     
   1.6136136136136137        1.0152214310473242       0.29883072654546011     
   1.6176176176176176        1.0161231903095420       0.29582821168760254     
   1.6216216216216217        1.0170533304303224       0.29282277127655032     
   1.6256256256256256        1.0180604738110528       0.28981443503420135     
   1.6296296296296295        1.0191125940107169       0.28680323271109065     
   1.6336336336336337        1.0202256145321618       0.28378919408609704     
   1.6376376376376376        1.0214053417809250       0.28077234896614933     
   1.6416416416416417        1.0226222969344958       0.27775272718593036     
   1.6456456456456456        1.0239340097977445       0.27473035860758332     
   1.6496496496496496        1.0252500691012807       0.27170527312041282     
   1.6536536536536537        1.0266966839890894       0.26867750064059459     
   1.6576576576576576        1.0281036609736178       0.26564707111087615     
   1.6616616616616617        1.0296864406509425       0.26261401450028199     
   1.6656656656656657        1.0311723235131065       0.25957836080381591     
   1.6696696696696696        1.0328907343798766       0.25654014004216519     
   1.6736736736736737        1.0344392128159876       0.25349938226140467     
   1.6776776776776776        1.0362908248514666       0.25045611753269870     
   1.6816816816816818        1.0378808338011380       0.24741037595200283     
   1.6856856856856857        1.0398612856808158       0.24436218763976714     
   1.6896896896896898        1.0414665734586377       0.24131158274063927     
   1.6936936936936937        1.0435696036997706       0.23825859142316480     
   1.6976976976976976        1.0451583265127489       0.23520324387949043     
   1.7017017017017018        1.0473758525226198       0.23214557032506186     
   1.7057057057057057        1.0489102307900602       0.22908560099833006     
   1.7097097097097098        1.0512324816807277       0.22602336616044894     
   1.7137137137137137        1.0526685188645748       0.22295889609497727     
   1.7177177177177176        1.0550841744817292       0.21989222110757800     
   1.7217217217217218        1.0563714994132978       0.21682337152571932     
   1.7257257257257257        1.0588677677798259       0.21375237769837560     
   1.7297297297297298        1.0599496438609859       0.21067926999572606     
   1.7337337337337337        1.0625122494961676       0.20760407880885565     
   1.7377377377377377        1.0633258058941739       0.20452683454945109     
   1.7417417417417418        1.0659386093575669       0.20144756764950522     
   1.7457457457457457        1.0664159746689112       0.19836630856101312     
   1.7497497497497498        1.0690593360237539       0.19528308775567005     
   1.7537537537537538        1.0691294551602009       0.19219793572457314     
   1.7577577577577577        1.0717798146721675       0.18911088297791637     
   1.7617617617617618        1.0713679857747929       0.18602196004469188     
   1.7657657657657657        1.0739959599834838       0.18293119747238676     
   1.7697697697697699        1.0730338333808418       0.17983862582668017     
   1.7737737737737738        1.0755858523359862       0.17674427569114179     
   1.7777777777777777        1.0740265601768990       0.17364817766693028     
   1.7817817817817818        1.0764312269204941       0.17055036237248988     
   1.7857857857857857        1.0742143326027644       0.16745086044324664     
   1.7897897897897899        1.0764245848107601       0.16434970253130635     
   1.7937937937937938        1.0734741042594982       0.16124691930515228     
   1.7977977977977977        1.0754507448195061       0.15814254144934106     
   1.8018018018018018        1.0716871372791990       0.15503659966419786     
   1.8058058058058057        1.0733843104810878       0.15192912466551589     
   1.8098098098098099        1.0687257662934999       0.14882014718424907     
   1.8138138138138138        1.0700977360264106       0.14570969796621130     
   1.8178178178178179        1.0644584698823780       0.14259780777177095     
   1.8218218218218218        1.0654618999102721       0.13948450737554591     
   1.8258258258258258        1.0587506211590498       0.13636982756610005     
   1.8298298298298299        1.0593465558395800       0.13325379914563965     
   1.8338338338338338        1.0514653487813559       0.13013645292970785     
   1.8378378378378379        1.0516207174614867       0.12701781974687870     
   1.8418418418418419        1.0424644773510929       0.12389793043845529     
   1.8458458458458458        1.0421530203116078       0.12077681585816115     
   1.8498498498498499        1.0316094985101587       0.11765450687183837     
   1.8538538538538538        1.0308121161427750       0.11453103435714140     
   1.8578578578578580        1.0187625213949185       0.11140642920322855     
   1.8618618618618619        1.0174671485962723       0.10828072231046192     
   1.8658658658658658        1.0037871660198949       0.10515394459009815     
   1.8698698698698699        1.0019883374055458       0.10202612696398421     
   1.8738738738738738       0.98654938913131951        9.8897300364250137E-002
   1.8778778778778780       0.98424767111233602        9.5767495733004110E-002
   1.8818818818818819       0.96691825704013712        9.2636744022027262E-002
   1.8858858858858858       0.96411968766244960        8.9505076192466795E-002
   1.8898898898898899       0.94476669397329727        8.6372523214528804E-002
   1.8938938938938938       0.94148231471163379        8.3239116067172991E-002
   1.8978978978978980       0.91997223527525862        8.0104885737807094E-002
   1.9019019019019019       0.91621774541442302        7.6969863221979185E-002
   1.9059059059059058       0.89241780695091755        7.3834079523072429E-002
   1.9099099099099099       0.88821333466765406        7.0697565651994948E-002
   1.9139139139139139       0.86199254308825046        6.7560352626878470E-002
   1.9179179179179180       0.85736250954469162        6.4422471472768014E-002
   1.9219219219219219       0.82859264488389128        6.1283953221316440E-002
   1.9259259259259258       0.82356569340031538        5.8144828910476183E-002
   1.9299299299299300       0.79212228044091348        5.5005129584193228E-002
   1.9339339339339339       0.78673124584883269        5.1864886292100981E-002
   1.9379379379379380       0.75249452254493931        4.8724130089211899E-002
   1.9419419419419419       0.74677642152241730        4.5582892035611673E-002
   1.9459459459459461       0.70963232120411934        4.2441203196148525E-002
   1.9499499499499500       0.70362835017171643        3.9299094640131337E-002
   1.9539539539539539       0.66346950806188010        3.6156597441019275E-002
   1.9579579579579580       0.65722503992170078        3.3013742676113601E-002
   1.9619619619619619       0.61395183037728362        2.9870561426253450E-002
   1.9659659659659661       0.60751640471419699        2.6727084775504926E-002
   1.9699699699699700       0.56103801286217825        2.3583343810856781E-002
   1.9739739739739739       0.55446531634494589        2.0439369621911660E-002
   1.9779779779779780       0.50470084616330857        1.7295193300577764E-002
   1.9819819819819819       0.49804868110966050        1.4150845940762258E-002
   1.9859859859859861       0.44492830117670368        1.1006358638064652E-002
   1.9899899899899900       0.43825854091122279        7.8617624894684063E-003
   1.9939939939939939       0.38172466873736410        4.7170885930325071E-003
   1.9979979979979980       0.37510319870481207        1.5723680475848198E-003
   2.0020020020020022       0.31511172466675419       -1.5723680475845747E-003
   2.0060060060060061       0.30860836820594950       -4.7170885930322625E-003
   2.0100100100100100       0.24512992109193027       -7.8617624894681600E-003
   2.0140140140140139       0.23881834703494598       -1.1006358638064406E-002
   2.0180180180180178       0.17183960845377635       -1.4150845940762012E-002
   2.0220220220220222       0.16579720723013988       -1.7295193300577522E-002
   2.0260260260260261        9.5322301361271622E-002  -2.0439369621911417E-002
   2.0300300300300300        8.9629998247577558E-002  -2.3583343810856538E-002
   2.0340340340340339        1.5681950297855792E-002  -2.6727084775504683E-002
   2.0380380380380378        1.0424272532824533E-002  -2.9870561426253207E-002
   2.0420420420420422       -6.6955330275462813E-002  -3.3013742676113789E-002
   2.0460460460460461       -7.1681645376418288E-002  -3.6156597441019026E-002
   2.0500500500500500      -0.15243994056048382       -3.9299094640131087E-002
   2.0540540540540539      -0.15650712357612623       -4.2441203196148275E-002
   2.0580580580580579      -0.24059682741580557       -4.5582892035610979E-002
   2.0620620620620622      -0.24384368007441132       -4.8724130089212093E-002
   2.0660660660660661      -0.33122423812737106       -5.1864886292100738E-002
   2.0700700700700700      -0.33345355928738091       -5.5005129584192979E-002
   2.0740740740740740      -0.42409273740813086       -5.8144828910475933E-002
   2.0780780780780779      -0.42506798314439809       -6.1283953221315746E-002
   2.0820820820820822      -0.51894329255791560       -6.4422471472768209E-002
   2.0860860860860861      -0.51838463827082426       -6.7560352626878220E-002
   2.0900900900900901      -0.61548560578424949       -7.0697565651994698E-002
   2.0940940940940940      -0.61306571336729077       -7.3834079523071736E-002
   2.0980980980980979      -0.71339690629127250       -7.6969863221978935E-002
   2.1021021021021022      -0.70873574872567668       -8.0104885737806844E-002
   2.1061061061061062      -0.81232043726085867       -8.3239116067172741E-002
   2.1101101101101101      -0.80497871812423205       -8.6372523214528554E-002
   2.1141141141141140      -0.91186338427836533       -8.9505076192466101E-002
   2.1181181181181179      -0.90133435853266397       -9.2636744022027012E-002
   2.1221221221221223       -1.0115946109179788       -9.5767495733003860E-002
   2.1261261261261262      -0.99729380171765314       -9.8897300364249888E-002
   2.1301301301301301       -1.1110419010229515      -0.10202612696398396     
   2.1341341341341340       -1.0922938473971180      -0.10515394459009790     
   2.1381381381381384       -1.2096886434340899      -0.10828072231046167     
   2.1421421421421423       -1.1857097726395431      -0.11140642920322831     
   2.1461461461461462       -1.3069697312518971      -0.11453103435714115     
   2.1501501501501501       -1.2768448175613833      -0.11765450687183812     
   2.1541541541541540       -1.4022658528734830      -0.12077681585816090     
   2.1581581581581584       -1.3649151773251131      -0.12389793043845504     
   2.1621621621621623       -1.4948973719019285      -0.12701781974687892     
   2.1661661661661662       -1.4490347505889494      -0.13013645292970763     
   2.1701701701701701       -1.5840688768404128      -0.13325379914563942     
   2.1741741741741740       -1.5284005668625560      -0.13636982756609983     
   2.1781781781781784       -1.6678627728077129      -0.13948450737554569     
   2.1821821821821823       -1.6060969719006875      -0.14259780777177072     
   2.1861861861861862       -1.7288683175371509      -0.14570969796621108     
   2.1901901901901901       -1.7524237179824564      -0.14882014718424885     
   2.1941941941941940       -1.6097745343405419      -0.15192912466551567     
   2.1981981981981984       -1.6831172708882569      -0.15503659966419808     
   2.2022022022022023       -1.5463254766204557      -0.15814254144934084     
   2.2062062062062062       -1.6112520690907250      -0.16124691930515206     
   2.2102102102102101       -1.4880134770490907      -0.16434970253130612     
   2.2142142142142140       -1.5461442698917534      -0.16745086044324597     
   2.2182182182182184       -1.4338483899428998      -0.17055036237248966     
   2.2222222222222223       -1.4867532966129640      -0.17364817766693005     
   2.2262262262262262       -1.3841200973320260      -0.17674427569114157     
   2.2302302302302301       -1.4324150521615238      -0.17983862582667995     
   2.2342342342342341       -1.3387010764717715      -0.18293119747238654     
   2.2382382382382384       -1.3827567612621674      -0.18602196004469207     
   2.2422422422422423       -1.2973460608430811      -0.18911088297791614     
   2.2462462462462462       -1.3374794689645668      -0.19219793572457292     
   2.2502502502502502       -1.2597983354939126      -0.19528308775566983     
   2.2542542542542541       -1.2963084915353777      -0.19836630856101248     
   2.2582582582582584       -1.2258094173728902      -0.20144756764950500     
   2.2622622622622623       -1.2589834004989162      -0.20452683454945086     
   2.2662662662662663       -1.1951417678391549      -0.20760407880885542     
   2.2702702702702702       -1.2252558394141297      -0.21067926999572584     
   2.2742742742742741       -1.1675685211157076      -0.21375237769837538     
   2.2782782782782784       -1.1948884871396277      -0.21682337152571909     
   2.2822822822822824       -1.1428730074294478      -0.21989222110757778     
   2.2862862862862863       -1.1676541605498945      -0.22295889609497704     
   2.2902902902902902       -1.1208483990615459      -0.22602336616044871     
   2.2942942942942941       -1.1433349180258925      -0.22908560099832984     
   2.2982982982982985       -1.1012975179191502      -0.23214557032506164     
   2.3023023023023024       -1.1217211794290247      -0.23520324387949024     
   2.3063063063063063       -1.0840327547550996      -0.23825859142316458     
   2.3103103103103102       -1.1026109260661907      -0.24131158274063905     
   2.3143143143143141       -1.0688760130788455      -0.24436218763976694     
   2.3183183183183185       -1.0858090796215962      -0.24741037595200260     
   2.3223223223223224       -1.0556585629429653      -0.25045611753269847     
   2.3263263263263263       -1.0711271674816456      -0.25349938226140445     
   2.3303303303303302       -1.0442207044233025      -0.25654014004216497     
   2.3343343343343341       -1.0583833402500256      -0.25957836080381524     
   2.3383383383383385       -1.0344112031464090      -0.26261401450028221     
   2.3423423423423424       -1.0474027274687352      -0.26564707111087593     
   2.3463463463463463       -1.0260865453260903      -0.26867750064059437     
   2.3503503503503502       -1.0380180345828507      -0.27170527312041259     
   2.3543543543543541       -1.0191101288318110      -0.27473035860758266     
   2.3583583583583585       -1.0300702329382925      -0.27775272718593058     
   2.3623623623623624       -1.0133515314285073      -0.28077234896614911     
   2.3663663663663663       -1.0234091905166007      -0.28378919408609682     
   2.3703703703703702       -1.0086859750071024      -0.28680323271108998     
   2.3743743743743742       -1.0178941291908610      -0.28981443503420068     
   2.3783783783783785       -1.0049940536879778      -0.29282277127655010     
   2.3823823823823824       -1.0133938533888935      -0.29582821168760237     
   2.3863863863863863       -1.0021617306603126      -0.29883072654545989     
   2.3903903903903903       -1.0097867477684006      -0.30183028615715662     
   2.3943943943943946       -1.0000805585945058      -0.30482686085895327     
   2.3983983983983985       -1.0069605843724163      -0.30782042101662760     
   2.4024024024024024      -0.99864804937535001      -0.31081093702577117     
   2.4064064064064064       -1.0048121963541656      -0.31379837931207849     
   2.4104104104104103      -0.99776810860660403      -0.31678271833164234     
   2.4144144144144146       -1.0032470778680054      -0.31976392457124503     
   2.4184184184184185      -0.99735145769951683      -0.32274196854864923     
   2.4224224224224224       -1.0021789589890502      -0.32571682081289072     
   2.4264264264264264      -0.99731598295180302      -0.32868845194456880     
   2.4304304304304303       -1.0015293887678727      -0.33165683255613876     
   2.4344344344344346      -0.99758697027200260      -0.33462193329220136     
   2.4384384384384385       -1.0012280901748829      -0.33758372482979238     
   2.4424424424424425      -0.99809455468289554      -0.34054217787867352     
   2.4464464464464464       -1.0012168451938928      -0.34349726318162288     
   2.4504504504504503      -0.99877605870147645      -0.34644895151472338     
   2.4544544544544546       -1.0014339938217320      -0.34939721368765092     
   2.4584584584584586      -0.99958572097364795      -0.35234202054396457     
   2.4624624624624625       -1.0018236113095702      -0.35528334296139358     
   2.4664664664664664       -1.0004794133202941      -0.35822115185212722     
   2.4704704704704703       -1.0023416086150119      -0.36115541816310109     
   2.4744744744744747       -1.0014167477765077      -0.36408611287628395     
   2.4784784784784786       -1.0029502638762520      -0.36701320700896528     
   2.4824824824824825       -1.0023650461077336      -0.36993667161404292     
   2.4864864864864864       -1.0036151285944650      -0.37285647778030850     
   2.4904904904904903       -1.0032988701820518      -0.37577259663273233     
   2.4944944944944947       -1.0043060602263443      -0.37868499933275035     
   2.4984984984984986       -1.0041979838560056      -0.38159365707854853     
   2.5025025025025025       -1.0049979344803464      -0.38449854110534887     
   2.5065065065065064       -1.0050461956980681      -0.38739962268569306     
   2.5105105105105103       -1.0056703329111276      -0.39029687312972527     
   2.5145145145145147       -1.0058310254021421      -0.39319026378547894     
   2.5185185185185186       -1.0063069216466569      -0.39607976603915657     
   2.5225225225225225       -1.0065433583082060      -0.39896535131541627     
   2.5265265265265264       -1.0068949494010624      -0.40184699107765126     
   2.5305305305305303       -1.0071770010389263      -0.40472465682827302     
   2.5345345345345347       -1.0074248529230874      -0.40759832010899633     
   2.5385385385385386       -1.0077282237549088      -0.41046795250111373     
   2.5425425425425425       -1.0078898731939094      -0.41333352562578402     
   2.5465465465465464       -1.0081953603813785      -0.41619501114430751     
   2.5505505505505504       -1.0082856694953100      -0.41905238075840956     
   2.5545545545545547       -1.0085784579693662      -0.42190560621051959     
   2.5585585585585586       -1.0086099506042034      -0.42475465928404776     
   2.5625625625625625       -1.0088789641589977      -0.42759951180366890     
   2.5665665665665665       -1.0088621352482579      -0.43044013563559802     
   2.5705705705705704       -1.0090994488932057      -0.43327650268786827     
   2.5745745745745747       -1.0090430439993971      -0.43610858491061100     
   2.5785785785785786       -1.0092433579005560      -0.43893635429633066     
   2.5825825825825826       -1.0091546242077170      -0.44175978288018303     
   2.5865865865865865       -1.0093147975136529      -0.44457884274025233     
   2.5905905905905904       -1.0091997070496770      -0.44739350599782673     
   2.5945945945945947       -1.0093183485991695      -0.45020374481767333     
   2.5985985985985987       -1.0091817767712095      -0.45300953140831385     
   2.6026026026026026       -1.0092588774518993      -0.45581083802230121     
   2.6066066066066065       -1.0091048358705341      -0.45860763695649065     
   2.6106106106106104       -1.0091413680860257      -0.46139990055231678     
   2.6146146146146148       -1.0089733206412979      -0.46418760119606622     
   2.6186186186186187       -1.0089709721681337      -0.46697071131914791     
   2.6226226226226226       -1.0087916616935406      -0.46974920339837051     
   2.6266266266266265       -1.0087529234718493      -0.47252304995621180     
   2.6306306306306309       -1.0085645345432610      -0.47529222356109002     
   2.6346346346346348       -1.0084922927249151      -0.47805669682763591     
   2.6386386386386387       -1.0082965583375101      -0.48081644241696481     
   2.6426426426426426       -1.0081939699740627      -0.48357143303694416     
   2.6466466466466465       -1.0079922905777987      -0.48632164144246637     
   2.6506506506506509       -1.0078626459091207      -0.48906704043571703     
   2.6546546546546548       -1.0076561683224901      -0.49180760286644165     
   2.6586586586586587       -1.0075027822293638      -0.49454330163221849     
   2.6626626626626626       -1.0072924628696713      -0.49727410967872404     
   2.6666666666666665       -1.0071185913666294      -0.49999999999999972     
   2.6706706706706709       -1.0069052460470631      -0.50272094563872161     
   2.6746746746746748       -1.0067140239239529      -0.50543691968646454     
   2.6786786786786787       -1.0064983663405540      -0.50814789528396909     
   2.6826826826826826       -1.0062927624463973      -0.51085384562140823     
   2.6866866866866865       -1.0060754332911015      -0.51355474393865141     
   2.6906906906906909       -1.0058582203919060      -0.51625056352552878     
   2.6946946946946948       -1.0056398086312908      -0.51894127772209564     
   2.6986986986986987       -1.0054135451402055      -0.52162685991889768     
   2.7027027027027026       -1.0051946032945134      -0.52430728355723144     
   2.7067067067067065       -1.0049616242629547      -0.52698252212940910     
   2.7107107107107109       -1.0047426786519824      -0.52965254917902060     
   2.7147147147147148       -1.0045050942280533      -0.53231733830119188     
   2.7187187187187187       -1.0042866515367208      -0.53497686314285131     
   2.7227227227227226       -1.0040463510282991      -0.53763109740298709     
   2.7267267267267266       -1.0038289020417113      -0.54028001483290666     
   2.7307307307307309       -1.0035875620710644      -0.54292358923649919     
   2.7347347347347348       -1.0033715832653101      -0.54556179447049191     
   2.7387387387387387       -1.0031306789430214      -0.54819460444470958     
   2.7427427427427427       -1.0029166326782433      -0.55082199312233360     
   2.7467467467467466       -1.0026774507301517      -0.55344393452015828     
   2.7507507507507509       -1.0024657844611937      -0.55606040270884749     
   2.7547547547547548       -1.0022294375381453      -0.55867137181319182     
   2.7587587587587588       -1.0020205824448882      -0.56127681601236501     
   2.7627627627627627       -1.0017880240338510      -0.56387670954017755     
   2.7667667667667666       -1.0015823934037802      -0.56647102668533345     
   2.7707707707707709       -1.0013544327530113      -0.56905974179168384     
   2.7747747747747749       -1.0011524202374880      -0.57164282925847854     
   2.7787787787787788       -1.0009297370386203      -0.57422026354062317     
   2.7827827827827827       -1.0007317150483626      -0.57679201914892952     
   2.7867867867867866       -1.0005148735303329      -0.57935807065036660     
   2.7907907907907910       -1.0003211918048607      -0.58191839266831491     
   2.7947947947947949       -1.0001106541202371      -0.58447295988281489     
   2.7987987987987988      -0.99992163865331818      -0.58702174703081833     
   2.8028028028028027      -0.99971777732360345      -0.58956472890643896     
   2.8068068068068066      -0.99953372942762586      -0.59210188036120082     
   2.8108108108108110      -0.99933683882086322      -0.59463317630428647     
   2.8148148148148149      -0.99915803461941444      -0.59715859170278585     
   2.8188188188188188      -0.99896834156217673      -0.59967810158194468     
   2.8228228228228227      -0.99879503185303031      -0.60219168102540921     
   2.8268268268268266      -0.99861270503313238      -0.60469930517547521     
   2.8308308308308310      -0.99844511522715673      -0.60720094923333168     
   2.8348348348348349      -0.99827027377650379      -0.60969658845930674     
   2.8388388388388388      -0.99810860438632865      -0.61218619817311326     
   2.8428428428428427      -0.99794132552426595      -0.61466975375409216     
   2.8468468468468466      -0.99778575256655777      -0.61714723064145482     
   2.8508508508508510      -0.99762607818870663      -0.61961860433452842     
   2.8548548548548549      -0.99747675411443582      -0.62208385039299596     
   2.8588588588588588      -0.99732469679847480      -0.62454294443713865     
   2.8628628628628627      -0.99718175125988473      -0.62699586214807834     
   2.8668668668668666      -0.99703729920521256      -0.62944257926801550     
   2.8708708708708710      -0.99690084026208270      -0.63188307160047208     
   2.8748748748748749      -0.99676396183401861      -0.63431731501052735     
   2.8788788788788788      -0.99663407692522821      -0.63674528542506048     
   2.8828828828828827      -0.99650472425519709      -0.63916695883298458     
   2.8868868868868871      -0.99638148158853401      -0.64158231128548815     
   2.8908908908908910      -0.99625959385934826      -0.64399131889626826     
   2.8948948948948949      -0.99614304343558080      -0.64639395784176901     
   2.8988988988988988      -0.99602854948212560      -0.64879020436141721     
   2.9029029029029028      -0.99591872454249009      -0.65118003475785557     
   2.9069069069069071      -0.99581154501982605      -0.65356342539717915     
   2.9109109109109110      -0.99570846308466865      -0.65594035270916740     
   2.9149149149149149      -0.99560851238955572      -0.65831079318751873     
   2.9189189189189189      -0.99551217659093472      -0.66067472339008115     
   2.9229229229229228      -0.99541936410834087      -0.66303211993908662     
   2.9269269269269271      -0.99532976430847342      -0.66538295952137938     
   2.9309309309309310      -0.99524399575500100      -0.66772721888864839     
   2.9349349349349350      -0.99516110954098114      -0.67006487485765742     
   2.9389389389389389      -0.99508228773372998      -0.67239590431047236     
   2.9429429429429428      -0.99500608159999526      -0.67472028419469232     
   2.9469469469469471      -0.99493410710694474      -0.67703799152367616     
   2.9509509509509511      -0.99486453726983359      -0.67934900337676973     
   2.9549549549549550      -0.99479930898657409      -0.68165329689953269     
   2.9589589589589589      -0.99473632230705722      -0.68395084930396566     
   2.9629629629629628      -0.99467773762676914      -0.68624163786873338     
   2.9669669669669672      -0.99462127247433607      -0.68852563993939209     
   2.9709709709709711      -0.99456922755033295      -0.69080283292861111     
   2.9749749749749750      -0.99451921438019120      -0.69307319431639702     
   2.9789789789789789      -0.99447360424578379      -0.69533670165031769     
   2.9829829829829828      -0.99442996632707115      -0.69759333254572287     
   2.9869869869869872      -0.99439068475730552      -0.69984306468596547     
   2.9909909909909911      -0.99435333877198073      -0.70208587582262250     
   2.9949949949949950      -0.99432027827959835      -0.70432174377571644     
   2.9989989989989989      -0.99428913470875402      -0.70655064643393228     
   3.0030030030030028      -0.99426218645058351      -0.70877256175483805     
   3.0070070070070072      -0.99423715003853486      -0.71098746776510247     
   3.0110110110110111      -0.99421620356917273      -0.71319534256071015     
   3.0150150150150150      -0.99419717373811811      -0.71539616430718178     
   3.0190190190190189      -0.99418211679506818      -0.71758991123978788     
   3.0230230230230228      -0.99416898791202024      -0.71977656166376336     
   3.0270270270270272      -0.99415970627823791      -0.72195609395452442     
   3.0310310310310311      -0.99415236781707461      -0.72412848655788031     
   3.0350350350350350      -0.99414874509321893      -0.72629371799024711     
   3.0390390390390389      -0.99414708196666868      -0.72845176683886070     
   3.0430430430430429      -0.99414899921458100      -0.73060261176198871     
   3.0470470470470472      -0.99415289208946755      -0.73274623148913987     
   3.0510510510510511      -0.99416022793207925      -0.73488260482127588     
   3.0550550550550550      -0.99416955295958431      -0.73701171063102133     
   3.0590590590590589      -0.99418218290390870      -0.73913352786287101     
   3.0630630630630629      -0.99419681191391085      -0.74124803553339991     
   3.0670670670670672      -0.99421460837009790      -0.74335521273147032     
   3.0710710710710711      -0.99423440909832772      -0.74545503861843621     
   3.0750750750750750      -0.99425724106417468      -0.74754749242835339     
   3.0790790790790790      -0.99428207714903538      -0.74963255346818258     
   3.0830830830830829      -0.99430981013049691      -0.75171020111799314     
   3.0870870870870872      -0.99433954112302880      -0.75378041483116953     
   3.0910910910910911      -0.99437203701283050      -0.75584317413461222     
   3.0950950950950951      -0.99440651835296179      -0.75789845862894101     
   3.0990990990990990      -0.99444363525410318      -0.75994624798869759     
   3.1031031031031029      -0.99448271835815494      -0.76198652196254535     
   3.1071071071071072      -0.99452431042517742      -0.76401926037346968     
   3.1111111111111112      -0.99456784269210385      -0.76604444311897801     
   3.1151151151151151      -0.99461376005317237      -0.76806205017129969     
   3.1191191191191190      -0.99466158486894718      -0.77007206157758090     
   3.1231231231231229      -0.99471167358993118      -0.77207445746008596     
   3.1271271271271273      -0.99476363029127757      -0.77406921801639050     
   3.1311311311311312      -0.99481773230408010      -0.77605632351957909     
   3.1351351351351351      -0.99487365624811008      -0.77803575431843974     
   3.1391391391391390      -0.99493160931672164      -0.78000749083765863     
   3.1431431431431434      -0.99499133193368205      -0.78197151357801342     
   3.1471471471471473      -0.99505296963700796      -0.78392780311656574     
   3.1511511511511512      -0.99511631845092674      -0.78587634010685492     
   3.1551551551551551      -0.99518147019414183      -0.78781710527908644     
   3.1591591591591590      -0.99524826889422613      -0.78975007944032583     
   3.1631631631631634      -0.99531675996520985      -0.79167524347468532     
   3.1671671671671673      -0.99538682848722149      -0.79359257834351493     
   3.1711711711711712      -0.99545848016959482      -0.79550206508559018     
   3.1751751751751751      -0.99553163470540862      -0.79740368481729929     
   3.1791791791791790      -0.99560626433780364      -0.79929741873283011     
   3.1831831831831834      -0.99568231750440506      -0.80118324810435748     
   3.1871871871871873      -0.99575973860904543      -0.80306115428222580     
   3.1911911911911912      -0.99583849956241810      -0.80493111869513456     
   3.1951951951951951      -0.99591852199399555      -0.80679312285032412     
   3.1991991991991990      -0.99599979657859161      -0.80864714833375495     
   3.2032032032032034      -0.99608222665125168      -0.81049317681029209     
   3.2072072072072073      -0.99616581755420330      -0.81233119002388610     
   3.2112112112112112      -0.99625045827224967      -0.81416116979775310     
   3.2152152152152151      -0.99633616520592838      -0.81598309803455449     
   3.2192192192192191      -0.99642281646322983      -0.81779695671657726     
   3.2232232232232234      -0.99651043639003356      -0.81960272790591171     
   3.2272272272272273      -0.99659889520315614      -0.82140039374462503     
   3.2312312312312312      -0.99668822252926992      -0.82318993645494509     
   3.2352352352352352      -0.99677828330091800      -0.82497133833943015     
   3.2392392392392391      -0.99686911014944368      -0.82674458178114651     
   3.2432432432432434      -0.99696056493924501      -0.82850964924384241     
   3.2472472472472473      -0.99705268142549908      -0.83026652327212114     
   3.2512512512512513      -0.99714532024624603      -0.83201518649161355     
   3.2552552552552552      -0.99723851474082881      -0.83375562160915107     
   3.2592592592592591      -0.99733212589410469      -0.83548781141293604     
   3.2632632632632634      -0.99742618536706096      -0.83721173877271049     
   3.2672672672672673      -0.99752055576812337      -0.83892738663992716     
   3.2712712712712713      -0.99761526611363238      -0.84063473804791811     
   3.2752752752752752      -0.99771018165890690      -0.84233377611206173     
   3.2792792792792791      -0.99780532803680710      -0.84402448402995045     
   3.2832832832832834      -0.99790057396919463      -0.84570684508155636     
   3.2872872872872874      -0.99799594118614343      -0.84738084262939606     
   3.2912912912912913      -0.99809130250840794      -0.84904646011869733     
   3.2952952952952952      -0.99818667540846728      -0.85070368107756111     
   3.2992992992992991      -0.99828193728893522      -0.85235248911712369     
   3.3033033033033035      -0.99837710117005074      -0.85399286793172058     
   3.3073073073073074      -0.99847204936904355      -0.85562480129904661     
   3.3113113113113113      -0.99856679038906382      -0.85724827308031681     
   3.3153153153153152      -0.99866121170236244      -0.85886326722042616     
   3.3193193193193191      -0.99875531734470702      -0.86046976774810746     
   3.3233233233233235      -0.99884900007189648      -0.86206775877609132     
   3.3273273273273274      -0.99894225958444527      -0.86365722450126015     
   3.3313313313313313      -0.99903499399392937      -0.86523814920480790     
   3.3353353353353352      -0.99912719887254420      -0.86681051725239255     
   3.3393393393393391      -0.99921877768048006      -0.86837431309429247     
   3.3433433433433435      -0.99930972213507685      -0.86992952126555956     
   3.3473473473473474      -0.99939994100714424      -0.87147612638617244     
   3.3513513513513513      -0.99948942247051253      -0.87301411316118827     
   3.3553553553553552      -0.99957808052505692      -0.87454346638089397     
   3.3593593593593591      -0.99966590014989765      -0.87606417092095756     
   3.3633633633633635      -0.99975280046910542      -0.87757621174257716     
   3.3673673673673674      -0.99983876364539581      -0.87907957389262847     
   3.3713713713713713      -0.99992371379270339      -0.88057424250381433     
   3.3753753753753752       -1.0000076306474894      -0.88206020279481123     
   3.3793793793793796       -1.0000904431906799      -0.88353744007041513     
   3.3833833833833835       -1.0001721291282499      -0.88500593972168740     
   3.3873873873873874       -1.0002526221684138      -0.88646568722609875     
   3.3913913913913913       -1.0003318983890479      -0.88791666814767278     
   3.3953953953953953       -1.0004098960874073      -0.88935886813712972     
   3.3993993993993996       -1.0004865901134277      -0.89079227293202790     
   3.4034034034034035       -1.0005619232227825      -0.89221686835690339     
   3.4074074074074074       -1.0006358694252973      -0.89363264032341194     
   3.4114114114114114       -1.0007083758051336      -0.89503957483046781     
   3.4154154154154153       -1.0007794159212933      -0.89643765796438168     
   3.4194194194194196       -1.0008489410698926      -0.89782687589899912     
   3.4234234234234235       -1.0009169247275849      -0.89920721489583688     
   3.4274274274274275       -1.0009833222940960      -0.90057866130421815     
   3.4314314314314314       -1.0010481075199338      -0.90194120156140900     
   3.4354354354354353       -1.0011112398111242      -0.90329482219275192     
   3.4394394394394396       -1.0011726935318557      -0.90463950981179775     
   3.4434434434434436       -1.0012324320088264      -0.90597525112043964     
   3.4474474474474475       -1.0012904305433179      -0.90730203290904421     
   3.4514514514514514       -1.0013466563074578      -0.90861984205658186     
   3.4554554554554553       -1.0014010858363238      -0.90992866553075646     
   3.4594594594594597       -1.0014536900912603      -0.91122849038813580     
   3.4634634634634636       -1.0015044471252577      -0.91251930377427593     
   3.4674674674674675       -1.0015533316321183      -0.91380109292385281     
   3.4714714714714714       -1.0016003234561464      -0.91507384516078560     
   3.4754754754754753       -1.0016454009719373      -0.91633754789836286     
   3.4794794794794797       -1.0016885460550349      -0.91759218863936631     
   3.4834834834834836       -1.0017297407334194      -0.91883775497619591     
   3.4874874874874875       -1.0017689691341767      -0.92007423459099136     
   3.4914914914914914       -1.0018062169122239      -0.92130161525575383     
   3.4954954954954953       -1.0018414706500818      -0.92251988483246850     
   3.4994994994994997       -1.0018747196057964      -0.92372903127322248     
   3.5035035035035036       -1.0019059530052066      -0.92492904262032472     
   3.5075075075075075       -1.0019351636849225      -0.92611990700642566     
   3.5115115115115114       -1.0019623436875560      -0.92730161265463207     
   3.5155155155155153       -1.0019874894053193      -0.92847414787862559     
   3.5195195195195197       -1.0020105958410350      -0.92963750108277710     
   3.5235235235235236       -1.0020316629442054      -0.93079166076226205     
   3.5275275275275275       -1.0020506887932736      -0.93193661550317375     
   3.5315315315315314       -1.0020676768719319      -0.93307235398263721     
   3.5355355355355353       -1.0020826284540769      -0.93419886496891946     
   3.5395395395395397       -1.0020955505395848      -0.93531613732154262     
   3.5435435435435436       -1.0021064476816075      -0.93642415999139206     
   3.5475475475475475       -1.0021153303859973      -0.93752292202082732     
   3.5515515515515514       -1.0021222065479249      -0.93861241254378924     
   3.5555555555555554       -1.0021270901542523      -0.93969262078590843     
   3.5595595595595597       -1.0021299925151987      -0.94076353606461116     
   3.5635635635635636       -1.0021309310504831      -0.94182514778922477     
   3.5675675675675675       -1.0021299205101581      -0.94287744546108421     
   3.5715715715715715       -1.0021269816195706      -0.94392041867363274     
   3.5755755755755754       -1.0021221326709169      -0.94495405711252811     
   3.5795795795795797       -1.0021153977786341      -0.94597835055574231     
   3.5835835835835836       -1.0021067986813978      -0.94699328887366330     
   3.5875875875875876       -1.0020963628508046      -0.94799886202919548     
   3.5915915915915915       -1.0020841154133528      -0.94899506007785894     
   3.5955955955955954       -1.0020700871304140      -0.94998187316788696     
   3.5995995995995997       -1.0020543064784648      -0.95095929154032532     
   3.6036036036036037       -1.0020368074625623      -0.95192730552912663     
   3.6076076076076076       -1.0020176218403256      -0.95288590556124664     
   3.6116116116116115       -1.0019967867719179      -0.95383508215674029     
   3.6156156156156154       -1.0019743372251206      -0.95477482592885354     
   3.6196196196196198       -1.0019503134304542      -0.95570512758411708     
   3.6236236236236237       -1.0019247534251845      -0.95662597792243798     
   3.6276276276276276       -1.0018977004854486      -0.95753736783719101     
   3.6316316316316315       -1.0018691955442891      -0.95843928831530878     
   3.6356356356356359       -1.0018392848262698      -0.95933173043737030     
   3.6396396396396398       -1.0018080120316013      -0.96021468537768961     
   3.6436436436436437       -1.0017754261727871      -0.96108814440440271     
   3.6476476476476476       -1.0017415736379822      -0.96195209887955480     
   3.6516516516516515       -1.0017065060018622      -0.96280654025918444     
   3.6556556556556559       -1.0016702722481174      -0.96365146009340885     
   3.6596596596596598       -1.0016329262652925      -0.96448685002650714     
   3.6636636636636637       -1.0015945195653639      -0.96531270179700357     
   3.6676676676676676       -1.0015551080538814      -0.96612900723774797     
   3.6716716716716715       -1.0015147457306821      -0.96693575827599820     
   3.6756756756756759       -1.0014734900739339      -0.96773294693349898     
   3.6796796796796798       -1.0014313976998939      -0.96852056532655983     
   3.6836836836836837       -1.0013885271165579      -0.96929860566613557     
   3.6876876876876876       -1.0013449375989256      -0.97006706025790090     
   3.6916916916916915       -1.0013006882605811      -0.97082592150232783     
   3.6956956956956959       -1.0012558409573051      -0.97157518189476044     
   3.6996996996996998       -1.0012104550339394      -0.97231483402548924     
   3.7037037037037037       -1.0011645947633698      -0.97304487057982392     
   3.7077077077077076       -1.0011183194615128      -0.97376528433816678     
   3.7117117117117115       -1.0010716954029535      -0.97447606817608323     
   3.7157157157157159       -1.0010247820107239      -0.97517721506437227     
   3.7197197197197198       -1.0009776465951230      -0.97586871806913611     
   3.7237237237237237       -1.0009303493253814      -0.97655057035184933     
   3.7277277277277276       -1.0008829571263551      -0.97722276516942586     
   3.7317317317317316       -1.0008355319691356      -0.97788529587428519     
   3.7357357357357359       -1.0007881384933741      -0.97853815591441973     
   3.7397397397397398       -1.0007408420243957      -0.97918133883345804     
   3.7437437437437437       -1.0006937025922573      -0.97981483827072935     
   3.7477477477477477       -1.0006467904486600      -0.98043864796132674     
   3.7517517517517516       -1.0006001591672082      -0.98105276173616807     
   3.7557557557557559       -1.0005538846782960      -0.98165717352205806     
   3.7597597597597598       -1.0005080132545161      -0.98225187734174813     
   3.7637637637637638       -1.0004626257142624      -0.98283686731399489     
   3.7677677677677677       -1.0004177626139885      -0.98341213765361879     
   3.7717717717717716       -1.0003735056271406      -0.98397768267156138     
   3.7757757757757759       -1.0003298948175696      -0.98453349677494195     
   3.7797797797797799       -1.0002870047237034      -0.98507957446711136     
   3.7837837837837838       -1.0002448845629339      -0.98561591034770824     
   3.7877877877877877       -1.0002035890015057      -0.98614249911271146     
   3.7917917917917916       -1.0001631903891408      -0.98665933555449192     
   3.7957957957957960       -1.0001237075832679      -0.98716641456186571     
   3.7997997997997999       -1.0000852516472820      -0.98766373112014327     
   3.8038038038038038       -1.0000477903831362      -0.98815128031117960     
   3.8078078078078077       -1.0000114849923589      -0.98862905731342254     
   3.8118118118118116      -0.99997624563116849      -0.98909705740196108     
   3.8158158158158160      -0.99994228115242823      -0.98955527594857173     
   3.8198198198198199      -0.99990945758423089      -0.99000370842176366     
   3.8238238238238238      -0.99987800185891185      -0.99044235038682449     
   3.8278278278278277      -0.99984778348250902      -0.99087119750586350     
   3.8318318318318316      -0.99981897741104386      -0.99129024553785516     
   3.8358358358358360      -0.99979154987391772      -0.99169949033868066     
   3.8398398398398399      -0.99976550559907706      -0.99209892786116838     
   3.8438438438438438      -0.99974104762738969      -0.99248855415513493     
   3.8478478478478477      -0.99971785214110542      -0.99286836536742351     
   3.8518518518518516      -0.99969652508807461      -0.99323835774194280     
   3.8558558558558560      -0.99967625294113749      -0.99359852761970280     
   3.8598598598598599      -0.99965818001299689      -0.99394887143885202     
   3.8638638638638638      -0.99964091749664896      -0.99428938573471282     
   3.8678678678678677      -0.99962615143464406      -0.99462006713981466     
   3.8718718718718717      -0.99961203131114329      -0.99494091238392857     
   3.8758758758758760      -0.99960051432400998      -0.99525191829409909     
   3.8798798798798799      -0.99958975355990975      -0.99555308179467450     
   3.8838838838838838      -0.99958128208339370      -0.99584439990733942     
   3.8878878878878878      -0.99957420428932442      -0.99612586975114281     
   3.8918918918918921      -0.99956842279091085      -0.99639748854252641     
   3.8958958958958960      -0.99956543525577213      -0.99665925359535279     
   3.8998998998998999      -0.99956189438848930      -0.99691116232093191     
   3.9039039039039038      -0.99956338157184166      -0.99715321222804643     
   3.9079079079079078      -0.99956169825168306      -0.99738540092297623     
   3.9119119119119121      -0.99956779987887101      -0.99760772610952264     
   3.9159159159159160      -0.99956793873336480      -0.99782018558903074     
   3.9199199199199199      -0.99957821424219595      -0.99802277726041111     
   3.9239239239239239      -0.99958085498180937      -0.99821549912016083     
   3.9279279279279278      -0.99959391353100502      -0.99839834926238302     
   3.9319319319319321      -0.99960077593855445      -0.99857132587880604     
   3.9359359359359360      -0.99961405373542844      -0.99873442725880057     
   3.9399399399399400      -0.99962794787924203      -0.99888765178939798     
   3.9439439439439439      -0.99963790129025420      -0.99903099795530448     
   3.9479479479479478      -0.99966222691012641      -0.99916446433891781     
   3.9519519519519521      -0.99966518039317165      -0.99928804962034024     
   3.9559559559559561      -0.99970273427940670      -0.99940175257739150     
   3.9599599599599600      -0.99969635916551836      -0.99950557208562174     
   3.9639639639639639      -0.99974769619998438      -0.99959950711832180     
   3.9679679679679678      -0.99973263190654982      -0.99968355674653397     
   3.9719719719719722      -0.99979464076980362      -0.99975772013906072     
   3.9759759759759761      -0.99977568078538559      -0.99982199656247328     
   3.9799799799799800      -0.99984039159908866      -0.99987638538111856     
   3.9839839839839839      -0.99982871899626125      -0.99992088605712559     
   3.9879879879879878      -0.99987792435964440      -0.99995549815041107     
   3.9919919919919922      -0.99990384179984704      -0.99998022131868336     
   3.9959959959959961      -0.99988270486619879      -0.99999505531744570     
   4.0000000000000000       -1.0000000000000000       -1.0000000000000000     
