   0.0000000000000000        1.0000000000000000       0.99999999999999989     
   4.0040040040040040E-003  0.99958787688439976       0.99999505531744592     
   8.0080080080080079E-003  0.99999251310466930       0.99998022131868325     
   1.2012012012012012E-002  0.99968584775427760       0.99995549815041107     
   1.6016016016016016E-002   1.0001805259272722       0.99992088605712559     
   2.0020020020020020E-002  0.99987868884665476       0.99987638538111856     
   2.4024024024024024E-002   1.0003308334798648       0.99982199656247328     
   2.8028028028028028E-002   1.0001181383511077       0.99975772013906072     
   3.2032032032032032E-002   1.0004810158748385       0.99968355674653397     
   3.6036036036036036E-002   1.0003751487335861       0.99959950711832180     
   4.0040040040040040E-002   1.0006477372612774       0.99950557208562174     
   4.4044044044044044E-002   1.0006362579567789       0.99940175257739161     
   4.8048048048048048E-002   1.0008361359681430       0.99928804962034012     
   5.2052052052052052E-002   1.0008963001777338       0.99916446433891792     
   5.6056056056056056E-002   1.0010455229659703       0.99903099795530459     
   6.0060060060060060E-002   1.0011541285105519       0.99888765178939798     
   6.4064064064064064E-002   1.0012726327022354       0.99873442725880068     
   6.8068068068068074E-002   1.0014102186575236       0.99857132587880615     
   7.2072072072072071E-002   1.0015133834790066       0.99839834926238324     
   7.6076076076076082E-002   1.0016654132009730       0.99821549912016094     
   8.0080080080080079E-002   1.0017637552591208       0.99802277726041122     
   8.4084084084084090E-002   1.0019203332289985       0.99782018558903074     
   8.8088088088088087E-002   1.0020201644255735       0.99760772610952264     
   9.2092092092092098E-002   1.0021751616461352       0.99738540092297623     
   9.6096096096096095E-002   1.0022795676872334       0.99715321222804643     
  0.10010010010010011        1.0024296192997952       0.99691116232093191     
  0.10410410410410410        1.0025394325226331       0.99665925359535279     
  0.10810810810810811        1.0026830293205082       0.99639748854252641     
  0.11211211211211211        1.0027976526391928       0.99612586975114281     
  0.11611611611611612        1.0029344117852967       0.99584439990733964     
  0.12012012012012012        1.0030524504101010       0.99555308179467450     
  0.12412412412412413        1.0031825784893222       0.99525191829409887     
  0.12812812812812813        1.0033022871818422       0.99494091238392868     
  0.13213213213213212        1.0034262145894433       0.99462006713981466     
  0.13613613613613615        1.0035457895552322       0.99428938573471282     
  0.14014014014014015        1.0036639426638483       0.99394887143885213     
  0.14414414414414414        1.0037816933907426       0.99359852761970280     
  0.14814814814814814        1.0038943694363838       0.99323835774194291     
  0.15215215215215216        1.0040088040137096       0.99286836536742373     
  0.15615615615615616        1.0041161175087669       0.99248855415513493     
  0.16016016016016016        1.0042259697597300       0.99209892786116838     
  0.16416416416416416        1.0043278452150719       0.99169949033868066     
  0.16816816816816818        1.0044320659488046       0.99129024553785539     
  0.17217217217217218        1.0045282574692420       0.99087119750586361     
  0.17617617617617617        1.0046259861677829       0.99044235038682449     
  0.18018018018018017        1.0047161103588720       0.99000370842176388     
  0.18418418418418420        1.0048066387209100       0.98955527594857196     
  0.18818818818818819        1.0048902115840506       0.98909705740196130     
  0.19219219219219219        1.0049729462790227       0.98862905731342254     
  0.19619619619619619        1.0050494183128762       0.98815128031117949     
  0.20020020020020021        1.0051238473687005       0.98766373112014327     
  0.20420420420420421        1.0051926338974351       0.98716641456186571     
  0.20820820820820821        1.0052582987929539       0.98665933555449203     
  0.21221221221221220        1.0053188038195759       0.98614249911271146     
  0.21621621621621623        1.0053752779857112       0.98561591034770846     
  0.22022022022022023        1.0054269117698733       0.98507957446711159     
  0.22422422422422422        1.0054737853702700       0.98453349677494206     
  0.22822822822822822        1.0055159762991008       0.98397768267156138     
  0.23223223223223224        1.0055528461970880       0.98341213765361868     
  0.23623623623623624        1.0055850475229346       0.98283686731399489     
  0.24024024024024024        1.0056115116626256       0.98225187734174813     
  0.24424424424424424        1.0056332048142176       0.98165717352205828     
  0.24824824824824826        1.0056488599025915       0.98105276173616818     
  0.25225225225225223        1.0056595546658083       0.98043864796132674     
  0.25625625625625625        1.0056639959382001       0.97981483827072957     
  0.26026026026026028        1.0056632293522549       0.97918133883345804     
  0.26426426426426425        1.0056560527933267       0.97853815591441973     
  0.26826826826826827        1.0056433872522386       0.97788529587428519     
  0.27227227227227230        1.0056241900582319       0.97722276516942586     
  0.27627627627627627        1.0055992087987855       0.97655057035184956     
  0.28028028028028029        1.0055675921192124       0.97586871806913633     
  0.28428428428428426        1.0055298971393065       0.97517721506437238     
  0.28828828828828829        1.0054854682666119       0.97447606817608334     
  0.29229229229229231        1.0054346777027958       0.97376528433816700     
  0.29629629629629628        1.0053770517866039       0.97304487057982403     
  0.30030030030030030        1.0053127976870759       0.97231483402548924     
  0.30430430430430433        1.0052415990404937       0.97157518189476044     
  0.30830830830830830        1.0051635255647735       0.97082592150232794     
  0.31231231231231232        1.0050783885614172       0.97006706025790113     
  0.31631631631631629        1.0049861505865483       0.96929860566613568     
  0.32032032032032032        1.0048867201865406       0.96852056532656006     
  0.32432432432432434        1.0047799822698944       0.96773294693349898     
  0.32832832832832831        1.0046659142339180       0.96693575827599854     
  0.33233233233233234        1.0045443498693942       0.96612900723774819     
  0.33633633633633636        1.0044153107268154       0.96531270179700357     
  0.34034034034034033        1.0042786018288430       0.96448685002650714     
  0.34434434434434436        1.0041342686643657       0.96365146009340885     
  0.34834834834834832        1.0039821052186939       0.96280654025918455     
  0.35235235235235235        1.0038221653352453       0.96195209887955491     
  0.35635635635635637        1.0036542451638331       0.96108814440440293     
  0.36036036036036034        1.0034783956698203       0.96021468537768961     
  0.36436436436436437        1.0032944242669559       0.95933173043737041     
  0.36836836836836839        1.0031023716258580       0.95843928831530878     
  0.37237237237237236        1.0029020620327898       0.95753736783719101     
  0.37637637637637639        1.0026935216034851       0.95662597792243798     
  0.38038038038038036        1.0024765942976475       0.95570512758411708     
  0.38438438438438438        1.0022512898852953       0.95477482592885377     
  0.38838838838838841        1.0020174726684123       0.95383508215674051     
  0.39239239239239238        1.0017751360983800       0.95288590556124697     
  0.39639639639639640        1.0015241639736698       0.95192730552912663     
  0.40040040040040042        1.0012645346955964       0.95095929154032544     
  0.40440440440440439        1.0009961497295072       0.94998187316788707     
  0.40840840840840842        1.0007189744543508       0.94899506007785894     
  0.41241241241241239        1.0004329256213234       0.94799886202919548     
  0.41641641641641641        1.0001379579912963       0.94699328887366341     
  0.42042042042042044       0.99983400100283215       0.94597835055574242     
  0.42442442442442441       0.99952100129215848       0.94495405711252856     
  0.42842842842842843       0.99919889841256804       0.94392041867363297     
  0.43243243243243246       0.99886763325609440       0.94287744546108421     
  0.43643643643643643       0.99852715310824003       0.94182514778922499     
  0.44044044044044045       0.99817739525420723       0.94076353606461094     
  0.44444444444444442       0.99781831261862375       0.93969262078590843     
  0.44844844844844844       0.99744984070206233       0.93861241254378935     
  0.45245245245245247       0.99707193631284396       0.93752292202082743     
  0.45645645645645644       0.99668453464620588       0.93642415999139239     
  0.46046046046046046       0.99628759498653252       0.93531613732154295     
  0.46446446446446449       0.99588105336450328       0.93419886496891991     
  0.46846846846846846       0.99546487046451060       0.93307235398263733     
  0.47247247247247248       0.99503898398054136       0.93193661550317397     
  0.47647647647647645       0.99460335521937615       0.93079166076226205     
  0.48048048048048048       0.99415792409186410       0.92963750108277710     
  0.48448448448448450       0.99370265200553620       0.92847414787862570     
  0.48848848848848847       0.99323748141210577       0.92730161265463229     
  0.49249249249249250       0.99276237350821472       0.92611990700642588     
  0.49649649649649652       0.99227727342686456       0.92492904262032505     
  0.50050050050050054       0.99178214200690906       0.92372903127322259     
  0.50450450450450446       0.99127692706323522       0.92251988483246872     
  0.50850850850850848       0.99076158905292155       0.92130161525575405     
  0.51251251251251251       0.99023607837283778       0.92007423459099136     
  0.51651651651651653       0.98970035516047972       0.91883775497619602     
  0.52052052052052056       0.98915437222811031       0.91759218863936653     
  0.52452452452452447       0.98859808951108807       0.91633754789836308     
  0.52852852852852850       0.98803146203164438       0.91507384516078605     
  0.53253253253253252       0.98745444967078089       0.91380109292385314     
  0.53653653653653655       0.98686700943833350       0.91251930377427604     
  0.54054054054054057       0.98626910131988232       0.91122849038813569     
  0.54454454454454460       0.98566068408997765       0.90992866553075669     
  0.54854854854854851       0.98504171799488160       0.90861984205658186     
  0.55255255255255253       0.98441216336210191       0.90730203290904443     
  0.55655655655655656       0.98377198084220152       0.90597525112043986     
  0.56056056056056058       0.98312113212264107       0.90463950981179786     
  0.56456456456456461       0.98245957838353015       0.90329482219275237     
  0.56856856856856852       0.98178728250225344       0.90194120156140967     
  0.57257257257257255       0.98110420629236472       0.90057866130421826     
  0.57657657657657657       0.98041031367590048       0.89920721489583666     
  0.58058058058058060       0.97970556718152979       0.89782687589899912     
  0.58458458458458462       0.97898993165537052       0.89643765796438168     
  0.58858858858858853       0.97826337040137279       0.89503957483046792     
  0.59259259259259256       0.97752584909239737       0.89363264032341216     
  0.59659659659659658       0.97677733184827364       0.89221686835690384     
  0.60060060060060061       0.97601778509220827       0.89079227293202834     
  0.60460460460460463       0.97524717378329939       0.88935886813713039     
  0.60860860860860866       0.97446546503699782       0.88791666814767300     
  0.61261261261261257       0.97367262466062188       0.88646568722609853     
  0.61661661661661660       0.97286862041917754       0.88500593972168740     
  0.62062062062062062       0.97205341896552366       0.88353744007041513     
  0.62462462462462465       0.97122698868403967       0.88206020279481145     
  0.62862862862862867       0.97038929706158217       0.88057424250381455     
  0.63263263263263259       0.96954031308158983       0.87907957389262892     
  0.63663663663663661       0.96868000504691831       0.87757621174257761     
  0.64064064064064064       0.96780834252728376       0.87606417092095823     
  0.64464464464464466       0.96692529461915300       0.87454346638089420     
  0.64864864864864868       0.96603083147127855       0.87301411316118804     
  0.65265265265265260       0.96512492294881580       0.87147612638617244     
  0.65665665665665662       0.96420753977609386       0.86992952126555978     
  0.66066066066066065       0.96327865256097189       0.86837431309429269     
  0.66466466466466467       0.96233823260231532       0.86681051725239278     
  0.66866866866866870       0.96138625122481891       0.86523814920480835     
  0.67267267267267272       0.96042268030215527       0.86365722450126059     
  0.67667667667667664       0.95944749185097156       0.86206775877609154     
  0.68068068068068066       0.95846065832058724       0.86046976774810768     
  0.68468468468468469       0.95746215239624133       0.85886326722042616     
  0.68868868868868871       0.95645194710378634       0.85724827308031681     
  0.69269269269269274       0.95543001577563424       0.85562480129904683     
  0.69669669669669665       0.95439633201472807       0.85399286793172080     
  0.70070070070070067       0.95335086978138739       0.85235248911712413     
  0.70470470470470470       0.95229360325567203       0.85070368107756156     
  0.70870870870870872       0.95122450700878869       0.84904646011869800     
  0.71271271271271275       0.95014355579728560       0.84738084262939628     
  0.71671671671671666       0.94905072478850383       0.84570684508155602     
  0.72072072072072069       0.94794598931423635       0.84402448402995045     
  0.72472472472472471       0.94682932512534645       0.84233377611206173     
  0.72872872872872874       0.94570070812703910       0.84063473804791822     
  0.73273273273273276       0.94456011464313638       0.83892738663992727     
  0.73673673673673679       0.94340752114994664       0.83721173877271082     
  0.74074074074074070       0.94224290453552240       0.83548781141293649     
  0.74474474474474472       0.94106624184466448       0.83375562160915173     
  0.74874874874874875       0.93987751052258739       0.83201518649161366     
  0.75275275275275277       0.93867668817975380       0.83026652327212069     
  0.75675675675675680       0.93746375281296535       0.82850964924384218     
  0.76076076076076071       0.93623868259546839       0.82674458178114663     
  0.76476476476476474       0.93500145607135610       0.82497133833943037     
  0.76876876876876876       0.93375205197387368       0.82318993645494531     
  0.77277277277277279       0.93249044939125958       0.82140039374462548     
  0.77677677677677681       0.93121662761413937       0.81960272790591149     
  0.78078078078078073       0.92993056627272752       0.81779695671657793     
  0.78478478478478475       0.92863224521269983       0.81598309803455460     
  0.78878878878878878       0.92732164460494781       0.81416116979775299     
  0.79279279279279280       0.92599874484820999       0.81233119002388599     
  0.79679679679679682       0.92466352665351226       0.81049317681029232     
  0.80080080080080085       0.92331597097111551       0.80864714833375506     
  0.80480480480480476       0.92195605905225619       0.80679312285032445     
  0.80880880880880879       0.92058377239765521       0.80493111869513490     
  0.81281281281281281       0.91919909279944467       0.80306115428222591     
  0.81681681681681684       0.91780200230822362       0.80118324810435759     
  0.82082082082082086       0.91639248325821043       0.79929741873283022     
  0.82482482482482478       0.91497051824980913       0.79740368481729917     
  0.82882882882882880       0.91353609016099591       0.79550206508558996     
  0.83283283283283283       0.91208918214245649       0.79359257834351515     
  0.83683683683683685       0.91062977761801411       0.79167524347468543     
  0.84084084084084088       0.90915786028962542       0.78975007944032627     
  0.84484484484484490       0.90767341412944669       0.78781710527908688     
  0.84884884884884881       0.90617642339223492       0.78587634010685514     
  0.85285285285285284       0.90466687260132228       0.78392780311656585     
  0.85685685685685686       0.90314474656630828       0.78197151357801298     
  0.86086086086086089       0.90161003036490894       0.78000749083765841     
  0.86486486486486491       0.90006270936410127       0.77803575431843952     
  0.86886886886886883       0.89850276919951411       0.77605632351957921     
  0.87287287287287285       0.89693019579852284       0.77406921801639061     
  0.87687687687687688       0.89534497535853175       0.77207445746008641     
  0.88088088088088090       0.89374709437079014       0.77007206157758135     
  0.88488488488488493       0.89213653959864692       0.76806205017129980     
  0.88888888888888884       0.89051329810116109       0.76604444311897812     
  0.89289289289289286       0.88887735721208616       0.76401926037346957     
  0.89689689689689689       0.88722870456263503       0.76198652196254524     
  0.90090090090090091       0.88556732806174587       0.75994624798869781     
  0.90490490490490494       0.88389321591751657       0.75789845862894112     
  0.90890890890890896       0.88220635661914715       0.75584317413461199     
  0.91291291291291288       0.88050673895670228       0.75378041483116964     
  0.91691691691691690       0.87879435200503264       0.75171020111799358     
  0.92092092092092093       0.87706918514161381       0.74963255346818269     
  0.92492492492492495       0.87533122803257812       0.74754749242835361     
  0.92892892892892898       0.87358047064861621       0.74545503861843632     
  0.93293293293293289       0.87181690325305994       0.74335521273147021     
  0.93693693693693691       0.87004051641588731       0.74124803553340046     
  0.94094094094094094       0.86825130100384984       0.73913352786287123     
  0.94494494494494496       0.86644924819258573       0.73701171063102144     
  0.94894894894894899       0.86463434945871565       0.73488260482127599     
  0.95295295295295290       0.86280659659019365       0.73274623148913998     
  0.95695695695695693       0.86096598168022875       0.73060261176198882     
  0.96096096096096095       0.85911249713599858       0.72845176683886093     
  0.96496496496496498       0.85724613567425023       0.72629371799024722     
  0.96896896896896900       0.85536689032855817       0.72412848655788020     
  0.97297297297297303       0.85347475444638665       0.72195609395452465     
  0.97697697697697694       0.85156972169510048       0.71977656166376347     
  0.98098098098098097       0.84965178606027980       0.71758991123978799     
  0.98498498498498499       0.84772094185069347       0.71539616430718200     
  0.98898898898898902       0.84577718369765897       0.71319534256071038     
  0.99299299299299304       0.84382050655916407       0.71098746776510235     
  0.99699699699699695       0.84185090572008103       0.70877256175483849     
   1.0010010010010011       0.83986837679561865       0.70655064643393239     
   1.0050050050050050       0.83787291573222489       0.70432174377571666     
   1.0090090090090089       0.83586451881050228       0.70208587582262261     
   1.0130130130130131       0.83384318264667134       0.69984306468596524     
   1.0170170170170170       0.83180890419507325       0.69759333254572309     
   1.0210210210210211       0.82976168075007573       0.69533670165031780     
   1.0250250250250250       0.82770150994825265       0.69307319431639725     
   1.0290290290290289       0.82562838977064623       0.69080283292861089     
   1.0330330330330331       0.82354231854470583       0.68852563993939231     
   1.0370370370370370       0.82144329494682056       0.68624163786873360     
   1.0410410410410411       0.81933131800409187       0.68395084930396588     
   1.0450450450450450       0.81720638709706972       0.68165329689953280     
   1.0490490490490489       0.81506850196139602       0.67934900337676996     
   1.0530530530530531       0.81291766269071908       0.67703799152367639     
   1.0570570570570570       0.81075386973823593       0.67472028419469277     
   1.0610610610610611       0.80857712391972913       0.67239590431047247     
   1.0650650650650650       0.80638742641506989       0.67006487485765720     
   1.0690690690690692       0.80418477877130889       0.66772721888864850     
   1.0730730730730731       0.80196918290420838       0.66538295952137927     
   1.0770770770770770       0.79974064110130683       0.66303211993908673     
   1.0810810810810811       0.79749915602355792       0.66067472339008138     
   1.0850850850850851       0.79524473070828894       0.65831079318751895     
   1.0890890890890892       0.79297736857100065       0.65594035270916762     
   1.0930930930930931       0.79069707340819007       0.65356342539717938     
   1.0970970970970970       0.78840384939931452       0.65118003475785569     
   1.1011011011011012       0.78609770110948007       0.64879020436141710     
   1.1051051051051051       0.78377863349154719       0.64639395784176923     
   1.1091091091091092       0.78144665188873086       0.64399131889626848     
   1.1131131131131131       0.77910176203678183       0.64158231128548826     
   1.1171171171171170       0.77674397006654305       0.63916695883298480     
   1.1211211211211212       0.77437328250617365       0.63674528542506059     
   1.1251251251251251       0.77198970628368146       0.63431731501052790     
   1.1291291291291292       0.76959324872917168       0.63188307160047219     
   1.1331331331331331       0.76718391757737081       0.62944257926801572     
   1.1371371371371370       0.76476172096987283       0.62699586214807856     
   1.1411411411411412       0.76232666745766819       0.62454294443713887     
   1.1451451451451451       0.75987876600338244       0.62208385039299618     
   1.1491491491491492       0.75741802598381047       0.61961860433452864     
   1.1531531531531531       0.75494445719213432       0.61714723064145538     
   1.1571571571571571       0.75245806984046071       0.61466975375409227     
   1.1611611611611612       0.74995887456202770       0.61218619817311382     
   1.1651651651651651       0.74744688241373891       0.60969658845930685     
   1.1691691691691692       0.74492210487833732       0.60720094923333146     
   1.1731731731731732       0.74238455386697733       0.60469930517547543     
   1.1771771771771771       0.73983424172129186       0.60219168102540976     
   1.1811811811811812       0.73727118121609347       0.59967810158194490     
   1.1851851851851851       0.73469538556123959       0.59715859170278607     
   1.1891891891891893       0.73210686840452288       0.59463317630428669     
   1.1931931931931932       0.72950564383329131       0.59210188036120104     
   1.1971971971971973       0.72689172637757127       0.58956472890643952     
   1.2012012012012012       0.72426513101137369       0.58702174703081855     
   1.2052052052052051       0.72162587315613591       0.58447295988281511     
   1.2092092092092093       0.71897396868159480       0.58191839266831502     
   1.2132132132132132       0.71630943390968638       0.57935807065036715     
   1.2172172172172173       0.71363228561483094       0.57679201914892964     
   1.2212212212212212       0.71094254102844079       0.57422026354062339     
   1.2252252252252251       0.70824021783845337       0.57164282925847876     
   1.2292292292292293       0.70552533419461427       0.56905974179168362     
   1.2332332332332332       0.70279790870708403       0.56647102668533400     
   1.2372372372372373       0.70005796045266877       0.56387670954017777     
   1.2412412412412412       0.69730550897230181       0.56127681601236523     
   1.2452452452452452       0.69454057427846083       0.55867137181319193     
   1.2492492492492493       0.69176317685121314       0.55606040270884771     
   1.2532532532532532       0.68897333764720126       0.55344393452015839     
   1.2572572572572573       0.68617107809378719       0.55082199312233371     
   1.2612612612612613       0.68335642010013442       0.54819460444470980     
   1.2652652652652652       0.68052938604885782       0.54556179447049202     
   1.2692692692692693       0.67768999880984560       0.54292358923649942     
   1.2732732732732732       0.67483828172870874       0.54028001483290677     
   1.2772772772772774       0.67197425864411164       0.53763109740298687     
   1.2812812812812813       0.66909795387215421       0.53497686314285187     
   1.2852852852852852       0.66620939222818754       0.53231733830119210     
   1.2892892892892893       0.66330859900600780       0.52965254917902038     
   1.2932932932932932       0.66039560000543163       0.52698252212940966     
   1.2972972972972974       0.65747042150485457       0.52430728355723166     
   1.3013013013013013       0.65453309029619233       0.52162685991889790     
   1.3053053053053052       0.65158363364902205       0.51894127772209575     
   1.3093093093093093       0.64862207935485916       0.51625056352552856     
   1.3133133133133132       0.64564845568067064       0.51355474393865164     
   1.3173173173173174       0.64266279142497396       0.51085384562140879     
   1.3213213213213213       0.63966511585791475       0.50814789528396931     
   1.3253253253253254       0.63665545879232077       0.50543691968646431     
   1.3293293293293293       0.63363385050684962       0.50272094563872183     
   1.3333333333333333       0.63060032183588821       0.50000000000000033     
   1.3373373373373374       0.62755490407142511       0.49727410967872421     
   1.3413413413413413       0.62449762907661843       0.49454330163221866     
   1.3453453453453454       0.62142852916103974       0.49180760286644143     
   1.3493493493493494       0.61834763722384389       0.48906704043571680     
   1.3533533533533533       0.61525498659578404       0.48632164144246692     
   1.3573573573573574       0.61215061121931824       0.48357143303694439     
   1.3613613613613613       0.60903454544923075       0.48081644241696458     
   1.3653653653653655       0.60590682427874476       0.47805669682763607     
   1.3693693693693694       0.60276748308867301       0.47529222356109019     
   1.3733733733733733       0.59961655793071522       0.47252304995621203     
   1.3773773773773774       0.59645408521272636       0.46974920339837073     
   1.3813813813813813       0.59328010205295512       0.46697071131914814     
   1.3853853853853855       0.59009464588618876       0.46418760119606600     
   1.3893893893893894       0.58689775490579277       0.46139990055231739     
   1.3933933933933933       0.58368946757206586       0.45860763695649082     
   1.3973973973973974       0.58046982316273343       0.45581083802230099     
   1.4014014014014013       0.57723886116066991       0.45300953140831446     
   1.4054054054054055       0.57399662193807377       0.45020374481767350     
   1.4094094094094094       0.57074314599570120       0.44739350599782696     
   1.4134134134134133       0.56747847481144942       0.44457884274025250     
   1.4174174174174174       0.56420264989721525       0.44175978288018319     
   1.4214214214214214       0.56091571384922323       0.43893635429633082     
   1.4254254254254255       0.55761770918137921       0.43610858491061116     
   1.4294294294294294       0.55430867962262032       0.43327650268786849     
   1.4334334334334333       0.55098866867692631       0.43044013563559824     
   1.4374374374374375       0.54765772122251366       0.42759951180366951     
   1.4414414414414414       0.54431588173821543       0.42475465928404799     
   1.4454454454454455       0.54096319627077749       0.42190560621051937     
   1.4494494494494494       0.53759971025480557       0.41905238075840973     
   1.4534534534534536       0.53422547092809858       0.41619501114430768     
   1.4574574574574575       0.53084052465744336       0.41333352562578418     
   1.4614614614614614       0.52744491989817743       0.41046795250111390     
   1.4654654654654655       0.52403870392038499       0.40759832010899610     
   1.4694694694694694       0.52062192642821448       0.40472465682827363     
   1.4734734734734736       0.51719463555995393       0.40184699107765148     
   1.4774774774774775       0.51375688230558414       0.39896535131541649     
   1.4814814814814814       0.51030871562923719       0.39607976603915679     
   1.4854854854854855       0.50685018785062108       0.39319026378547872     
   1.4894894894894894       0.50338134870884033       0.39029687312972589     
   1.4934934934934936       0.49990225190542220       0.38739962268569328     
   1.4974974974974975       0.49641294789360613       0.38449854110534909     
   1.5015015015015014       0.49291349181857419       0.38159365707854875     
   1.5055055055055055       0.48940393477521643       0.37868499933275013     
   1.5095095095095095       0.48588433342571891       0.37577259663273255     
   1.5135135135135136       0.48235473942055884       0.37285647778030873     
   1.5175175175175175       0.47881521102586733       0.36993667161404314     
   1.5215215215215214       0.47526580034580435       0.36701320700896550     
   1.5255255255255256       0.47170656735337452       0.36408611287628412     
   1.5295295295295295       0.46813756448609078       0.36115541816310132     
   1.5335335335335336       0.46455885354550086       0.35822115185212744     
   1.5375375375375375       0.46097048716072903       0.35528334296139380     
   1.5415415415415414       0.45737252910545967       0.35234202054396474     
   1.5455455455455456       0.45376503203384760       0.34939721368765114     
   1.5495495495495495       0.45014806186087392       0.34644895151472355     
   1.5535535535535536       0.44652167107038193       0.34349726318162310     
   1.5575575575575575       0.44288592791755160       0.34054217787867375     
   1.5615615615615615       0.43924088448733306       0.33758372482979260     
   1.5655655655655656       0.43558661160849838       0.33462193329220158     
   1.5695695695695695       0.43192316070019537       0.33165683255613898     
   1.5735735735735736       0.42825060543808968       0.32868845194456903     
   1.5775775775775776       0.42456899626448724       0.32571682081289088     
   1.5815815815815817       0.42087841002131332       0.32274196854864945     
   1.5855855855855856       0.41717889581229417       0.31976392457124525     
   1.5895895895895895       0.41347053401800393       0.31678271833164295     
   1.5935935935935936       0.40975337198374112       0.31379837931207866     
   1.5975975975975976       0.40602749406199123       0.31081093702577139     
   1.6016016016016017       0.40229294535331428       0.30782042101662782     
   1.6056056056056056       0.39854981468507317       0.30482686085895305     
   1.6096096096096095       0.39479814435094179       0.30183028615715729     
   1.6136136136136137       0.39103802823574552       0.29883072654546011     
   1.6176176176176176       0.38726950517777042       0.29582821168760254     
   1.6216216216216217       0.38349267479259791       0.29282277127655032     
   1.6256256256256256       0.37970757171654784       0.28981443503420135     
   1.6296296296296295       0.37591430207231158       0.28680323271109065     
   1.6336336336336337       0.37211289543653331       0.28378919408609704     
   1.6376376376376376       0.36830346533216424       0.28077234896614933     
   1.6416416416416417       0.36448603529285645       0.27775272718593036     
   1.6456456456456456       0.36066072726697795       0.27473035860758332     
   1.6496496496496496       0.35682755762025797       0.27170527312041282     
   1.6536536536536537       0.35298665790042866       0.26867750064059459     
   1.6576576576576576       0.34913803602112803       0.26564707111087615     
   1.6616616616616617       0.34528183447064292       0.26261401450028199     
   1.6656656656656657       0.34141805124777175       0.25957836080381591     
   1.6696696696696696       0.33754684131000140       0.25654014004216519     
   1.6736736736736737       0.33366819107882506       0.25349938226140467     
   1.6776776776776776       0.32978226971907931       0.25045611753269870     
   1.6816816816816818       0.32588905018975534       0.24741037595200283     
   1.6856856856856857       0.32198871783464661       0.24436218763976714     
   1.6896896896896898       0.31808123001737093       0.24131158274063927     
   1.6936936936936937       0.31416679049165330       0.23825859142316480     
   1.6976976976976976       0.31024533861827608       0.23520324387949043     
   1.7017017017017018       0.30631709907912641       0.23214557032506186     
   1.7057057057057057       0.30238199052120068       0.22908560099833006     
   1.7097097097097098       0.29844026138990626       0.22602336616044894     
   1.7137137137137137       0.29449180657314261       0.22295889609497727     
   1.7177177177177176       0.29053690146414823       0.21989222110757800     
   1.7217217217217218       0.28657541377925927       0.21682337152571932     
   1.7257257257257257       0.28260764942651739       0.21375237769837560     
   1.7297297297297298       0.27863344513644783       0.21067926999572606     
   1.7337337337337337       0.27465314131700497       0.20760407880885565     
   1.7377377377377377       0.27066653946055719       0.20452683454945109     
   1.7417417417417418       0.26667401891529741       0.20144756764950522     
   1.7457457457457457       0.26267534120717678       0.19836630856101312     
   1.7497497497497498       0.25867092955862586       0.19528308775567005     
   1.7537537537537538       0.25466050028595022       0.19219793572457314     
   1.7577577577577577       0.25064452595302983       0.18911088297791637     
   1.7617617617617618       0.24662267186836631       0.18602196004469188     
   1.7657657657657657       0.24259546597796733       0.18293119747238676     
   1.7697697697697699       0.23856251618898294       0.17983862582668017     
   1.7737737737737738       0.23452441248420658       0.17674427569114179     
   1.7777777777777777       0.23048069834004287       0.17364817766693028     
   1.7817817817817818       0.22643203308493648       0.17055036237248988     
   1.7857857857857857       0.22237788805944725       0.16745086044324664     
   1.7897897897897899       0.21831899994003737       0.16434970253130635     
   1.7937937937937938       0.21425475951205514       0.16124691930515228     
   1.7977977977977977       0.21018598953345288       0.15814254144934106     
   1.8018018018018018       0.20611199106428246       0.15503659966419786     
   1.8058058058058057       0.20203368244361269       0.15192912466551589     
   1.8098098098098099       0.19795026505198438       0.14882014718424907     
   1.8138138138138138       0.19386276310685779       0.14570969796621130     
   1.8178178178178179       0.18977026754160400       0.14259780777177095     
   1.8218218218218218       0.18567391957382581       0.13948450737554591     
   1.8258258258258258       0.18157268808458310       0.13636982756610005     
   1.8298298298298299       0.17746784325876191       0.13325379914563965     
   1.8338338338338338       0.17335821946503541       0.13013645292970785     
   1.8378378378378379       0.16924522868172848       0.12701781974687870     
   1.8418418418418419       0.16512755744069166       0.12389793043845529     
   1.8458458458458458       0.16100677320369564       0.12077681585816115     
   1.8498498498498499       0.15688140047713331       0.11765450687183837     
   1.8538538538538538       0.15275317675450553       0.11453103435714140     
   1.8578578578578580       0.14862044947534242       0.11140642920322855     
   1.8618618618618619       0.14448514155371767       0.10828072231046192     
   1.8658658658658658       0.14034540749260443       0.10515394459009815     
   1.8698698698698699       0.13620337182435574       0.10202612696398421     
   1.8738738738738738       0.13205697945681152        9.8897300364250137E-002
   1.8778778778778780       0.12790857349959237        9.5767495733004110E-002
   1.8818818818818819       0.12375587187422543        9.2636744022027262E-002
   1.8858858858858858       0.11960145392243013        8.9505076192466795E-002
   1.8898898898898899       0.11544279253077273        8.6372523214528804E-002
   1.8938938938938938       0.11128272153845699        8.3239116067172991E-002
   1.8978978978978980       0.10711845018695788        8.0104885737807094E-002
   1.9019019019019019       0.10295308558177860        7.6969863221979185E-002
   1.9059059059059058        9.8783554266494558E-002   7.3834079523072429E-002
   1.9099099099099099        9.4613255754258996E-002   7.0697565651994948E-002
   1.9139139139139139        9.0438814538772144E-002   6.7560352626878470E-002
   1.9179179179179180        8.6263941898230931E-002   6.4422471472768014E-002
   1.9219219219219219        8.2084940795293868E-002   6.1283953221316440E-002
   1.9259259259259258        7.7905853662872324E-002   5.8144828910476183E-002
   1.9299299299299300        7.3722642520238232E-002   5.5005129584193228E-002
   1.9339339339339339        6.9539700164481660E-002   5.1864886292100981E-002
   1.9379379379379380        6.5352628555322173E-002   4.8724130089211899E-002
   1.9419419419419419        6.1166189640930610E-002   4.5582892035611673E-002
   1.9459459459459461        5.6975606759166228E-002   4.2441203196148525E-002
   1.9499499499499500        5.2786029100613974E-002   3.9299094640131337E-002
   1.9539539539539539        4.8592283661386459E-002   3.6156597441019275E-002
   1.9579579579579580        4.4399923966269794E-002   3.3013742676113601E-002
   1.9619619619619619        4.0203364111682287E-002   2.9870561426253450E-002
   1.9659659659659661        3.6008577714028607E-002   2.6727084775504926E-002
   1.9699699699699700        3.1809550924650321E-002   2.3583343810856781E-002
   1.9739739739739739        2.7612691505583008E-002   2.0439369621911660E-002
   1.9779779779779780        2.3411544534253020E-002   1.7295193300577764E-002
   1.9819819819819819        1.9212963751026269E-002   1.4150845940762258E-002
   1.9859859859859861        1.5010042913596462E-002   1.1006358638064652E-002
   1.9899899899899900        1.0810088705494353E-002   7.8617624894684063E-003
   1.9939939939939939        6.6057445094895098E-003   4.7170885930325071E-003
   1.9979979979979980        2.4047464752653212E-003   1.5723680475848198E-003
   2.0020020020020022       -1.8006247183256748E-003  -1.5723680475845747E-003
   2.0060060060060061       -6.0024796821559444E-003  -4.7170885930322625E-003
   2.0100100100100100       -1.0208052256126855E-002  -7.8617624894681600E-003
   2.0140140140140139       -1.4409907711858289E-002  -1.1006358638064406E-002
   2.0180180180180178       -1.8614839311434400E-002  -1.4150845940762012E-002
   2.0220220220220222       -2.2815860657028508E-002  -1.7295193300577522E-002
   2.0260260260260261       -2.7019354079813773E-002  -2.0439369621911417E-002
   2.0300300300300300       -3.1218808017298833E-002  -2.3583343810856538E-002
   2.0340340340340339       -3.5420229497655151E-002  -2.6727084775504683E-002
   2.0380380380380378       -3.9617574365592344E-002  -2.9870561426253207E-002
   2.0420420420420422       -4.3816470156634743E-002  -3.3013742676113789E-002
   2.0460460460460461       -4.8011302628634935E-002  -3.6156597441019026E-002
   2.0500500500500500       -5.2207310679896576E-002  -3.9299094640131087E-002
   2.0540540540540539       -5.6399278942576465E-002  -4.2441203196148275E-002
   2.0580580580580579       -6.0592062999167882E-002  -4.5582892035610979E-002
   2.0620620620620622       -6.4780825408837187E-002  -4.8724130089212093E-002
   2.0660660660660661       -6.8970052469863208E-002  -5.1864886292100738E-002
   2.0700700700700700       -7.3155266941004715E-002  -5.5005129584192979E-002
   2.0740740740740740       -7.7340602722948182E-002  -5.8144828910475933E-002
   2.0780780780780779       -8.1521925208356660E-002  -6.1283953221315746E-002
   2.0820820820820822       -8.5703033685347332E-002  -6.4422471472768209E-002
   2.0860860860860861       -8.9880118283634416E-002  -6.7560352626878220E-002
   2.0900900900900901       -9.4056661828511010E-002  -7.0697565651994698E-002
   2.0940940940940940       -9.8229161078855889E-002  -7.3834079523071736E-002
   2.0980980980980979      -0.10240080066571763       -7.6969863221978935E-002
   2.1021021021021022      -0.10656836584591849       -8.0104885737806844E-002
   2.1061061061061062      -0.11073476125602000       -8.3239116067172741E-002
   2.1101101101101101      -0.11489704266740143       -8.6372523214528554E-002
   2.1141141141141140      -0.11905785269360648       -8.9505076192466101E-002
   2.1181181181181179      -0.12321449993213644       -9.2636744022027012E-002
   2.1221221221221223      -0.12736938258142075       -9.5767495733003860E-002
   2.1261261261261262      -0.13152004479553717       -9.8897300364249888E-002
   2.1301301301301301      -0.13566865748926790      -0.10202612696398396     
   2.1341341341341340      -0.13981298362500327      -0.10515394459009790     
   2.1381381381381384      -0.14395498339672463      -0.10828072231046167     
   2.1421421421421423      -0.14809262243073670      -0.11140642920322831     
   2.1461461461461462      -0.15222766612118377      -0.11453103435714115     
   2.1501501501501501      -0.15635826728230837      -0.11765450687183812     
   2.1541541541541540      -0.16048601173137583      -0.12077681585816090     
   2.1581581581581584      -0.16460922471131309      -0.12389793043845504     
   2.1621621621621623      -0.16872932694671308      -0.12701781974687892     
   2.1661661661661662      -0.17284480210044972      -0.13013645292970763     
   2.1701701701701701      -0.17695691952280670      -0.13325379914563942     
   2.1741741741741740      -0.18106430805936122      -0.13636982756609983     
   2.1781781781781784      -0.18516809862351030      -0.13948450737554569     
   2.1821821821821823      -0.18926705278756351      -0.14259780777177072     
   2.1861861861861862      -0.19336217517983767      -0.14570969796621108     
   2.1901901901901901      -0.19745234842478893      -0.14882014718424885     
   2.1941941941941940      -0.20153846223610411      -0.15192912466551567     
   2.1981981981981984      -0.20561950938906540      -0.15503659966419808     
   2.2022022022022023      -0.20969627528363477      -0.15814254144934084     
   2.2062062062062062      -0.21376785270284240      -0.16124691930515206     
   2.2102102102102101      -0.21783493258237741      -0.16434970253130612     
   2.2142142142142140      -0.22189669830747341      -0.16745086044324597     
   2.2182182182182184      -0.22595375547075131      -0.17055036237248966     
   2.2222222222222223      -0.23000536936635310      -0.17364817766693005     
   2.2262262262262262      -0.23405206866405523      -0.17674427569114157     
   2.2302302302302301      -0.23809319255700168      -0.17983862582667995     
   2.2342342342342341      -0.24212920054175122      -0.18293119747238654     
   2.2382382382382384      -0.24615949835238474      -0.18602196004469207     
   2.2422422422422423      -0.25018448342393118      -0.18911088297791614     
   2.2462462462462462      -0.25420362129173990      -0.19219793572457292     
   2.2502502502502502      -0.25821725383726207      -0.19528308775566983     
   2.2542542542542541      -0.26222490024118583      -0.19836630856101248     
   2.2582582582582584      -0.26622685277070007      -0.20144756764950500     
   2.2622622622622623      -0.27022267864437055      -0.20452683454945086     
   2.2662662662662663      -0.27421262592125206      -0.20760407880885542     
   2.2702702702702702      -0.27819630476341556      -0.21067926999572584     
   2.2742742742742741      -0.28217392393005214      -0.21375237769837538     
   2.2782782782782784      -0.28614513191039881      -0.21682337152571909     
   2.2822822822822824      -0.29011010260901604      -0.21989222110757778     
   2.2862862862862863      -0.29406851866961653      -0.22295889609497704     
   2.2902902902902902      -0.29802052315831795      -0.22602336616044871     
   2.2942942942942941      -0.30196582911085196      -0.22908560099832984     
   2.2982982982982985      -0.30590455237493758      -0.23214557032506164     
   2.3023023023023024      -0.30983643299387614      -0.23520324387949024     
   2.3063063063063063      -0.31376156285250190      -0.23825859142316458     
   2.3103103103103102      -0.31767970596439182      -0.24131158274063905     
   2.3143143143143141      -0.32159093317265003      -0.24436218763976694     
   2.3183183183183185      -0.32549502974163275      -0.24741037595200260     
   2.3223223223223224      -0.32939204808813177      -0.25045611753269847     
   2.3263263263263263      -0.33328179229781607      -0.25349938226140445     
   2.3303303303303302      -0.33716429869784770      -0.25654014004216497     
   2.3343343343343341      -0.34103938802964406      -0.25957836080381524     
   2.3383383383383385      -0.34490708261402842      -0.26261401450028221     
   2.3423423423423424      -0.34876721792204102      -0.26564707111087593     
   2.3463463463463463      -0.35261980412174010      -0.26867750064059437     
   2.3503503503503502      -0.35646468970430700      -0.27170527312041259     
   2.3543543543543541      -0.36030187433090793      -0.27473035860758266     
   2.3583583583583585      -0.36413121799886711      -0.27775272718593058     
   2.3623623623623624      -0.36795271132102425      -0.28077234896614911     
   2.3663663663663663      -0.37176622446277846      -0.28378919408609682     
   2.3703703703703702      -0.37557174027871548      -0.28680323271108998     
   2.3743743743743742      -0.37936913792216809      -0.28981443503420068     
   2.3783783783783785      -0.38315839362833570      -0.29282277127655010     
   2.3823823823823824      -0.38693939449975340      -0.29582821168760237     
   2.3863863863863863      -0.39071211115573806      -0.29883072654545989     
   2.3903903903903903      -0.39447643773560387      -0.30183028615715662     
   2.3943943943943946      -0.39823234012538145      -0.30482686085895327     
   2.3983983983983985      -0.40197971870129184      -0.30782042101662760     
   2.4024024024024024      -0.40571853539092040      -0.31081093702577117     
   2.4064064064064064      -0.40944869610757562      -0.31379837931207849     
   2.4104104104104103      -0.41317015949941943      -0.31678271833164234     
   2.4144144144144146      -0.41688283640576174      -0.31976392457124503     
   2.4184184184184185      -0.42058668278933292      -0.32274196854864923     
   2.4224224224224224      -0.42428161388287622      -0.32571682081289072     
   2.4264264264264264      -0.42796758348238573      -0.32868845194456880     
   2.4304304304304303      -0.43164451075078542      -0.33165683255613876     
   2.4344344344344346      -0.43531234776948408      -0.33462193329220136     
   2.4384384384384385      -0.43897101722939141      -0.33758372482979238     
   2.4424424424424425      -0.44262046989078796      -0.34054217787867352     
   2.4464464464464464      -0.44626063162403318      -0.34349726318162288     
   2.4504504504504503      -0.44989145221006704      -0.34644895151472338     
   2.4544544544544546      -0.45351286039721728      -0.34939721368765092     
   2.4584584584584586      -0.45712480528346661      -0.35234202054396457     
   2.4624624624624625      -0.46072721823479906      -0.35528334296139358     
   2.4664664664664664      -0.46432004792279902      -0.35822115185212722     
   2.4704704704704703      -0.46790322810673579      -0.36115541816310109     
   2.4744744744744747      -0.47147670725348312      -0.36408611287628395     
   2.4784784784784786      -0.47504042132252805      -0.36701320700896528     
   2.4824824824824825      -0.47859431876724118      -0.36993667161404292     
   2.4864864864864864      -0.48213833758146502      -0.37285647778030850     
   2.4904904904904903      -0.48567242636967212      -0.37577259663273233     
   2.4944944944944947      -0.48919652501778699      -0.37868499933275035     
   2.4984984984984986      -0.49271058242281146      -0.38159365707854853     
   2.5025025025025025      -0.49621454024088230      -0.38449854110534887     
   2.5065065065065064      -0.49970834778278916      -0.38739962268569306     
   2.5105105105105103      -0.50319194837062042      -0.39029687312972527     
   2.5145145145145147      -0.50666529183269116      -0.39319026378547894     
   2.5185185185185186      -0.51012832306793865      -0.39607976603915657     
   2.5225225225225225      -0.51358099251073730      -0.39896535131541627     
   2.5265265265265264      -0.51702324656078791      -0.40184699107765126     
   2.5305305305305303      -0.52045503633388079      -0.40472465682827302     
   2.5345345345345347      -0.52387630966554410      -0.40759832010899633     
   2.5385385385385386      -0.52728701841693582      -0.41046795250111373     
   2.5425425425425425      -0.53068711180399419      -0.41333352562578402     
   2.5465465465465464      -0.53407654248733505      -0.41619501114430751     
   2.5505505505505504      -0.53745526101599861      -0.41905238075840956     
   2.5545545545545547      -0.54082322089562618      -0.42190560621051959     
   2.5585585585585586      -0.54418037396793861      -0.42475465928404776     
   2.5625625625625625      -0.54752667462181215      -0.42759951180366890     
   2.5665665665665665      -0.55086207595705261      -0.43044013563559802     
   2.5705705705705704      -0.55418653327763367      -0.43327650268786827     
   2.5745745745745747      -0.55750000091176322      -0.43610858491061100     
   2.5785785785785786      -0.56080243510489891      -0.43893635429633066     
   2.5825825825825826      -0.56409379138809734      -0.44175978288018303     
   2.5865865865865865      -0.56737402696996586      -0.44457884274025233     
   2.5905905905905904      -0.57064309856230944      -0.44739350599782673     
   2.5945945945945947      -0.57390096435447890      -0.45020374481767333     
   2.5985985985985987      -0.57714758221980089      -0.45300953140831385     
   2.6026026026026026      -0.58038291134245579      -0.45581083802230121     
   2.6066066066066065      -0.58360691074044524      -0.45860763695649065     
   2.6106106106106104      -0.58681954060383434      -0.46139990055231678     
   2.6146146146146148      -0.59002076108041512      -0.46418760119606622     
   2.6186186186186187      -0.59321053337457719      -0.46697071131914791     
   2.6226226226226226      -0.59638881875061955      -0.46974920339837051     
   2.6266266266266265      -0.59955557943343707      -0.47252304995621180     
   2.6306306306306309      -0.60271077779184790      -0.47529222356109002     
   2.6346346346346348      -0.60585437707547740      -0.47805669682763591     
   2.6386386386386387      -0.60898634074672064      -0.48081644241696481     
   2.6426426426426426      -0.61210663308246172      -0.48357143303694416     
   2.6466466466466465      -0.61521521862855499      -0.48632164144246637     
   2.6506506506506509      -0.61831206269020067      -0.48906704043571703     
   2.6546546546546548      -0.62139713088723891      -0.49180760286644165     
   2.6586586586586587      -0.62447038955296219      -0.49454330163221849     
   2.6626626626626626      -0.62753180537221787      -0.49727410967872404     
   2.6666666666666665      -0.63058134570504831      -0.49999999999999972     
   2.6706706706706709      -0.63361897829269553      -0.50272094563872161     
   2.6746746746746748      -0.63664467151963255      -0.50543691968646454     
   2.6786786786786787      -0.63965839417514547      -0.50814789528396909     
   2.6826826826826826      -0.64266011566496162      -0.51085384562140823     
   2.6866866866866865      -0.64564980581823694      -0.51355474393865141     
   2.6906906906906909      -0.64862743505802178      -0.51625056352552878     
   2.6946946946946948      -0.65159297424527318      -0.51894127772209564     
   2.6986986986986987      -0.65454639481576693      -0.52162685991889768     
   2.7027027027027026      -0.65748766865424313      -0.52430728355723144     
   2.7067067067067065      -0.66041676820401285      -0.52698252212940910     
   2.7107107107107109      -0.66333366636558455      -0.52965254917902060     
   2.7147147147147148      -0.66623833658408949      -0.53231733830119188     
   2.7187187187187187      -0.66913075276775791      -0.53497686314285131     
   2.7227227227227226      -0.67201088935735820      -0.53763109740298709     
   2.7267267267267266      -0.67487872126073245      -0.54028001483290666     
   2.7307307307307309      -0.67773422390768423      -0.54292358923649919     
   2.7347347347347348      -0.68057737319747880      -0.54556179447049191     
   2.7387387387387387      -0.68340814554197316      -0.54819460444470958     
   2.7427427427427427      -0.68622651782356903      -0.55082199312233360     
   2.7467467467467466      -0.68903246742885926      -0.55344393452015828     
   2.7507507507507509      -0.69182597221498499      -0.55606040270884749     
   2.7547547547547548      -0.69460701053565010      -0.55867137181319182     
   2.7587587587587588      -0.69737556121422395      -0.56127681601236501     
   2.7627627627627627      -0.70013160356362303      -0.56387670954017755     
   2.7667667667667666      -0.70287511736481167      -0.56647102668533345     
   2.7707707707707709      -0.70560608288177007      -0.56905974179168384     
   2.7747747747747749      -0.70832448084430377      -0.57164282925847854     
   2.7787787787787788      -0.71103029245908589      -0.57422026354062317     
   2.7827827827827827      -0.71372349939588930      -0.57679201914892952     
   2.7867867867867866      -0.71640408379550291      -0.57935807065036660     
   2.7907907907907910      -0.71907202825867966      -0.58191839266831491     
   2.7947947947947949      -0.72172731585156280      -0.58447295988281489     
   2.7987987987987988      -0.72436993009678385      -0.58702174703081833     
   2.8028028028028027      -0.72699985497691799      -0.58956472890643896     
   2.8068068068068066      -0.72961707492726635      -0.59210188036120082     
   2.8108108108108110      -0.73222157483776407      -0.59463317630428647     
   2.8148148148148149      -0.73481334004707710      -0.59715859170278585     
   2.8188188188188188      -0.73739235634329670      -0.59967810158194468     
   2.8228228228228227      -0.73995860995905738      -0.60219168102540921     
   2.8268268268268266      -0.74251208757128595      -0.60469930517547521     
   2.8308308308308310      -0.74505277629710520      -0.60720094923333168     
   2.8348348348348349      -0.74758066369285947      -0.60969658845930674     
   2.8388388388388388      -0.75009573775060567      -0.61218619817311326     
   2.8428428428428427      -0.75259798689659529      -0.61466975375409216     
   2.8468468468468466      -0.75508739998820307      -0.61714723064145482     
   2.8508508508508510      -0.75756396631200695      -0.61961860433452842     
   2.8548548548548549      -0.76002767558102891      -0.62208385039299596     
   2.8588588588588588      -0.76247851793252730      -0.62454294443713865     
   2.8628628628628627      -0.76491648392545675      -0.62699586214807834     
   2.8668668668668666      -0.76734156453806623      -0.62944257926801550     
   2.8708708708708710      -0.76975375116549383      -0.63188307160047208     
   2.8748748748748749      -0.77215303561725157      -0.63431731501052735     
   2.8788788788788788      -0.77453941011488847      -0.63674528542506048     
   2.8828828828828827      -0.77691286728942854      -0.63916695883298458     
   2.8868868868868871      -0.77927340017905011      -0.64158231128548815     
   2.8908908908908910      -0.78162100222652364      -0.64399131889626826     
   2.8948948948948949      -0.78395566727687416      -0.64639395784176901     
   2.8988988988988988      -0.78627738957485516      -0.64879020436141721     
   2.9029029029029028      -0.78858616376256041      -0.65118003475785557     
   2.9069069069069071      -0.79088198487697692      -0.65356342539717915     
   2.9109109109109110      -0.79316484834751388      -0.65594035270916740     
   2.9149149149149149      -0.79543474999365971      -0.65831079318751873     
   2.9189189189189189      -0.79769168602242013      -0.66067472339008115     
   2.9229229229229228      -0.79993565302608882      -0.66303211993908662     
   2.9269269269269271      -0.80216664797958959      -0.66538295952137938     
   2.9309309309309310      -0.80438466823836996      -0.66772721888864839     
   2.9349349349349350      -0.80658971153564840      -0.67006487485765742     
   2.9389389389389389      -0.80878177598043199      -0.67239590431047236     
   2.9429429429429428      -0.81096086005467838      -0.67472028419469232     
   2.9469469469469471      -0.81312696261142636      -0.67703799152367616     
   2.9509509509509511      -0.81528008287189235      -0.67934900337676973     
   2.9549549549549550      -0.81742022042369655      -0.68165329689953269     
   2.9589589589589589      -0.81954737521792564      -0.68395084930396566     
   2.9629629629629628      -0.82166154756742105      -0.68624163786873338     
   2.9669669669669672      -0.82376273814385093      -0.68852563993939209     
   2.9709709709709711      -0.82585094797601333      -0.69080283292861111     
   2.9749749749749750      -0.82792617844698324      -0.69307319431639702     
   2.9789789789789789      -0.82998843129236544      -0.69533670165031769     
   2.9829829829829828      -0.83203770859759074      -0.69759333254572287     
   2.9869869869869872      -0.83407401279603888      -0.69984306468596547     
   2.9909909909909911      -0.83609734666658186      -0.70208587582262250     
   2.9949949949949950      -0.83810771333147738      -0.70432174377571644     
   2.9989989989989989      -0.84010511625426854      -0.70655064643393228     
   3.0030030030030028      -0.84208955923733886      -0.70877256175483805     
   3.0070070070070072      -0.84406104642029234      -0.71098746776510247     
   3.0110110110110111      -0.84601958227704210      -0.71319534256071015     
   3.0150150150150150      -0.84796517161481344      -0.71539616430718178     
   3.0190190190190189      -0.84989781957061605      -0.71758991123978788     
   3.0230230230230228      -0.85181753161103912      -0.71977656166376336     
   3.0270270270270272      -0.85372431352793654      -0.72195609395452442     
   3.0310310310310311      -0.85561817143919894      -0.72412848655788031     
   3.0350350350350350      -0.85749911178346316      -0.72629371799024711     
   3.0390390390390389      -0.85936714132205960      -0.72845176683886070     
   3.0430430430430429      -0.86122226713255090      -0.73060261176198871     
   3.0470470470470472      -0.86306449661206130      -0.73274623148913987     
   3.0510510510510511      -0.86489383746943993      -0.73488260482127588     
   3.0550550550550550      -0.86671029773018227      -0.73701171063102133     
   3.0590590590590589      -0.86851388572701871      -0.73913352786287101     
   3.0630630630630629      -0.87030461010662674      -0.74124803553339991     
   3.0670670670670672      -0.87208247981846077      -0.74335521273147032     
   3.0710710710710711      -0.87384750412343348      -0.74545503861843621     
   3.0750750750750750      -0.87559969258082537      -0.74754749242835339     
   3.0790790790790790      -0.87733905505909338      -0.74963255346818258     
   3.0830830830830829      -0.87906560172072890      -0.75171020111799314     
   3.0870870870870872      -0.88077934303529803      -0.75378041483116953     
   3.0910910910910911      -0.88248028976218629      -0.75584317413461222     
   3.0950950950950951      -0.88416845296590107      -0.75789845862894101     
   3.0990990990990990      -0.88584384399672267      -0.75994624798869759     
   3.1031031031031029      -0.88750647450820741      -0.76198652196254535     
   3.1071071071071072      -0.88915635643586666      -0.76401926037346968     
   3.1111111111111112      -0.89079350201669094      -0.76604444311897801     
   3.1151151151151151      -0.89241792376611706      -0.76806205017129969     
   3.1191191191191190      -0.89402963449924655      -0.77007206157758090     
   3.1231231231231229      -0.89562864730651293      -0.77207445746008596     
   3.1271271271271273      -0.89721497557609498      -0.77406921801639050     
   3.1311311311311312      -0.89878863296889666      -0.77605632351957909     
   3.1351351351351351      -0.90034963344144114      -0.77803575431843974     
   3.1391391391391390      -0.90189799122099845      -0.78000749083765863     
   3.1431431431431434      -0.90343372082800588      -0.78197151357801342     
   3.1471471471471473      -0.90495683705244567      -0.78392780311656574     
   3.1511511511511512      -0.90646735497454833      -0.78587634010685492     
   3.1551551551551551      -0.90796528994382397      -0.78781710527908644     
   3.1591591591591590      -0.90945065759649280      -0.78975007944032583     
   3.1631631631631634      -0.91092347383890138      -0.79167524347468532     
   3.1671671671671673      -0.91238375485979095      -0.79359257834351493     
   3.1711711711711712      -0.91383151712015331      -0.79550206508559018     
   3.1751751751751751      -0.91526677735813233      -0.79740368481729929     
   3.1791791791791790      -0.91668955258769802      -0.79929741873283011     
   3.1831831831831834      -0.91809986009364386      -0.80118324810435748     
   3.1871871871871873      -0.91949771744178166      -0.80306115428222580     
   3.1911911911911912      -0.92088314246119607      -0.80493111869513456     
   3.1951951951951951      -0.92225615326894206      -0.80679312285032412     
   3.1991991991991990      -0.92361676823646710      -0.80864714833375495     
   3.2032032032032034      -0.92496500603199838      -0.81049317681029209     
   3.2072072072072073      -0.92630088556788970      -0.81233119002388610     
   3.2112112112112112      -0.92762442606398721      -0.81416116979775310     
   3.2152152152152151      -0.92893564697262387      -0.81598309803455449     
   3.2192192192192191      -0.93023456806620108      -0.81779695671657726     
   3.2232232232232234      -0.93152120933670512      -0.81960272790591171     
   3.2272272272272273      -0.93279559111048138      -0.82140039374462503     
   3.2312312312312312      -0.93405773391952740      -0.82318993645494509     
   3.2352352352352352      -0.93530765864591314      -0.82497133833943015     
   3.2392392392392391      -0.93654538636279050      -0.82674458178114651     
   3.2432432432432434      -0.93777093851006577      -0.82850964924384241     
   3.2472472472472473      -0.93898433670409065      -0.83026652327212114     
   3.2512512512512513      -0.94018560294496134      -0.83201518649161355     
   3.2552552552552552      -0.94137475939531423      -0.83375562160915107     
   3.2592592592592591      -0.94255182861792319      -0.83548781141293604     
   3.2632632632632634      -0.94371683332598855      -0.83721173877271049     
   3.2672672672672673      -0.94486979664747550      -0.83892738663992716     
   3.2712712712712713      -0.94601074185178724      -0.84063473804791811     
   3.2752752752752752      -0.94713969263447750      -0.84233377611206173     
   3.2792792792792791      -0.94825667282833614      -0.84402448402995045     
   3.2832832832832834      -0.94936170669865938      -0.84570684508155636     
   3.2872872872872874      -0.95045481865052717      -0.84738084262939606     
   3.2912912912912913      -0.95153603352075322      -0.84904646011869733     
   3.2952952952952952      -0.95260537629751263      -0.85070368107756111     
   3.2992992992992991      -0.95366287239041103      -0.85235248911712369     
   3.3033033033033035      -0.95470854738358057      -0.85399286793172058     
   3.3073073073073074      -0.95574242726010006      -0.85562480129904661     
   3.3113113113113113      -0.95676453821510588      -0.85724827308031681     
   3.3153153153153152      -0.95777490680518118      -0.85886326722042616     
   3.3193193193193191      -0.95877355985377455      -0.86046976774810746     
   3.3233233233233235      -0.95976052449037852      -0.86206775877609132     
   3.3273273273273274      -0.96073582818630754      -0.86365722450126015     
   3.3313313313313313      -0.96169949864284598      -0.86523814920480790     
   3.3353353353353352      -0.96265156400087037      -0.86681051725239255     
   3.3393393393393391      -0.96359205253205860      -0.86837431309429247     
   3.3433433433433435      -0.96452099307042372      -0.86992952126555956     
   3.3473473473473474      -0.96543841445674849      -0.87147612638617244     
   3.3513513513513513      -0.96634434624320631      -0.87301411316118827     
   3.3553553553553552      -0.96723881783910282      -0.87454346638089397     
   3.3593593593593591      -0.96812185954060836      -0.87606417092095756     
   3.3633633633633635      -0.96899350132649553      -0.87757621174257716     
   3.3673673673673674      -0.96985377426266961      -0.87907957389262847     
   3.3713713713713713      -0.97070270890094623      -0.88057424250381433     
   3.3753753753753752      -0.97154033710143106      -0.88206020279481123     
   3.3793793793793796      -0.97236668999658515      -0.88353744007041513     
   3.3833833833833835      -0.97318180026241152      -0.88500593972168740     
   3.3873873873873874      -0.97398569962536508      -0.88646568722609875     
   3.3913913913913913      -0.97477842159445316      -0.88791666814767278     
   3.3953953953953953      -0.97555999851126940      -0.88935886813712972     
   3.3993993993993996      -0.97633046472820384      -0.89079227293202790     
   3.4034034034034035      -0.97708985323329178      -0.89221686835690339     
   3.4074074074074074      -0.97783819922351511      -0.89363264032341194     
   3.4114114114114114      -0.97857553637743344      -0.89503957483046781     
   3.4154154154154153      -0.97930190072601908      -0.89643765796438168     
   3.4194194194194196      -0.98001732669799846      -0.89782687589899912     
   3.4234234234234235      -0.98072185113317467      -0.89920721489583688     
   3.4274274274274275      -0.98141550928845644      -0.90057866130421815     
   3.4314314314314314      -0.98209833877007291      -0.90194120156140900     
   3.4354354354354353      -0.98277037576213577      -0.90329482219275192     
   3.4394394394394396      -0.98343165857529558      -0.90463950981179775     
   3.4434434434434436      -0.98408222444305060      -0.90597525112043964     
   3.4474474474474475      -0.98472211229712825      -0.90730203290904421     
   3.4514514514514514      -0.98535136056710226      -0.90861984205658186     
   3.4554554554554553      -0.98597000870042395      -0.90992866553075646     
   3.4594594594594597      -0.98657809649397754      -0.91122849038813580     
   3.4634634634634636      -0.98717566378443711      -0.91251930377427593     
   3.4674674674674675      -0.98776275193000496      -0.91380109292385281     
   3.4714714714714714      -0.98833940101192719      -0.91507384516078560     
   3.4754754754754753      -0.98890565416226628      -0.91633754789836286     
   3.4794794794794797      -0.98946155154983917      -0.91759218863936631     
   3.4834834834834836      -0.99000713830425979      -0.91883775497619591     
   3.4874874874874875      -0.99054245452186862      -0.92007423459099136     
   3.4914914914914914      -0.99106754755340520      -0.92130161525575383     
   3.4954954954954953      -0.99158245727320016      -0.92251988483246850     
   3.4994994994994997      -0.99208723346071381      -0.92372903127322248     
   3.5035035035035036      -0.99258191564770948      -0.92492904262032472     
   3.5075075075075075      -0.99306655621292717      -0.92611990700642566     
   3.5115115115115114      -0.99354119427790333      -0.92730161265463207     
   3.5155155155155153      -0.99400588492746356      -0.92847414787862559     
   3.5195195195195197      -0.99446066688782842      -0.92963750108277710     
   3.5235235235235236      -0.99490559796051059      -0.93079166076226205     
   3.5275275275275275      -0.99534071660918666      -0.93193661550317375     
   3.5315315315315314      -0.99576608322862581      -0.93307235398263721     
   3.5355355355355353      -0.99618173631084683      -0.93419886496891946     
   3.5395395395395397      -0.99658773854423699      -0.93531613732154262     
   3.5435435435435436      -0.99698412894189481      -0.93642415999139206     
   3.5475475475475475      -0.99737097196542623      -0.93752292202082732     
   3.5515515515515514      -0.99774830788834556      -0.93861241254378924     
   3.5555555555555554      -0.99811620216044317      -0.93969262078590843     
   3.5595595595595597      -0.99847469734358363      -0.94076353606461116     
   3.5635635635635636      -0.99882385878734603      -0.94182514778922477     
   3.5675675675675675      -0.99916373269255510      -0.94287744546108421     
   3.5715715715715715      -0.99949438288926262      -0.94392041867363274     
   3.5755755755755754      -0.99981586090971453      -0.94495405711252811     
   3.5795795795795797       -1.0001282273056578      -0.94597835055574231     
   3.5835835835835836       -1.0004315409706888      -0.94699328887366330     
   3.5875875875875876       -1.0007258571000475      -0.94799886202919548     
   3.5915915915915915       -1.0010112442776287      -0.94899506007785894     
   3.5955955955955954       -1.0012877500044903      -0.94998187316788696     
   3.5995995995995997       -1.0015554550982380      -0.95095929154032532     
   3.6036036036036037       -1.0018143968810915      -0.95192730552912663     
   3.6076076076076076       -1.0020646710185572      -0.95288590556124664     
   3.6116116116116115       -1.0023063022006109      -0.95383508215674029     
   3.6156156156156154       -1.0025394034096733      -0.95477482592885354     
   3.6196196196196198       -1.0027639845379979      -0.95570512758411708     
   3.6236236236236237       -1.0029801779087688      -0.95662597792243798     
   3.6276276276276276       -1.0031879770843999      -0.95753736783719101     
   3.6316316316316315       -1.0033875349151509      -0.95843928831530878     
   3.6356356356356359       -1.0035788281747380      -0.95933173043737030     
   3.6396396396396398       -1.0037620301023187      -0.96021468537768961     
   3.6436436436436437       -1.0039371018294376      -0.96108814440440271     
   3.6476476476476476       -1.0041042349475493      -0.96195209887955480     
   3.6516516516516515       -1.0042633783082613      -0.96280654025918444     
   3.6556556556556559       -1.0044147372810825      -0.96365146009340885     
   3.6596596596596598       -1.0045582546735103      -0.96448685002650714     
   3.6636636636636637       -1.0046941418575328      -0.96531270179700357     
   3.6676676676676676       -1.0048223453590499      -0.96612900723774797     
   3.6716716716716715       -1.0049430709528253      -0.96693575827599820     
   3.6756756756756759       -1.0050562827408958      -0.96773294693349898     
   3.6796796796796798       -1.0051621649904614      -0.96852056532655983     
   3.6836836836836837       -1.0052607177044699      -0.96929860566613557     
   3.6876876876876876       -1.0053520832012475      -0.97006706025790090     
   3.6916916916916915       -1.0054363202032850      -0.97082592150232783     
   3.6956956956956959       -1.0055135043205221      -0.97157518189476044     
   3.6996996996996998       -1.0055837798039713      -0.97231483402548924     
   3.7037037037037037       -1.0056471273262269      -0.97304487057982392     
   3.7077077077077076       -1.0057038062135020      -0.97376528433816678     
   3.7117117117117115       -1.0057536722194096      -0.97447606817608323     
   3.7157157157157159       -1.0057971297865578      -0.97517721506437227     
   3.7197197197197198       -1.0058338808457177      -0.97586871806913611     
   3.7237237237237237       -1.0058645020145949      -0.97655057035184933     
   3.7277277277277276       -1.0058885177514794      -0.97722276516942586     
   3.7317317317317316       -1.0059066960039080      -0.97788529587428519     
   3.7357357357357359       -1.0059183710608308      -0.97853815591441973     
   3.7397397397397398       -1.0059245069581015      -0.97918133883345804     
   3.7437437437437437       -1.0059242533503721      -0.97981483827072935     
   3.7477477477477477       -1.0059187524609021      -0.98043864796132674     
   3.7517517517517516       -1.0059070013486482      -0.98105276173616807     
   3.7557557557557559       -1.0058902719786715      -0.98165717352205806     
   3.7597597597597598       -1.0058674783361634      -0.98225187734174813     
   3.7637637637637638       -1.0058399305716876      -0.98283686731399489     
   3.7677677677677677       -1.0058065748933835      -0.98341213765361879     
   3.7717717717717716       -1.0057686184484655      -0.98397768267156138     
   3.7757757757757759       -1.0057252083645156      -0.98453349677494195     
   3.7797797797797799       -1.0056772518756152      -0.98507957446711136     
   3.7837837837837838       -1.0056243228678252      -0.98561591034770824     
   3.7877877877877877       -1.0055667751655277      -0.98614249911271146     
   3.7917917917917916       -1.0055048886801656      -0.98665933555449192     
   3.7957957957957960       -1.0054381624343498      -0.98716641456186571     
   3.7997997997997999       -1.0053679013533079      -0.98766373112014327     
   3.8038038038038038       -1.0052924204878897      -0.98815128031117960     
   3.8078078078078077       -1.0052143801943898      -0.98862905731342254     
   3.8118118118118116       -1.0051305915888171      -0.98909705740196108     
   3.8158158158158160       -1.0050453661580441      -0.98955527594857173     
   3.8198198198198199       -1.0049537571602860      -0.99000370842176366     
   3.8238238238238238       -1.0048619197184472      -0.99044235038682449     
   3.8278278278278277       -1.0047630412978743      -0.99087119750586350     
   3.8318318318318316       -1.0046651182120698      -0.99129024553785516     
   3.8358358358358360       -1.0045596142457909      -0.99169949033868066     
   3.8398398398398399       -1.0044560538074085      -0.99209892786116838     
   3.8438438438438438       -1.0043446952405513      -0.99248855415513493     
   3.8478478478478477       -1.0042358327004228      -0.99286836536742351     
   3.8518518518518516       -1.0041195533852445      -0.99323835774194280     
   3.8558558558558560       -1.0040055762245552      -0.99359852761970280     
   3.8598598598598599       -1.0038855056689080      -0.99394887143885202     
   3.8638638638638638       -1.0037664259442973      -0.99428938573471282     
   3.8678678678678677       -1.0036439101283743      -0.99462006713981466     
   3.8718718718718717       -1.0035195544640967      -0.99494091238392857     
   3.8758758758758760       -1.0033961518657626      -0.99525191829409909     
   3.8798798798798799       -1.0032661845812250      -0.99555308179467450     
   3.8838838838838838       -1.0031436192297365      -0.99584439990733942     
   3.8878878878878878       -1.0030076197523348      -0.99612586975114281     
   3.8918918918918921       -1.0028876667603928      -0.99639748854252641     
   3.8958958958958960       -1.0027452891608517      -0.99665925359535279     
   3.8998998998998999       -1.0026295619024883      -0.99691116232093191     
   3.9039039039039038       -1.0024808102008451      -0.99715321222804643     
   3.9079079079079078       -1.0023704132405655      -0.99738540092297623     
   3.9119119119119121       -1.0022160695501807      -0.99760772610952264     
   3.9159159159159160       -1.0021110805351414      -0.99782018558903074     
   3.9199199199199199       -1.0019533201934030      -0.99802277726041111     
   3.9239239239239239       -1.0018520723838236      -0.99821549912016083     
   3.9279279279279278       -1.0016952840087443      -0.99839834926238302     
   3.9319319319319321       -1.0015934478391444      -0.99857132587880604     
   3.9359359359359360       -1.0014452354161667      -0.99873442725880057     
   3.9399399399399400       -1.0013347572824793      -0.99888765178939798     
   3.9439439439439439       -1.0012070167869853      -0.99903099795530448     
   3.9479479479479478       -1.0010750900423433      -0.99916446433891781     
   3.9519519519519521       -1.0009848948830797      -0.99928804962034024     
   3.9559559559559561       -1.0008133491000868      -0.99940175257739150     
   3.9599599599599600       -1.0007831000151286      -0.99950557208562174     
   3.9639639639639639       -1.0005489576726800      -0.99959950711832180     
   3.9679679679679678       -1.0006047815255408      -0.99968355674653397     
   3.9719719719719722       -1.0002833341519857      -0.99975772013906072     
   3.9759759759759761       -1.0004499434083474      -0.99982199656247328     
   3.9799799799799800       -1.0000226731899411      -0.99987638538111856     
   3.9839839839839839       -1.0003116606411877      -0.99992088605712559     
   3.9879879879879878      -0.99978288447905950      -0.99995549815041107     
   3.9919919919919922       -1.0001697347083416      -0.99998022131868336     
   3.9959959959959961      -0.99960228349039038      -0.99999505531744570     
   4.0000000000000000       -1.0000000000000000       -1.0000000000000000     
