   0.0000000000000000        1.0000000000000000       0.99999999999999989     
   4.0040040040040040E-003   1.0000250878768833       0.99999505531744592     
   8.0080080080080079E-003  0.99999927580756065       0.99998022131868325     
   1.2012012012012012E-002   1.0000687355383937       0.99995549815041107     
   1.6016016016016016E-002   1.0001224551284895       0.99992088605712559     
   2.0020020020020020E-002   1.0001217278183925       0.99987638538111856     
   2.4024024024024024E-002   1.0002193220555420       0.99982199656247328     
   2.8028028028028028E-002   1.0001922433329333       0.99975772013906072     
   3.2032032032032032E-002   1.0002984661483336       0.99968355674653397     
   3.6036036036036036E-002   1.0002726494864640       0.99959950711832180     
   4.0040040040040040E-002   1.0003656945550568       0.99950557208562174     
   4.4044044044044044E-002   1.0003554611158192       0.99940175257739161     
   4.8048048048048048E-002   1.0004262228212610       0.99928804962034012     
   5.2052052052052052E-002   1.0004345495892373       0.99916446433891792     
   5.6056056056056056E-002   1.0004833608044470       0.99903099795530459     
   6.0060060060060060E-002   1.0005061661649708       0.99888765178939798     
   6.4064064064064064E-002   1.0005381594430378       0.99873442725880068     
   6.8068068068068074E-002   1.0005687397115781       0.99857132587880615     
   7.2072072072072071E-002   1.0005900023346390       0.99839834926238324     
   7.6076076076076082E-002   1.0006220766091469       0.99821549912016094     
   8.0080080080080079E-002   1.0006374580059512       0.99802277726041122     
   8.4084084084084090E-002   1.0006665615045289       0.99782018558903074     
   8.8088088088088087E-002   1.0006789586810703       0.99760772610952264     
   9.2092092092092098E-002   1.0007026255681299       0.99738540092297623     
   9.6096096096096095E-002   1.0007131805579348       0.99715321222804643     
  0.10010010010010011        1.0007305029603117       0.99691116232093191     
  0.10410410410410410        1.0007391727147150       0.99665925359535279     
  0.10810810810810811        1.0007501897865942       0.99639748854252641     
  0.11211211211211211        1.0007563343745958       0.99612586975114281     
  0.11611611611611612        1.0007615062465476       0.99584439990733964     
  0.12012012012012012        1.0007643290294546       0.99555308179467450     
  0.12412412412412413        1.0007641880296991       0.99525191829409887     
  0.12812812812812813        1.0007629929361026       0.99494091238392868     
  0.13213213213213212        1.0007579669706370       0.99462006713981466     
  0.13613613613613615        1.0007522643469875       0.99428938573471282     
  0.14014014014014015        1.0007426243282300       0.99394887143885213     
  0.14414414414414414        1.0007321388751069       0.99359852761970280     
  0.14814814814814814        1.0007180185301248       0.99323835774194291     
  0.15215215215215216        1.0007026494195057       0.99286836536742373     
  0.15615615615615616        1.0006840930849266       0.99248855415513493     
  0.16016016016016016        1.0006638606786458       0.99209892786116838     
  0.16416416416416416        1.0006408730474197       0.99169949033868066     
  0.16816816816816818        1.0006158714054056       0.99129024553785539     
  0.17217217217217218        1.0005884563477541       0.99087119750586361     
  0.17617617617617617        1.0005588189253440       0.99044235038682449     
  0.18018018018018017        1.0005270041975134       0.99000370842176388     
  0.18418418418418420        1.0004928832929141       0.98955527594857196     
  0.18818818818818819        1.0004567324875533       0.98909705740196130     
  0.19219219219219219        1.0004182896369302       0.98862905731342254     
  0.19619619619619619        1.0003779050002553       0.98815128031117949     
  0.20020020020020021        1.0003353084977173       0.98766373112014327     
  0.20420420420420421        1.0002908284551344       0.98716641456186571     
  0.20820820820820821        1.0002442546312609       0.98665933555449203     
  0.21221221221221220        1.0001958486986153       0.98614249911271146     
  0.21621621621621623        1.0001454844435247       0.98561591034770846     
  0.22022022022022023        1.0000933477043312       0.98507957446711159     
  0.22422422422422422        1.0000393929449705       0.98453349677494206     
  0.22822822822822822       0.99998374119407940       0.98397768267156138     
  0.23223223223223224       0.99992641039329122       0.98341213765361868     
  0.23623623623623624       0.99986747608487003       0.98283686731399489     
  0.24024024024024024       0.99980699871772638       0.98225187734174813     
  0.24424424424424424       0.99974502818624067       0.98165717352205828     
  0.24824824824824826       0.99968164835679862       0.98105276173616818     
  0.25225225225225223       0.99961689957665023       0.98043864796132674     
  0.25625625625625625       0.99955087488415650       0.97981483827072957     
  0.26026026026026028       0.99948361601216007       0.97918133883345804     
  0.26426426426426425       0.99941521614214512       0.97853815591441973     
  0.26826826826826827       0.99934572422429968       0.97788529587428519     
  0.27227227227227230       0.99927522914196909       0.97722276516942586     
  0.27627627627627627       0.99920378917523534       0.97655057035184956     
  0.28028028028028029       0.99913148752913461       0.97586871806913633     
  0.28428428428428426       0.99905839126338447       0.97517721506437238     
  0.28828828828828829       0.99898457869327528       0.97447606817608334     
  0.29229229229229231       0.99891012374430532       0.97376528433816700     
  0.29629629629629628       0.99883510130635123       0.97304487057982403     
  0.30030030030030030       0.99875958993880387       0.97231483402548924     
  0.30430430430430433       0.99868366281638155       0.97157518189476044     
  0.30830830830830830       0.99860740081762267       0.97082592150232794     
  0.31231231231231232       0.99853087688314690       0.97006706025790113     
  0.31631631631631629       0.99845417252979596       0.96929860566613568     
  0.32032032032032032       0.99837736120048481       0.96852056532656006     
  0.32432432432432434       0.99830052392748603       0.96773294693349898     
  0.32832832832832831       0.99822373511775853       0.96693575827599854     
  0.33233233233233234       0.99814707447377737       0.96612900723774819     
  0.33633633633633636       0.99807061742167091       0.96531270179700357     
  0.34034034034034033       0.99799444205459831       0.96448685002650714     
  0.34434434434434436       0.99791862435649237       0.96365146009340885     
  0.34834834834834832       0.99784324083589016       0.96280654025918455     
  0.35235235235235235       0.99776836759291754       0.96195209887955491     
  0.35635635635635637       0.99769407946686017       0.96108814440440293     
  0.36036036036036034       0.99762045225878593       0.96021468537768961     
  0.36436436436436437       0.99754755922520644       0.95933173043737041     
  0.36836836836836839       0.99747547527046199       0.95843928831530878     
  0.37237237237237236       0.99740427223405248       0.95753736783719101     
  0.37637637637637639       0.99733402362461732       0.95662597792243798     
  0.38038038038038036       0.99726479989091010       0.95570512758411708     
  0.38438438438438438       0.99719667283341173       0.95477482592885377     
  0.38838838838838841       0.99712971136489459       0.95383508215674051     
  0.39239239239239238       0.99706398540070851       0.95288590556124697     
  0.39639639639639640       0.99699956221243824       0.95192730552912663     
  0.40040040040040042       0.99693650956877267       0.95095929154032544     
  0.40440440440440439       0.99687489303127930       0.94998187316788707     
  0.40840840840840842       0.99681477801050444       0.94899506007785894     
  0.41241241241241239       0.99675622825452503       0.94799886202919548     
  0.41641641641641641       0.99669930673764151       0.94699328887366341     
  0.42042042042042044       0.99664407513538888       0.94597835055574242     
  0.42442442442442441       0.99659059398807293       0.94495405711252856     
  0.42842842842842843       0.99653892267814637       0.94392041867363297     
  0.43243243243243246       0.99648911929736705       0.94287744546108421     
  0.43643643643643643       0.99644124079825536       0.94182514778922499     
  0.44044044044044045       0.99639534270379349       0.94076353606461094     
  0.44444444444444442       0.99635147946196501       0.93969262078590843     
  0.44844844844844844       0.99630970393963891       0.93861241254378935     
  0.45245245245245247       0.99627006799479723       0.93752292202082743     
  0.45645645645645644       0.99623262178807137       0.93642415999139239     
  0.46046046046046046       0.99619741447489840       0.93531613732154295     
  0.46446446446446449       0.99616449349721126       0.93419886496891991     
  0.46846846846846846       0.99613390519626799       0.93307235398263733     
  0.47247247247247248       0.99610569427532891       0.93193661550317397     
  0.47647647647647645       0.99607990418807557       0.93079166076226205     
  0.48048048048048048       0.99605657687487648       0.92963750108277710     
  0.48448448448448450       0.99603575286549006       0.92847414787862570     
  0.48848848848848847       0.99601747127380569       0.92730161265463229     
  0.49249249249249250       0.99600176970892762       0.92611990700642588     
  0.49649649649649652       0.99598868440132093       0.92492904262032505     
  0.50050050050050054       0.99597825003422891       0.92372903127322259     
  0.50450450450450446       0.99597049992998243       0.92251988483246872     
  0.50850850850850848       0.99596546583560241       0.92130161525575405     
  0.51251251251251251       0.99596317813792301       0.92007423459099136     
  0.51651651651651653       0.99596366564477967       0.91883775497619602     
  0.52052052052052056       0.99596695563751958       0.91759218863936653     
  0.52452452452452447       0.99597307411915703       0.91633754789836308     
  0.52852852852852850       0.99598204550528913       0.91507384516078605     
  0.53253253253253252       0.99599389285220385       0.91380109292385314     
  0.53653653653653655       0.99600863767145131       0.91251930377427604     
  0.54054054054054057       0.99602630009845183       0.91122849038813569     
  0.54454454454454460       0.99604689874509311       0.90992866553075669     
  0.54854854854854851       0.99607045085306423       0.90861984205658186     
  0.55255255255255253       0.99609697215333914       0.90730203290904443     
  0.55655655655655656       0.99612647701035817       0.90597525112043986     
  0.56056056056056058       0.99615897831724720       0.90463950981179786     
  0.56456456456456461       0.99619448758998808       0.90329482219275237     
  0.56856856856856852       0.99623301489656912       0.90194120156140967     
  0.57257257257257255       0.99627456895645528       0.90057866130421826     
  0.57657657657657657       0.99631915704045271       0.89920721489583666     
  0.58058058058058060       0.99636678510968202       0.89782687589899912     
  0.58458458458458462       0.99641745768261369       0.89643765796438168     
  0.58858858858858853       0.99647117799737206       0.89503957483046792     
  0.59259259259259256       0.99652794786970222       0.89363264032341216     
  0.59659659659659658       0.99658776785536329       0.89221686835690384     
  0.60060060060060061       0.99665063711721269       0.89079227293202834     
  0.60460460460460463       0.99671655357508582       0.88935886813713039     
  0.60860860860860866       0.99678551378939828       0.88791666814767300     
  0.61261261261261257       0.99685751309499970       0.88646568722609853     
  0.61661661661661660       0.99693254550163268       0.88500593972168740     
  0.62062062062062062       0.99701060381312689       0.88353744007041513     
  0.62462462462462465       0.99709167954214417       0.88206020279481145     
  0.62862862862862867       0.99717576301780986       0.88057424250381455     
  0.63263263263263259       0.99726284331119153       0.87907957389262892     
  0.63663663663663661       0.99735290833469159       0.87757621174257761     
  0.64064064064064064       0.99744594477510573       0.87606417092095823     
  0.64464464464464466       0.99754193818715009       0.87454346638089420     
  0.64864864864864868       0.99764087293263559       0.87301411316118804     
  0.65265265265265260       0.99774273226847188       0.87147612638617244     
  0.65665665665665662       0.99784749829209962       0.86992952126555978     
  0.66066066066066065       0.99795515202335094       0.86837431309429269     
  0.66466466466466467       0.99806567335697416       0.86681051725239278     
  0.66866866866866870       0.99817904113715328       0.86523814920480835     
  0.67267267267267272       0.99829523311820811       0.86365722450126059     
  0.67667667667667664       0.99841422603083063       0.86206775877609154     
  0.68068068068068066       0.99853599555153572       0.86046976774810768     
  0.68468468468468469       0.99866051636006037       0.85886326722042616     
  0.68868868868868871       0.99878776211800679       0.85724827308031681     
  0.69269269269269274       0.99891770551705028       0.85562480129904683     
  0.69669669669669665       0.99905031826662050       0.85399286793172080     
  0.70070070070070067       0.99918557113360207       0.85235248911712413     
  0.70470470470470470       0.99932343393747103       0.85070368107756156     
  0.70870870870870872       0.99946387558398997       0.84904646011869800     
  0.71271271271271275       0.99960686406401600       0.84738084262939628     
  0.71671671671671666       0.99975236648651344       0.84570684508155602     
  0.72072072072072069       0.99990034907387715       0.84402448402995045     
  0.72472472472472471        1.0000507772028462       0.84233377611206173     
  0.72872872872872874        1.0002036153865206       0.84063473804791822     
  0.73273273273273276        1.0003588273338528       0.83892738663992727     
  0.73673673673673679        1.0005163759075186       0.83721173877271082     
  0.74074074074074070        1.0006762232111355       0.83548781141293649     
  0.74474474474474472        1.0008383305182782       0.83375562160915173     
  0.74874874874874875        1.0010026583835221       0.83201518649161366     
  0.75275275275275277        1.0011691665599212       0.83026652327212069     
  0.75675675675675680        1.0013378140930043       0.82850964924384218     
  0.76076076076076071        1.0015085593017630       0.82674458178114663     
  0.76476476476476474        1.0016813597699847       0.82497133833943037     
  0.76876876876876876        1.0018561724303692       0.82318993645494531     
  0.77277277277277279        1.0020329534804309       0.82140039374462548     
  0.77677677677677681        1.0022116585087562       0.81960272790591149     
  0.78078078078078073        1.0023922423919771       0.81779695671657793     
  0.78478478478478475        1.0025746594291676       0.81598309803455460     
  0.78878878878878878        1.0027588632319420       0.81416116979775299     
  0.79279279279279280        1.0029448068632061       0.81233119002388599     
  0.79679679679679682        1.0031324427324735       0.81049317681029232     
  0.80080080080080085        1.0033217227002427       0.80864714833375506     
  0.80480480480480476        1.0035125980589423       0.80679312285032445     
  0.80880880880880879        1.0037050194953416       0.80493111869513490     
  0.81281281281281281        1.0038989372465539       0.80306115428222591     
  0.81681681681681684        1.0040943008955496       0.80118324810435759     
  0.82082082082082086        1.0042910596360399       0.79929741873283022     
  0.82482482482482478        1.0044891620364804       0.79740368481729917     
  0.82882882882882880        1.0046885562709691       0.79550206508558996     
  0.83283283283283283        1.0048891899690171       0.79359257834351515     
  0.83683683683683685        1.0050910102972610       0.79167524347468543     
  0.84084084084084088        1.0052939640414895       0.78975007944032627     
  0.84484484484484490        1.0054979973914220       0.78781710527908688     
  0.84884884884884881        1.0057030563160487       0.78587634010685514     
  0.85285285285285284        1.0059090861271924       0.78392780311656585     
  0.85685685685685686        1.0061160319560976       0.78197151357801298     
  0.86086086086086089        1.0063238383500779       0.78000749083765841     
  0.86486486486486491        1.0065324495825672       0.77803575431843952     
  0.86886886886886883        1.0067418095469454       0.77605632351957921     
  0.87287287287287285        1.0069518616741284       0.77406921801639061     
  0.87687687687687688        1.0071625492306910       0.77207445746008641     
  0.88088088088088090        1.0073738149157492       0.77007206157758135     
  0.88488488488488493        1.0075856013113547       0.76806205017129980     
  0.88888888888888884        1.0077978505336902       0.76604444311897812     
  0.89289289289289286        1.0080105044136103       0.76401926037346957     
  0.89689689689689689        1.0082235046250285       0.76198652196254524     
  0.90090090090090091        1.0084367922922202       0.75994624798869781     
  0.90490490490490494        1.0086503085749325       0.75789845862894112     
  0.90890890890890896        1.0088639940772697       0.75584317413461199     
  0.91291291291291288        1.0090777893399248       0.75378041483116964     
  0.91691691691691690        1.0092916346145229       0.75171020111799358     
  0.92092092092092093        1.0095054698213721       0.74963255346818269     
  0.92492492492492495        1.0097192348399298       0.74754749242835361     
  0.92892892892892898        1.0099328691386014       0.74545503861843632     
  0.93293293293293289        1.0101463120851299       0.74335521273147021     
  0.93693693693693691        1.0103595029019770       0.74124803553340046     
  0.94094094094094094        1.0105723804201314       0.73913352786287123     
  0.94494494494494496        1.0107848835953746       0.73701171063102144     
  0.94894894894894899        1.0109969509043797       0.73488260482127599     
  0.95295295295295290        1.0112085208628392       0.73274623148913998     
  0.95695695695695693        1.0114195318209527       0.73060261176198882     
  0.96096096096096095        1.0116299218582765       0.72845176683886093     
  0.96496496496496498        1.0118396290899008       0.72629371799024722     
  0.96896896896896900        1.0120485914042892       0.72412848655788020     
  0.97297297297297303        1.0122567465158672       0.72195609395452465     
  0.97697697697697694        1.0124640322779048       0.71977656166376347     
  0.98098098098098097        1.0126703861021282       0.71758991123978799     
  0.98498498498498499        1.0128757455864852       0.71539616430718200     
  0.98898898898898902        1.0130800481334816       0.71319534256071038     
  0.99299299299299304        1.0132832310336037       0.71098746776510235     
  0.99699699699699695        1.0134852315903511       0.70877256175483849     
   1.0010010010010011        1.0136859870366524       0.70655064643393239     
   1.0050050050050050        1.0138854344036110       0.70432174377571666     
   1.0090090090090089        1.0140835109756106       0.70208587582262261     
   1.0130130130130131        1.0142801536589159       0.69984306468596524     
   1.0170170170170170        1.0144752995278823       0.69759333254572309     
   1.0210210210210211        1.0146688856354003       0.69533670165031780     
   1.0250250250250250        1.0148608489060122       0.69307319431639725     
   1.0290290290290289        1.0150511262355770       0.69080283292861089     
   1.0330330330330331        1.0152396547510589       0.68852563993939231     
   1.0370370370370370        1.0154263711860971       0.68624163786873360     
   1.0410410410410411        1.0156112125889936       0.68395084930396588     
   1.0450450450450450        1.0157941158833985       0.68165329689953280     
   1.0490490490490489        1.0159750179985305       0.67934900337676996     
   1.0530530530530531        1.0161538557941829       0.67703799152367639     
   1.0570570570570570        1.0163305664164346       0.67472028419469277     
   1.0610610610610611        1.0165050866189052       0.67239590431047247     
   1.0650650650650650        1.0166773534854154       0.67006487485765720     
   1.0690690690690692        1.0168473040059958       0.66772721888864850     
   1.0730730730730731        1.0170148751808230       0.66538295952137927     
   1.0770770770770770        1.0171800039079759       0.66303211993908673     
   1.0810810810810811        1.0173426274283253       0.66067472339008138     
   1.0850850850850851        1.0175026825672473       0.65831079318751895     
   1.0890890890890892        1.0176601064869579       0.65594035270916762     
   1.0930930930930931        1.0178148361371397       0.65356342539717938     
   1.0970970970970970        1.0179668086854050       0.65118003475785569     
   1.1011011011011012        1.0181159609888653       0.64879020436141710     
   1.1051051051051051        1.0182622301679198       0.64639395784176923     
   1.1091091091091092        1.0184055531821512       0.64399131889626848     
   1.1131131131131131        1.0185458669984877       0.64158231128548826     
   1.1171171171171170        1.0186831084261485       0.63916695883298480     
   1.1211211211211212        1.0188172144417897       0.63674528542506059     
   1.1251251251251251        1.0189481217391898       0.63431731501052790     
   1.1291291291291292        1.0190757670632686       0.63188307160047219     
   1.1331331331331331        1.0192000868572078       0.62944257926801572     
   1.1371371371371370        1.0193210178049672       0.62699586214807856     
   1.1411411411411412        1.0194384960370595       0.62454294443713887     
   1.1451451451451451        1.0195524578678741       0.62208385039299618     
   1.1491491491491492        1.0196628390313343       0.61961860433452864     
   1.1531531531531531        1.0197695755883895       0.61714723064145538     
   1.1571571571571571        1.0198726027614180       0.61466975375409227     
   1.1611611611611612        1.0199718560457518       0.61218619817311382     
   1.1651651651651651        1.0200672700495892       0.60969658845930685     
   1.1691691691691692        1.0201587796887555       0.60720094923333146     
   1.1731731731731732        1.0202463188540998       0.60469930517547543     
   1.1771771771771771        1.0203298216101773       0.60219168102540976     
   1.1811811811811812        1.0204092209494737       0.59967810158194490     
   1.1851851851851851        1.0204844498789021       0.59715859170278607     
   1.1891891891891893        1.0205554404206807       0.59463317630428669     
   1.1931931931931932        1.0206221243510167       0.59210188036120104     
   1.1971971971971973        1.0206844323463760       0.58956472890643952     
   1.2012012012012012        1.0207422947691640       0.58702174703081855     
   1.2052052052052051        1.0207956406984817       0.58447295988281511     
   1.2092092092092093        1.0208443987796412       0.58191839266831502     
   1.2132132132132132        1.0208884963270806       0.57935807065036715     
   1.2172172172172173        1.0209278599428038       0.57679201914892964     
   1.2212212212212212        1.0209624147501721       0.57422026354062339     
   1.2252252252252251        1.0209920850231116       0.57164282925847876     
   1.2292292292292293        1.0210167933380845       0.56905974179168362     
   1.2332332332332332        1.0210364612540930       0.56647102668533400     
   1.2372372372372373        1.0210510083907673       0.56387670954017777     
   1.2412412412412412        1.0210603531535578       0.56127681601236523     
   1.2452452452452452        1.0210644118218970       0.55867137181319193     
   1.2492492492492493        1.0210630992616372       0.55606040270884771     
   1.2532532532532532        1.0210563281555269       0.55344393452015839     
   1.2572572572572573        1.0210440088163226       0.55082199312233371     
   1.2612612612612613        1.0210260494926806       0.54819460444470980     
   1.2652652652652652        1.0210023557454004       0.54556179447049202     
   1.2692692692692693        1.0209728307827386       0.54292358923649942     
   1.2732732732732732        1.0209373747607566       0.54028001483290677     
   1.2772772772772774        1.0208958851785102       0.53763109740298687     
   1.2812812812812813        1.0208482560687171       0.53497686314285187     
   1.2852852852852852        1.0207943784857307       0.53231733830119210     
   1.2892892892892893        1.0207341395497314       0.52965254917902038     
   1.2932932932932932        1.0206674230638368       0.52698252212940966     
   1.2972972972972974        1.0205941083710623       0.52430728355723166     
   1.3013013013013013        1.0205140711411580       0.52162685991889790     
   1.3053053053053052        1.0204271819951314       0.51894127772209575     
   1.3093093093093093        1.0203333075070702       0.51625056352552856     
   1.3133133133133132        1.0202323085457952       0.51355474393865164     
   1.3173173173173174        1.0201240415429296       0.51085384562140879     
   1.3213213213213213        1.0200083564944675       0.50814789528396931     
   1.3253253253253254        1.0198850985537415       0.50543691968646431     
   1.3293293293293293        1.0197541056278696       0.50272094563872183     
   1.3333333333333333        1.0196152103626441       0.50000000000000033     
   1.3373373373373374        1.0194682372598487       0.49727410967872421     
   1.3413413413413413        1.0193130051307904       0.49454330163221866     
   1.3453453453453454        1.0191493236502505       0.49180760286644143     
   1.3493493493493494        1.0189769963663857       0.48906704043571680     
   1.3533533533533533        1.0187958165953563       0.48632164144246692     
   1.3573573573573574        1.0186055710880988       0.48357143303694439     
   1.3613613613613613        1.0184060351561190       0.48081644241696458     
   1.3653653653653655        1.0181969771102510       0.47805669682763607     
   1.3693693693693694        1.0179781524928422       0.47529222356109019     
   1.3733733733733733        1.0177493094199961       0.47252304995621203     
   1.3773773773773774        1.0175101817782182       0.46974920339837073     
   1.3813813813813813        1.0172604956200275       0.46697071131914814     
   1.3853853853853855        1.0169999611642304       0.46418760119606600     
   1.3893893893893894        1.0167282804148290       0.46139990055231739     
   1.3933933933933933        1.0164451377833548       0.45860763695649082     
   1.3973973973973974        1.0161502091232197       0.45581083802230099     
   1.4014014014014013        1.0158431507698193       0.45300953140831446     
   1.4054054054054055        1.0155236102063332       0.45020374481767350     
   1.4094094094094094        1.0151912132931848       0.44739350599782696     
   1.4134134134134133        1.0148455768066813       0.44457884274025250     
   1.4174174174174174        1.0144862936039127       0.44175978288018319     
   1.4214214214214214        1.0141129473021600       0.43893635429633082     
   1.4254254254254255        1.0137250950990253       0.43610858491061116     
   1.4294294294294294        1.0133222848876886       0.43327650268786849     
   1.4334334334334333        1.0129040354255108       0.43044013563559824     
   1.4374374374374375        1.0124698562073449       0.42759951180366951     
   1.4414414414414414        1.0120192246498021       0.42475465928404799     
   1.4454454454454455        1.0115516090710321       0.42190560621051937     
   1.4494494494494494        1.0110664425333682       0.41905238075840973     
   1.4534534534534536        1.0105631493020129       0.41619501114430768     
   1.4574574574574575        1.0100411149674378       0.41333352562578418     
   1.4614614614614614        1.0094997167753239       0.41046795250111390     
   1.4654654654654655        1.0089382896339516       0.40759832010899610     
   1.4694694694694694        1.0083561607215308       0.40472465682827363     
   1.4734734734734736        1.0077526109749610       0.40184699107765148     
   1.4774774774774775        1.0071269143860038       0.39896535131541649     
   1.4814814814814814        1.0064782945690036       0.39607976603915679     
   1.4854854854854855        1.0058059691508765       0.39319026378547872     
   1.4894894894894894        1.0051091010302513       0.39029687312972589     
   1.4934934934934936        1.0043868482443290       0.38739962268569328     
   1.4974974974974975        1.0036383095643104       0.38449854110534909     
   1.5015015015015014        1.0028625801805093       0.38159365707854875     
   1.5055055055055055        1.0020586913336305       0.37868499933275013     
   1.5095095095095095        1.0012256720927342       0.37577259663273255     
   1.5135135135135136        1.0003624828048980       0.37285647778030873     
   1.5175175175175175       0.99946808314245561       0.36993667161404314     
   1.5215215215215214       0.99854135927114873       0.36701320700896550     
   1.5255255255255256       0.99758119820673352       0.36408611287628412     
   1.5295295295295295       0.99658640876148230       0.36115541816310132     
   1.5335335335335336       0.99555580206743677       0.35822115185212744     
   1.5375375375375375       0.99448810657179576       0.35528334296139380     
   1.5415415415415414       0.99338205434570270       0.35234202054396474     
   1.5455455455455456       0.99223629067024421       0.34939721368765114     
   1.5495495495495495       0.99104946544534323       0.34644895151472355     
   1.5535535535535536       0.98982013825089099       0.34349726318162310     
   1.5575575575575575       0.98854687378835149       0.34054217787867375     
   1.5615615615615615       0.98722814372821066       0.33758372482979260     
   1.5655655655655656       0.98586242464430629       0.33462193329220158     
   1.5695695695695695       0.98444809848310377       0.33165683255613898     
   1.5735735735735736       0.98298355087299927       0.32868845194456903     
   1.5775775775775776       0.98146707268796607       0.32571682081289088     
   1.5815815815815817       0.97989695591552151       0.32274196854864945     
   1.5855855855855856       0.97827139955344233       0.31976392457124525     
   1.5895895895895895       0.97658859938336262       0.31678271833164295     
   1.5935935935935936       0.97484666235275774       0.31379837931207866     
   1.5975975975975976       0.97304368560722010       0.31081093702577139     
   1.6016016016016017       0.97117768459054155       0.30782042101662782     
   1.6056056056056056       0.96924665551702915       0.30482686085895305     
   1.6096096096096095       0.96724852369158076       0.30183028615715729     
   1.6136136136136137       0.96518118223190696       0.29883072654546011     
   1.6176176176176176       0.96304246859077369       0.29582821168760254     
   1.6216216216216217       0.96083017074304544       0.29282277127655032     
   1.6256256256256256       0.95854204160829493       0.28981443503420135     
   1.6296296296296295       0.95617576207381028       0.28680323271109065     
   1.6336336336336337       0.95372900499361846       0.28378919408609704     
   1.6376376376376376       0.95119934229928049       0.28077234896614933     
   1.6416416416416417       0.94858437251838501       0.27775272718593036     
   1.6456456456456456       0.94588155680206021       0.27473035860758332     
   1.6496496496496496       0.94308842649086977       0.27170527312041282     
   1.6536536536536537       0.94020233013222421       0.26867750064059459     
   1.6576576576576576       0.93722074055410920       0.26564707111087615     
   1.6616616616616617       0.93414089182678028       0.26261401450028199     
   1.6656656656656657       0.93096020861541984       0.25957836080381591     
   1.6696696696696696       0.92767580852790665       0.25654014004216519     
   1.6736736736736737       0.92428508023717593       0.25349938226140467     
   1.6776776776776776       0.92078502271958973       0.25045611753269870     
   1.6816816816816818       0.91717300279726244       0.24741037595200283     
   1.6856856856856857       0.91344589837909529       0.24436218763976714     
   1.6896896896896898       0.90960107070272900       0.24131158274063927     
   1.6936936936936937       0.90563527381313902       0.23825859142316480     
   1.6976976976976976       0.90154588191193596       0.23520324387949043     
   1.7017017017017018       0.89732952191875481       0.23214557032506186     
   1.7057057057057057       0.89298360198901083       0.22908560099833006     
   1.7097097097097098       0.88850461807586656       0.22602336616044894     
   1.7137137137137137       0.88389003587995751       0.22295889609497727     
   1.7177177177177176       0.87913621584261625       0.21989222110757800     
   1.7217217217217218       0.87424070756237526       0.21682337152571932     
   1.7257257257257257       0.86919973058577793       0.21375237769837560     
   1.7297297297297298       0.86401094768070930       0.21067926999572606     
   1.7337337337337337       0.85867043113727037       0.20760407880885565     
   1.7377377377377377       0.85317598923643356       0.20452683454945109     
   1.7417417417417418       0.84752353952408810       0.20144756764950522     
   1.7457457457457457       0.84171107135772638       0.19836630856101312     
   1.7497497497497498       0.83573433877306136       0.19528308775567005     
   1.7537537537537538       0.82959155112627991       0.19219793572457314     
   1.7577577577577577       0.82327828874392384       0.18911088297791637     
   1.7617617617617618       0.81679302338999560       0.18602196004469188     
   1.7657657657657657       0.81013114989436108       0.18293119747238676     
   1.7697697697697699       0.80329144843962341       0.17983862582668017     
   1.7737737737737738       0.79626911482915741       0.17674427569114179     
   1.7777777777777777       0.78906328737505727       0.17364817766693028     
   1.7817817817817818       0.78166894743241022       0.17055036237248988     
   1.7857857857857857       0.77408564493304122       0.16745086044324664     
   1.7897897897897899       0.76630812932704984       0.16434970253130635     
   1.7937937937937938       0.75833641949260711       0.16124691930515228     
   1.7977977977977977       0.75016501334972030       0.15814254144934106     
   1.8018018018018018       0.74179445991762527       0.15503659966419786     
   1.8058058058058057       0.73321898367140548       0.15192912466551589     
   1.8098098098098099       0.72443972883747187       0.14882014718424907     
   1.8138138138138138       0.71545062213505239       0.14570969796621130     
   1.8178178178178179       0.70625347190691778       0.14259780777177095     
   1.8218218218218218       0.69684188032077277       0.13948450737554591     
   1.8258258258258258       0.68721839252490935       0.13636982756610005     
   1.8298298298298299       0.67737625678694580       0.13325379914563965     
   1.8338338338338338       0.66731883142879334       0.13013645292970785     
   1.8378378378378379       0.65703897887155549       0.12701781974687870     
   1.8418418418418419       0.64654095051565319       0.12389793043845529     
   1.8458458458458458       0.63581718837223578       0.12077681585816115     
   1.8498498498498499       0.62487292017554352       0.11765450687183837     
   1.8538538538538538       0.61370013035556248       0.11453103435714140     
   1.8578578578578580       0.60230510935236459       0.11140642920322855     
   1.8618618618618619       0.59067934427589397       0.10828072231046192     
   1.8658658658658658       0.57883027747661553       0.10515394459009815     
   1.8698698698698699       0.56674885651121931       0.10202612696398421     
   1.8738738738738738       0.55444376733999967        9.8897300364250137E-002
   1.8778778778778780       0.54190537334769540        9.5767495733004110E-002
   1.8818818818818819       0.52914369790446236        9.2636744022027262E-002
   1.8858858858858858       0.51614847336544001        8.9505076192466795E-002
   1.8898898898898899       0.50293115595727966        8.6372523214528804E-002
   1.8938938938938938       0.48948079809521949        8.3239116067172991E-002
   1.8978978978978980       0.47581038543878018        8.0104885737807094E-002
   1.9019019019019019       0.46190823972837447        7.6969863221979185E-002
   1.9059059059059058       0.44778897317956023        7.3834079523072429E-002
   1.9099099099099099       0.43344012457002412        7.0697565651994948E-002
   1.9139139139139139       0.41887802968896137        6.7560352626878470E-002
   1.9179179179179180       0.40408939082750689        6.4422471472768014E-002
   1.9219219219219219       0.38909236353528692        6.1283953221316440E-002
   1.9259259259259258       0.37387275922129370        5.8144828910476183E-002
   1.9299299299299300       0.35845064774980245        5.5005129584193228E-002
   1.9339339339339339       0.34281089479319982        5.1864886292100981E-002
   1.9379379379379380       0.32697557656987131        4.8724130089211899E-002
   1.9419419419419419       0.31092855816545334        4.5582892035611673E-002
   1.9459459459459461       0.29469401071037327        4.2441203196148525E-002
   1.9499499499499500       0.27825474437268705        3.9299094640131337E-002
   1.9539539539539539       0.26163710921537919        3.6156597441019275E-002
   1.9579579579579580       0.24482280724563202        3.3013742676113601E-002
   1.9619619619619619       0.22784044579239485        2.9870561426253450E-002
   1.9659659659659661       0.21067056716809562        2.6727084775504926E-002
   1.9699699699699700       0.19334410736861446        2.3583343810856781E-002
   1.9739739739739739       0.17584039985309968        2.0439369621911660E-002
   1.9779779779779780       0.15819277243625293        1.7295193300577764E-002
   1.9819819819819819       0.14037930357754411        1.4150845940762258E-002
   1.9859859859859861       0.12243576658752348        1.1006358638064652E-002
   1.9899899899899900       0.10433894204312696        7.8617624894684063E-003
   1.9939939939939939        8.6127092523609783E-002   4.7170885930325071E-003
   1.9979979979979980        6.7775659821201359E-002   1.5723680475848198E-003
   2.0020020020020022        4.9325430185882084E-002  -1.5723680475845747E-003
   2.0060060060060061        3.0750475645855972E-002  -4.7170885930322625E-003
   2.0100100100100100        1.2094064720416346E-002  -7.8617624894681600E-003
   2.0140140140140139       -6.6708048437790915E-003  -1.1006358638064406E-002
   2.0180180180180178       -2.5499679498188869E-002  -1.4150845940762012E-002
   2.0220220220220222       -4.4416562115354614E-002  -1.7295193300577522E-002
   2.0260260260260261       -6.3378496132989473E-002  -2.0439369621911417E-002
   2.0300300300300300       -8.2407043749931311E-002  -2.3583343810856538E-002
   2.0340340340340339      -0.10146068334171711       -2.6727084775504683E-002
   2.0380380380380378      -0.12055859008201647       -2.9870561426253207E-002
   2.0420420420420422      -0.13966065367231328       -3.3013742676113789E-002
   2.0460460460460461      -0.15878374797548084       -3.6156597441019026E-002
   2.0500500500500500      -0.17788914806437020       -3.9299094640131087E-002
   2.0540540540540539      -0.19699152352543003       -4.2441203196148275E-002
   2.0580580580580579      -0.21605352004388315       -4.5582892035610979E-002
   2.0620620620620622      -0.23508772552365723       -4.8724130089212093E-002
   2.0660660660660661      -0.25405815607421861       -5.1864886292100738E-002
   2.0700700700700700      -0.27297545428844916       -5.5005129584192979E-002
   2.0740740740740740      -0.29180500950440402       -5.8144828910475933E-002
   2.0780780780780779      -0.31055566242479521       -6.1283953221315746E-002
   2.0820820820820822      -0.32919418435344899       -6.4422471472768209E-002
   2.0860860860860861      -0.34772776906071201       -6.7560352626878220E-002
   2.0900900900900901      -0.36612458973804263       -7.0697565651994698E-002
   2.0940940940940940      -0.38439036150274652       -7.3834079523071736E-002
   2.0980980980980979      -0.40249469281253142       -7.6969863221978935E-002
   2.1021021021021022      -0.42044200289134320       -8.0104885737806844E-002
   2.1061061061061062      -0.43820338465436198       -8.3239116067172741E-002
   2.1101101101101101      -0.45578215907022190       -8.6372523214528554E-002
   2.1141141141141140      -0.47315096823885522       -8.9505076192466101E-002
   2.1181181181181179      -0.49031224471490459       -9.2636744022027012E-002
   2.1221221221221223      -0.50724025742948542       -9.5767495733003860E-002
   2.1261261261261262      -0.52393676944762890       -9.8897300364249888E-002
   2.1301301301301301      -0.54037776525982006      -0.10202612696398396     
   2.1341341341341340      -0.55656456461056669      -0.10515394459009790     
   2.1381381381381384      -0.57247496602327530      -0.10828072231046167     
   2.1421421421421423      -0.58811007703981688      -0.11140642920322831     
   2.1461461461461462      -0.60344961553896559      -0.11453103435714115     
   2.1501501501501501      -0.61849470865053491      -0.11765450687183812     
   2.1541541541541540      -0.63322710072650912      -0.12077681585816090     
   2.1581581581581584      -0.64764816485122512      -0.12389793043845504     
   2.1621621621621623      -0.66174177407287371      -0.12701781974687892     
   2.1661661661661662      -0.67550976081387348      -0.13013645292970763     
   2.1701701701701701      -0.68893821577352476      -0.13325379914563942     
   2.1741741741741740      -0.70202962186234508      -0.13636982756609983     
   2.1781781781781784      -0.71477235354511170      -0.13948450737554569     
   2.1821821821821823      -0.72716970436080008      -0.14259780777177072     
   2.1861861861861862      -0.73921236905490295      -0.14570969796621108     
   2.1901901901901901      -0.75090457685767975      -0.14882014718424885     
   2.1941941941941940      -0.76223934719953756      -0.15192912466551567     
   2.1981981981981984      -0.77322193151312468      -0.15503659966419808     
   2.2022022022022023      -0.78384763836659621      -0.15814254144934084     
   2.2062062062062062      -0.79412277547439092      -0.16124691930515206     
   2.2102102102102101      -0.80404484615038319      -0.16434970253130612     
   2.2142142142142140      -0.81362117684915436      -0.16745086044324597     
   2.2182182182182184      -0.82285129909425847      -0.17055036237248966     
   2.2222222222222223      -0.83174344716152360      -0.17364817766693005     
   2.2262262262262262      -0.84029895409074717      -0.17674427569114157     
   2.2302302302302301      -0.84852680169034023      -0.17983862582667995     
   2.2342342342342341      -0.85642986865870041      -0.18293119747238654     
   2.2382382382382384      -0.86401770651709120      -0.18602196004469207     
   2.2422422422422423      -0.87129448221158690      -0.18911088297791614     
   2.2462462462462462      -0.87827014212381560      -0.19219793572457292     
   2.2502502502502502      -0.88494989567168536      -0.19528308775566983     
   2.2542542542542541      -0.89134391939793456      -0.19836630856101248     
   2.2582582582582584      -0.89745823458727414      -0.20144756764950500     
   2.2622622622622623      -0.90330309513155249      -0.20452683454945086     
   2.2662662662662663      -0.90888512027285340      -0.20760407880885542     
   2.2702702702702702      -0.91421450212627109      -0.21067926999572584     
   2.2742742742742741      -0.91929826306005913      -0.21375237769837538     
   2.2782782782782784      -0.92414641055388169      -0.21682337152571909     
   2.2822822822822824      -0.92876619698620455      -0.21989222110757778     
   2.2862862862862863      -0.93316734086908593      -0.22295889609497704     
   2.2902902902902902      -0.93735717499544280      -0.22602336616044871     
   2.2942942942942941      -0.94134504425391885      -0.22908560099832984     
   2.2982982982982985      -0.94513823630374760      -0.23214557032506164     
   2.3023023023023024      -0.94874565733619654      -0.23520324387949024     
   2.3063063063063063      -0.95217444770455251      -0.23825859142316458     
   2.3103103103103102      -0.95543302829196219      -0.24131158274063905     
   2.3143143143143141      -0.95852831176943343      -0.24436218763976694     
   2.3183183183183185      -0.96146820374430364      -0.24741037595200260     
   2.3223223223223224      -0.96425932846080109      -0.25045611753269847     
   2.3263263263263263      -0.96690906071187810      -0.25349938226140445     
   2.3303303303303302      -0.96942369273898721      -0.25654014004216497     
   2.3343343343343341      -0.97181006505470746      -0.25957836080381524     
   2.3383383383383385      -0.97407410895064994      -0.26261401450028221     
   2.3423423423423424      -0.97622213695140625      -0.26564707111087593     
   2.3463463463463463      -0.97825970262383544      -0.26867750064059437     
   2.3503503503503502      -0.98019260440614164      -0.27170527312041259     
   2.3543543543543541      -0.98202601126601785      -0.27473035860758266     
   2.3583583583583585      -0.98376522715287862      -0.27775272718593058     
   2.3623623623623624      -0.98541503743149750      -0.28077234896614911     
   2.3663663663663663      -0.98698027521005027      -0.28378919408609682     
   2.3703703703703702      -0.98846534935202146      -0.28680323271108998     
   2.3743743743743742      -0.98987464844624484      -0.28981443503420068     
   2.3783783783783785      -0.99121221656053715      -0.29282277127655010     
   2.3823823823823824      -0.99248202564067678      -0.29582821168760237     
   2.3863863863863863      -0.99368777001545017      -0.29883072654545989     
   2.3903903903903903      -0.99483303352886332      -0.30183028615715662     
   2.3943943943943946      -0.99592117815002545      -0.30482686085895327     
   2.3983983983983985      -0.99695542813880789      -0.30782042101662760     
   2.4024024024024024      -0.99793883197571587      -0.31081093702577117     
   2.4064064064064064      -0.99887428231187214      -0.31379837931207849     
   2.4104104104104103      -0.99976453384038544      -0.31678271833164234     
   2.4144144144144146       -1.0006121746588637      -0.31976392457124503     
   2.4184184184184185       -1.0014196856856195      -0.32274196854864923     
   2.4224224224224224       -1.0021893763360912      -0.32571682081289072     
   2.4264264264264264       -1.0029234736777739      -0.32868845194456880     
   2.4304304304304303       -1.0036240329585651      -0.33165683255613876     
   2.4344344344344346       -1.0042930469279077      -0.33462193329220136     
   2.4384384384384385       -1.0049323397223986      -0.33758372482979238     
   2.4424424424424425       -1.0055436886915288      -0.34054217787867352     
   2.4464464464464464       -1.0061287084113926      -0.34349726318162288     
   2.4504504504504503       -1.0066889789751645      -0.34644895151472338     
   2.4544544544544546       -1.0072259254378952      -0.34939721368765092     
   2.4584584584584586       -1.0077409478965287      -0.35234202054396457     
   2.4624624624624625       -1.0082353004375482      -0.35528334296139358     
   2.4664664664664664       -1.0087102194692013      -0.35822115185212722     
   2.4704704704704703       -1.0091668052208156      -0.36115541816310109     
   2.4744744744744747       -1.0096061457293120      -0.36408611287628395     
   2.4784784784784786       -1.0100292030979139      -0.36701320700896528     
   2.4824824824824825       -1.0104369313060853      -0.36993667161404292     
   2.4864864864864864       -1.0108301687518477      -0.37285647778030850     
   2.4904904904904903       -1.0112097486728568      -0.37577259663273233     
   2.4944944944944947       -1.0115763989483793      -0.37868499933275035     
   2.4984984984984986       -1.0119308444109725      -0.38159365707854853     
   2.5025025025025025       -1.0122737144513032      -0.38449854110534887     
   2.5065065065065064       -1.0126056368842478      -0.38739962268569306     
   2.5105105105105103       -1.0129271535641233      -0.39029687312972527     
   2.5145145145145147       -1.0132388057633392      -0.39319026378547894     
   2.5185185185185186       -1.0135410577512378      -0.39607976603915657     
   2.5225225225225225       -1.0138343738629845      -0.39896535131541627     
   2.5265265265265264       -1.0141191498080002      -0.40184699107765126     
   2.5305305305305303       -1.0143957817649671      -0.40472465682827302     
   2.5345345345345347       -1.0146646050534358      -0.40759832010899633     
   2.5385385385385386       -1.0149259556993129      -0.41046795250111373     
   2.5425425425425425       -1.0151801160149758      -0.41333352562578402     
   2.5465465465465464       -1.0154273691483775      -0.41619501114430751     
   2.5505505505505504       -1.0156679510637983      -0.41905238075840956     
   2.5545545545545547       -1.0159020986252310      -0.42190560621051959     
   2.5585585585585586       -1.0161300074440325      -0.42475465928404776     
   2.5625625625625625       -1.0163518740607094      -0.42759951180366890     
   2.5665665665665665       -1.0165678591206864      -0.43044013563559802     
   2.5705705705705704       -1.0167781242139975      -0.43327650268786827     
   2.5745745745745747       -1.0169827998507825      -0.43610858491061100     
   2.5785785785785786       -1.0171820175005843      -0.43893635429633066     
   2.5825825825825826       -1.0173758818606513      -0.44175978288018303     
   2.5865865865865865       -1.0175644986095445      -0.44457884274025233     
   2.5905905905905904       -1.0177479504902971      -0.44739350599782673     
   2.5945945945945947       -1.0179263212600365      -0.45020374481767333     
   2.5985985985985987       -1.0180996751437075      -0.45300953140831385     
   2.6026026026026026       -1.0182680774249331      -0.45581083802230121     
   2.6066066066066065       -1.0184315768621726      -0.45860763695649065     
   2.6106106106106104       -1.0185902233279975      -0.46139990055231678     
   2.6146146146146148       -1.0187440528165173      -0.46418760119606622     
   2.6186186186186187       -1.0188931025001438      -0.46697071131914791     
   2.6226226226226226       -1.0190373979936331      -0.46974920339837051     
   2.6266266266266265       -1.0191769661602563      -0.47252304995621180     
   2.6306306306306309       -1.0193118243330437      -0.47529222356109002     
   2.6346346346346348       -1.0194419911668340      -0.47805669682763591     
   2.6386386386386387       -1.0195674775505603      -0.48081644241696481     
   2.6426426426426426       -1.0196882957684694      -0.48357143303694416     
   2.6466466466466465       -1.0198044518682292      -0.48632164144246637     
   2.6506506506506509       -1.0199159533638884      -0.48906704043571703     
   2.6546546546546548       -1.0200228028530163      -0.49180760286644165     
   2.6586586586586587       -1.0201250044659129      -0.49454330163221849     
   2.6626626626626626       -1.0202225585507980      -0.49727410967872404     
   2.6666666666666665       -1.0203154670483763      -0.49999999999999972     
   2.6706706706706709       -1.0204037290873378      -0.50272094563872161     
   2.6746746746746748       -1.0204873454405554      -0.50543691968646454     
   2.6786786786786787       -1.0205663148939343      -0.50814789528396909     
   2.6826826826826826       -1.0206406379201594      -0.51085384562140823     
   2.6866866866866865       -1.0207103137023694      -0.51355474393865141     
   2.6906906906906909       -1.0207753431433018      -0.51625056352552878     
   2.6946946946946948       -1.0208357264415528      -0.51894127772209564     
   2.6986986986986987       -1.0208914655380230      -0.52162685991889768     
   2.7027027027027026       -1.0209425621568420      -0.52430728355723144     
   2.7067067067067065       -1.0209890197769806      -0.52698252212940910     
   2.7107107107107109       -1.0210308420624414      -0.52965254917902060     
   2.7147147147147148       -1.0210680344346246      -0.53231733830119188     
   2.7187187187187187       -1.0211006028273513      -0.53497686314285131     
   2.7227227227227226       -1.0211285549247435      -0.53763109740298709     
   2.7267267267267266       -1.0211518991862534      -0.54028001483290666     
   2.7307307307307309       -1.0211706458053633      -0.54292358923649919     
   2.7347347347347348       -1.0211848059581496      -0.54556179447049191     
   2.7387387387387387       -1.0211943925298486      -0.54819460444470958     
   2.7427427427427427       -1.0211994195477505      -0.55082199312233360     
   2.7467467467467466       -1.0211999027154783      -0.55344393452015828     
   2.7507507507507509       -1.0211958589973349      -0.55606040270884749     
   2.7547547547547548       -1.0211873066605897      -0.55867137181319182     
   2.7587587587587588       -1.0211742659185956      -0.56127681601236501     
   2.7627627627627627       -1.0211567580502738      -0.56387670954017755     
   2.7667667667667666       -1.0211348062412573      -0.56647102668533345     
   2.7707707707707709       -1.0211084347068953      -0.56905974179168384     
   2.7747747747747749       -1.0210776696024344      -0.57164282925847854     
   2.7787787787787788       -1.0210425380513735      -0.57422026354062317     
   2.7827827827827827       -1.0210030691311807      -0.57679201914892952     
   2.7867867867867866       -1.0209592928204598      -0.57935807065036660     
   2.7907907907907910       -1.0209112410157215      -0.58191839266831491     
   2.7947947947947949       -1.0208589465213134      -0.58447295988281489     
   2.7987987987987988       -1.0208024440143362      -0.58702174703081833     
   2.8028028028028027       -1.0207417689708385      -0.58956472890643896     
   2.8068068068068066       -1.0206769587316920      -0.59210188036120082     
   2.8108108108108110       -1.0206080513662830      -0.59463317630428647     
   2.8148148148148149       -1.0205350866960496      -0.59715859170278585     
   2.8188188188188188       -1.0204581054115303      -0.59967810158194468     
   2.8228228228228227       -1.0203771496938583      -0.60219168102540921     
   2.8268268268268266       -1.0202922626107007      -0.60469930517547521     
   2.8308308308308310       -1.0202034886051796      -0.60720094923333168     
   2.8348348348348349       -1.0201108729719812      -0.60969658845930674     
   2.8388388388388388       -1.0200144624208549      -0.61218619817311326     
   2.8428428428428427       -1.0199143043263779      -0.61466975375409216     
   2.8468468468468466       -1.0198104473856882      -0.61714723064145482     
   2.8508508508508510       -1.0197029409294591      -0.61961860433452842     
   2.8548548548548549       -1.0195918356528255      -0.62208385039299596     
   2.8588588588588588       -1.0194771827371780      -0.62454294443713865     
   2.8628628628628627       -1.0193590345726353      -0.62699586214807834     
   2.8668668668668666       -1.0192374440360772      -0.62944257926801550     
   2.8708708708708710       -1.0191124652638548      -0.63188307160047208     
   2.8748748748748749       -1.0189841527109427      -0.63431731501052735     
   2.8788788788788788       -1.0188525619427817      -0.63674528542506048     
   2.8828828828828827       -1.0187177488615793      -0.63916695883298458     
   2.8868868868868871       -1.0185797705556603      -0.64158231128548815     
   2.8908908908908910       -1.0184386841900641      -0.64399131889626826     
   2.8948948948948949       -1.0182945480400551      -0.64639395784176901     
   2.8988988988988988       -1.0181474205709165      -0.64879020436141721     
   2.9029029029029028       -1.0179973612385491      -0.65118003475785557     
   2.9069069069069071       -1.0178444295333389      -0.65356342539717915     
   2.9109109109109110       -1.0176886858752929      -0.65594035270916740     
   2.9149149149149149       -1.0175301909375736      -0.65831079318751873     
   2.9189189189189189       -1.0173690059375078      -0.66067472339008115     
   2.9229229229229228       -1.0172051923551870      -0.66303211993908662     
   2.9269269269269271       -1.0170388123695411      -0.66538295952137938     
   2.9309309309309310       -1.0168699281926683      -0.66772721888864839     
   2.9349349349349350       -1.0166986026289007      -0.67006487485765742     
   2.9389389389389389       -1.0165248986432753      -0.67239590431047236     
   2.9429429429429428       -1.0163488796974365      -0.67472028419469232     
   2.9469469469469471       -1.0161706092295180      -0.67703799152367616     
   2.9509509509509511       -1.0159901512568610      -0.67934900337676973     
   2.9549549549549550       -1.0158075698055660      -0.68165329689953269     
   2.9589589589589589       -1.0156229292039072      -0.68395084930396566     
   2.9629629629629628       -1.0154362938939470      -0.68624163786873338     
   2.9669669669669672       -1.0152477286808086      -0.68852563993939209     
   2.9709709709709711       -1.0150572981937931      -0.69080283292861111     
   2.9749749749749750       -1.0148650675211992      -0.69307319431639702     
   2.9789789789789789       -1.0146711016649492      -0.69533670165031769     
   2.9829829829829828       -1.0144754657679849      -0.69759333254572287     
   2.9869869869869872       -1.0142782250342548      -0.69984306468596547     
   2.9909909909909911       -1.0140794448350696      -0.70208587582262250     
   2.9949949949949950       -1.0138791903356885      -0.70432174377571644     
   2.9989989989989989       -1.0136775270286458      -0.70655064643393228     
   3.0030030030030028       -1.0134745201722066      -0.70877256175483805     
   3.0070070070070072       -1.0132702351188683      -0.71098746776510247     
   3.0110110110110111       -1.0130647372101831      -0.71319534256071015     
   3.0150150150150150       -1.0128580917230734      -0.71539616430718178     
   3.0190190190190189       -1.0126503637884139      -0.71758991123978788     
   3.0230230230230228       -1.0124416187351721      -0.71977656166376336     
   3.0270270270270272       -1.0122319214408340      -0.72195609395452442     
   3.0310310310310311       -1.0120213369784286      -0.72412848655788031     
   3.0350350350350350       -1.0118099302266517      -0.72629371799024711     
   3.0390390390390389       -1.0115977658479616      -0.72845176683886070     
   3.0430430430430429       -1.0113849084866671      -0.73060261176198871     
   3.0470470470470472       -1.0111714226223723      -0.73274623148913987     
   3.0510510510510511       -1.0109573724302059      -0.73488260482127588     
   3.0550550550550550       -1.0107428221874215      -0.73701171063102133     
   3.0590590590590589       -1.0105278356562695      -0.73913352786287101     
   3.0630630630630629       -1.0103124766402782      -0.74124803553339991     
   3.0670670670670672       -1.0100968086810957      -0.74335521273147032     
   3.0710710710710711       -1.0098808949844185      -0.74545503861843621     
   3.0750750750750750       -1.0096647986779155      -0.74754749242835339     
   3.0790790790790790       -1.0094485825520065      -0.74963255346818258     
   3.0830830830830829       -1.0092323090974169      -0.75171020111799314     
   3.0870870870870872       -1.0090160407298214      -0.75378041483116953     
   3.0910910910910911       -1.0087998392901385      -0.75584317413461222     
   3.0950950950950951       -1.0085837666116317      -0.75789845862894101     
   3.0990990990990990       -1.0083678840530728      -0.75994624798869759     
   3.1031031031031029       -1.0081522526842237      -0.76198652196254535     
   3.1071071071071072       -1.0079369333562214      -0.76401926037346968     
   3.1111111111111112       -1.0077219864039828      -0.76604444311897801     
   3.1151151151151151       -1.0075074719765482      -0.76806205017129969     
   3.1191191191191190       -1.0072934498140900      -0.77007206157758090     
   3.1231231231231229       -1.0070799792026615      -0.77207445746008596     
   3.1271271271271273       -1.0068671192541252      -0.77406921801639050     
   3.1311311311311312       -1.0066549284123212      -0.77605632351957909     
   3.1351351351351351       -1.0064434649959135      -0.77803575431843974     
   3.1391391391391390       -1.0062327867110974      -0.78000749083765863     
   3.1431431431431434       -1.0060229509248324      -0.78197151357801342     
   3.1471471471471473       -1.0058140146145136      -0.78392780311656574     
   3.1511511511511512       -1.0056060341628079      -0.78587634010685492     
   3.1551551551551551       -1.0053990657006988      -0.78781710527908644     
   3.1591591591591590       -1.0051931646820775      -0.78975007944032583     
   3.1631631631631634       -1.0049883862315576      -0.79167524347468532     
   3.1671671671671673       -1.0047847849554450      -0.79359257834351493     
   3.1711711711711712       -1.0045824148626410      -0.79550206508559018     
   3.1751751751751751       -1.0043813296279114      -0.79740368481729929     
   3.1791791791791790       -1.0041815821723559      -0.79929741873283011     
   3.1831831831831834       -1.0039832251232901      -0.80118324810435748     
   3.1871871871871873       -1.0037863103385045      -0.80306115428222580     
   3.1911911911911912       -1.0035908892764172      -0.80493111869513456     
   3.1951951951951951       -1.0033970127540006      -0.80679312285032412     
   3.1991991991991990       -1.0032047309834340      -0.80864714833375495     
   3.2032032032032034       -1.0030140936611247      -0.81049317681029209     
   3.2072072072072073       -1.0028251497527163      -0.81233119002388610     
   3.2112112112112112       -1.0026379477475920      -0.81416116979775310     
   3.2152152152152151       -1.0024525353475606      -0.81598309803455449     
   3.2192192192192191       -1.0022689597372476      -0.81779695671657726     
   3.2232232232232234       -1.0020872673726857      -0.81960272790591171     
   3.2272272272272273       -1.0019075040409589      -0.82140039374462503     
   3.2312312312312312       -1.0017297148843727      -0.82318993645494509     
   3.2352352352352352       -1.0015539442778070      -0.82497133833943015     
   3.2392392392392391       -1.0013802359682069      -0.82674458178114651     
   3.2432432432432434       -1.0012086328841865      -0.82850964924384241     
   3.2472472472472473       -1.0010391773134735      -0.83026652327212114     
   3.2512512512512513       -1.0008719106927144      -0.83201518649161355     
   3.2552552552552552       -1.0007068737795441      -0.83375562160915107     
   3.2592592592592591       -1.0005441064950678      -0.83548781141293604     
   3.2632632632632634       -1.0003836479879600      -0.83721173877271049     
   3.2672672672672673       -1.0002255366095554      -0.83892738663992716     
   3.2712712712712713       -1.0000698098592709      -0.84063473804791811     
   3.2752752752752752      -0.99991650443831137      -0.84233377611206173     
   3.2792792792792791      -0.99976565616287272      -0.84402448402995045     
   3.2832832832832834      -0.99961730001521476      -0.84570684508155636     
   3.2872872872872874      -0.99947147007599046      -0.84738084262939606     
   3.2912912912912913      -0.99932819955220631      -0.84904646011869733     
   3.2952952952952952      -0.99918752072774031      -0.85070368107756111     
   3.2992992992992991      -0.99904946498217517      -0.85235248911712369     
   3.3033033033033035      -0.99891406274003869      -0.85399286793172058     
   3.3073073073073074      -0.99878134349714620      -0.85562480129904661     
   3.3113113113113113      -0.99865133576506215      -0.85724827308031681     
   3.3153153153153152      -0.99852406708767949      -0.85886326722042616     
   3.3193193193193191      -0.99839956402048768      -0.86046976774810746     
   3.3233233233233235      -0.99827785209083630      -0.86206775877609132     
   3.3273273273273274      -0.99815895582872383      -0.86365722450126015     
   3.3313313313313313      -0.99804289870339014      -0.86523814920480790     
   3.3353353353353352      -0.99792970315159713      -0.86681051725239255     
   3.3393393393393391      -0.99781939053151558      -0.86837431309429247     
   3.3433433433433435      -0.99771198112787596      -0.86992952126555956     
   3.3473473473473474      -0.99760749412997340      -0.87147612638617244     
   3.3513513513513513      -0.99750594761522837      -0.87301411316118827     
   3.3553553553553552      -0.99740735854543716      -0.87454346638089397     
   3.3593593593593591      -0.99731174273660061      -0.87606417092095756     
   3.3633633633633635      -0.99721911486540726      -0.87757621174257716     
   3.3673673673673674      -0.99712948843275762      -0.87907957389262847     
   3.3713713713713713      -0.99704287577430240      -0.88057424250381433     
   3.3753753753753752      -0.99695928802267353      -0.88206020279481123     
   3.3793793793793796      -0.99687873511843095      -0.88353744007041513     
   3.3833833833833835      -0.99680122577365327      -0.88500593972168740     
   3.3873873873873874      -0.99672676748165323      -0.88646568722609875     
   3.3913913913913913      -0.99665536648306774      -0.88791666814767278     
   3.3953953953953953      -0.99658702777367725      -0.88935886813712972     
   3.3993993993993996      -0.99652175507372087      -0.89079227293202790     
   3.4034034034034035      -0.99645955083304272      -0.89221686835690339     
   3.4074074074074074      -0.99640041620495101      -0.89363264032341194     
   3.4114114114114114      -0.99634435104694730      -0.89503957483046781     
   3.4154154154154153      -0.99629135390167167      -0.89643765796438168     
   3.4194194194194196      -0.99624142199018051      -0.89782687589899912     
   3.4234234234234235      -0.99619455120365208      -0.89920721489583688     
   3.4274274274274275      -0.99615073608550553      -0.90057866130421815     
   3.4314314314314314      -0.99610996983743072      -0.90194120156140900     
   3.4354354354354353      -0.99607224428794683      -0.90329482219275192     
   3.4394394394394396      -0.99603754991339477      -0.90463950981179775     
   3.4434434434434436      -0.99600587579543509      -0.90597525112043964     
   3.4474474474474475      -0.99597720965073422      -0.90730203290904421     
   3.4514514514514514      -0.99595153778828471      -0.90861984205658186     
   3.4554554554554553      -0.99592884513305646      -0.90992866553075646     
   3.4594594594594597      -0.99590911519919267      -0.91122849038813580     
   3.4634634634634636      -0.99589233009693012      -0.91251930377427593     
   3.4674674674674675      -0.99587847051778911      -0.91380109292385281     
   3.4714714714714714      -0.99586751575527976      -0.91507384516078560     
   3.4754754754754753      -0.99585944365119794      -0.91633754789836286     
   3.4794794794794797      -0.99585423066207235      -0.91759218863936631     
   3.4834834834834836      -0.99585185178297886      -0.91883775497619591     
   3.4874874874874875      -0.99585228061727504      -0.92007423459099136     
   3.4914914914914914      -0.99585548941041790      -0.92130161525575383     
   3.4954954954954953      -0.99586144896150830      -0.92251988483246850     
   3.4994994994994997      -0.99587012850949175      -0.92372903127322248     
   3.5035035035035036      -0.99588149600870790      -0.92492904262032472     
   3.5075075075075075      -0.99589551784762131      -0.92611990700642566     
   3.5115115115115114      -0.99591215915310205      -0.92730161265463207     
   3.5155155155155153      -0.99593138347873311      -0.92847414787862559     
   3.5195195195195197      -0.99595315312436217      -0.92963750108277710     
   3.5235235235235236      -0.99597742886669116      -0.93079166076226205     
   3.5275275275275275      -0.99600417017774945      -0.93193661550317375     
   3.5315315315315314      -0.99603333508405500      -0.93307235398263721     
   3.5355355355355353      -0.99606488027507145      -0.93419886496891946     
   3.5395395395395397      -0.99609876106288453      -0.93531613732154262     
   3.5435435435435436      -0.99613493139105114      -0.93642415999139206     
   3.5475475475475475      -0.99617334390780565      -0.93752292202082732     
   3.5515515515515514      -0.99621394986552614      -0.93861241254378924     
   3.5555555555555554      -0.99625669927978056      -0.93969262078590843     
   3.5595595595595597      -0.99630154082235078      -0.94076353606461116     
   3.5635635635635636      -0.99634842189324513      -0.94182514778922477     
   3.5675675675675675      -0.99639728866663002      -0.94287744546108421     
   3.5715715715715715      -0.99644808599436807      -0.94392041867363274     
   3.5755755755755754      -0.99650075765023061      -0.94495405711252811     
   3.5795795795795797      -0.99655524600001077      -0.94597835055574231     
   3.5835835835835836      -0.99661149251503811      -0.94699328887366330     
   3.5875875875875876      -0.99666943718318812      -0.94799886202919548     
   3.5915915915915915      -0.99672901927306257      -0.94899506007785894     
   3.5955955955955954      -0.99679017644829437      -0.94998187316788696     
   3.5995995995995997      -0.99685284595625301      -0.95095929154032532     
   3.6036036036036037      -0.99691696317489853      -0.95192730552912663     
   3.6076076076076076      -0.99698246354847186      -0.95288590556124664     
   3.6116116116116115      -0.99704928020827288      -0.95383508215674029     
   3.6156156156156154      -0.99711734697825194      -0.95477482592885354     
   3.6196196196196198      -0.99718659486461458      -0.95570512758411708     
   3.6236236236236237      -0.99725695617808552      -0.95662597792243798     
   3.6276276276276276      -0.99732836004553160      -0.95753736783719101     
   3.6316316316316315      -0.99740073730685497      -0.95843928831530878     
   3.6356356356356359      -0.99747401548103798      -0.95933173043737030     
   3.6396396396396398      -0.99754812399489712      -0.96021468537768961     
   3.6436436436436437      -0.99762298902461843      -0.96108814440440271     
   3.6476476476476476      -0.99769853868773006      -0.96195209887955480     
   3.6516516516516515      -0.99777469813067354      -0.96280654025918444     
   3.6556556556556559      -0.99785139412851120      -0.96365146009340885     
   3.6596596596596598      -0.99792855129276592      -0.96448685002650714     
   3.6636636636636637      -0.99800609491750503      -0.96531270179700357     
   3.6676676676676676      -0.99808394966391067      -0.96612900723774797     
   3.6716716716716715      -0.99816203923485303      -0.96693575827599820     
   3.6756756756756759      -0.99824028873407578      -0.96773294693349898     
   3.6796796796796798      -0.99831862047929820      -0.96852056532655983     
   3.6836836836836837      -0.99839696022690994      -0.96929860566613557     
   3.6876876876876876      -0.99847522918252885      -0.97006706025790090     
   3.6916916916916915      -0.99855335389376554      -0.97082592150232783     
   3.6956956956956959      -0.99863125500122940      -0.97157518189476044     
   3.6996996996996998      -0.99870885953301891      -0.97231483402548924     
   3.7037037037037037      -0.99878608870149910      -0.97304487057982392     
   3.7077077077077076      -0.99886286910896416      -0.97376528433816678     
   3.7117117117117115      -0.99893912423946862      -0.97447606817608323     
   3.7157157157157159      -0.99901477896223145      -0.97517721506437227     
   3.7197197197197198      -0.99908976105901592      -0.97586871806913611     
   3.7237237237237237      -0.99916399203039008      -0.97655057035184933     
   3.7277277277277276      -0.99923740630572311      -0.97722276516942586     
   3.7317317317317316      -0.99930992031037646      -0.97788529587428519     
   3.7357357357357359      -0.99938147712831527      -0.97853815591441973     
   3.7397397397397398      -0.99945198732596796      -0.97918133883345804     
   3.7437437437437437      -0.99952140323124594      -0.97981483827072935     
   3.7477477477477477      -0.99958963055668903      -0.98043864796132674     
   3.7517517517517516      -0.99965662923274123      -0.98105276173616807     
   3.7557557557557559      -0.99972230427177955      -0.98165717352205806     
   3.7597597597597598      -0.99978661733641194      -0.98225187734174813     
   3.7637637637637638      -0.99984948183960021      -0.98283686731399489     
   3.7677677677677677      -0.99991085009101588      -0.98341213765361879     
   3.7717717717717716      -0.99997065858381018      -0.98397768267156138     
   3.7757757757757759       -1.0000288331140219      -0.98453349677494195     
   3.7797797797797799       -1.0000853540865431      -0.98507957446711136     
   3.7837837837837838       -1.0001400983593214      -0.98561591034770824     
   3.7877877877877877       -1.0001931147241083      -0.98614249911271146     
   3.7917917917917916       -1.0002442071275675      -0.98665933555449192     
   3.7957957957957960       -1.0002935158302408      -0.98716641456186571     
   3.7997997997997999       -1.0003407536312723      -0.98766373112014327     
   3.8038038038038038       -1.0003861640429184      -0.98815128031117960     
   3.8078078078078077       -1.0004293683054968      -0.98862905731342254     
   3.8118118118118116       -1.0004706993551260      -0.98909705740196108     
   3.8158158158158160       -1.0005097211078391      -0.98955527594857173     
   3.8198198198198199       -1.0005467979160829      -0.99000370842176366     
   3.8238238238238238       -1.0005815242866245      -0.99044235038682449     
   3.8278278278278277       -1.0006141751721842      -0.99087119750586350     
   3.8318318318318316       -1.0006445339255969      -0.99129024553785516     
   3.8358358358358360       -1.0006725904902209      -0.99169949033868066     
   3.8398398398398399       -1.0006985500195260      -0.99209892786116838     
   3.8438438438438438       -1.0007218537268421      -0.99248855415513493     
   3.8478478478478477       -1.0007434142677967      -0.99286836536742351     
   3.8518518518518516       -1.0007618337318651      -0.99323835774194280     
   3.8558558558558560       -1.0007790054688870      -0.99359852761970280     
   3.8598598598598599       -1.0007924689956451      -0.99394887143885202     
   3.8638638638638638       -1.0008052333951380      -0.99428938573471282     
   3.8678678678678677       -1.0008137787288298      -0.99462006713981466     
   3.8718718718718717       -1.0008220334255626      -0.99494091238392857     
   3.8758758758758760       -1.0008258707477602      -0.99525191829409909     
   3.8798798798798799       -1.0008293667580690      -0.99555308179467450     
   3.8838838838838838       -1.0008289402815584      -0.99584439990733942     
   3.8878878878878878       -1.0008272334890063      -0.99612586975114281     
   3.8918918918918921       -1.0008232501109218      -0.99639748854252641     
   3.8958958958958960       -1.0008157086159393      -0.99665925359535279     
   3.8998998998998999       -1.0008090829663345      -0.99691116232093191     
   3.9039039039039038       -1.0007950114180926      -0.99715321222804643     
   3.9079079079079078       -1.0007866593768051      -0.99738540092297623     
   3.9119119119119121       -1.0007656062181105      -0.99760772610952264     
   3.9159159159159160       -1.0007560268897291      -0.99782018558903074     
   3.9199199199199199       -1.0007283202416297      -0.99802277726041111     
   3.9239239239239239       -1.0007169513401235      -0.99821549912016083     
   3.9279279279279278       -1.0006844302591538      -0.99839834926238302     
   3.9319319319319321       -1.0006688784183124      -0.99857132587880604     
   3.9359359359359360       -1.0006356265288332      -0.99873442725880057     
   3.9399399399399400       -1.0006110795403351      -0.99888765178939798     
   3.9439439439439439       -1.0005837224003922      -0.99903099795530448     
   3.9479479479479478       -1.0005431229054522      -0.99916446433891781     
   3.9519519519519521       -1.0005299767522500      -0.99928804962034024     
   3.9559559559559561       -1.0004657642362422      -0.99940175257739150     
   3.9599599599599600       -1.0004740128401324      -0.99950557208562174     
   3.9639639639639639       -1.0003821337692562      -0.99959950711832180     
   3.9679679679679678       -1.0004126639734228      -0.99968355674653397     
   3.9719719719719722       -1.0002986023762070      -0.99975772013906072     
   3.9759759759759761       -1.0003397772483027      -0.99982199656247328     
   3.9799799799799800       -1.0002238785577984      -0.99987638538111856     
   3.9839839839839839       -1.0002489687650091      -0.99992088605712559     
   3.9879879879879878       -1.0001638810118942      -0.99995549815041107     
   3.9919919919919922       -1.0001419074835147      -0.99998022131868336     
   3.9959959959959961       -1.0001119396066587      -0.99999505531744570     
   4.0000000000000000       -1.0000000000000000       -1.0000000000000000     
