   0.0000000000000000        1.0000000000000000       0.99999999999999989     
   4.0040040040040040E-003  0.99985271342916127       0.99999505531744592     
   8.0080080080080079E-003  0.99999874863993354       0.99998022131868325     
   1.2012012012012012E-002  0.99986593840168514       0.99995549815041107     
   1.6016016016016016E-002  0.99994667848022989       0.99992088605712559     
   2.0020020020020020E-002  0.99987101688456692       0.99987638538111856     
   2.4024024024024024E-002  0.99990504960324267       0.99982199656247328     
   2.8028028028028028E-002  0.99987665367677414       0.99975772013906072     
   3.2032032032032032E-002  0.99987955977760912       0.99968355674653397     
   3.6036036036036036E-002  0.99988227829434895       0.99959950711832180     
   4.0040040040040040E-002  0.99986956136241489       0.99950557208562174     
   4.4044044044044044E-002  0.99988920872082165       0.99940175257739161     
   4.8048048048048048E-002  0.99987324911041664       0.99928804962034012     
   5.2052052052052052E-002  0.99989929100582309       0.99916446433891792     
   5.6056056056056056E-002  0.99988833543086597       0.99903099795530459     
   6.0060060060060060E-002  0.99991448546635509       0.99888765178939798     
   6.4064064064064064E-002  0.99991256387837424       0.99873442725880068     
   6.8068068068068074E-002  0.99993635730779995       0.99857132587880615     
   7.2072072072072071E-002  0.99994415641212053       0.99839834926238324     
   7.6076076076076082E-002  0.99996576583172514       0.99821549912016094     
   8.0080080080080079E-002  0.99998197572161629       0.99802277726041122     
   8.4084084084084090E-002   1.0000028550594162       0.99782018558903074     
   8.8088088088088087E-002   1.0000254236277972       0.99760772610952264     
   9.2092092092092098E-002   1.0000472417868256       0.99738540092297623     
   9.6096096096096095E-002   1.0000742203399529       0.99715321222804643     
  0.10010010010010011        1.0000982538195675       0.99691116232093191     
  0.10410410410410410        1.0001281912142828       0.99665925359535279     
  0.10810810810810811        1.0001551219468650       0.99639748854252641     
  0.11211211211211211        1.0001871228553754       0.99612586975114281     
  0.11611611611611612        1.0002170934366610       0.99584439990733964     
  0.12012012012012012        1.0002506961235813       0.99555308179467450     
  0.12412412412412413        1.0002834759287509       0.99525191829409887     
  0.12812812812812813        1.0003184765083744       0.99494091238392868     
  0.13213213213213212        1.0003536371932176       0.99462006713981466     
  0.13613613613613615        1.0003899354963219       0.99428938573471282     
  0.14014014014014015        1.0004269851519509       0.99394887143885213     
  0.14414414414414414        1.0004644819854798       0.99359852761970280     
  0.14814814814814814        1.0005029450436331       0.99323835774194291     
  0.15215215215215216        1.0005414911123034       0.99286836536742373     
  0.15615615615615616        1.0005809422368757       0.99248855415513493     
  0.16016016016016016        1.0006203253123980       0.99209892786116838     
  0.16416416416416416        1.0006603931823428       0.99169949033868066     
  0.16816816816816818        1.0007003473769831       0.99129024553785539     
  0.17217217217217218        1.0007407033693227       0.99087119750586361     
  0.17617617617617617        1.0007809270911261       0.99044235038682449     
  0.18018018018018017        1.0008212700320616       0.99000370842176388     
  0.18418418418418420        1.0008614441610439       0.98955527594857196     
  0.18818818818818819        1.0009014871598378       0.98909705740196130     
  0.19219219219219219        1.0009412893369718       0.98862905731342254     
  0.19619619619619619        1.0009807511769622       0.98815128031117949     
  0.20020020020020021        1.0010198651064750       0.98766373112014327     
  0.20420420420420421        1.0010584663608999       0.98716641456186571     
  0.20820820820820821        1.0010965868155959       0.98665933555449203     
  0.21221221221221220        1.0011340493226213       0.98614249911271146     
  0.21621621621621623        1.0011708840773610       0.98561591034770846     
  0.22022022022022023        1.0012069325760211       0.98507957446711159     
  0.22422422422422422        1.0012422027824881       0.98453349677494206     
  0.22822822822822822        1.0012765675929098       0.98397768267156138     
  0.23223223223223224        1.0013100074193011       0.98341213765361868     
  0.23623623623623624        1.0013424270092444       0.98283686731399489     
  0.24024024024024024        1.0013737832310554       0.98225187734174813     
  0.24424424424424424        1.0014040067183800       0.98165717352205828     
  0.24824824824824826        1.0014330386592805       0.98105276173616818     
  0.25225225225225223        1.0014608275257066       0.98043864796132674     
  0.25625625625625625        1.0014873072395645       0.97981483827072957     
  0.26026026026026028        1.0015124367443038       0.97918133883345804     
  0.26426426426426425        1.0015361495819302       0.97853815591441973     
  0.26826826826826827        1.0015584096577392       0.97788529587428519     
  0.27227227227227230        1.0015791548068906       0.97722276516942586     
  0.27627627627627627        1.0015983507786592       0.97655057035184956     
  0.28028028028028029        1.0016159421092172       0.97586871806913633     
  0.28428428428428426        1.0016318950205765       0.97517721506437238     
  0.28828828828828829        1.0016461616974839       0.97447606817608334     
  0.29229229229229231        1.0016587087938320       0.97376528433816700     
  0.29629629629629628        1.0016694958658137       0.97304487057982403     
  0.30030030030030030        1.0016784907579463       0.97231483402548924     
  0.30430430430430433        1.0016856597223871       0.97157518189476044     
  0.30830830830830830        1.0016909726506904       0.97082592150232794     
  0.31231231231231232        1.0016944016896376       0.97006706025790113     
  0.31631631631631629        1.0016959197868878       0.96929860566613568     
  0.32032032032032032        1.0016955041011635       0.96852056532656006     
  0.32432432432432434        1.0016931315146969       0.96773294693349898     
  0.32832832832832831        1.0016887836111075       0.96693575827599854     
  0.33233233233233234        1.0016824414527206       0.96612900723774819     
  0.33633633633633636        1.0016740908184729       0.96531270179700357     
  0.34034034034034033        1.0016637172983058       0.96448685002650714     
  0.34434434434434436        1.0016513105616731       0.96365146009340885     
  0.34834834834834832        1.0016368608584885       0.96280654025918455     
  0.35235235235235235        1.0016203617362716       0.96195209887955491     
  0.35635635635635637        1.0016018079484268       0.96108814440440293     
  0.36036036036036034        1.0015811969833988       0.96021468537768961     
  0.36436436436436437        1.0015585280056485       0.95933173043737041     
  0.36836836836836839        1.0015338023861406       0.95843928831530878     
  0.37237237237237236        1.0015070236069257       0.95753736783719101     
  0.37637637637637639        1.0014781969114279       0.95662597792243798     
  0.38038038038038036        1.0014473299279476       0.95570512758411708     
  0.38438438438438438        1.0014144317996081       0.95477482592885377     
  0.38838838838838841        1.0013795140712158       0.95383508215674051     
  0.39239239239239238        1.0013425897884871       0.95288590556124697     
  0.39639639639639640        1.0013036742868924       0.95192730552912663     
  0.40040040040040042        1.0012627843796857       0.95095929154032544     
  0.40440440440440439        1.0012199390954866       0.94998187316788707     
  0.40840840840840842        1.0011751588692059       0.94899506007785894     
  0.41241241241241239        1.0011284663148790       0.94799886202919548     
  0.41641641641641641        1.0010798853951843       0.94699328887366341     
  0.42042042042042044        1.0010294421114698       0.94597835055574242     
  0.42442442442442441        1.0009771638442071       0.94495405711252856     
  0.42842842842842843        1.0009230798266664       0.94392041867363297     
  0.43243243243243246        1.0008672207165663       0.94287744546108421     
  0.43643643643643643        1.0008096188659825       0.94182514778922499     
  0.44044044044044045        1.0007503079964690       0.94076353606461094     
  0.44444444444444442        1.0006893234571621       0.93969262078590843     
  0.44844844844844844        1.0006267018568071       0.93861241254378935     
  0.45245245245245247        1.0005624813912497       0.93752292202082743     
  0.45645645645645644        1.0004967013965265       0.93642415999139239     
  0.46046046046046046        1.0004294027350529       0.93531613732154295     
  0.46446446446446449        1.0003606273191961       0.93419886496891991     
  0.46846846846846846        1.0002904184928318       0.93307235398263733     
  0.47247247247247248        1.0002188205749554       0.93193661550317397     
  0.47647647647647645        1.0001458792163240       0.93079166076226205     
  0.48048048048048048        1.0000716409730979       0.92963750108277710     
  0.48448448448448450       0.99999615363744188       0.92847414787862570     
  0.48848848848848847       0.99991946580732460       0.92730161265463229     
  0.49249249249249250       0.99984162725502834       0.92611990700642588     
  0.49649649649649652       0.99976268843545379       0.92492904262032505     
  0.50050050050050054       0.99968270092038491       0.92372903127322259     
  0.50450450450450446       0.99960171685272636       0.92251988483246872     
  0.50850850850850848       0.99951978942015540       0.92130161525575405     
  0.51251251251251251       0.99943697226799300       0.92007423459099136     
  0.51651651651651653       0.99935332003824939       0.91883775497619602     
  0.52052052052052056       0.99926888771189559       0.91759218863936653     
  0.52452452452452447       0.99918373118169035       0.91633754789836308     
  0.52852852852852850       0.99909790660149345       0.91507384516078605     
  0.53253253253253252       0.99901147094645093       0.91380109292385314     
  0.53653653653653655       0.99892448135928935       0.91251930377427604     
  0.54054054054054057       0.99883699573613871       0.91122849038813569     
  0.54454454454454460       0.99874907203344943       0.90992866553075669     
  0.54854854854854851       0.99866076889932387       0.90861984205658186     
  0.55255255255255253       0.99857214493336166       0.90730203290904443     
  0.55655655655655656       0.99848325936564419       0.90597525112043986     
  0.56056056056056058       0.99839417128850949       0.90463950981179786     
  0.56456456456456461       0.99830494035258599       0.90329482219275237     
  0.56856856856856852       0.99821562596789803       0.90194120156140967     
  0.57257257257257255       0.99812628805712655       0.90057866130421826     
  0.57657657657657657       0.99803698619066594       0.89920721489583666     
  0.58058058058058060       0.99794778040615872       0.89782687589899912     
  0.58458458458458462       0.99785873028775629       0.89643765796438168     
  0.58858858858858853       0.99776989583463271       0.89503957483046792     
  0.59259259259259256       0.99768133650062563       0.89363264032341216     
  0.59659659659659658       0.99759311210592372       0.89221686835690384     
  0.60060060060060061       0.99750528182525622       0.89079227293202834     
  0.60460460460460463       0.99741790515805828       0.88935886813713039     
  0.60860860860860866       0.99733104087038782       0.88791666814767300     
  0.61261261261261257       0.99724474800808693       0.88646568722609853     
  0.61661661661661660       0.99715908479469195       0.88500593972168740     
  0.62062062062062062       0.99707410969546895       0.88353744007041513     
  0.62462462462462465       0.99698988026523450       0.88206020279481145     
  0.62862862862862867       0.99690645426684255       0.88057424250381455     
  0.63263263263263259       0.99682388846641745       0.87907957389262892     
  0.63663663663663661       0.99674223981331456       0.87757621174257761     
  0.64064064064064064       0.99666156416301455       0.87606417092095823     
  0.64464464464464466       0.99658191753643721       0.87454346638089420     
  0.64864864864864868       0.99650335477960894       0.87301411316118804     
  0.65265265265265260       0.99642593088016429       0.87147612638617244     
  0.65665665665665662       0.99634969956977737       0.86992952126555978     
  0.66066066066066065       0.99627471470485651       0.86837431309429269     
  0.66466466466466467       0.99620102880543315       0.86681051725239278     
  0.66866866866866870       0.99612869450508390       0.86523814920480835     
  0.67267267267267272       0.99605776302723514       0.86365722450126059     
  0.67667667667667664       0.99598828568305231       0.86206775877609154     
  0.68068068068068066       0.99592031231299905       0.86046976774810768     
  0.68468468468468469       0.99585389283833881       0.85886326722042616     
  0.68868868868868871       0.99578907563244390       0.85724827308031681     
  0.69269269269269274       0.99572590914946457       0.85562480129904683     
  0.69669669669669665       0.99566444022347655       0.85399286793172080     
  0.70070070070070067       0.99560471577122189       0.85235248911712413     
  0.70470470470470470       0.99554678102666583       0.85070368107756156     
  0.70870870870870872       0.99549068128928142       0.84904646011869800     
  0.71271271271271275       0.99543646013153142       0.84738084262939628     
  0.71671671671671666       0.99538416118940809       0.84570684508155602     
  0.72072072072072069       0.99533382631159328       0.84402448402995045     
  0.72472472472472471       0.99528549741435046       0.84233377611206173     
  0.72872872872872874       0.99523921457184228       0.84063473804791822     
  0.73273273273273276       0.99519501793582887       0.83892738663992727     
  0.73673673673673679       0.99515294575211222       0.83721173877271082     
  0.74074074074074070       0.99511303635600634       0.83548781141293649     
  0.74474474474474472       0.99507532613343663       0.83375562160915173     
  0.74874874874874875       0.99503985156287700       0.83201518649161366     
  0.75275275275275277       0.99500664713260167       0.83026652327212069     
  0.75675675675675680       0.99497574741695916       0.82850964924384218     
  0.76076076076076071       0.99494718499571133       0.82674458178114663     
  0.76476476476476474       0.99492099249603361       0.82497133833943037     
  0.76876876876876876       0.99489720054340269       0.82318993645494531     
  0.77277277277277279       0.99487583980601235       0.82140039374462548     
  0.77677677677677681       0.99485693893146665       0.81960272790591149     
  0.78078078078078073       0.99484052659613209       0.81779695671657793     
  0.78478478478478475       0.99482662945695055       0.81598309803455460     
  0.78878878878878878       0.99481527417067650       0.81416116979775299     
  0.79279279279279280       0.99480648538982053       0.81233119002388599     
  0.79679679679679682       0.99480028771664697       0.81049317681029232     
  0.80080080080080085       0.99479670379242591       0.80864714833375506     
  0.80480480480480476       0.99479575616193117       0.80679312285032445     
  0.80880880880880879       0.99479746534446012       0.80493111869513490     
  0.81281281281281281       0.99480185176866098       0.80306115428222591     
  0.81681681681681684       0.99480893405413107       0.80118324810435759     
  0.82082082082082086       0.99481873051682690       0.79929741873283022     
  0.82482482482482478       0.99483125776623416       0.79740368481729917     
  0.82882882882882880       0.99484653198197059       0.79550206508558996     
  0.83283283283283283       0.99486456776982246       0.79359257834351515     
  0.83683683683683685       0.99488537914180575       0.79167524347468543     
  0.84084084084084088       0.99490897873433159       0.78975007944032627     
  0.84484484484484490       0.99493537835841728       0.78781710527908688     
  0.84884884884884881       0.99496458868864812       0.78587634010685514     
  0.85285285285285284       0.99499661933066996       0.78392780311656585     
  0.85685685685685686       0.99503147899237365       0.78197151357801298     
  0.86086086086086089       0.99506917506505554       0.78000749083765841     
  0.86486486486486491       0.99510971429810147       0.77803575431843952     
  0.86886886886886883       0.99515310186205530       0.77605632351957921     
  0.87287287287287285       0.99519934256732412       0.77406921801639061     
  0.87687687687687688       0.99524843932210438       0.77207445746008641     
  0.88088088088088090       0.99530039506006496       0.77007206157758135     
  0.88488488488488493       0.99535521034688557       0.76806205017129980     
  0.88888888888888884       0.99541288631507374       0.76604444311897812     
  0.89289289289289286       0.99547342110668657       0.76401926037346957     
  0.89689689689689689       0.99553681415016559       0.76198652196254524     
  0.90090090090090091       0.99560306111073005       0.75994624798869781     
  0.90490490490490494       0.99567215970801648       0.75789845862894112     
  0.90890890890890896       0.99574410313639850       0.75584317413461199     
  0.91291291291291288       0.99581888741422897       0.75378041483116964     
  0.91691691691691690       0.99589650325049128       0.75171020111799358     
  0.92092092092092093       0.99597694502204048       0.74963255346818269     
  0.92492492492492495       0.99606020083852531       0.74754749242835361     
  0.92892892892892898       0.99614626357855951       0.74545503861843632     
  0.93293293293293289       0.99623511858019254       0.74335521273147021     
  0.93693693693693691       0.99632675740310372       0.74124803553340046     
  0.94094094094094094       0.99642116247934331       0.73913352786287123     
  0.94494494494494496       0.99651832412778607       0.73701171063102144     
  0.94894894894894899       0.99661822181842052       0.73488260482127599     
  0.95295295295295290       0.99672084465819688       0.73274623148913998     
  0.95695695695695693       0.99682616912133948       0.73060261176198882     
  0.96096096096096095       0.99693418322286820       0.72845176683886093     
  0.96496496496496498       0.99704486020610106       0.72629371799024722     
  0.96896896896896900       0.99715818726558236       0.72412848655788020     
  0.97297297297297303       0.99727413413639554       0.72195609395452465     
  0.97697697697697694       0.99739268745336918       0.71977656166376347     
  0.98098098098098097       0.99751381325360067       0.71758991123978799     
  0.98498498498498499       0.99763749769709864       0.71539616430718200     
  0.98898898898898902       0.99776370304355022       0.71319534256071038     
  0.99299299299299304       0.99789241516481619       0.71098746776510235     
  0.99699699699699695       0.99802359221814507       0.70877256175483849     
   1.0010010010010011       0.99815722018497854       0.70655064643393239     
   1.0050050050050050       0.99829325270879077       0.70432174377571666     
   1.0090090090090089       0.99843167625917761       0.70208587582262261     
   1.0130130130130131       0.99857243966846154       0.69984306468596524     
   1.0170170170170170       0.99871553010737180       0.69759333254572309     
   1.0210210210210211       0.99886089138045009       0.69533670165031780     
   1.0250250250250250       0.99900851174812977       0.69307319431639725     
   1.0290290290290289       0.99915832939277738       0.69080283292861089     
   1.0330330330330331       0.99931033434670791       0.68852563993939231     
   1.0370370370370370       0.99946445863014921       0.68624163786873360     
   1.0410410410410411       0.99962069442539658       0.68395084930396588     
   1.0450450450450450       0.99977896726795090       0.68165329689953280     
   1.0490490490490489       0.99993927201456789       0.67934900337676996     
   1.0530530530530531        1.0001015269789069       0.67703799152367639     
   1.0570570570570570        1.0002657305866878       0.67472028419469277     
   1.0610610610610611        1.0004317931687046       0.67239590431047247     
   1.0650650650650650        1.0005997173531203       0.67006487485765720     
   1.0690690690690692        1.0007694049549707       0.66772721888864850     
   1.0730730730730731        1.0009408636032440       0.66538295952137927     
   1.0770770770770770        1.0011139855834486       0.66303211993908673     
   1.0810810810810811        1.0012887847346394       0.66067472339008138     
   1.0850850850850851        1.0014651428347838       0.65831079318751895     
   1.0890890890890892        1.0016430808584775       0.65594035270916762     
   1.0930930930930931        1.0018224691872313       0.65356342539717938     
   1.0970970970970970        1.0020033372157173       0.65118003475785569     
   1.1011011011011012        1.0021855426033488       0.64879020436141710     
   1.1051051051051051        1.0023691245953541       0.64639395784176923     
   1.1091091091091092        1.0025539269652641       0.64399131889626848     
   1.1131131131131131        1.0027400002795976       0.64158231128548826     
   1.1171171171171170        1.0029271728762370       0.63916695883298480     
   1.1211211211211212        1.0031155085509791       0.63674528542506059     
   1.1251251251251251        1.0033048186333033       0.63431731501052790     
   1.1291291291291292        1.0034951819484479       0.63188307160047219     
   1.1331331331331331        1.0036863910498739       0.62944257926801572     
   1.1371371371371370        1.0038785421412268       0.62699586214807856     
   1.1411411411411412        1.0040714070007342       0.62454294443713887     
   1.1451451451451451        1.0042651014817603       0.62208385039299618     
   1.1491491491491492        1.0044593744657506       0.61961860433452864     
   1.1531531531531531        1.0046543643153756       0.61714723064145538     
   1.1571571571571571        1.0048497945661181       0.61466975375409227     
   1.1611611611611612        1.0050458289636190       0.61218619817311382     
   1.1651651651651651        1.0052421630889996       0.60969658845930685     
   1.1691691691691692        1.0054389895063327       0.60720094923333146     
   1.1731731731731732        1.0056359729289739       0.60469930517547543     
   1.1771771771771771        1.0058333383446907       0.60219168102540976     
   1.1811811811811812        1.0060307163777469       0.59967810158194490     
   1.1851851851851851        1.0062283685198603       0.59715859170278607     
   1.1891891891891893        1.0064258878837451       0.59463317630428669     
   1.1931931931931932        1.0066235769375249       0.59210188036120104     
   1.1971971971971973        1.0068209873428156       0.58956472890643952     
   1.2012012012012012        1.0070184674866585       0.58702174703081855     
   1.2052052052052051        1.0072155233867639       0.58447295988281511     
   1.2092092092092093        1.0074125547242705       0.58191839266831502     
   1.2132132132132132        1.0076090173784022       0.57935807065036715     
   1.2172172172172173        1.0078053681792123       0.57679201914892964     
   1.2212212212212212        1.0080010078189070       0.57422026354062339     
   1.2252252252252251        1.0081964567369146       0.57164282925847876     
   1.2292292292292293        1.0083910550375514       0.56905974179168362     
   1.2332332332332332        1.0085853937448988       0.56647102668533400     
   1.2372372372372373        1.0087787465123232       0.56387670954017777     
   1.2412412412412412        1.0089717825310631       0.56127681601236523     
   1.2452452452452452        1.0091637027166831       0.55867137181319193     
   1.2492492492492493        1.0093552625965965       0.55606040270884771     
   1.2532532532532532        1.0095455835015468       0.55344393452015839     
   1.2572572572572573        1.0097355161477506       0.55082199312233371     
   1.2612612612612613        1.0099240949731834       0.54819460444470980     
   1.2652652652652652        1.0101122753603664       0.54556179447049202     
   1.2692692692692693        1.0102989970404741       0.54292358923649942     
   1.2732732732732732        1.0104853302015322       0.54028001483290677     
   1.2772772772772774        1.0106701115465959       0.53763109740298687     
   1.2812812812812813        1.0108545368674942       0.53497686314285187     
   1.2852852852852852        1.0110373310202614       0.53231733830119210     
   1.2892892892892893        1.0112198268443460       0.52965254917902038     
   1.2932932932932932        1.0114006280525119       0.52698252212940966     
   1.2972972972972974        1.0115812165937259       0.52430728355723166     
   1.3013013013013013        1.0117600652972876       0.52162685991889790     
   1.3053053053053052        1.0119388178570905       0.51894127772209575     
   1.3093093093093093        1.0121158060832816       0.51625056352552856     
   1.3133133133133132        1.0122928485485032       0.51355474393865164     
   1.3173173173173174        1.0124681255675820       0.51085384562140879     
   1.3213213213213213        1.0126436442248603       0.50814789528396931     
   1.3253253253253254        1.0128174226357578       0.50543691968646431     
   1.3293293293293293        1.0129916701985309       0.50272094563872183     
   1.3333333333333333        1.0131642320504826       0.50000000000000033     
   1.3373373373373374        1.0133375339146000       0.49727410967872421     
   1.3413413413413413        1.0135092371548606       0.49454330163221866     
   1.3453453453453454        1.0136819977991145       0.49180760286644143     
   1.3493493493493494        1.0138532829987066       0.48906704043571680     
   1.3533533533533533        1.0140259926840345       0.48632164144246692     
   1.3573573573573574        1.0141973896771954       0.48357143303694439     
   1.3613613613613613        1.0143706308429101       0.48081644241696458     
   1.3653653653653655        1.0145427655660508       0.47805669682763607     
   1.3693693693693694        1.0147172197073542       0.47529222356109019     
   1.3733733733733733        1.0148908209649297       0.47252304995621203     
   1.3773773773773774        1.0150672747558778       0.46974920339837073     
   1.3813813813813813        1.0152431808566307       0.46697071131914814     
   1.3853853853853855        1.0154225327687674       0.46418760119606600     
   1.3893893893893894        1.0156016977296369       0.46139990055231739     
   1.3933933933933933        1.0157849635603680       0.45860763695649082     
   1.3973973973973974        1.0159684633842736       0.45581083802230099     
   1.4014014014014013        1.0161567815852832       0.45300953140831446     
   1.4054054054054055        1.0163458193398249       0.45020374481767350     
   1.4094094094094094        1.0165404558390769       0.44739350599782696     
   1.4134134134134133        1.0167363662485238       0.44457884274025250     
   1.4174174174174174        1.0169387177803038       0.44175978288018319     
   1.4214214214214214        1.0171429711785005       0.43893635429633082     
   1.4254254254254255        1.0173545676351470       0.43610858491061116     
   1.4294294294294294        1.0175687720827302       0.43327650268786849     
   1.4334334334334333        1.0177912775900746       0.43044013563559824     
   1.4374374374374375        1.0180171796626485       0.42759951180366951     
   1.4414414414414414        1.0182523917183206       0.42475465928404799     
   1.4454454454454455        1.0184918754726890       0.42190560621051937     
   1.4494494494494494        1.0187417217057140       0.41905238075840973     
   1.4534534534534536        1.0189968055643845       0.41619501114430768     
   1.4574574574574575        1.0192633380337408       0.41333352562578418     
   1.4614614614614614        1.0195361689464559       0.41046795250111390     
   1.4654654654654655        1.0198215554663790       0.40759832010899610     
   1.4694694694694694        1.0201143998203923       0.40472465682827363     
   1.4734734734734736        1.0204209120111540       0.40184699107765148     
   1.4774774774774775        1.0207361430912578       0.39896535131541649     
   1.4814814814814814        1.0210661402962209       0.39607976603915679     
   1.4854854854854855        1.0214062217267392       0.39319026378547872     
   1.4894894894894894        1.0217621301403650       0.39029687312972589     
   1.4934934934934936        1.0221295953616620       0.38739962268569328     
   1.4974974974974975        1.0225138820413280       0.38449854110534909     
   1.5015015015015014        1.0229113077851739       0.38159365707854875     
   1.5055055055055055        1.0233264498635326       0.37868499933275013     
   1.5095095095095095        1.0237564239622399       0.37577259663273255     
   1.5135135135135136        1.0242048707694642       0.37285647778030873     
   1.5175175175175175        1.0246699550105318       0.36993667161404314     
   1.5215215215215214        1.0251540828199888       0.36701320700896550     
   1.5255255255255256        1.0256567677616182       0.36408611287628412     
   1.5295295295295295        1.0261788293497640       0.36115541816310132     
   1.5335335335335336        1.0267214823000810       0.35822115185212744     
   1.5375375375375375        1.0272835455833540       0.35528334296139380     
   1.5415415415415414        1.0278683515210425       0.35234202054396474     
   1.5455455455455456        1.0284722330701388       0.34939721368765114     
   1.5495495495495495        1.0291011271650912       0.34644895151472355     
   1.5535535535535536        1.0297483144533128       0.34349726318162310     
   1.5575575575575575        1.0304229065177752       0.34054217787867375     
   1.5615615615615615        1.0311144728921575       0.33758372482979260     
   1.5655655655655656        1.0318359638322046       0.33462193329220158     
   1.5695695695695695        1.0325724745702305       0.33165683255613898     
   1.5735735735735736        1.0333415654649305       0.32868845194456903     
   1.5775775775775776        1.0341229749843879       0.32571682081289088     
   1.5815815815815817        1.0349397674690490       0.32274196854864945     
   1.5855855855855856        1.0357653080965339       0.31976392457124525     
   1.5895895895895895        1.0366291985639871       0.31678271833164295     
   1.5935935935935936        1.0374972628554056       0.31379837931207866     
   1.5975975975975976        1.0384068313225481       0.31081093702577139     
   1.6016016016016017        1.0393148467495856       0.30782042101662782     
   1.6056056056056056        1.0402677392682831       0.30482686085895305     
   1.6096096096096095        1.0412120369445090       0.30183028615715729     
   1.6136136136136137        1.0422048443767904       0.29883072654546011     
   1.6176176176176176        1.0431805273373589       0.29582821168760254     
   1.6216216216216217        1.0442086664832393       0.29282277127655032     
   1.6256256256256256        1.0452094672417267       0.28981443503420135     
   1.6296296296296295        1.0462670571314499       0.28680323271109065     
   1.6336336336336337        1.0472852077637740       0.28378919408609704     
   1.6376376376376376        1.0483649475305725       0.28077234896614933     
   1.6416416416416417        1.0493910400363775       0.27775272718593036     
   1.6456456456456456        1.0504840968909630       0.27473035860758332     
   1.6496496496496496        1.0515069490001534       0.27170527312041282     
   1.6536536536536537        1.0526028479098417       0.26867750064059459     
   1.6576576576576576        1.0536093853982853       0.26564707111087615     
   1.6616616616616617        1.0546959030001426       0.26261401450028199     
   1.6656656656656657        1.0556710309391051       0.25957836080381591     
   1.6696696696696696        1.0567341152662117       0.25654014004216519     
   1.6736736736736737        1.0576606175084042       0.25349938226140467     
   1.6776776776776776        1.0586843005883082       0.25045611753269870     
   1.6816816816816818        1.0595427402918352       0.24741037595200283     
   1.6856856856856857        1.0605090745262875       0.24436218763976714     
   1.6896896896896898        1.0612777058052434       0.24131158274063927     
   1.6936936936936937        1.0621667132392087       0.23825859142316480     
   1.6976976976976976        1.0628214344092446       0.23520324387949043     
   1.7017017017017018        1.0636110484150807       0.23214557032506186     
   1.7057057057057057        1.0641253331025744       0.22908560099833006     
   1.7097097097097098        1.0647913940092653       0.22602336616044894     
   1.7137137137137137        1.0651362505875619       0.22295889609497727     
   1.7177177177177176        1.0656524828763083       0.21989222110757800     
   1.7217217217217218        1.0657964166611755       0.21682337152571932     
   1.7257257257257257        1.0661344834384829       0.21375237769837560     
   1.7297297297297298        1.0660433728713543       0.21067926999572606     
   1.7337337337337337        1.0661730149375250       0.20760407880885565     
   1.7377377377377377        1.0658111745091741       0.20452683454945109     
   1.7417417417417418        1.0657009568648870       0.20144756764950522     
   1.7457457457457457        1.0650302930021944       0.19836630856101312     
   1.7497497497497498        1.0646463642134651       0.19528308775567005     
   1.7537537537537538        1.0636265260464906       0.19219793572457314     
   1.7577577577577577        1.0629333677758195       0.18911088297791637     
   1.7617617617617618        1.0615219075691540       0.18602196004469188     
   1.7657657657657657        1.0604824756554159       0.18293119747238676     
   1.7697697697697699        1.0586349556817598       0.17983862582668017     
   1.7737737737737738        1.0572108412491132       0.17674427569114179     
   1.7777777777777777        1.0548809554194283       0.17364817766693028     
   1.7817817817817818        1.0530325652972929       0.17055036237248988     
   1.7857857857857857        1.0501722748068310       0.16745086044324664     
   1.7897897897897899        1.0478590303946054       0.16434970253130635     
   1.7937937937937938        1.0444187128465297       0.16124691930515228     
   1.7977977977977977        1.0415992664099787       0.15814254144934106     
   1.8018018018018018        1.0375278781241588       0.15503659966419786     
   1.8058058058058057        1.0341603453653869       0.15192912466551589     
   1.8098098098098099        1.0294055968482008       0.14882014718424907     
   1.8138138138138138        1.0254478044545547       0.14570969796621130     
   1.8178178178178179        1.0199563492736752       0.14259780777177095     
   1.8218218218218218        1.0153660960323849       0.13948450737554591     
   1.8258258258258258        1.0090837335860789       0.13636982756610005     
   1.8298298298298299        1.0038190635617790       0.13325379914563965     
   1.8338338338338338       0.99669095643464845       0.13013645292970785     
   1.8378378378378379       0.99071044265692354       0.12701781974687870     
   1.8418418418418419       0.98268134939626572       0.12389793043845529     
   1.8458458458458458       0.97594438650271176       0.12077681585816115     
   1.8498498498498499       0.96695891072023366       0.11765450687183837     
   1.8538538538538538       0.95942601505178293       0.11453103435714140     
   1.8578578578578580       0.94942887174969925       0.11140642920322855     
   1.8618618618618619       0.94106198749817416       0.10828072231046192     
   1.8658658658658658       0.92999828743997170       0.10515394459009815     
   1.8698698698698699       0.92076109759578040       0.10202612696398421     
   1.8738738738738738       0.90857665040075042        9.8897300364250137E-002
   1.8778778778778780       0.89843489142856814        9.5767495733004110E-002
   1.8818818818818819       0.88507652788210955        9.2636744022027262E-002
   1.8858858858858858       0.87399830724791128        8.9505076192466795E-002
   1.8898898898898899       0.85941422110629573        8.6372523214528804E-002
   1.8938938938938938       0.84737033697266162        8.3239116067172991E-002
   1.8978978978978980       0.83151044632152549        8.0104885737807094E-002
   1.9019019019019019       0.81847470890384211        7.6969863221979185E-002
   1.9059059059059058       0.80129103692193371        7.3834079523072429E-002
   1.9099099099099099       0.78724059114380363        7.0697565651994948E-002
   1.9139139139139139       0.76868766594108640        6.7560352626878470E-002
   1.9179179179179180       0.75360331513587620        6.4422471472768014E-002
   1.9219219219219219       0.73363858818668370        6.1283953221316440E-002
   1.9259259259259258       0.71750511866200317        5.8144828910476183E-002
   1.9299299299299300       0.69608940124348517        5.5005129584193228E-002
   1.9339339339339339       0.67889590755955331        5.1864886292100981E-002
   1.9379379379379380       0.65599382453333932        4.8724130089211899E-002
   1.9419419419419419       0.63773403535149953        4.5582892035611673E-002
   1.9459459459459461       0.61331449559012130        4.2441203196148525E-002
   1.9499499499499500       0.59398709993342580        3.9299094640131337E-002
   1.9539539539539539       0.56802378268943721        3.6156597441019275E-002
   1.9579579579579580       0.54763275643379239        3.3013742676113601E-002
   1.9619619619619619       0.52010461297603860        2.9870561426253450E-002
   1.9659659659659661       0.49865954536885887        2.6727084775504926E-002
   1.9699699699699700       0.46955131526571980        2.3583343810856781E-002
   1.9739739739739739       0.44706773526049354        2.0439369621911660E-002
   1.9779779779779780       0.41637047677515682        1.7295193300577764E-002
   1.9819819819819819       0.39287017898634990        1.4150845940762258E-002
   1.9859859859859861       0.36058181316685189        1.1006358638064652E-002
   1.9899899899899900       0.33609318330483517        7.8617624894684063E-003
   1.9939939939939939       0.30221905150348527        4.7170885930325071E-003
   1.9979979979979980       0.27677739126610013        1.5723680475848198E-003
   2.0020020020020022       0.24133082599896649       -1.5723680475845747E-003
   2.0060060060060061       0.21497867766932732       -4.7170885930322625E-003
   2.0100100100100100       0.17798158668598787       -7.8617624894681600E-003
   2.0140140140140139       0.15076905858240355       -1.1006358638064406E-002
   2.0180180180180178       0.11225252196449718       -1.4150845940762012E-002
   2.0220220220220222        8.4237614237429551E-002  -1.7295193300577522E-002
   2.0260260260260261        4.4242504211746754E-002  -2.0439369621911417E-002
   2.0300300300300300        1.5491406242928015E-002  -2.3583343810856538E-002
   2.0340340340340339       -2.5930886291066851E-002  -2.6727084775504683E-002
   2.0380380380380378       -5.5343664221679099E-002  -2.9870561426253207E-002
   2.0420420420420422       -9.8127322699127301E-002  -3.3013742676113789E-002
   2.0460460460460461      -0.12811011082535648       -3.6156597441019026E-002
   2.0500500500500500      -0.17218193712445817       -3.9299094640131087E-002
   2.0540540540540539      -0.20262925990496219       -4.2441203196148275E-002
   2.0580580580580579      -0.24790851173940318       -4.5582892035610979E-002
   2.0620620620620622      -0.27870007386965584       -4.8724130089212093E-002
   2.0660660660660661      -0.32509830845826165       -5.1864886292100738E-002
   2.0700700700700700      -0.35609794128532668       -5.5005129584192979E-002
   2.0740740740740740      -0.40351903361884400       -5.8144828910475933E-002
   2.0780780780780779      -0.43457356665356001       -6.1283953221315746E-002
   2.0820820820820822      -0.48291364663767888       -6.4422471472768209E-002
   2.0860860860860861      -0.51385140525820272       -6.7560352626878220E-002
   2.0900900900900901      -0.56299877239668761       -7.0697565651994698E-002
   2.0940940940940940      -0.59362798283008189       -7.3834079523071736E-002
   2.0980980980980979      -0.64346329397378610       -7.6969863221978935E-002
   2.1021021021021022      -0.67357030503265414       -8.0104885737806844E-002
   2.1061061061061062      -0.72396675662696519       -8.3239116067172741E-002
   2.1101101101101101      -0.75331369728608022       -8.6372523214528554E-002
   2.1141141141141140      -0.80413714975373340       -8.9505076192466101E-002
   2.1181181181181179      -0.83245906484427390       -9.2636744022027012E-002
   2.1221221221221223      -0.88356831893671695       -9.5767495733003860E-002
   2.1261261261261262      -0.91056963182704098       -9.8897300364249888E-002
   2.1301301301301301      -0.96181665765666668      -0.10202612696398396     
   2.1341341341341340      -0.98716644021556299      -0.10515394459009790     
   2.1381381381381384       -1.0383963939755512      -0.10828072231046167     
   2.1421421421421423       -1.0617220905111628      -0.11140642920322831     
   2.1461461461461462       -1.1127730950590426      -0.11453103435714115     
   2.1501501501501501       -1.1336520664121366      -0.11765450687183812     
   2.1541541541541540       -1.1843543510254015      -0.12077681585816090     
   2.1581581581581584       -1.2023020422174950      -0.12389793043845504     
   2.1621621621621623       -1.2524755719625749      -0.12701781974687892     
   2.1661661661661662       -1.2669281984380982      -0.13013645292970763     
   2.1701701701701701       -1.3163765826762008      -0.13325379914563942     
   2.1741741741741740       -1.3266641539470359      -0.13636982756609983     
   2.1781781781781784       -1.3751595589954630      -0.13948450737554569     
   2.1821821821821823       -1.3804613065432745      -0.14259780777177072     
   2.1861861861861862       -1.4277065125489705      -0.14570969796621108     
   2.1901901901901901       -1.4269728440244018      -0.14882014718424885     
   2.1941941941941940       -1.4724617209094153      -0.15192912466551567     
   2.1981981981981984       -1.4645034258133232      -0.15503659966419808     
   2.2022022022022023       -1.5050685360155265      -0.15814254144934084     
   2.2062062062062062       -1.4997371264455173      -0.16124691930515206     
   2.2102102102102101       -1.4435652854478165      -0.16434970253130612     
   2.2142142142142140       -1.4524909308467100      -0.16745086044324597     
   2.2182182182182184       -1.4061190590089374      -0.17055036237248966     
   2.2222222222222223       -1.4099270811242537      -0.17364817766693005     
   2.2262262262262262       -1.3683346137431025      -0.17674427569114157     
   2.2302302302302301       -1.3712636785682213      -0.17983862582667995     
   2.2342342342342341       -1.3331169465907171      -0.18293119747238654     
   2.2382382382382384       -1.3354539177229348      -0.18602196004469207     
   2.2422422422422423       -1.3005531435025985      -0.18911088297791614     
   2.2462462462462462       -1.3024094432512137      -0.19219793572457292     
   2.2502502502502502       -1.2705411270563014      -0.19528308775566983     
   2.2542542542542541       -1.2720116227669773      -0.19836630856101248     
   2.2582582582582584       -1.2429652269503433      -0.20144756764950500     
   2.2622622622622623       -1.2441274038898962      -0.20452683454945086     
   2.2662662662662663       -1.2177001025038858      -0.20760407880885542     
   2.2702702702702702       -1.2186179493213272      -0.21067926999572584     
   2.2742742742742741       -1.1946162927402264      -0.21375237769837538     
   2.2782782782782784       -1.1953429319949751      -0.21682337152571909     
   2.2822822822822824       -1.1735836219664697      -0.21989222110757778     
   2.2862862862862863       -1.1741631642941230      -0.22295889609497704     
   2.2902902902902902       -1.1544733145058630      -0.22602336616044871     
   2.2942942942942941       -1.1549422423603461      -0.22908560099832984     
   2.2982982982982985       -1.1371593381379874      -0.23214557032506164     
   2.3023023023023024       -1.1375476054205322      -0.23520324387949024     
   2.3063063063063063       -1.1215192770650939      -0.23825859142316458     
   2.3103103103103102       -1.1218512195183596      -0.24131158274063905     
   2.3143143143143141       -1.1074349036297215      -0.24436218763976694     
   2.3183183183183185       -1.1077300193405102      -0.24741037595200260     
   2.3223223223223224       -1.0947925427919400      -0.25045611753269847     
   2.3263263263263263       -1.0950661719584014      -0.25349938226140445     
   2.3303303303303302       -1.0834832982508187      -0.25654014004216497     
   2.3343343343343341       -1.0837472292706585      -0.25957836080381524     
   2.3383383383383385       -1.0734031869792986      -0.26261401450028221     
   2.3423423423423424       -1.0736661977096253      -0.26564707111087593     
   2.3463463463463463       -1.0644532084293417      -0.26867750064059437     
   2.3503503503503502       -1.0647215509423644      -0.27170527312041259     
   2.3543543543543541       -1.0565393671962582      -0.27473035860758266     
   2.3583583583583585       -1.0568171978355920      -0.27775272718593058     
   2.3623623623623624       -1.0495726556462333      -0.28077234896614911     
   2.3663663663663663       -1.0498624140025259      -0.28378919408609682     
   2.3703703703703702       -1.0434690112126828      -0.28680323271108998     
   2.3743743743743742       -1.0437717562182134      -0.28981443503420068     
   2.3783783783783785       -1.0381492541791550      -0.29282277127655010     
   2.3823823823823824       -1.0384649511072144      -0.29582821168760237     
   2.3863863863863863       -1.0335390035992666      -0.29883072654545989     
   2.3903903903903903       -1.0338667746903121      -0.30183028615715662     
   2.3943943943943946       -1.0295685804318246      -0.30482686085895327     
   2.3983983983983985       -1.0299069154361227      -0.30782042101662760     
   2.4024024024024024       -1.0261728959358394      -0.31081093702577117     
   2.4064064064064064       -1.0265198294475348      -0.31379837931207849     
   2.4104104104104103       -1.0232913277121367      -0.31678271833164234     
   2.4144144144144146       -1.0236445867147255      -0.31976392457124503     
   2.4184184184184185       -1.0208675847650910      -0.32274196854864923     
   2.4224224224224224       -1.0212247095552018      -0.32571682081289072     
   2.4264264264264264       -1.0188495630543000      -0.32868845194456880     
   2.4304304304304303       -1.0192080051756205      -0.33165683255613876     
   2.4344344344344346       -1.0171891911127895      -0.33462193329220136     
   2.4384384384384385       -1.0175463926336541      -0.33758372482979238     
   2.4424424424424425       -1.0158422691806124      -0.34054217787867352     
   2.4464464464464464       -1.0161957234425334      -0.34349726318162288     
   2.4504504504504503       -1.0147683005059498      -0.34644895151472338     
   2.4544544544544546       -1.0151156008927231      -0.34939721368765092     
   2.4584584584584586       -1.0139303179393311      -0.35234202054396457     
   2.4624624624624625       -1.0142691935134731      -0.35528334296139358     
   2.4664664664664664       -1.0132947055934614      -0.35822115185212722     
   2.4704704704704703       -1.0136230480251405      -0.36115541816310109     
   2.4744744744744747       -1.0128310182792890      -0.36408611287628395     
   2.4784784784784786       -1.0131469004549889      -0.36701320700896528     
   2.4824824824824825       -1.0125117989262402      -0.36993667161404292     
   2.4864864864864864       -1.0128134869903112      -0.37285647778030850     
   2.4904904904904903       -1.0123123955556723      -0.37577259663273233     
   2.4944944944944947       -1.0125983556879148      -0.37868499933275035     
   2.4984984984984986       -1.0122107793175239      -0.38159365707854853     
   2.5025025025025025       -1.0124796800929181      -0.38449854110534887     
   2.5065065065065064       -1.0121873645244559      -0.38739962268569306     
   2.5105105105105103       -1.0124380756980418      -0.39029687312972527     
   2.5145145145145147       -1.0122248308588551      -0.39319026378547894     
   2.5185185185185186       -1.0124564391512958      -0.39607976603915657     
   2.5225225225225225       -1.0123079271485851      -0.39896535131541627     
   2.5265265265265264       -1.0125197602598786      -0.40184699107765126     
   2.5305305305305303       -1.0124233376579539      -0.40472465682827302     
   2.5345345345345347       -1.0126149091192007      -0.40759832010899633     
   2.5385385385385386       -1.0125595420503595      -0.41046795250111373     
   2.5425425425425425       -1.0127305058135256      -0.41333352562578402     
   2.5465465465465464       -1.0127066323642646      -0.41619501114430751     
   2.5505505505505504       -1.0128567764559731      -0.41905238075840956     
   2.5545545545545547       -1.0128561580994058      -0.42190560621051959     
   2.5585585585585586       -1.0129854038637445      -0.42475465928404776     
   2.5625625625625625       -1.0130009863111984      -0.42759951180366890     
   2.5665665665665665       -1.0131093849205242      -0.43044013563559802     
   2.5705705705705704       -1.0131351709648808      -0.43327650268786827     
   2.5745745745745747       -1.0132228959706076      -0.43610858491061100     
   2.5785785785785786       -1.0132538295807549      -0.43893635429633066     
   2.5825825825825826       -1.0133211676571277      -0.44175978288018303     
   2.5865865865865865       -1.0133530280932621      -0.44457884274025233     
   2.5905905905905904       -1.0134003684761381      -0.44739350599782673     
   2.5945945945945947       -1.0134296736452963      -0.45020374481767333     
   2.5985985985985987       -1.0134574968358101      -0.45300953140831385     
   2.6026026026026026       -1.0134814153023695      -0.45581083802230121     
   2.6066066066066065       -1.0134902813356774      -0.45860763695649065     
   2.6106106106106104       -1.0135065518842770      -0.46139990055231678     
   2.6146146146146148       -1.0134970900899352      -0.46418760119606622     
   2.6186186186186187       -1.0135039430594643      -0.46697071131914791     
   2.6226226226226226       -1.0134768564963115      -0.46974920339837051     
   2.6266266266266265       -1.0134729478853071      -0.47252304995621180     
   2.6306306306306309       -1.0134289897546096      -0.47529222356109002     
   2.6346346346346348       -1.0134133479010097      -0.47805669682763591     
   2.6386386386386387       -1.0133533071397234      -0.48081644241696481     
   2.6426426426426426       -1.0133252830498327      -0.48357143303694416     
   2.6466466466466465       -1.0132499756012410      -0.48632164144246637     
   2.6506506506506509       -1.0132091952174220      -0.48906704043571703     
   2.6546546546546548       -1.0131194561471109      -0.49180760286644165     
   2.6586586586586587       -1.0130657777678804      -0.49454330163221849     
   2.6626626626626626       -1.0129624540275926      -0.49727410967872404     
   2.6666666666666665       -1.0128959306107557      -0.49999999999999972     
   2.6706706706706709       -1.0127798745127103      -0.50272094563872161     
   2.6746746746746748       -1.0127007203674101      -0.50543691968646454     
   2.6786786786786787       -1.0125727837974015      -0.50814789528396909     
   2.6826826826826826       -1.0124813452567938      -0.51085384562140823     
   2.6866866866866865       -1.0123423746014102      -0.51355474393865141     
   2.6906906906906909       -1.0122391044135950      -0.51625056352552878     
   2.6946946946946948       -1.0120899359684117      -0.51894127772209564     
   2.6986986986986987       -1.0119753710267734      -0.52162685991889768     
   2.7027027027027026       -1.0118168272590458      -0.52430728355723144     
   2.7067067067067065       -1.0116915692082706      -0.52698252212940910     
   2.7107107107107109       -1.0115244553811633      -0.52965254917902060     
   2.7147147147147148       -1.0113891539997353      -0.53231733830119188     
   2.7187187187187187       -1.0112142554384675      -0.53497686314285131     
   2.7227227227227226       -1.0110695944095749      -0.53763109740298709     
   2.7267267267267266       -1.0108876742884274      -0.54028001483290666     
   2.7307307307307309       -1.0107343590495508      -0.54292358923649919     
   2.7347347347347348       -1.0105461565292506      -0.54556179447049191     
   2.7387387387387387       -1.0103849040612574      -0.54819460444470958     
   2.7427427427427427       -1.0101911329127018      -0.55082199312233360     
   2.7467467467467466       -1.0100226631822389      -0.55344393452015828     
   2.7507507507507509       -1.0098240107566094      -0.55606040270884749     
   2.7547547547547548       -1.0096490396214404      -0.55867137181319182     
   2.7587587587587588       -1.0094461661368812      -0.56127681601236501     
   2.7627627627627627       -1.0092653995685803      -0.56387670954017755     
   2.7667667667667666       -1.0090589377483434      -0.56647102668533345     
   2.7707707707707709       -1.0088730671252055      -0.56905974179168384     
   2.7747747747747749       -1.0086636219996601      -0.57164282925847854     
   2.7787787787787788       -1.0084733204050591      -0.57422026354062317     
   2.7827827827827827       -1.0082614693970793      -0.57679201914892952     
   2.7867867867867866       -1.0080673887376448      -0.57935807065036660     
   2.7907907907907910       -1.0078536818962893      -0.58191839266831491     
   2.7947947947947949       -1.0076564507656496      -0.58447295988281489     
   2.7987987987987988       -1.0074414112788881      -0.58702174703081833     
   2.8028028028028027       -1.0072416334239462      -0.58956472890643896     
   2.8068068068068066       -1.0070257580737607      -0.59210188036120082     
   2.8108108108108110       -1.0068240113218960      -0.59463317630428647     
   2.8148148148148149       -1.0066077711458512      -0.59715859170278585     
   2.8188188188188188       -1.0064046069035741      -0.59967810158194468     
   2.8228228228228227       -1.0061884480803944      -0.60219168102540921     
   2.8268268268268266       -1.0059843910246156      -0.60469930517547521     
   2.8308308308308310       -1.0057687355200793      -0.60720094923333168     
   2.8348348348348349       -1.0055642836736394      -0.60969658845930674     
   2.8388388388388388       -1.0053495302693927      -0.61218619817311326     
   2.8428428428428427       -1.0051451554283886      -0.61466975375409216     
   2.8468468468468466       -1.0049316804756976      -0.61714723064145482     
   2.8508508508508510       -1.0047278285338872      -0.61961860433452842     
   2.8548548548548549       -1.0045159870161948      -0.62208385039299596     
   2.8588588588588588       -1.0043130788337973      -0.62454294443713865     
   2.8628628628628627       -1.0041032051751542      -0.62699586214807834     
   2.8668668668668666       -1.0039016371271037      -0.62944257926801550     
   2.8708708708708710       -1.0036940462420116      -0.63188307160047208     
   2.8748748748748749       -1.0034941913046993      -0.63431731501052735     
   2.8788788788788788       -1.0032891793771908      -0.63674528542506048     
   2.8828828828828827       -1.0030913878202368      -0.63916695883298458     
   2.8868868868868871       -1.0028892333690174      -0.64158231128548815     
   2.8908908908908910       -1.0026938339008864      -0.64399131889626826     
   2.8948948948948949       -1.0024947984418846      -0.64639395784176901     
   2.8988988988988988       -1.0023020990486604      -0.64879020436141721     
   2.9029029029029028       -1.0021064281670513      -0.65118003475785557     
   2.9069069069069071       -1.0019167171071306      -0.65356342539717915     
   2.9109109109109110       -1.0017246410241998      -0.65594035270916740     
   2.9149149149149149       -1.0015381878722567      -0.65831079318751873     
   2.9189189189189189       -1.0013499224211113      -0.66067472339008115     
   2.9229229229229228       -1.0011669787987603      -0.66303211993908662     
   2.9269269269269271       -1.0009827260535107      -0.66538295952137938     
   2.9309309309309310       -1.0008035267745123      -0.66772721888864839     
   2.9349349349349350       -1.0006234756678183      -0.67006487485765742     
   2.9389389389389389       -1.0004482394365446      -0.67239590431047236     
   2.9429429429429428       -1.0002725665684540      -0.67472028419469232     
   2.9469469469469471       -1.0001014968361546      -0.67703799152367616     
   2.9509509509509511      -0.99993036689686143      -0.67934900337676973     
   2.9549549549549550      -0.99976365273723333      -0.68165329689953269     
   2.9589589589589589      -0.99959721915079791      -0.68395084930396566     
   2.9629629629629628      -0.99943503582545490      -0.68624163786873338     
   2.9669669669669672      -0.99927344130577245      -0.68852563993939209     
   2.9709709709709711      -0.99911595107086393      -0.69080283292861111     
   2.9749749749749750      -0.99895932793184006      -0.69307319431639702     
   2.9789789789789789      -0.99880668069347089      -0.69533670165031769     
   2.9829829829829828      -0.99865515140151262      -0.69759333254572287     
   2.9869869869869872      -0.99850748516084242      -0.69984306468596547     
   2.9909909909909911      -0.99836116273470432      -0.70208587582262250     
   2.9949949949949950      -0.99821860423223252      -0.70432174377571644     
   2.9989989989989989      -0.99807759247027206      -0.70655064643393228     
   3.0030030030030028      -0.99794025770338135      -0.70877256175483805     
   3.0070070070070072      -0.99780465155595433      -0.71098746776510247     
   3.0110110110110111      -0.99767264613183271      -0.71319534256071015     
   3.0150150150150150      -0.99754253203204923      -0.71539616430718178     
   3.0190190190190189      -0.99741595156482699      -0.71758991123978788     
   3.0230230230230228      -0.99729140761239898      -0.71977656166376336     
   3.0270270270270272      -0.99717033818105039      -0.72195609395452442     
   3.0310310310310311      -0.99705143426494136      -0.72412848655788031     
   3.0350350350350350      -0.99693595270445134      -0.72629371799024711     
   3.0390390390390389      -0.99682275084380978      -0.72845176683886070     
   3.0430430430430429      -0.99671292490100505      -0.73060261176198871     
   3.0470470470470472      -0.99660547934552557      -0.73274623148913987     
   3.0510510510510511      -0.99650136804855605      -0.73488260482127588     
   3.0550550550550550      -0.99639972535133947      -0.73701171063102133     
   3.0590590590590589      -0.99630137922326256      -0.73913352786287101     
   3.0630630630630629      -0.99620557833182721      -0.74124803553339991     
   3.0670670670670672      -0.99611303956713504      -0.74335521273147032     
   3.0710710710710711      -0.99602311201204363      -0.74545503861843621     
   3.0750750750750750      -0.99593641453758286      -0.74754749242835339     
   3.0790790790790790      -0.99585238445318180      -0.74963255346818258     
   3.0830830830830829      -0.99577155414752649      -0.75171020111799314     
   3.0870870870870872      -0.99569343829551282      -0.75378041483116953     
   3.0910910910910911      -0.99561849311354023      -0.75584317413461222     
   3.0950950950950951      -0.99554630088186269      -0.75789845862894101     
   3.0990990990990990      -0.99547725093233030      -0.75994624798869759     
   3.1031031031031029      -0.99541098442923193      -0.76198652196254535     
   3.1071071071071072      -0.99534783200217025      -0.76401926037346968     
   3.1111111111111112      -0.99528748605462847      -0.76604444311897801     
   3.1151151151151151      -0.99523022567522113      -0.76806205017129969     
   3.1191191191191190      -0.99517578783226945      -0.77007206157758090     
   3.1231231231231229      -0.99512440635925503      -0.77207445746008596     
   3.1271271271271273      -0.99507585684253286      -0.77406921801639050     
   3.1311311311311312      -0.99503033348624070      -0.77605632351957909     
   3.1351351351351351      -0.99498764518341987      -0.77803575431843974     
   3.1391391391391390      -0.99494795153075077      -0.78000749083765863     
   3.1431431431431434      -0.99491109001175082      -0.78197151357801342     
   3.1471471471471473      -0.99487719002309039      -0.78392780311656574     
   3.1511511511511512      -0.99484611352434771      -0.78587634010685492     
   3.1551551551551551      -0.99481796353786922      -0.78781710527908644     
   3.1591591591591590      -0.99479262292754955      -0.78975007944032583     
   3.1631631631631634      -0.99477017167525883      -0.79167524347468532     
   3.1671671671671673      -0.99475051045611884      -0.79359257834351493     
   3.1711711711711712      -0.99473369911040244      -0.79550206508559018     
   3.1751751751751751      -0.99471965335363943      -0.79740368481729929     
   3.1791791791791790      -0.99470841550206324      -0.79929741873283011     
   3.1831831831831834      -0.99469991387077683      -0.80118324810435748     
   3.1871871871871873      -0.99469417553412021      -0.80306115428222580     
   3.1911911911911912      -0.99469113926976693      -0.80493111869513456     
   3.1951951951951951      -0.99469081892271383      -0.80679312285032412     
   3.1991991991991990      -0.99469316190552559      -0.80864714833375495     
   3.2032032032032034      -0.99469817067061972      -0.81049317681029209     
   3.2072072072072073      -0.99470579949429039      -0.81233119002388610     
   3.2112112112112112      -0.99471604079336451      -0.81416116979775310     
   3.2152152152152151      -0.99472885446968795      -0.81598309803455449     
   3.2192192192192191      -0.99474422423232278      -0.81779695671657726     
   3.2232232232232234      -0.99476211442011153      -0.81960272790591171     
   3.2272272272272273      -0.99478250114213118      -0.82140039374462503     
   3.2312312312312312      -0.99480535214781496      -0.82318993645494509     
   3.2352352352352352      -0.99483063695194440      -0.82497133833943015     
   3.2392392392392391      -0.99485832580615596      -0.82674458178114651     
   3.2432432432432434      -0.99488838249824674      -0.82850964924384241     
   3.2472472472472473      -0.99492077902488107      -0.83026652327212114     
   3.2512512512512513      -0.99495547417006047      -0.83201518649161355     
   3.2552552552552552      -0.99499244103228368      -0.83375562160915107     
   3.2592592592592591      -0.99503163406347395      -0.83548781141293604     
   3.2632632632632634      -0.99507302689178379      -0.83721173877271049     
   3.2672672672672673      -0.99511657019956978      -0.83892738663992716     
   3.2712712712712713      -0.99516223769271850      -0.84063473804791811     
   3.2752752752752752      -0.99520997675865863      -0.84233377611206173     
   3.2792792792792791      -0.99525976079671830      -0.84402448402995045     
   3.2832832832832834      -0.99531153431980224      -0.84570684508155636     
   3.2872872872872874      -0.99536527011717579      -0.84738084262939606     
   3.2912912912912913      -0.99542091019024603      -0.84904646011869733     
   3.2952952952952952      -0.99547842645750573      -0.85070368107756111     
   3.2992992992992991      -0.99553775873564432      -0.85235248911712369     
   3.3033033033033035      -0.99559887787058321      -0.85399286793172058     
   3.3073073073073074      -0.99566172176374912      -0.85562480129904661     
   3.3113113113113113      -0.99572626003163178      -0.85724827308031681     
   3.3153153153153152      -0.99579242891896891      -0.85886326722042616     
   3.3193193193193191      -0.99586019670096859      -0.86046976774810746     
   3.3233233233233235      -0.99592949817640763      -0.86206775877609132     
   3.3273273273273274      -0.99600030019410246      -0.86365722450126015     
   3.3313313313313313      -0.99607253631617787      -0.86523814920480790     
   3.3353353353353352      -0.99614617191205357      -0.86681051725239255     
   3.3393393393393391      -0.99622113947605428      -0.86837431309429247     
   3.3433433433433435      -0.99629740288236956      -0.86992952126555956     
   3.3473473473473474      -0.99637489372839327      -0.87147612638617244     
   3.3513513513513513      -0.99645357439294802      -0.87301411316118827     
   3.3553553553553552      -0.99653337572615386      -0.87454346638089397     
   3.3593593593593591      -0.99661425863789510      -0.87606417092095756     
   3.3633633633633635      -0.99669615337258599      -0.87757621174257716     
   3.3673673673673674      -0.99677901942280400      -0.87907957389262847     
   3.3713713713713713      -0.99686278654842875      -0.88057424250381433     
   3.3753753753753752      -0.99694741288825206      -0.88206020279481123     
   3.3793793793793796      -0.99703282785856662      -0.88353744007041513     
   3.3833833833833835      -0.99711898831850598      -0.88500593972168740     
   3.3873873873873874      -0.99720582346483455      -0.88646568722609875     
   3.3913913913913913      -0.99729328897021541      -0.88791666814767278     
   3.3953953953953953      -0.99738131393480689      -0.88935886813712972     
   3.3993993993993996      -0.99746985295038326      -0.89079227293202790     
   3.4034034034034035      -0.99755883514657040      -0.89221686835690339     
   3.4074074074074074      -0.99764821414488725      -0.89363264032341194     
   3.4114114114114114      -0.99773791922361077      -0.89503957483046781     
   3.4154154154154153      -0.99782790316754566      -0.89643765796438168     
   3.4194194194194196      -0.99791809552848343      -0.89782687589899912     
   3.4234234234234235      -0.99800844838781932      -0.89920721489583688     
   3.4274274274274275      -0.99809889169592092      -0.90057866130421815     
   3.4314314314314314      -0.99818937697481303      -0.90194120156140900     
   3.4354354354354353      -0.99827983470076032      -0.90329482219275192     
   3.4394394394394396      -0.99837021598748510      -0.90463950981179775     
   3.4434434434434436      -0.99846045196781907      -0.90597525112043964     
   3.4474474474474475      -0.99855049350567460      -0.90730203290904421     
   3.4514514514514514      -0.99864027252346999      -0.90861984205658186     
   3.4554554554554553      -0.99872973979058532      -0.90992866553075646     
   3.4594594594594597      -0.99881882816343270      -0.91122849038813580     
   3.4634634634634636      -0.99890748848547317      -0.91251930377427593     
   3.4674674674674675      -0.99899565468152907      -0.91380109292385281     
   3.4714714714714714      -0.99908327785278417      -0.91507384516078560     
   3.4754754754754753      -0.99917029312604333      -0.91633754789836286     
   3.4794794794794797      -0.99925665203146674      -0.91759218863936631     
   3.4834834834834836      -0.99934229105289507      -0.91883775497619591     
   3.4874874874874875      -0.99942716232381257      -0.92007423459099136     
   3.4914914914914914      -0.99951120383534198      -0.92130161525575383     
   3.4954954954954953      -0.99959436850667871      -0.92251988483246850     
   3.4994994994994997      -0.99967659598417347      -0.92372903127322248     
   3.5035035035035036      -0.99975784016212210      -0.92492904262032472     
   3.5075075075075075      -0.99983804248657426      -0.92611990700642566     
   3.5115115115115114      -0.99991715802220416      -0.92730161265463207     
   3.5155155155155153      -0.99999513016181041      -0.92847414787862559     
   3.5195195195195197       -1.0000719153222761      -0.92963750108277710     
   3.5235235235235236       -1.0001474590181887      -0.93079166076226205     
   3.5275275275275275       -1.0002217191913254      -0.93193661550317375     
   3.5315315315315314       -1.0002946436260571      -0.93307235398263721     
   3.5355355355355353       -1.0003661919868458      -0.93419886496891946     
   3.5395395395395397       -1.0004363144832131      -0.93531613732154262     
   3.5435435435435436       -1.0005049726795059      -0.93642415999139206     
   3.5475475475475475       -1.0005721193768518      -0.93752292202082732     
   3.5515515515515514       -1.0006377182134976      -0.93861241254378924     
   3.5555555555555554       -1.0007017247339811      -0.93969262078590843     
   3.5595595595595597       -1.0007641048532485      -0.94076353606461116     
   3.5635635635635636       -1.0008248169925904      -0.94182514778922477     
   3.5675675675675675       -1.0008838295125835      -0.94287744546108421     
   3.5715715715715715       -1.0009411038737257      -0.94392041867363274     
   3.5755755755755754       -1.0009966110529827      -0.94495405711252811     
   3.5795795795795797       -1.0010503156980093      -0.94597835055574231     
   3.5835835835835836       -1.0011021915546598      -0.94699328887366330     
   3.5875875875875876       -1.0011522066406842      -0.94799886202919548     
   3.5915915915915915       -1.0012003375952772      -0.94899506007785894     
   3.5955955955955954       -1.0012465559475738      -0.94998187316788696     
   3.5995995995995997       -1.0012908413904822      -0.95095929154032532     
   3.6036036036036037       -1.0013331690881853      -0.95192730552912663     
   3.6076076076076076       -1.0013735219673359      -0.95288590556124664     
   3.6116116116116115       -1.0014118789117676      -0.95383508215674029     
   3.6156156156156154       -1.0014482262522679      -0.95477482592885354     
   3.6196196196196198       -1.0014825466765735      -0.95570512758411708     
   3.6236236236236237       -1.0015148300687604      -0.95662597792243798     
   3.6276276276276276       -1.0015450630297058      -0.95753736783719101     
   3.6316316316316315       -1.0015732391287784      -0.95843928831530878     
   3.6356356356356359       -1.0015993489377164      -0.95933173043737030     
   3.6396396396396398       -1.0016233898855604      -0.96021468537768961     
   3.6436436436436437       -1.0016453564911298      -0.96108814440440271     
   3.6476476476476476       -1.0016652503025152      -0.96195209887955480     
   3.6516516516516515       -1.0016830697008094      -0.96280654025918444     
   3.6556556556556559       -1.0016988205539072      -0.96365146009340885     
   3.6596596596596598       -1.0017125050853661      -0.96448685002650714     
   3.6636636636636637       -1.0017241336010847      -0.96531270179700357     
   3.6676676676676676       -1.0017337122256169      -0.96612900723774797     
   3.6716716716716715       -1.0017412557259533      -0.96693575827599820     
   3.6756756756756759       -1.0017467741560007      -0.96773294693349898     
   3.6796796796796798       -1.0017502867966441      -0.96852056532655983     
   3.6836836836836837       -1.0017518077491097      -0.96929860566613557     
   3.6876876876876876       -1.0017513605494452      -0.97006706025790090     
   3.6916916916916915       -1.0017489637295396      -0.97082592150232783     
   3.6956956956956959       -1.0017446444926503      -0.97157518189476044     
   3.6996996996996998       -1.0017384266544398      -0.97231483402548924     
   3.7037037037037037       -1.0017303402643716      -0.97304487057982392     
   3.7077077077077076       -1.0017204152000485      -0.97376528433816678     
   3.7117117117117115       -1.0017086833205757      -0.97447606817608323     
   3.7157157157157159       -1.0016951816707782      -0.97517721506437227     
   3.7197197197197198       -1.0016799426257115      -0.97586871806913611     
   3.7237237237237237       -1.0016630114966718      -0.97655057035184933     
   3.7277277277277276       -1.0016444201347474      -0.97722276516942586     
   3.7317317317317316       -1.0016242226917287      -0.97788529587428519     
   3.7357357357357359       -1.0016024501163427      -0.97853815591441973     
   3.7397397397397398       -1.0015791650945591      -0.97918133883345804     
   3.7437437437437437       -1.0015543984430231      -0.97981483827072935     
   3.7477477477477477       -1.0015282193242623      -0.98043864796132674     
   3.7517517517517516       -1.0015006614718787      -0.98105276173616807     
   3.7557557557557559       -1.0014717959264523      -0.98165717352205806     
   3.7597597597597598       -1.0014416648429734      -0.98225187734174813     
   3.7637637637637638       -1.0014103338986129      -0.98283686731399489     
   3.7677677677677677       -1.0013778620569485      -0.98341213765361879     
   3.7717717717717716       -1.0013442995934336      -0.98397768267156138     
   3.7757757757757759       -1.0013097326019385      -0.98453349677494195     
   3.7797797797797799       -1.0012741850827078      -0.98507957446711136     
   3.7837837837837838       -1.0012377801759555      -0.98561591034770824     
   3.7877877877877877       -1.0012005066731851      -0.98614249911271146     
   3.7917917917917916       -1.0011625302477298      -0.98665933555449192     
   3.7957957957957960       -1.0011238030295606      -0.98716641456186571     
   3.7997997997997999       -1.0010845279153293      -0.98766373112014327     
   3.8038038038038038       -1.0010446331537632      -0.98815128031117960     
   3.8078078078078077       -1.0010043354187463      -0.98862905731342254     
   3.8118118118118116       -1.0009635736247560      -0.98909705740196108     
   3.8158158158158160       -1.0009225301073978      -0.98955527594857173     
   3.8198198198198199       -1.0008812154615816      -0.99000370842176366     
   3.8238238238238238       -1.0008397027735119      -0.99044235038682449     
   3.8278278278278277       -1.0007981597044699      -0.99087119750586350     
   3.8318318318318316       -1.0007564565138167      -0.99129024553785516     
   3.8358358358358360       -1.0007150121975665      -0.99169949033868066     
   3.8398398398398399       -1.0006734063640776      -0.99209892786116838     
   3.8438438438438438       -1.0006323776191401      -0.99248855415513493     
   3.8478478478478477       -1.0005911789511746      -0.99286836536742351     
   3.8518518518518516       -1.0005508532343002      -0.99323835774194280     
   3.8558558558558560       -1.0005104111914938      -0.99359852761970280     
   3.8598598598598599       -1.0004710243288009      -0.99394887143885202     
   3.8638638638638638       -1.0004317461202974      -0.99428938573471282     
   3.8678678678678677       -1.0003934635411840      -0.99462006713981466     
   3.8718718718718717       -1.0003558230147438      -0.99494091238392857     
   3.8758758758758760       -1.0003187369628892      -0.99525191829409909     
   3.8798798798798799       -1.0002832589700192      -0.99555308179467450     
   3.8838838838838838       -1.0002474198127915      -0.99584439990733942     
   3.8878878878878878       -1.0002146201083950      -0.99612586975114281     
   3.8918918918918921       -1.0001801217212003      -0.99639748854252641     
   3.8958958958958960       -1.0001503845516877      -0.99665925359535279     
   3.8998998998998999       -1.0001175165353755      -0.99691116232093191     
   3.9039039039039038       -1.0000909066366475      -0.99715321222804643     
   3.9079079079079078       -1.0000603623213229      -0.99738540092297623     
   3.9119119119119121       -1.0000364021430794      -0.99760772610952264     
   3.9159159159159160       -1.0000094858537436      -0.99782018558903074     
   3.9199199199199199      -0.99998698544819364      -0.99802277726041111     
   3.9239239239239239      -0.99996569707243854      -0.99821549912016083     
   3.9279279279279278      -0.99994279353245397      -0.99839834926238302     
   3.9319319319319321      -0.99992960316333901      -0.99857132587880604     
   3.9359359359359360      -0.99990421512172956      -0.99873442725880057     
   3.9399399399399400      -0.99990132559314393      -0.99888765178939798     
   3.9439439439439439      -0.99987219013014761      -0.99903099795530448     
   3.9479479479479478      -0.99988019996016320      -0.99916446433891781     
   3.9519519519519521      -0.99984844494807767      -0.99928804962034024     
   3.9559559559559561      -0.99986465185867257      -0.99940175257739150     
   3.9599599599599600      -0.99983541855499902      -0.99950557208562174     
   3.9639639639639639      -0.99985251352685256      -0.99959950711832180     
   3.9679679679679678      -0.99983564766433475      -0.99968355674653397     
   3.9719719719719722      -0.99984187753015441      -0.99975772013906072     
   3.9759759759759761      -0.99985083969922040      -0.99982199656247328     
   3.9799799799799800      -0.99983176739773982      -0.99987638538111856     
   3.9839839839839839      -0.99988222447807029      -0.99992088605712559     
   3.9879879879879878      -0.99981981076196480      -0.99995549815041107     
   3.9919919919919922      -0.99993652144501477      -0.99998022131868336     
   3.9959959959959961      -0.99979121886541178      -0.99999505531744570     
   4.0000000000000000       -1.0000000000000000       -1.0000000000000000     
