   0.0000000000000000        1.0000000000000000       0.99999999999999989     
   4.0040040040040040E-003  0.99987592496251809       0.99999505531744592     
   8.0080080080080079E-003  0.99999918577551727       0.99998022131868325     
   1.2012012012012012E-002  0.99988220417485940       0.99995549815041107     
   1.6016016016016016E-002  0.99992986438010645       0.99992088605712559     
   2.0020020020020020E-002  0.99987223245215739       0.99987638538111856     
   2.4024024024024024E-002  0.99987406941924406       0.99982199656247328     
   2.8028028028028028E-002  0.99985817248671549       0.99975772013906072     
   3.2032032032032032E-002  0.99983498963418194       0.99968355674653397     
   3.6036036036036036E-002  0.99984206460852965       0.99959950711832180     
   4.0040040040040040E-002  0.99981043550793247       0.99950557208562174     
   4.4044044044044044E-002  0.99982685333534482       0.99940175257739161     
   4.8048048048048048E-002  0.99979793800163441       0.99928804962034012     
   5.2052052052052052E-002  0.99981524033521485       0.99916446433891792     
   5.6056056056056056E-002  0.99979518920840960       0.99903099795530459     
   6.0060060060060060E-002  0.99980950587854545       0.99888765178939798     
   6.4064064064064064E-002  0.99980031819621384       0.99873442725880068     
   6.8068068068068074E-002  0.99981122719946047       0.99857132587880615     
   7.2072072072072071E-002  0.99981212334367298       0.99839834926238324     
   7.6076076076076082E-002  0.99982116310916291       0.99821549912016094     
   8.0080080080080079E-002  0.99983006034061661       0.99802277726041122     
   8.4084084084084090E-002  0.99983938349939794       0.99782018558903074     
   8.8088088088088087E-002  0.99985403692738894       0.99760772610952264     
   9.2092092092092098E-002  0.99986552083474722       0.99738540092297623     
   9.6096096096096095E-002  0.99988415871554970       0.99715321222804643     
  0.10010010010010011       0.99989901374587431       0.99691116232093191     
  0.10410410410410410       0.99992052758296535       0.99665925359535279     
  0.10810810810810811       0.99993927287038253       0.99639748854252641     
  0.11211211211211211       0.99996312889564820       0.99612586975114281     
  0.11611611611611612       0.99998575938150747       0.99584439990733964     
  0.12012012012012012        1.0000117966916233       0.99555308179467450     
  0.12412412412412413        1.0000379988747505       0.99525191829409887     
  0.12812812812812813        1.0000662279348711       0.99494091238392868     
  0.13213213213213212        1.0000955614560769       0.99462006713981466     
  0.13613613613613615        1.0001260172704651       0.99428938573471282     
  0.14014014014014015        1.0001580322205983       0.99394887143885213     
  0.14414414414414414        1.0001906931512310       0.99359852761970280     
  0.14814814814814814        1.0002249862057497       0.99323835774194291     
  0.15215215215215216        1.0002597459180780       0.99286836536742373     
  0.15615615615615616        1.0002959730713932       0.99248855415513493     
  0.16016016016016016        1.0003326456488182       0.99209892786116838     
  0.16416416416416416        1.0003705114062407       0.99169949033868066     
  0.16816816816816818        1.0004088516249272       0.99129024553785539     
  0.17217217217217218        1.0004480899322634       0.99087119750586361     
  0.17617617617617617        1.0004878161226975       0.99044235038682449     
  0.18018018018018017        1.0005281726308430       0.99000370842176388     
  0.18418418418418420        1.0005689855969426       0.98955527594857196     
  0.18818818818818819        1.0006102052329031       0.98909705740196130     
  0.19219219219219219        1.0006518010838177       0.98862905731342254     
  0.19619619619619619        1.0006936216271503       0.98815128031117949     
  0.20020020020020021        1.0007356989264149       0.98766373112014327     
  0.20420420420420421        1.0007778495457920       0.98716641456186571     
  0.20820820820820821        1.0008201123785998       0.98665933555449203     
  0.21221221221221220        1.0008623151237892       0.98614249911271146     
  0.21621621621621623        1.0009044737088824       0.98561591034770846     
  0.22022022022022023        1.0009464465388445       0.98507957446711159     
  0.22422422422422422        1.0009882169585309       0.98453349677494206     
  0.22822822822822822        1.0010296772338574       0.98397768267156138     
  0.23223223223223224        1.0010707809874388       0.98341213765361868     
  0.23623623623623624        1.0011114484341748       0.98283686731399489     
  0.24024024024024024        1.0011516123112407       0.98225187734174813     
  0.24424424424424424        1.0011912116774417       0.98165717352205828     
  0.24824824824824826        1.0012301681790015       0.98105276173616818     
  0.25225225225225223        1.0012684310219744       0.98043864796132674     
  0.25625625625625625        1.0013059190877540       0.97981483827072957     
  0.26026026026026028        1.0013425852672075       0.97918133883345804     
  0.26426426426426425        1.0013783513770198       0.97853815591441973     
  0.26826826826826827        1.0014131700952762       0.97788529587428519     
  0.27227227227227230        1.0014469692996197       0.97722276516942586     
  0.27627627627627627        1.0014797000373037       0.97655057035184956     
  0.28028028028028029        1.0015112972347424       0.97586871806913633     
  0.28428428428428426        1.0015417103733171       0.97517721506437238     
  0.28828828828828829        1.0015708813119319       0.97447606817608334     
  0.29229229229229231        1.0015987589567843       0.97376528433816700     
  0.29629629629629628        1.0016252911856707       0.97304487057982403     
  0.30030030030030030        1.0016504277089238       0.97231483402548924     
  0.30430430430430433        1.0016741214853864       0.97157518189476044     
  0.30830830830830830        1.0016963241846721       0.97082592150232794     
  0.31231231231231232        1.0017169930560323       0.97006706025790113     
  0.31631631631631629        1.0017360828109481       0.96929860566613568     
  0.32032032032032032        1.0017535542813873       0.96852056532656006     
  0.32432432432432434        1.0017693659470046       0.96773294693349898     
  0.32832832832832831        1.0017834819868965       0.96693575827599854     
  0.33233233233233234        1.0017958649532419       0.96612900723774819     
  0.33633633633633636        1.0018064823223387       0.96531270179700357     
  0.34034034034034033        1.0018153009504918       0.96448685002650714     
  0.34434434434434436        1.0018222915731041       0.96365146009340885     
  0.34834834834834832        1.0018274254147150       0.96280654025918455     
  0.35235235235235235        1.0018306766808256       0.96195209887955491     
  0.35635635635635637        1.0018320207916895       0.96108814440440293     
  0.36036036036036034        1.0018314356680866       0.96021468537768961     
  0.36436436436436437        1.0018289009690056       0.95933173043737041     
  0.36836836836836839        1.0018243982716926       0.95843928831530878     
  0.37237237237237236        1.0018179113340280       0.95753736783719101     
  0.37637637637637639        1.0018094255689924       0.95662597792243798     
  0.38038038038038036        1.0017989287577103       0.95570512758411708     
  0.38438438438438438        1.0017864102518195       0.95477482592885377     
  0.38838838838838841        1.0017718617184661       0.95383508215674051     
  0.39239239239239238        1.0017552765124882       0.95288590556124697     
  0.39639639639639640        1.0017366501537601       0.95192730552912663     
  0.40040040040040042        1.0017159799289770       0.95095929154032544     
  0.40440440440440439        1.0016932651961650       0.94998187316788707     
  0.40840840840840842        1.0016685070926821       0.94899506007785894     
  0.41241241241241239        1.0016417087836269       0.94799886202919548     
  0.41641641641641641        1.0016128752254254       0.94699328887366341     
  0.42042042042042044        1.0015820132680755       0.94597835055574242     
  0.42442442442442441        1.0015491316345420       0.94495405711252856     
  0.42842842842842843        1.0015142407730242       0.94392041867363297     
  0.43243243243243246        1.0014773530917125       0.94287744546108421     
  0.43643643643643643        1.0014384825829636       0.94182514778922499     
  0.44044044044044045        1.0013976451903903       0.94076353606461094     
  0.44444444444444442        1.0013548583776279       0.93969262078590843     
  0.44844844844844844        1.0013101415083774       0.93861241254378935     
  0.45245245245245247        1.0012635154131146       0.93752292202082743     
  0.45645645645645644        1.0012150027716427       0.93642415999139239     
  0.46046046046046046        1.0011646276456638       0.93531613732154295     
  0.46446446446446449        1.0011124159297513       0.93419886496891991     
  0.46846846846846846        1.0010583947738461       0.93307235398263733     
  0.47247247247247248        1.0010025931631390       0.93193661550317397     
  0.47647647647647645        1.0009450411981258       0.93079166076226205     
  0.48048048048048048        1.0008857708278571       0.92963750108277710     
  0.48448448448448450        1.0008248149699106       0.92847414787862570     
  0.48848848848848847        1.0007622083828154       0.92730161265463229     
  0.49249249249249250        1.0006979866659540       0.92611990700642588     
  0.49649649649649652        1.0006321872401125       0.92492904262032505     
  0.50050050050050054        1.0005648482287617       0.92372903127322259     
  0.50450450450450446        1.0004960095783075       0.92251988483246872     
  0.50850850850850848        1.0004257117731148       0.92130161525575405     
  0.51251251251251251        1.0003539971279134       0.92007423459099136     
  0.51651651651651653        1.0002809083418038       0.91883775497619602     
  0.52052052052052056        1.0002064899563756       0.91759218863936653     
  0.52452452452452447        1.0001307866958637       0.91633754789836308     
  0.52852852852852850        1.0000538451853662       0.91507384516078605     
  0.53253253253253252       0.99997571201521540       0.91380109292385314     
  0.53653653653653655       0.99989643572880971       0.91251930377427604     
  0.54054054054054057       0.99981606462476935       0.91122849038813569     
  0.54454454454454460       0.99973464900622999       0.90992866553075669     
  0.54854854854854851       0.99965223871122777       0.90861984205658186     
  0.55255255255255253       0.99956888564530200       0.90730203290904443     
  0.55655655655655656       0.99948464101253620       0.90597525112043986     
  0.56056056056056058       0.99939955818011217       0.90463950981179786     
  0.56456456456456461       0.99931368955087962       0.90329482219275237     
  0.56856856856856852       0.99922708978688679       0.90194120156140967     
  0.57257257257257255       0.99913981233016913       0.90057866130421826     
  0.57657657657657657       0.99905191298633700       0.89920721489583666     
  0.58058058058058060       0.99896344606635101       0.89782687589899912     
  0.58458458458458462       0.99887446837541816       0.89643765796438168     
  0.58858858858858853       0.99878503492451609       0.89503957483046792     
  0.59259259259259256       0.99869520337462370       0.89363264032341216     
  0.59659659659659658       0.99860502927780126       0.89221686835690384     
  0.60060060060060061       0.99851457100100760       0.89079227293202834     
  0.60460460460460463       0.99842388447409569       0.88935886813713039     
  0.60860860860860866       0.99833302863679185       0.88791666814767300     
  0.61261261261261257       0.99824205964063928       0.88646568722609853     
  0.61661661661661660       0.99815103685943363       0.88500593972168740     
  0.62062062062062062       0.99806001651343368       0.88353744007041513     
  0.62462462462462465       0.99796905827788029       0.88206020279481145     
  0.62862862862862867       0.99787821829202616       0.88057424250381455     
  0.63263263263263259       0.99778755640453631       0.87907957389262892     
  0.63663663663663661       0.99769712853303549       0.87757621174257761     
  0.64064064064064064       0.99760699456858559       0.87606417092095823     
  0.64464464464464466       0.99751721006121497       0.87454346638089420     
  0.64864864864864868       0.99742783483372754       0.87301411316118804     
  0.65265265265265260       0.99733892393268919       0.87147612638617244     
  0.65665665665665662       0.99725053699482191       0.86992952126555978     
  0.66066066066066065       0.99716272843309706       0.86837431309429269     
  0.66466466466466467       0.99707555758636668       0.86681051725239278     
  0.66866866866866870       0.99698907810996307       0.86523814920480835     
  0.67267267267267272       0.99690334894367960       0.86365722450126059     
  0.67667667667667664       0.99681842285408884       0.86206775877609154     
  0.68068068068068066       0.99673435827693002       0.86046976774810768     
  0.68468468468468469       0.99665120699023468       0.85886326722042616     
  0.68868868868868871       0.99656902682271087       0.85724827308031681     
  0.69269269269269274       0.99648786845550186       0.85562480129904683     
  0.69669669669669665       0.99640778901619387       0.85399286793172080     
  0.70070070070070067       0.99632883798956862       0.85235248911712413     
  0.70470470470470470       0.99625107171675054       0.85070368107756156     
  0.70870870870870872       0.99617453838004943       0.84904646011869800     
  0.71271271271271275       0.99609929344466919       0.84738084262939628     
  0.71671671671671666       0.99602538371954152       0.84570684508155602     
  0.72072072072072069       0.99595286370223290       0.84402448402995045     
  0.72472472472472471       0.99588177875064954       0.84233377611206173     
  0.72872872872872874       0.99581218231010793       0.84063473804791822     
  0.73273273273273276       0.99574411822582332       0.83892738663992727     
  0.73673673673673679       0.99567763879906501       0.83721173877271082     
  0.74074074074074070       0.99561278629869510       0.83548781141293649     
  0.74474474474474472       0.99554961180603918       0.83375562160915173     
  0.74874874874874875       0.99548815596848172       0.83201518649161366     
  0.75275275275275277       0.99542846855967959       0.83026652327212069     
  0.75675675675675680       0.99537058856045091       0.82850964924384218     
  0.76076076076076071       0.99531456436833976       0.82674458178114663     
  0.76476476476476474       0.99526043326565039       0.82497133833943037     
  0.76876876876876876       0.99520824216385984       0.82318993645494531     
  0.77277277277277279       0.99515802665248954       0.82140039374462548     
  0.77677677677677681       0.99510983206154324       0.81960272790591149     
  0.78078078078078073       0.99506369228390668       0.81779695671657793     
  0.78478478478478475       0.99501965097228684       0.81598309803455460     
  0.78878878878878878       0.99497774033666342       0.81416116979775299     
  0.79279279279279280       0.99493800224395934       0.81233119002388599     
  0.79679679679679682       0.99490046724144343       0.81049317681029232     
  0.80080080080080085       0.99486517529501661       0.80864714833375506     
  0.80480480480480476       0.99483215535609337       0.80679312285032445     
  0.80880880880880879       0.99480144534528425       0.80493111869513490     
  0.81281281281281281       0.99477307268977566       0.80306115428222591     
  0.81681681681681684       0.99474707313727817       0.80118324810435759     
  0.82082082082082086       0.99472347264890337       0.79929741873283022     
  0.82482482482482478       0.99470230464935949       0.79740368481729917     
  0.82882882882882880       0.99468359375113391       0.79550206508558996     
  0.83283283283283283       0.99466737088152635       0.79359257834351515     
  0.83683683683683685       0.99465365942201578       0.79167524347468543     
  0.84084084084084088       0.99464248763197471       0.78975007944032627     
  0.84484484484484490       0.99463387781366763       0.78781710527908688     
  0.84884884884884881       0.99462785532374098       0.78587634010685514     
  0.85285285285285284       0.99462444158121111       0.78392780311656585     
  0.85685685685685686       0.99462365879312764       0.78197151357801298     
  0.86086086086086089       0.99462552761383005       0.78000749083765841     
  0.86486486486486491       0.99463006680445343       0.77803575431843952     
  0.86886886886886883       0.99463729673136581       0.77605632351957921     
  0.87287287287287285       0.99464723242109976       0.77406921801639061     
  0.87687687687687688       0.99465989410519984       0.77207445746008641     
  0.88088088088088090       0.99467529277191513       0.77007206157758135     
  0.88488488488488493       0.99469344878944499       0.76806205017129980     
  0.88888888888888884       0.99471436877268493       0.76604444311897812     
  0.89289289289289286       0.99473807354157728       0.76401926037346957     
  0.89689689689689689       0.99476456497970889       0.76198652196254524     
  0.90090090090090091       0.99479386474492415       0.75994624798869781     
  0.90490490490490494       0.99482596948774737       0.75789845862894112     
  0.90890890890890896       0.99486090219231715       0.75584317413461199     
  0.91291291291291288       0.99489865373778230       0.75378041483116964     
  0.91691691691691690       0.99493924895607067       0.75171020111799358     
  0.92092092092092093       0.99498267240852933       0.74963255346818269     
  0.92492492492492495       0.99502895126176494       0.74754749242835361     
  0.92892892892892898       0.99507806322724524       0.74545503861843632     
  0.93293293293293289       0.99513003830269486       0.74335521273147021     
  0.93693693693693691       0.99518484678620844       0.74124803553340046     
  0.94094094094094094       0.99524252210229858       0.73913352786287123     
  0.94494494494494496       0.99530302641125223       0.73701171063102144     
  0.94894894894894899       0.99536639729559928       0.73488260482127599     
  0.95295295295295290       0.99543258794142309       0.73274623148913998     
  0.95695695695695693       0.99550164090961235       0.73060261176198882     
  0.96096096096096095       0.99557349958681807       0.72845176683886093     
  0.96496496496496498       0.99564821221613853       0.72629371799024722     
  0.96896896896896900       0.99572571162204582       0.72412848655788020     
  0.97297297297297303       0.99580605247220055       0.72195609395452465     
  0.97697697697697694       0.99588915617775930       0.71977656166376347     
  0.98098098098098097       0.99597508472607643       0.71758991123978799     
  0.98498498498498499       0.99606374702304490       0.71539616430718200     
  0.98898898898898902       0.99615521344774915       0.71319534256071038     
  0.99299299299299304       0.99624937932561419       0.71098746776510235     
  0.99699699699699695       0.99634632434334269       0.70877256175483849     
   1.0010010010010011       0.99644592928741260       0.70655064643393239     
   1.0050050050050050       0.99654828406239981       0.70432174377571666     
   1.0090090090090089       0.99665325386306525       0.70208587582262261     
   1.0130130130130131       0.99676093989339043       0.69984306468596524     
   1.0170170170170170       0.99687119047944162       0.69759333254572309     
   1.0210210210210211       0.99698411934679554       0.69533670165031780     
   1.0250250250250250       0.99709955676811612       0.69307319431639725     
   1.0290290290290289       0.99721762991807672       0.69080283292861089     
   1.0330330330330331       0.99733815004971693       0.68852563993939231     
   1.0370370370370370       0.99746125880695014       0.68624163786873360     
   1.0410410410410411       0.99758674712564832       0.68395084930396588     
   1.0450450450450450       0.99771477238020589       0.68165329689953280     
   1.0490490490490489       0.99784510398776649       0.67934900337676996     
   1.0530530530530531       0.99797791594882435       0.67703799152367639     
   1.0570570570570570       0.99811295529059973       0.67472028419469277     
   1.0610610610610611       0.99825041350665145       0.67239590431047247     
   1.0650650650650650       0.99839001412394690       0.67006487485765720     
   1.0690690690690692       0.99853196719265369       0.66772721888864850     
   1.0730730730730731       0.99867597179916734       0.66538295952137927     
   1.0770770770770770       0.99882225711955086       0.66303211993908673     
   1.0810810810810811       0.99897049730532506       0.66067472339008138     
   1.0850850850850851       0.99912094117079431       0.65831079318751895     
   1.0890890890890892       0.99927323726299400       0.65594035270916762     
   1.0930930930930931       0.99942765452074578       0.65356342539717938     
   1.0970970970970970       0.99958381567724919       0.65118003475785569     
   1.1011011011011012       0.99974200970592964       0.64879020436141710     
   1.1051051051051051       0.99990183364019025       0.64639395784176923     
   1.1091091091091092        1.0000635963392681       0.64399131889626848     
   1.1131131131131131        1.0002268695064465       0.64158231128548826     
   1.1171171171171170        1.0003919811150028       0.63916695883298480     
   1.1211211211211212        1.0005584786179103       0.63674528542506059     
   1.1251251251251251        1.0007267079652598       0.63431731501052790     
   1.1291291291291292        1.0008961936945706       0.63188307160047219     
   1.1331331331331331        1.0010672980188935       0.62944257926801572     
   1.1371371371371370        1.0012395248537911       0.62699586214807856     
   1.1411411411411412        1.0014132502394555       0.62454294443713887     
   1.1451451451451451        1.0015879602184661       0.62208385039299618     
   1.1491491491491492        1.0017640415412674       0.61961860433452864     
   1.1531531531531531        1.0019409663052343       0.61714723064145538     
   1.1571571571571571        1.0021191278494248       0.61466975375409227     
   1.1611611611611612        1.0022979890028931       0.61218619817311382     
   1.1651651651651651        1.0024779446389869       0.60969658845930685     
   1.1691691691691692        1.0026584543789694       0.60720094923333146     
   1.1731731731731732        1.0028399083631501       0.60469930517547543     
   1.1771771771771771        1.0030217702069570       0.60219168102540976     
   1.1811811811811812        1.0032044177145971       0.59967810158194490     
   1.1851851851851851        1.0033873272761875       0.59715859170278607     
   1.1891891891891893        1.0035708553742708       0.59463317630428669     
   1.1931931931931932        1.0037545015907146       0.59210188036120104     
   1.1971971971971973        1.0039385902689524       0.58956472890643952     
   1.2012012012012012        1.0041226564843371       0.58702174703081855     
   1.2052052052052051        1.0043069798753275       0.58447295988281511     
   1.2092092092092093        1.0044911453335299       0.58191839266831502     
   1.2132132132132132        1.0046753732612346       0.57935807065036715     
   1.2172172172172173        1.0048593149226259       0.57679201914892964     
   1.2212212212212212        1.0050431145774499       0.57422026354062339     
   1.2252252252252251        1.0052265089642263       0.57164282925847876     
   1.2292292292292293        1.0054095469242088       0.56905974179168362     
   1.2332332332332332        1.0055920724152658       0.56647102668533400     
   1.2372372372372373        1.0057740169306750       0.56387670954017777     
   1.2412412412412412        1.0059553563154877       0.56127681601236523     
   1.2452452452452452        1.0061358799869367       0.55867137181319193     
   1.2492492492492493        1.0063157234255931       0.55606040270884771     
   1.2532532532532532        1.0064945061487454       0.55344393452015839     
   1.2572572572572573        1.0066725543722996       0.55082199312233371     
   1.2612612612612613        1.0068492867254115       0.54819460444470980     
   1.2652652652652652        1.0070252547132115       0.54556179447049202     
   1.2692692692692693        1.0071996417420777       0.54292358923649942     
   1.2732732732732732        1.0073732627870198       0.54028001483290677     
   1.2772772772772774        1.0075450282367853       0.53763109740298687     
   1.2812812812812813        1.0077160584466847       0.53497686314285187     
   1.2852852852852852        1.0078849494670898       0.53231733830119210     
   1.2892892892892893        1.0080531727245661       0.52965254917902038     
   1.2932932932932932        1.0082189650773956       0.52698252212940966     
   1.2972972972972974        1.0083841984783775       0.52430728355723166     
   1.3013013013013013        1.0085467022743604       0.52162685991889790     
   1.3053053053053052        1.0087088020621089       0.51894127772209575     
   1.3093093093093093        1.0088678680504992       0.51625056352552856     
   1.3133133133133132        1.0090267360447780       0.51355474393865164     
   1.3173173173173174        1.0091822624463265       0.51085384562140879     
   1.3213213213213213        1.0093378530347923       0.50814789528396931     
   1.3253253253253254        1.0094897931119591       0.50543691968646431     
   1.3293293293293293        1.0096421207153992       0.50272094563872183     
   1.3333333333333333        1.0097904907444073       0.50000000000000033     
   1.3373373373373374        1.0099396378078433       0.49727410967872421     
   1.3413413413413413        1.0100845257663220       0.49454330163221866     
   1.3453453453453454        1.0102306512247048       0.49180760286644143     
   1.3493493493493494        1.0103722262007102       0.48906704043571680     
   1.3533533533533533        1.0105155745824903       0.48632164144246692     
   1.3573573573573574        1.0106540965806108       0.48357143303694439     
   1.3613613613613613        1.0107950072129559       0.48081644241696458     
   1.3653653653653655        1.0109308377065211       0.47805669682763607     
   1.3693693693693694        1.0110697547924645       0.47529222356109019     
   1.3733733733733733        1.0112033677663355       0.47252304995621203     
   1.3773773773773774        1.0113408501799694       0.46974920339837073     
   1.3813813813813813        1.0114728437048781       0.46697071131914814     
   1.3853853853853855        1.0116095757136478       0.46418760119606600     
   1.3893893893893894        1.0117406837563896       0.46139990055231739     
   1.3933933933933933        1.0118774852019587       0.45860763695649082     
   1.3973973973973974        1.0120085902289260       0.45581083802230099     
   1.4014014014014013        1.0121464269916869       0.45300953140831446     
   1.4054054054054055        1.0122785721922098       0.45020374481767350     
   1.4094094094094094        1.0124185666802923       0.44739350599782696     
   1.4134134134134133        1.0125529684902257       0.44457884274025250     
   1.4174174174174174        1.0126964092282713       0.44175978288018319     
   1.4214214214214214        1.0128344700500180       0.43893635429633082     
   1.4254254254254255        1.0129828208092526       0.43610858491061116     
   1.4294294294294294        1.0131261408094818       0.43327650268786849     
   1.4334334334334333        1.0132810489892847       0.43044013563559824     
   1.4374374374374375        1.0134314374443079       0.42759951180366951     
   1.4414414414414414        1.0135947410352355       0.42475465928404799     
   1.4454454454454455        1.0137542267149415       0.42190560621051937     
   1.4494494494494494        1.0139279593759216       0.41905238075840973     
   1.4534534534534536        1.0140987996833637       0.41619501114430768     
   1.4574574574574575        1.0142851937542192       0.41333352562578418     
   1.4614614614614614        1.0144698819399787       0.41046795250111390     
   1.4654654654654655        1.0146713687702207       0.40759832010899610     
   1.4694694694694694        1.0148726386300970       0.40472465682827363     
   1.4734734734734736        1.0150918457973024       0.40184699107765148     
   1.4774774774774775        1.0153126734918914       0.39896535131541649     
   1.4814814814814814        1.0155524179074220       0.39607976603915679     
   1.4854854854854855        1.0157960201496985       0.39319026378547872     
   1.4894894894894894        1.0160592962547630       0.39029687312972589     
   1.4934934934934936        1.0163291246680051       0.38739962268569328     
   1.4974974974974975        1.0166190870026737       0.38449854110534909     
   1.5015015015015014        1.0169188165347902       0.38159365707854875     
   1.5055055055055055        1.0172387566680601       0.37868499933275013     
   1.5095095095095095        1.0175722678702945       0.37577259663273255     
   1.5135135135135136        1.0179255832984626       0.37285647778030873     
   1.5175175175175175        1.0182969386634542       0.36993667161404314     
   1.5215215215215214        1.0186870927293938       0.36701320700896550     
   1.5255255255255256        1.0191005040736307       0.36408611287628412     
   1.5295295295295295        1.0195309785274638       0.36115541816310132     
   1.5335335335335336        1.0199907653463423       0.35822115185212744     
   1.5375375375375375        1.0204649998348796       0.35528334296139380     
   1.5415415415415414        1.0209755386241999       0.35234202054396474     
   1.5455455455455456        1.0214968616137108       0.34939721368765114     
   1.5495495495495495        1.0220625234410681       0.34644895151472355     
   1.5535535535535536        1.0226340685687654       0.34349726318162310     
   1.5575575575575575        1.0232591452321258       0.34054217787867375     
   1.5615615615615615        1.0238837560968592       0.33758372482979260     
   1.5655655655655656        1.0245723739802426       0.33462193329220158     
   1.5695695695695695        1.0252524955057820       0.33165683255613898     
   1.5735735735735736        1.0260085170736488       0.32868845194456903     
   1.5775775775775776        1.0267460728189073       0.32571682081289088     
   1.5815815815815817        1.0275729841277650       0.32274196854864945     
   1.5855855855855856        1.0283692401327393       0.31976392457124525     
   1.5895895895895895        1.0292700264401042       0.31678271833164295     
   1.5935935935935936        1.0301254432486520       0.31379837931207866     
   1.5975975975975976        1.0311024526670829       0.31081093702577139     
   1.6016016016016017        1.0320165243761081       0.30782042101662782     
   1.6056056056056056        1.0330713188440359       0.30482686085895305     
   1.6096096096096095        1.0340424018083862       0.30183028615715729     
   1.6136136136136137        1.0351755990612459       0.29883072654546011     
   1.6176176176176176        1.0362007364257784       0.29582821168760254     
   1.6216216216216217        1.0374118447545067       0.29282277127655032     
   1.6256256256256256        1.0384865785479334       0.28981443503420135     
   1.6296296296296295        1.0397738253318982       0.28680323271109065     
   1.6336336336336337        1.0408920171486717       0.28378919408609704     
   1.6376376376376376        1.0422521699339173       0.28077234896614933     
   1.6416416416416417        1.0434058172513392       0.27775272718593036     
   1.6456456456456456        1.0448340089774224       0.27473035860758332     
   1.6496496496496496        1.0460130693468226       0.27170527312041282     
   1.6536536536536537        1.0475026233578020       0.26867750064059459     
   1.6576576576576576        1.0486948577434823       0.26564707111087615     
   1.6616616616616617        1.0502371071691163       0.26261401450028199     
   1.6656656656656657        1.0514279327753864       0.25957836080381591     
   1.6696696696696696        1.0530120606800475       0.25654014004216519     
   1.6736736736736737        1.0541844351358329       0.25349938226140467     
   1.6776776776776776        1.0557973005017907       0.25045611753269870     
   1.6816816816816818        1.0569316332378222       0.24741037595200283     
   1.6856856856856857        1.0585576078528194       0.24436218763976714     
   1.6896896896896898        1.0596317073324071       0.24131158274063927     
   1.6936936936936937        1.0612525180231513       0.23825859142316480     
   1.6976976976976976        1.0622415976346620       0.23520324387949043     
   1.7017017017017018        1.0638361374082490       0.23214557032506186     
   1.7057057057057057        1.0647128578474465       0.22908560099833006     
   1.7097097097097098        1.0662570215361673       0.22602336616044894     
   1.7137137137137137        1.0669915922021054       0.22295889609497727     
   1.7177177177177176        1.0684580687076686       0.21989222110757800     
   1.7217217217217218        1.0690184175523969       0.21682337152571932     
   1.7257257257257257        1.0703764995620759       0.21375237769837560     
   1.7297297297297298        1.0707284104144776       0.21067926999572606     
   1.7337337337337337        1.0719437876217430       0.20760407880885565     
   1.7377377377377377        1.0720514004471826       0.20452683454945109     
   1.7417417417417418        1.0730851258255629       0.20144756764950522     
   1.7457457457457457        1.0729123815837047       0.19836630856101312     
   1.7497497497497498        1.0737200491593593       0.19528308775567005     
   1.7537537537537538        1.0732294280702219       0.19219793572457314     
   1.7577577577577577        1.0737648012993193       0.18911088297791637     
   1.7617617617617618        1.0729162821396065       0.18602196004469188     
   1.7657657657657657        1.0731340482612988       0.18293119747238676     
   1.7697697697697699        1.0718849841884275       0.17983862582668017     
   1.7737737737737738        1.0717355612219228       0.17674427569114179     
   1.7777777777777777        1.0700420380623230       0.17364817766693028     
   1.7817817817817818        1.0694729821580489       0.17055036237248988     
   1.7857857857857857        1.0672901915379172       0.16745086044324664     
   1.7897897897897899        1.0662464245460512       0.16434970253130635     
   1.7937937937937938        1.0635288182079496       0.16124691930515228     
   1.7977977977977977        1.0619529105063528       0.15814254144934106     
   1.8018018018018018        1.0586543274474145       0.15503659966419786     
   1.8058058058058057        1.0564868409177426       0.15192912466551589     
   1.8098098098098099        1.0525606014513895       0.14882014718424907     
   1.8138138138138138        1.0497404955497303       0.14570969796621130     
   1.8178178178178179        1.0451394592195529       0.14259780777177095     
   1.8218218218218218        1.0416045601079444       0.13948450737554591     
   1.8258258258258258        1.0362811481901404       0.13636982756610005     
   1.8298298298298299        1.0319686770525076       0.13325379914563965     
   1.8338338338338338        1.0258748647940503       0.13013645292970785     
   1.8378378378378379        1.0207220172463902       0.12701781974687870     
   1.8418418418418419        1.0138093053900847       0.12389793043845529     
   1.8458458458458458        1.0077538699944593       0.12077681585816115     
   1.8498498498498499       0.99997324880708560       0.11765450687183837     
   1.8538538538538538       0.99295424984234371       0.11453103435714140     
   1.8578578578578580       0.98425617110578545       0.11140642920322855     
   1.8618618618618619       0.97621451952336702       0.10828072231046192     
   1.8658658658658658       0.96654889232367980       0.10515394459009815     
   1.8698698698698699       0.95742802950274719       0.10202612696398421     
   1.8738738738738738       0.94674425407996854        9.8897300364250137E-002
   1.8778778778778780       0.93649077547300397        9.5767495733004110E-002
   1.8818818818818819       0.92473782619617462        9.2636744022027262E-002
   1.8858858858858858       0.91330207573587108        8.9505076192466795E-002
   1.8898898898898899       0.90042864007601087        8.6372523214528804E-002
   1.8938938938938938       0.88776527057699484        8.3239116067172991E-002
   1.8978978978978980       0.87371994653536078        8.0104885737807094E-002
   1.9019019019019019       0.85978844551444733        7.6969863221979185E-002
   1.9059059059059058       0.84451999603198480        7.3834079523072429E-002
   1.9099099099099099       0.82928517978090022        7.0697565651994948E-002
   1.9139139139139139       0.81274283969834715        6.7560352626878470E-002
   1.9179179179179180       0.79617532072848807        6.4422471472768014E-002
   1.9219219219219219       0.77830915009120782        6.1283953221316440E-002
   1.9259259259259258       0.76038578416998381        5.8144828910476183E-002
   1.9299299299299300       0.74114706102097849        5.5005129584193228E-002
   1.9339339339339339       0.72185138009791350        5.1864886292100981E-002
   1.9379379379379380       0.70119302614233026        4.8724130089211899E-002
   1.9419419419419419       0.68051566281102582        4.5582892035611673E-002
   1.9459459459459461       0.65839269615704732        4.2441203196148525E-002
   1.9499499499499500       0.63633180423467317        3.9299094640131337E-002
   1.9539539539539539       0.61270181452295358        3.6156597441019275E-002
   1.9579579579579580       0.58926348912783122        3.3013742676113601E-002
   1.9619619619619619       0.56408713152341694        2.9870561426253450E-002
   1.9659659659659661       0.53928583089321136        2.6727084775504926E-002
   1.9699699699699700       0.51252733648091109        2.3583343810856781E-002
   1.9739739739739739       0.48638630682010808        2.0439369621911660E-002
   1.9779779779779780       0.45801400784174146        1.7295193300577764E-002
   1.9819819819819819       0.43056571177546793        1.4150845940762258E-002
   1.9859859859859861       0.40055258085618634        1.1006358638064652E-002
   1.9899899899899900       0.37183912961441878        7.8617624894684063E-003
   1.9939939939939939       0.34016333266053456        4.7170885930325071E-003
   1.9979979979979980       0.31023692191945895        1.5723680475848198E-003
   2.0020020020020022       0.27688238476890520       -1.5723680475845747E-003
   2.0060060060060061       0.24580573407788470       -4.7170885930322625E-003
   2.0100100100100100       0.21076272355937997       -7.8617624894681600E-003
   2.0140140140140139       0.17860951818285783       -1.1006358638064406E-002
   2.0180180180180178       0.14187524473475216       -1.4150845940762012E-002
   2.0220220220220222       0.10873055414411359       -1.7295193300577522E-002
   2.0260260260260261        7.0309889171875459E-002  -2.0439369621911417E-002
   2.0300300300300300        3.6270294481227656E-002  -2.3583343810856538E-002
   2.0340340340340339       -3.8227287815284648E-003  -2.6727084775504683E-002
   2.0380380380380378       -3.8650733087781462E-002  -2.9870561426253207E-002
   2.0420420420420422       -8.0388078449335987E-002  -3.3013742676113789E-002
   2.0460460460460461      -0.11588370165040632       -3.6156597441019026E-002
   2.0500500500500500      -0.15922104885131261       -3.9299094640131087E-002
   2.0540540540540539      -0.19525352635329352       -4.2441203196148275E-002
   2.0580580580580579      -0.24013361064084340       -4.5582892035610979E-002
   2.0620620620620622      -0.27656074565934319       -4.8724130089212093E-002
   2.0660660660660661      -0.32291364468435207       -5.1864886292100738E-002
   2.0700700700700700      -0.35958021698866632       -5.5005129584192979E-002
   2.0740740740740740      -0.40732333286102995       -5.8144828910475933E-002
   2.0780780780780779      -0.44405937972138282       -6.1283953221315746E-002
   2.0820820820820822      -0.49309754964143737       -6.4422471472768209E-002
   2.0860860860860861      -0.52971692231580636       -6.7560352626878220E-002
   2.0900900900900901      -0.57994260346145765       -7.0697565651994698E-002
   2.0940940940940940      -0.61624137778412280       -7.3834079523071736E-002
   2.0980980980980979      -0.66753454282390279       -7.6969863221978935E-002
   2.1021021021021022      -0.70328923745235339       -8.0104885737806844E-002
   2.1061061061061062      -0.75551711825993162       -8.3239116067172741E-002
   2.1101101101101101      -0.79048283428438082       -8.6372523214528554E-002
   2.1141141141141140      -0.84349936401994074       -8.9505076192466101E-002
   2.1181181181181179      -0.87740764711095443       -9.2636744022027012E-002
   2.1221221221221223      -0.93105239843881638       -9.5767495733003860E-002
   2.1261261261261262      -0.96360902986953978       -9.8897300364249888E-002
   2.1301301301301301       -1.0177057149010111      -0.10202612696398396     
   2.1341341341341340       -1.0485885547509215      -0.10515394459009790     
   2.1381381381381384       -1.1029423011038044      -0.10828072231046167     
   2.1421421421421423       -1.1317987620064054      -0.11140642920322831     
   2.1461461461461462       -1.1861910747170876      -0.11453103435714115     
   2.1501501501501501       -1.2126358219437687      -0.11765450687183812     
   2.1541541541541540       -1.2668162377493593      -0.12077681585816090     
   2.1581581581581584       -1.2904301712185506      -0.12389793043845504     
   2.1621621621621623       -1.3441011392600717      -0.12701781974687892     
   2.1661661661661662       -1.3644328137460939      -0.13013645292970763     
   2.1701701701701701       -1.4172216284322932      -0.13325379914563942     
   2.1741741741741740       -1.4337911974116500      -0.13636982756609983     
   2.1781781781781784       -1.4852172672841952      -0.13948450737554569     
   2.1821821821821823       -1.4974474325211489      -0.14259780777177072     
   2.1861861861861862       -1.5470807043774808      -0.14570969796621108     
   2.1901901901901901       -1.5539902138979733      -0.14882014718424885     
   2.1941941941941940       -1.5990713624755462      -0.15192912466551567     
   2.1981981981981984       -1.6222197265078253      -0.15503659966419808     
   2.2022022022022023       -1.5444655860600549      -0.15814254144934084     
   2.2062062062062062       -1.5463195689597027      -0.16124691930515206     
   2.2102102102102101       -1.4986704147643810      -0.16434970253130612     
   2.2142142142142140       -1.4874162471373684      -0.16745086044324597     
   2.2182182182182184       -1.4495291819253917      -0.17055036237248966     
   2.2222222222222223       -1.4371899923276046      -0.17364817766693005     
   2.2262262262262262       -1.4027455131612736      -0.17674427569114157     
   2.2302302302302301       -1.3917064604080167      -0.17983862582667995     
   2.2342342342342341       -1.3597838975092267      -0.18293119747238654     
   2.2382382382382384       -1.3500744390711950      -0.18602196004469207     
   2.2422422422422423       -1.3205205574151115      -0.18911088297791614     
   2.2462462462462462       -1.3120638946389387      -0.19219793572457292     
   2.2502502502502502       -1.2846919583555392      -0.19528308775566983     
   2.2542542542542541       -1.2774441870085929      -0.19836630856101248     
   2.2582582582582584       -1.2520722243369276      -0.20144756764950500     
   2.2622622622622623       -1.2459857766138258      -0.20452683454945086     
   2.2662662662662663       -1.2224483280214493      -0.20760407880885542     
   2.2702702702702702       -1.2174698377329332      -0.21067926999572584     
   2.2742742742742741       -1.1956177399078167      -0.21375237769837538     
   2.2782782782782784       -1.1916878424647395      -0.21682337152571909     
   2.2822822822822824       -1.1713879728091903      -0.21989222110757778     
   2.2862862862862863       -1.1684412704587750      -0.22295889609497704     
   2.2902902902902902       -1.1495759874985614      -0.22602336616044871     
   2.2942942942942941       -1.1475414016407552      -0.22908560099832984     
   2.2982982982982985       -1.1300076195424458      -0.23214557032506164     
   2.3023023023023024       -1.1288091313227906      -0.23520324387949024     
   2.3063063063063063       -1.1125170567179896      -0.23825859142316458     
   2.3103103103103102       -1.1120747852638591      -0.24131158274063905     
   2.3143143143143141       -1.0969463827590220      -0.24436218763976694     
   2.3183183183183185       -1.0971779172213374      -0.24741037595200260     
   2.3223223223223224       -1.0831452014010099      -0.25045611753269847     
   2.3263263263263263       -1.0839670821157628      -0.25349938226140445     
   2.3303303303303302       -1.0709703426454358      -0.25654014004216497     
   2.3343343343343341       -1.0722995800278206      -0.25957836080381524     
   2.3383383383383385       -1.0602856446019446      -0.26261401450028221     
   2.3423423423423424       -1.0620411751422278      -0.26564707111087593     
   2.3463463463463463       -1.0509617989798898      -0.26867750064059437     
   2.3503503503503502       -1.0530657956770526      -0.27170527312041259     
   2.3543543543543541       -1.0428762425356690      -0.27473035860758266     
   2.3583583583583585       -1.0452552225585592      -0.27775272718593058     
   2.3623623623623624       -1.0359130787966098      -0.28077234896614911     
   2.3663663663663663       -1.0384987794470624      -0.28378919408609682     
   2.3703703703703702       -1.0299630177540984      -0.28680323271108998     
   2.3743743743743742       -1.0326930295821524      -0.28981443503420068     
   2.3783783783783785       -1.0249233143560301      -0.29282277127655010     
   2.3823823823823824       -1.0277414813616463      -0.29582821168760237     
   2.3863863863863863       -1.0206977010946954      -0.29883072654545989     
   2.3903903903903903       -1.0235543094160255      -0.30183028615715662     
   2.3943943943943946       -1.0171963030795124      -0.30482686085895327     
   2.3983983983983985       -1.0200480863595469      -0.30782042101662760     
   2.4024024024024024       -1.0143355339732409      -0.31081093702577117     
   2.4064064064064064       -1.0171455263898004      -0.31379837931207849     
   2.4104104104104103       -1.0120379684860412      -0.31678271833164234     
   2.4144144144144146       -1.0147752372138492      -0.31976392457124503     
   2.4184184184184185       -1.0102321910268990      -0.32274196854864923     
   2.4224224224224224       -1.0128714772928555      -0.32571682081289072     
   2.4264264264264264       -1.0088526213161506      -0.32868845194456880     
   2.4304304304304303       -1.0113739158439257      -0.33165683255613876     
   2.4344344344344346       -1.0078393167531092      -0.33462193329220136     
   2.4384384384384385       -1.0102273937031077      -0.33758372482979238     
   2.4424424424424425       -1.0071377547716516      -0.34054217787867352     
   2.4464464464464464       -1.0093816812459735      -0.34349726318162288     
   2.4504504504504503       -1.0066985964311963      -0.34644895151472338     
   2.4544544544544546       -1.0087912363835296      -0.34939721368765092     
   2.4584584584584586       -1.0064774340169178      -0.35234202054396457     
   2.4624624624624625       -1.0084149573856942      -0.35528334296139358     
   2.4664664664664664       -1.0064345253411799      -0.35822115185212722     
   2.4704704704704703       -1.0082159347321009      -0.36115541816310109     
   2.4744744744744747       -1.0065345173414171      -0.36408611287628395     
   2.4784784784784786       -1.0081613154962275      -0.36701320700896528     
   2.4824824824824825       -1.0067459441818698      -0.36993667161404292     
   2.4864864864864864       -1.0082221262849316      -0.37285647778030850     
   2.4904904904904903       -1.0070413423585343      -0.37577259663273233     
   2.4944944944944947       -1.0083721315673957      -0.37868499933275035     
   2.4984984984984986       -1.0073972097746002      -0.38159365707854853     
   2.5025025025025025       -1.0085884062023172      -0.38449854110534887     
   2.5065065065065064       -1.0077929659059177      -0.38739962268569306     
   2.5105105105105103       -1.0088513012727645      -0.39029687312972527     
   2.5145145145145147       -1.0082108422342881      -0.39319026378547894     
   2.5185185185185186       -1.0091439216874150      -0.39607976603915657     
   2.5225225225225225       -1.0086358240219178      -0.39896535131541627     
   2.5265265265265264       -1.0094517543539090      -0.40184699107765126     
   2.5305305305305303       -1.0090554214154224      -0.40472465682827302     
   2.5345345345345347       -1.0097624688402693      -0.40759832010899633     
   2.5385385385385386       -1.0094593637784346      -0.41046795250111373     
   2.5425425425425425       -1.0100657465344132      -0.41333352562578402     
   2.5465465465465464       -1.0098393309930134      -0.41619501114430751     
   2.5505505505505504       -1.0103530913661778      -0.41905238075840956     
   2.5545545545545547       -1.0101887221188601      -0.42190560621051959     
   2.5585585585585586       -1.0106176373320501      -0.42475465928404776     
   2.5625625625625625       -1.0105024471465092      -0.42759951180366890     
   2.5665665665665665       -1.0108539652847235      -0.43044013563559802     
   2.5705705705705704       -1.0107767361929307      -0.43327650268786827     
   2.5745745745745747       -1.0110579307148873      -0.43610858491061100     
   2.5785785785785786       -1.0110089638978581      -0.43893635429633066     
   2.5825825825825826       -1.0112265042587543      -0.44175978288018303     
   2.5865865865865865       -1.0111974894657085      -0.44457884274025233     
   2.5905905905905904       -1.0113576245166298      -0.44739350599782673     
   2.5945945945945947       -1.0113415115283504      -0.45020374481767333     
   2.5985985985985987       -1.0114500630901107      -0.45300953140831385     
   2.6026026026026026       -1.0114409372579449      -0.45581083802230121     
   2.6066066066066065       -1.0115033015536532      -0.45860763695649065     
   2.6106106106106104       -1.0114962643730265      -0.46139990055231678     
   2.6146146146146148       -1.0115174211175311      -0.46418760119606622     
   2.6186186186186187       -1.0115084659067308      -0.46697071131914791     
   2.6226226226226226       -1.0114929914226873      -0.46974920339837051     
   2.6266266266266265       -1.0114788854563450      -0.47252304995621180     
   2.6306306306306309       -1.0114310586542890      -0.47529222356109002     
   2.6346346346346348       -1.0114092417988960      -0.47805669682763591     
   2.6386386386386387       -1.0113329442635965      -0.48081644241696481     
   2.6426426426426426       -1.0113014781532979      -0.48357143303694416     
   2.6466466466466465       -1.0112002325782630      -0.48632164144246637     
   2.6506506506506509       -1.0111577169420871      -0.48906704043571703     
   2.6546546546546548       -1.0110347103796358      -0.49180760286644165     
   2.6586586586586587       -1.0109802063999112      -0.49454330163221849     
   2.6626626626626626       -1.0108383142320694      -0.49727410967872404     
   2.6666666666666665       -1.0107712750244608      -0.49999999999999972     
   2.6706706706706709       -1.0106130850745132      -0.50272094563872161     
   2.6746746746746748       -1.0105332930329309      -0.50543691968646454     
   2.6786786786786787       -1.0103611293586627      -0.50814789528396909     
   2.6826826826826826       -1.0102686400783798      -0.51085384562140823     
   2.6866866866866865       -1.0100845860736274      -0.51355474393865141     
   2.6906906906906909       -1.0099796786081465      -0.51625056352552878     
   2.6946946946946948       -1.0097855989369378      -0.51894127772209564     
   2.6986986986986987       -1.0096687320011060      -0.52162685991889768     
   2.7027027027027026       -1.0094662935565195      -0.52430728355723144     
   2.7067067067067065       -1.0093380670961303      -0.52698252212940910     
   2.7107107107107109       -1.0091287584399569      -0.52965254917902060     
   2.7147147147147148       -1.0089898803610053      -0.53231733830119188     
   2.7187187187187187       -1.0087750298754552      -0.53497686314285131     
   2.7227227227227226       -1.0086262873860745      -0.53763109740298709     
   2.7267267267267266       -1.0084070800354823      -0.54028001483290666     
   2.7307307307307309       -1.0082493151168179      -0.54292358923649919     
   2.7347347347347348       -1.0080268077180166      -0.54556179447049191     
   2.7387387387387387       -1.0078608964183471      -0.54819460444470958     
   2.7427427427427427       -1.0076360316192341      -0.55082199312233360     
   2.7467467467467466       -1.0074628666979972      -0.55344393452015828     
   2.7507507507507509       -1.0072364856274083      -0.55606040270884749     
   2.7547547547547548       -1.0070569621839516      -0.55867137181319182     
   2.7587587587587588       -1.0068298158537452      -0.56127681601236501     
   2.7627627627627627       -1.0066448196270121      -0.56387670954017755     
   2.7667667667667666       -1.0064175792252494      -0.56647102668533345     
   2.7707707707707709       -1.0062279771458200      -0.56905974179168384     
   2.7747747747747749       -1.0060012431686651      -0.57164282925847854     
   2.7787787787787788       -1.0058078759571607      -0.57422026354062317     
   2.7827827827827827       -1.0055821864022618      -0.57679201914892952     
   2.7867867867867866       -1.0053858628790100      -0.57935807065036660     
   2.7907907907907910       -1.0051617004900009      -0.58191839266831491     
   2.7947947947947949       -1.0049631934037133      -0.58447295988281489     
   2.7987987987987988       -1.0047409921935986      -0.58702174703081833     
   2.8028028028028027       -1.0045410352824458      -0.58956472890643896     
   2.8068068068068066       -1.0043211861205104      -0.59210188036120082     
   2.8108108108108110       -1.0041204721941315      -0.59463317630428647     
   2.8148148148148149       -1.0039033278179526      -0.59715859170278585     
   2.8188188188188188       -1.0037025078598498      -0.59967810158194468     
   2.8228228228228227       -1.0034883873885736      -0.60219168102540921     
   2.8268268268268266       -1.0032880701984823      -0.60469930517547521     
   2.8308308308308310       -1.0030772628251563      -0.60720094923333168     
   2.8348348348348349       -1.0028780153676433      -0.60969658845930674     
   2.8388388388388388       -1.0026707838860582      -0.61218619817311326     
   2.8428428428428427       -1.0024731321809368      -0.61466975375409216     
   2.8468468468468466       -1.0022697157641396      -0.61714723064145482     
   2.8508508508508510       -1.0020741458972093      -0.61961860433452842     
   2.8548548548548549       -1.0018747628043330      -0.62208385039299596     
   2.8588588588588588       -1.0016817225600483      -0.62454294443713865     
   2.8628628628628627       -1.0014865722158084      -0.62699586214807834     
   2.8668668668668666       -1.0012964725283462      -0.62944257926801550     
   2.8708708708708710       -1.0011057375813235      -0.63188307160047208     
   2.8748748748748749       -1.0009189545277399      -0.63431731501052735     
   2.8788788788788788       -1.0007328023578834      -0.63674528542506048     
   2.8828828828828827       -1.0005496788390595      -0.63916695883298458     
   2.8868868868868871       -1.0003682631670499      -0.64158231128548815     
   2.8908908908908910       -1.0001891109889289      -0.64399131889626826     
   2.8948948948948949       -1.0000125728946894      -0.64639395784176901     
   2.8988988988988988      -0.99983767458974060      -0.64879020436141721     
   2.9029029029029028      -0.99966614379109808      -0.65118003475785557     
   2.9069069069069071      -0.99949575451591910      -0.65356342539717915     
   2.9109109109109110      -0.99932935005005397      -0.65594035270916740     
   2.9149149149149149      -0.99916369953465101      -0.65831079318751873     
   2.9189189189189189      -0.99900253070729461      -0.66067472339008115     
   2.9229229229229228      -0.99884182482787187      -0.66303211993908662     
   2.9269269269269271      -0.99868599179577455      -0.66538295952137938     
   2.9309309309309310      -0.99853041449646529      -0.66772721888864839     
   2.9349349349349350      -0.99838000873879607      -0.67006487485765742     
   2.9389389389389389      -0.99822972348884209      -0.67239590431047236     
   2.9429429429429428      -0.99808482843637758      -0.67472028419469232     
   2.9469469469469471      -0.99793997974910953      -0.67703799152367616     
   2.9509509509509511      -0.99780067101228898      -0.67934900337676973     
   2.9549549549549550      -0.99766138594817366      -0.68165329689953269     
   2.9589589589589589      -0.99752773171184084      -0.68395084930396566     
   2.9629629629629628      -0.99739412101802871      -0.68624163786873338     
   2.9669669669669672      -0.99726618236227005      -0.68852563993939209     
   2.9709709709709711      -0.99713834177108529      -0.69080283292861111     
   2.9749749749749750      -0.99701617273581955      -0.69307319431639702     
   2.9789789789789789      -0.99689418408669073      -0.69533670165031769     
   2.9829829829829828      -0.99677783195547265      -0.69759333254572287     
   2.9869869869869872      -0.99666176404969509      -0.69984306468596547     
   2.9909909909909911      -0.99655126950913031      -0.70208587582262250     
   2.9949949949949950      -0.99644117909780805      -0.70432174377571644     
   2.9989989989989989      -0.99633657622734306      -0.70655064643393228     
   3.0030030030030028      -0.99623250884629377      -0.70877256175483805     
   3.0070070070070072      -0.99613382524792526      -0.71098746776510247     
   3.0110110110110111      -0.99603581584832324      -0.71319534256071015     
   3.0150150150150150      -0.99594307275541083      -0.71539616430718178     
   3.0190190190190189      -0.99585114632882010      -0.71758991123978788     
   3.0230230230230228      -0.99576435859116474      -0.71977656166376336     
   3.0270270270270272      -0.99567853081858260      -0.72195609395452442     
   3.0310310310310311      -0.99559770683073989      -0.72412848655788031     
   3.0350350350350350      -0.99551798455443319      -0.72629371799024711     
   3.0390390390390389      -0.99544312640496402      -0.72845176683886070     
   3.0430430430430429      -0.99536950792471479      -0.73060261176198871     
   3.0470470470470472      -0.99530061134468717      -0.73274623148913987     
   3.0510510510510511      -0.99523308689606582      -0.73488260482127588     
   3.0550550550550550      -0.99517014118592895      -0.73701171063102133     
   3.0590590590590589      -0.99510869325002016      -0.73913352786287101     
   3.0630630630630629      -0.99505168123728238      -0.74124803553339991     
   3.0670670670670672      -0.99499628480163205      -0.74335521273147032     
   3.0710710710710711      -0.99494518290408807      -0.74545503861843621     
   3.0750750750750750      -0.99489580558544832      -0.74754749242835339     
   3.0790790790790790      -0.99485058373766444      -0.74963255346818258     
   3.0830830830830829      -0.99480718604570317      -0.75171020111799314     
   3.0870870870870872      -0.99476780763688433      -0.75378041483116953     
   3.0910910910910911      -0.99473034313544273      -0.75584317413461222     
   3.0950950950950951      -0.99469676493437664      -0.75789845862894101     
   3.0990990990990990      -0.99466518035403817      -0.75994624798869759     
   3.1031031031031029      -0.99463735253787056      -0.76198652196254535     
   3.1071071071071072      -0.99461158782775094      -0.76401926037346968     
   3.1111111111111112      -0.99458945393372677      -0.76604444311897801     
   3.1151151151151151      -0.99456944233335109      -0.76806205017129969     
   3.1191191191191190      -0.99455293922997878      -0.77007206157758090     
   3.1231231231231229      -0.99453860737884381      -0.77207445746008596     
   3.1271271271271273      -0.99452766519336977      -0.77406921801639050     
   3.1311311311311312      -0.99451893316335704      -0.77605632351957909     
   3.1351351351351351      -0.99451347526166833      -0.77803575431843974     
   3.1391391391391390      -0.99451025659678460      -0.78000749083765863     
   3.1431431431431434      -0.99451019959445119      -0.78197151357801342     
   3.1471471471471473      -0.99451240136380592      -0.78392780311656574     
   3.1511511511511512      -0.99451765532268432      -0.78587634010685492     
   3.1551551551551551      -0.99452517821689013      -0.78781710527908644     
   3.1591591591591590      -0.99453564622673940      -0.78975007944032583     
   3.1631631631631634      -0.99454838428407100      -0.79167524347468532     
   3.1671671671671673      -0.99456396267937308      -0.79359257834351493     
   3.1711711711711712      -0.99458180354238213      -0.79550206508559018     
   3.1751751751751751      -0.99460238184993444      -0.79740368481729929     
   3.1791791791791790      -0.99462520675814736      -0.79929741873283011     
   3.1831831831831834      -0.99465066779302735      -0.80118324810435748     
   3.1871871871871873      -0.99467835162819618      -0.80306115428222580     
   3.1911911911911912      -0.99470857152552594      -0.80493111869513456     
   3.1951951951951951      -0.99474098286217405      -0.80679312285032412     
   3.1991991991991990      -0.99477583113886525      -0.80864714833375495     
   3.2032032032032034      -0.99481283225726924      -0.81049317681029209     
   3.2072072072072073      -0.99485217186818153      -0.81233119002388610     
   3.2112112112112112      -0.99489361886378469      -0.81416116979775310     
   3.2152152152152151      -0.99493730628035060      -0.81598309803455449     
   3.2192192192192191      -0.99498304912846447      -0.81779695671657726     
   3.2232232232232234      -0.99503093445595192      -0.81960272790591171     
   3.2272272272272273      -0.99508081710273388      -0.82140039374462503     
   3.2312312312312312      -0.99513274415762765      -0.82318993645494509     
   3.2352352352352352      -0.99518660463388708      -0.82497133833943015     
   3.2392392392392391      -0.99524241109982114      -0.82674458178114651     
   3.2432432432432434      -0.99530008163486561      -0.82850964924384241     
   3.2472472472472473      -0.99535959921560291      -0.83026652327212114     
   3.2512512512512513      -0.99542090637440028      -0.83201518649161355     
   3.2552552552552552      -0.99548396092853086      -0.83375562160915107     
   3.2592592592592591      -0.99554872578587905      -0.83548781141293604     
   3.2632632632632634      -0.99561513754448894      -0.83721173877271049     
   3.2672672672672673      -0.99568317584467481      -0.83892738663992716     
   3.2712712712712713      -0.99575275960588006      -0.84063473804791811     
   3.2752752752752752      -0.99582388196811811      -0.84233377611206173     
   3.2792792792792791      -0.99589644730648641      -0.84402448402995045     
   3.2832832832832834      -0.99597045942762141      -0.84570684508155636     
   3.2872872872872874      -0.99604581094504696      -0.84738084262939606     
   3.2912912912912913      -0.99612251385425687      -0.84904646011869733     
   3.2952952952952952      -0.99620045144107006      -0.85070368107756111     
   3.2992992992992991      -0.99627964174951988      -0.85235248911712369     
   3.3033033033033035      -0.99635996087534884      -0.85399286793172058     
   3.3073073073073074      -0.99644143105181671      -0.85562480129904661     
   3.3113113113113113      -0.99652392304729631      -0.85724827308031681     
   3.3153153153153152      -0.99660746171715697      -0.85886326722042616     
   3.3193193193193191      -0.99669191412268143      -0.86046976774810746     
   3.3233233233233235      -0.99677730639894069      -0.86206775877609132     
   3.3273273273273274      -0.99686350329013351      -0.86365722450126015     
   3.3313313313313313      -0.99695053110946819      -0.86523814920480790     
   3.3353353353353352      -0.99703825347672526      -0.86681051725239255     
   3.3393393393393391      -0.99712669595809500      -0.86837431309429247     
   3.3433433433433435      -0.99721572207439246      -0.86992952126555956     
   3.3473473473473474      -0.99730535591245140      -0.87147612638617244     
   3.3513513513513513      -0.99739546175518923      -0.87301411316118827     
   3.3553553553553552      -0.99748606162534148      -0.87454346638089397     
   3.3593593593593591      -0.99757702129608505      -0.87606417092095756     
   3.3633633633633635      -0.99766836028123240      -0.87757621174257716     
   3.3673673673673674      -0.99775994645790966      -0.87907957389262847     
   3.3713713713713713      -0.99785179649490785      -0.88057424250381433     
   3.3753753753753752      -0.99794378087765712      -0.88206020279481123     
   3.3793793793793796      -0.99803591322414231      -0.88353744007041513     
   3.3833833833833835      -0.99812806703787982      -0.88500593972168740     
   3.3873873873873874      -0.99822025276000892      -0.88646568722609875     
   3.3913913913913913      -0.99831234724907947      -0.88791666814767278     
   3.3953953953953953      -0.99840435772474312      -0.88935886813712972     
   3.3993993993993996      -0.99849616467136681      -0.89079227293202790     
   3.4034034034034035      -0.99858777211550187      -0.89221686835690339     
   3.4074074074074074      -0.99867906437613763      -0.89363264032341194     
   3.4114114114114114      -0.99877004236743494      -0.89503957483046781     
   3.4154154154154153      -0.99886059441723052      -0.89643765796438168     
   3.4194194194194196      -0.99895071846260886      -0.89782687589899912     
   3.4234234234234235      -0.99904030696673196      -0.89920721489583688     
   3.4274274274274275      -0.99912935506506195      -0.90057866130421815     
   3.4314314314314314      -0.99921775945331281      -0.90194120156140900     
   3.4354354354354353      -0.99930551267539458      -0.90329482219275192     
   3.4394394394394396      -0.99939251573096355      -0.90463950981179775     
   3.4434434434434436      -0.99947875881118631      -0.90597525112043964     
   3.4474474474474475      -0.99956414727169829      -0.90730203290904421     
   3.4514514514514514      -0.99964866921153317      -0.90861984205658186     
   3.4554554554554553      -0.99973223436979552      -0.90992866553075646     
   3.4594594594594597      -0.99981482903964924      -0.91122849038813580     
   3.4634634634634636      -0.99989636736684118      -0.91251930377427593     
   3.4674674674674675      -0.99997683412564919      -0.91380109292385281     
   3.4714714714714714       -1.0000561478928385      -0.91507384516078560     
   3.4754754754754753       -1.0001342922158218      -0.91633754789836286     
   3.4794794794794797       -1.0002111901054358      -0.91759218863936631     
   3.4834834834834836       -1.0002868241973220      -0.91883775497619591     
   3.4874874874874875       -1.0003611219357058      -0.92007423459099136     
   3.4914914914914914       -1.0004340653550383      -0.92130161525575383     
   3.4954954954954953       -1.0005055863348475      -0.92251988483246850     
   3.4994994994994997       -1.0005756666146366      -0.92372903127322248     
   3.5035035035035036       -1.0006442425149655      -0.92492904262032472     
   3.5075075075075075       -1.0007112957786417      -0.92611990700642566     
   3.5115115115115114       -1.0007767671779797      -0.92730161265463207     
   3.5155155155155153       -1.0008406387527955      -0.92847414787862559     
   3.5195195195195197       -1.0009028557258672      -0.92963750108277710     
   3.5235235235235236       -1.0009634007466361      -0.93079166076226205     
   3.5275275275275275       -1.0010222234793533      -0.93193661550317375     
   3.5315315315315314       -1.0010793074610025      -0.93307235398263721     
   3.5355355355355353       -1.0011346068141931      -0.93419886496891946     
   3.5395395395395397       -1.0011881062391521      -0.93531613732154262     
   3.5435435435435436       -1.0012397643162680      -0.93642415999139206     
   3.5475475475475475       -1.0012895671852962      -0.93752292202082732     
   3.5515515515515514       -1.0013374778829425      -0.93861241254378924     
   3.5555555555555554       -1.0013834842406890      -0.93969262078590843     
   3.5595595595595597       -1.0014275537806323      -0.94076353606461116     
   3.5635635635635636       -1.0014696762489164      -0.94182514778922477     
   3.5675675675675675       -1.0015098236529711      -0.94287744546108421     
   3.5715715715715715       -1.0015479878931381      -0.94392041867363274     
   3.5755755755755754       -1.0015841454675758      -0.94495405711252811     
   3.5795795795795797       -1.0016182906450541      -0.94597835055574231     
   3.5835835835835836       -1.0016504044045020      -0.94699328887366330     
   3.5875875875875876       -1.0016804836221522      -0.94799886202919548     
   3.5915915915915915       -1.0017085137197070      -0.94899506007785894     
   3.5955955955955954       -1.0017344943732143      -0.94998187316788696     
   3.5995995995995997       -1.0017584154417116      -0.95095929154032532     
   3.6036036036036037       -1.0017802795711657      -0.95192730552912663     
   3.6076076076076076       -1.0018000810695096      -0.95288590556124664     
   3.6116116116116115       -1.0018178256773882      -0.95383508215674029     
   3.6156156156156154       -1.0018335121541100      -0.95477482592885354     
   3.6196196196196198       -1.0018471494503345      -0.95570512758411708     
   3.6236236236236237       -1.0018587407608623      -0.95662597792243798     
   3.6276276276276276       -1.0018682983765237      -0.95753736783719101     
   3.6316316316316315       -1.0018758298966990      -0.95843928831530878     
   3.6356356356356359       -1.0018813510221090      -0.95933173043737030     
   3.6396396396396398       -1.0018848737722108      -0.96021468537768961     
   3.6436436436436437       -1.0018864172317792      -0.96108814440440271     
   3.6476476476476476       -1.0018859979549788      -0.96195209887955480     
   3.6516516516516515       -1.0018836382208891      -0.96280654025918444     
   3.6556556556556559       -1.0018793592039588      -0.96365146009340885     
   3.6596596596596598       -1.0018731864394497      -0.96448685002650714     
   3.6636636636636637       -1.0018651457752472      -0.96531270179700357     
   3.6676676676676676       -1.0018552658365418      -0.96612900723774797     
   3.6716716716716715       -1.0018435771679379      -0.96693575827599820     
   3.6756756756756759       -1.0018301113229808      -0.96773294693349898     
   3.6796796796796798       -1.0018149036243491      -0.96852056532655983     
   3.6836836836836837       -1.0017979884364046      -0.96929860566613557     
   3.6876876876876876       -1.0017794056818210      -0.97006706025790090     
   3.6916916916916915       -1.0017591927118461      -0.97082592150232783     
   3.6956956956956959       -1.0017373935725213      -0.97157518189476044     
   3.6996996996996998       -1.0017140489881522      -0.97231483402548924     
   3.7037037037037037       -1.0016892064116674      -0.97304487057982392     
   3.7077077077077076       -1.0016629105614809      -0.97376528433816678     
   3.7117117117117115       -1.0016352112335511      -0.97447606817608323     
   3.7157157157157159       -1.0016061581827376      -0.97517721506437227     
   3.7197197197197198       -1.0015758019912768      -0.97586871806913611     
   3.7237237237237237       -1.0015441987978153      -0.97655057035184933     
   3.7277277277277276       -1.0015113982837662      -0.97722276516942586     
   3.7317317317317316       -1.0014774642444790      -0.97788529587428519     
   3.7357357357357359       -1.0014424439301481      -0.97853815591441973     
   3.7397397397397398       -1.0014064097350002      -0.97918133883345804     
   3.7437437437437437       -1.0013694055216711      -0.97981483827072935     
   3.7477477477477477       -1.0013315120478223      -0.98043864796132674     
   3.7517517517517516       -1.0012927706020878      -0.98105276173616807     
   3.7557557557557559       -1.0012532679113941      -0.98165717352205806     
   3.7597597597597598       -1.0012130457725861      -0.98225187734174813     
   3.7637637637637638       -1.0011721917858658      -0.98283686731399489     
   3.7677677677677677       -1.0011307546221329      -0.98341213765361879     
   3.7717717717717716       -1.0010888140282290      -0.98397768267156138     
   3.7757757757757759       -1.0010464352152193      -0.98453349677494195     
   3.7797797797797799       -1.0010036785805814      -0.98507957446711136     
   3.7837837837837838       -1.0009606376871947      -0.98561591034770824     
   3.7877877877877877       -1.0009173408575578      -0.98614249911271146     
   3.7917917917917916       -1.0008739211640534      -0.98665933555449192     
   3.7957957957957960       -1.0008303653689619      -0.98716641456186571     
   3.7997997997997999       -1.0007868509349256      -0.98766373112014327     
   3.8038038038038038       -1.0007433233229497      -0.98815128031117960     
   3.8078078078078077       -1.0006999952135289      -0.98862905731342254     
   3.8118118118118116       -1.0006567896727534      -0.98909705740196108     
   3.8158158158158160       -1.0006139223010198      -0.98955527594857173     
   3.8198198198198199       -1.0005713399289480      -0.99000370842176366     
   3.8238238238238238       -1.0005291980898907      -0.99044235038682449     
   3.8278278278278277       -1.0004875457762614      -0.99087119750586350     
   3.8318318318318316       -1.0004463842274904      -0.99129024553785516     
   3.8358358358358360       -1.0004059698092260      -0.99169949033868066     
   3.8398398398398399       -1.0003660373942227      -0.99209892786116838     
   3.8438438438438438       -1.0003271591509397      -0.99248855415513493     
   3.8478478478478477       -1.0002887092699704      -0.99286836536742351     
   3.8518518518518516       -1.0002516380927091      -0.99323835774194280     
   3.8558558558558560       -1.0002149466098238      -0.99359852761970280     
   3.8598598598598599       -1.0001799013614157      -0.99394887143885202     
   3.8638638638638638       -1.0001452897831002      -0.99428938573471282     
   3.8678678678678677       -1.0001124100947627      -0.99462006713981466     
   3.8718718718718717       -1.0000802668752733      -0.99494091238392857     
   3.8758758758758760       -1.0000495937741845      -0.99525191829409909     
   3.8798798798798799       -1.0000203797600595      -0.99555308179467450     
   3.8838838838838838      -0.99999186217498892      -0.99584439990733942     
   3.8878878878878878      -0.99996607848589991      -0.99612586975114281     
   3.8918918918918921      -0.99993962985058948      -0.99639748854252641     
   3.8958958958958960      -0.99991772300774739      -0.99665925359535279     
   3.8998998998998999      -0.99989335174336891      -0.99691116232093191     
   3.9039039039039038      -0.99987553767607251      -0.99715321222804643     
   3.9079079079079078      -0.99985355973455581      -0.99738540092297623     
   3.9119119119119121      -0.99983957452512306      -0.99760772610952264     
   3.9159159159159160      -0.99982087710246315      -0.99782018558903074     
   3.9199199199199199      -0.99980971552695541      -0.99802277726041111     
   3.9239239239239239      -0.99979597422508670      -0.99821549912016083     
   3.9279279279279278      -0.99978575491038513      -0.99839834926238302     
   3.9319319319319321      -0.99977942396999420      -0.99857132587880604     
   3.9359359359359360      -0.99976759696206041      -0.99873442725880057     
   3.9399399399399400      -0.99977143670874935      -0.99888765178939798     
   3.9439439439439439      -0.99975556359630458      -0.99903099795530448     
   3.9479479479479478      -0.99977152138262182      -0.99916446433891781     
   3.9519519519519521      -0.99975071160157469      -0.99928804962034024     
   3.9559559559559561      -0.99977823514698494      -0.99940175257739150     
   3.9599599599599600      -0.99975493566988738      -0.99950557208562174     
   3.9639639639639639      -0.99978928755122398      -0.99959950711832180     
   3.9679679679679678      -0.99977059154409620      -0.99968355674653397     
   3.9719719719719722      -0.99980215910713932      -0.99975772013906072     
   3.9759759759759761      -0.99979978867187003      -0.99982199656247328     
   3.9799799799799800      -0.99981457549297359      -0.99987638538111856     
   3.9839839839839839      -0.99984491926209995      -0.99992088605712559     
   3.9879879879879878      -0.99982199383850412      -0.99995549815041107     
   3.9919919919919922      -0.99991496223555587      -0.99998022131868336     
   3.9959959959959961      -0.99980584565067032      -0.99999505531744570     
   4.0000000000000000       -1.0000000000000000       -1.0000000000000000     
