   0.0000000000000000        1.0000000000000000       0.99999999999999989     
   4.0040040040040040E-003  0.99997811905117107       0.99999505531744592     
   8.0080080080080079E-003  0.99999884754992452       0.99998022131868325     
   1.2012012012012012E-002   1.0000221353275358       0.99995549815041107     
   1.6016016016016016E-002   1.0001060115082530       0.99992088605712559     
   2.0020020020020020E-002   1.0000785873812801       0.99987638538111856     
   2.4024024024024024E-002   1.0001905217665210       0.99982199656247328     
   2.8028028028028028E-002   1.0001532891020373       0.99975772013906072     
   3.2032032032032032E-002   1.0002623795516974       0.99968355674653397     
   3.6036036036036036E-002   1.0002377563495022       0.99959950711832180     
   4.0040040040040040E-002   1.0003275663986764       0.99950557208562174     
   4.4044044044044044E-002   1.0003246724329236       0.99940175257739161     
   4.8048048048048048E-002   1.0003906865743990       0.99928804962034012     
   5.2052052052052052E-002   1.0004085729618577       0.99916446433891792     
   5.6056056056056056E-002   1.0004541391341233       0.99903099795530459     
   6.0060060060060060E-002   1.0004864412884027       0.99888765178939798     
   6.4064064064064064E-002   1.0005181147603537       0.99873442725880068     
   6.8068068068068074E-002   1.0005572516839110       0.99857132587880615     
   7.2072072072072071E-002   1.0005813559662726       0.99839834926238324     
   7.6076076076076082E-002   1.0006210849043040       0.99821549912016094     
   8.0080080080080079E-002   1.0006420322689362       0.99802277726041122     
   8.4084084084084090E-002   1.0006783570138713       0.99782018558903074     
   8.8088088088088087E-002   1.0006983624408536       0.99760772610952264     
   9.2092092092092098E-002   1.0007293638385413       0.99738540092297623     
   9.6096096096096095E-002   1.0007489157795739       0.99715321222804643     
  0.10010010010010011        1.0007741163139818       0.99691116232093191     
  0.10410410410410410        1.0007926731395684       0.99665925359535279     
  0.10810810810810811        1.0008123587284545       0.99639748854252641     
  0.11211211211211211        1.0008289600349338       0.99612586975114281     
  0.11611611611611612        1.0008436655616817       0.99584439990733964     
  0.12012012012012012        1.0008573396835678       0.99555308179467450     
  0.12412412412412413        1.0008675472581225       0.99525191829409887     
  0.12812812812812813        1.0008775169106190       0.99494091238392868     
  0.13213213213213212        1.0008835318327749       0.99462006713981466     
  0.13613613613613615        1.0008892721295066       0.99428938573471282     
  0.14014014014014015        1.0008912138522799       0.99394887143885213     
  0.14414414414414414        1.0008924260547059       0.99359852761970280     
  0.14814814814814814        1.0008902757278069       0.99323835774194291     
  0.15215215215215216        1.0008868275570857       0.99286836536742373     
  0.15615615615615616        1.0008804906024444       0.99248855415513493     
  0.16016016016016016        1.0008723539689921       0.99209892786116838     
  0.16416416416416416        1.0008617145544905       0.99169949033868066     
  0.16816816816816818        1.0008489179572635       0.99129024553785539     
  0.17217217217217218        1.0008338766438969       0.99087119750586361     
  0.17617617617617617        1.0008164748366628       0.99044235038682449     
  0.18018018018018017        1.0007969692037604       0.99000370842176388     
  0.18418418418418420        1.0007750279772232       0.98955527594857196     
  0.18818818818818819        1.0007510400896669       0.98909705740196130     
  0.19219219219219219        1.0007246315919971       0.98862905731342254     
  0.19619619619619619        1.0006961871821900       0.98815128031117949     
  0.20020020020020021        1.0006653911584520       0.98766373112014327     
  0.20420420420420421        1.0006325547920816       0.98716641456186571     
  0.20820820820820821        1.0005974622375158       0.98665933555449203     
  0.21221221221221220        1.0005603310790385       0.98614249911271146     
  0.21621621621621623        1.0005210479948163       0.98561591034770846     
  0.22022022022022023        1.0004797460496635       0.98507957446711159     
  0.22422422422422422        1.0004363963532401       0.98453349677494206     
  0.22822822822822822        1.0003910699438794       0.98397768267156138     
  0.23223223223223224        1.0003437969433191       0.98341213765361868     
  0.23623623623623624        1.0002946112536277       0.98283686731399489     
  0.24024024024024024        1.0002435778902354       0.98225187734174813     
  0.24424424424424424        1.0001907148267624       0.98165717352205828     
  0.24824824824824826        1.0001361030343552       0.98105276173616818     
  0.25225225225225223        1.0000797595560118       0.98043864796132674     
  0.25625625625625625        1.0000217689205249       0.97981483827072957     
  0.26026026026026028       0.99996215601115901       0.97918133883345804     
  0.26426426426426425       0.99990100224855172       0.97853815591441973     
  0.26826826826826827       0.99983834392085824       0.97788529587428519     
  0.27227227227227230       0.99977425703871237       0.97722276516942586     
  0.27627627627627627       0.99970878955984743       0.97655057035184956     
  0.28028028028028029       0.99964201229123884       0.97586871806913633     
  0.28428428428428426       0.99957398307080958       0.97517721506437238     
  0.28828828828828829       0.99950476923483533       0.97447606817608334     
  0.29229229229229231       0.99943443595022441       0.97376528433816700     
  0.29629629629629628       0.99936304894760242       0.97304487057982403     
  0.30030030030030030       0.99929067830536233       0.97231483402548924     
  0.30430430430430433       0.99921738987434394       0.97157518189476044     
  0.30830830830830830       0.99914325644574409       0.97082592150232794     
  0.31231231231231232       0.99906834525445920       0.97006706025790113     
  0.31631631631631629       0.99899273037974934       0.96929860566613568     
  0.32032032032032032       0.99891648088683060       0.96852056532656006     
  0.32432432432432434       0.99883967128809648       0.96773294693349898     
  0.32832832832832831       0.99876237265914203       0.96693575827599854     
  0.33233233233233234       0.99868465933069117       0.96612900723774819     
  0.33633633633633636       0.99860660421649583       0.96531270179700357     
  0.34034034034034033       0.99852828133099458       0.96448685002650714     
  0.34434434434434436       0.99844976483106762       0.96365146009340885     
  0.34834834834834832       0.99837112848462239       0.96280654025918455     
  0.35235235235235235       0.99829244719396004       0.96195209887955491     
  0.35635635635635637       0.99821379437674773       0.96108814440440293     
  0.36036036036036034       0.99813524525687092       0.96021468537768961     
  0.36436436436436437       0.99805687291777134       0.95933173043737041     
  0.36836836836836839       0.99797875234406641       0.95843928831530878     
  0.37237237237237236       0.99790095633909959       0.95753736783719101     
  0.37637637637637639       0.99782355920631149       0.95662597792243798     
  0.38038038038038036       0.99774663337519953       0.95570512758411708     
  0.38438438438438438       0.99767025220548611       0.95477482592885377     
  0.38838838838838841       0.99759448749937363       0.95383508215674051     
  0.39239239239239238       0.99751941152600598       0.95288590556124697     
  0.39639639639639640       0.99744509526144720       0.95192730552912663     
  0.40040040040040042       0.99737160964114069       0.95095929154032544     
  0.40440440440440439       0.99729902466122666       0.94998187316788707     
  0.40840840840840842       0.99722740971486623       0.94899506007785894     
  0.41241241241241239       0.99715683364617436       0.94799886202919548     
  0.41641641641641641       0.99708736421027055       0.94699328887366341     
  0.42042042042042044       0.99701906879455882       0.94597835055574242     
  0.42442442442442441       0.99695201347750040       0.94495405711252856     
  0.42842842842842843       0.99688626393818514       0.94392041867363297     
  0.43243243243243246       0.99682188451353804       0.94287744546108421     
  0.43643643643643643       0.99675893901113277       0.94182514778922499     
  0.44044044044044045       0.99669748985604434       0.94076353606461094     
  0.44444444444444442       0.99663759888058623       0.93969262078590843     
  0.44844844844844844       0.99657932646063185       0.93861241254378935     
  0.45245245245245247       0.99652273234062749       0.93752292202082743     
  0.45645645645645644       0.99646787474505405       0.93642415999139239     
  0.46046046046046046       0.99641481119378461       0.93531613732154295     
  0.46446446446446449       0.99636359769325644       0.93419886496891991     
  0.46846846846846846       0.99631428940456246       0.93307235398263733     
  0.47247247247247248       0.99626694004309313       0.93193661550317397     
  0.47647647647647645       0.99622160231281986       0.93079166076226205     
  0.48048048048048048       0.99617832756544400       0.92963750108277710     
  0.48448448448448450       0.99613716598274638       0.92847414787862570     
  0.48848848848848847       0.99609816644704618       0.92730161265463229     
  0.49249249249249250       0.99606137658746186       0.92611990700642588     
  0.49649649649649652       0.99602684272320541       0.92492904262032505     
  0.50050050050050054       0.99599460988987742       0.92372903127322259     
  0.50450450450450446       0.99596472178430873       0.92251988483246872     
  0.50850850850850848       0.99593722080311453       0.92130161525575405     
  0.51251251251251251       0.99591214796012373       0.92007423459099136     
  0.51651651651651653       0.99588954299834342       0.91883775497619602     
  0.52052052052052056       0.99586944421559231       0.91759218863936653     
  0.52452452452452447       0.99585188863474305       0.91633754789836308     
  0.52852852852852850       0.99583691183517620       0.91507384516078605     
  0.53253253253253252       0.99582454809213650       0.91380109292385314     
  0.53653653653653655       0.99581483023798556       0.91251930377427604     
  0.54054054054054057       0.99580778979526208       0.91122849038813569     
  0.54454454454454460       0.99580345682887483       0.90992866553075669     
  0.54854854854854851       0.99580186010046368       0.90861984205658186     
  0.55255255255255253       0.99580302684309085       0.90730203290904443     
  0.55655655655655656       0.99580698291755521       0.90597525112043986     
  0.56056056056056058       0.99581375297071406       0.90463950981179786     
  0.56456456456456461       0.99582336010506434       0.90329482219275237     
  0.56856856856856852       0.99583582619590272       0.90194120156140967     
  0.57257257257257255       0.99585117160487713       0.90057866130421826     
  0.57657657657657657       0.99586941544154328       0.89920721489583666     
  0.58058058058058060       0.99589057533985093       0.89782687589899912     
  0.58458458458458462       0.99591466766664571       0.89643765796438168     
  0.58858858858858853       0.99594170734082077       0.89503957483046792     
  0.59259259259259256       0.99597170801479573       0.89363264032341216     
  0.59659659659659658       0.99600468191220093       0.89221686835690384     
  0.60060060060060061       0.99604064000051540       0.89079227293202834     
  0.60460460460460463       0.99607959183510475       0.88935886813713039     
  0.60860860860860866       0.99612154572991152       0.88791666814767300     
  0.61261261261261257       0.99616650860469325       0.88646568722609853     
  0.61661661661661660       0.99621448615398156       0.88500593972168740     
  0.62062062062062062       0.99626548269870552       0.88353744007041513     
  0.62462462462462465       0.99631950135129466       0.88206020279481145     
  0.62862862862862867       0.99637654387410357       0.88057424250381455     
  0.63263263263263259       0.99643661083792967       0.87907957389262892     
  0.63663663663663661       0.99649970148962863       0.87757621174257761     
  0.64064064064064064       0.99656581390185206       0.87606417092095823     
  0.64464464464464466       0.99663494485124793       0.87454346638089420     
  0.64864864864864868       0.99670708995889534       0.87301411316118804     
  0.65265265265265260       0.99678224357852496       0.87147612638617244     
  0.65665665665665662       0.99686039892860656       0.86992952126555978     
  0.66066066066066065       0.99694154798921553       0.86837431309429269     
  0.66466466466466467       0.99702568162727456       0.86681051725239278     
  0.66866866866866870       0.99711278950024040       0.86523814920480835     
  0.67267267267267272       0.99720286017614423       0.86365722450126059     
  0.67667667667667664       0.99729588104260536       0.86206775877609154     
  0.68068068068068066       0.99739183842277945       0.86046976774810768     
  0.68468468468468469       0.99749071748854534       0.85886326722042616     
  0.68868868868868871       0.99759250237346875       0.85724827308031681     
  0.69269269269269274       0.99769717608901276       0.85562480129904683     
  0.69669669669669665       0.99780472063526959       0.85399286793172080     
  0.70070070070070067       0.99791511691979662       0.85235248911712413     
  0.70470470470470470       0.99802834486576442       0.85070368107756156     
  0.70870870870870872       0.99814438333449462       0.84904646011869800     
  0.71271271271271275       0.99826321022882014       0.84738084262939628     
  0.71671671671671666       0.99838480242290573       0.84570684508155602     
  0.72072072072072069       0.99850913585547785       0.84402448402995045     
  0.72472472472472471       0.99863618547366284       0.84233377611206173     
  0.72872872872872874       0.99876592530798847       0.84063473804791822     
  0.73273273273273276       0.99889832843946624       0.83892738663992727     
  0.73673673673673679       0.99903336704642920       0.83721173877271082     
  0.74074074074074070       0.99917101240390349       0.83548781141293649     
  0.74474474474474472       0.99931123489649343       0.83375562160915173     
  0.74874874874874875       0.99945400404876761       0.83201518649161366     
  0.75275275275275277       0.99959928851674851       0.83026652327212069     
  0.75675675675675680       0.99974705611588444       0.82850964924384218     
  0.76076076076076071       0.99989727385674521       0.82674458178114663     
  0.76476476476476474        1.0000499078933369       0.82497133833943037     
  0.76876876876876876        1.0002049236387112       0.82318993645494531     
  0.77277277277277279        1.0003622856594756       0.82140039374462548     
  0.77677677677677681        1.0005219578153153       0.81960272790591149     
  0.78078078078078073        1.0006839031495698       0.81779695671657793     
  0.78478478478478475        1.0008480840256646       0.81598309803455460     
  0.78878878878878878        1.0010144620187749       0.81416116979775299     
  0.79279279279279280        1.0011829980528355       0.81233119002388599     
  0.79679679679679682        1.0013536522965913       0.81049317681029232     
  0.80080080080080085        1.0015263842735795       0.80864714833375506     
  0.80480480480480476        1.0017011528297364       0.80679312285032445     
  0.80880880880880879        1.0018779161214664       0.80493111869513490     
  0.81281281281281281        1.0020566317363815       0.80306115428222591     
  0.81681681681681684        1.0022372565335234       0.80118324810435759     
  0.82082082082082086        1.0024197468621936       0.79929741873283022     
  0.82482482482482478        1.0026040583710232       0.79740368481729917     
  0.82882882882882880        1.0027901462041873       0.79550206508558996     
  0.83283283283283283        1.0029779648729191       0.79359257834351515     
  0.83683683683683685        1.0031674683391620       0.79167524347468543     
  0.84084084084084088        1.0033586100711827       0.78975007944032627     
  0.84484484484484490        1.0035513428849967       0.78781710527908688     
  0.84884884884884881        1.0037456192409402       0.78587634010685514     
  0.85285285285285284        1.0039413909060440       0.78392780311656585     
  0.85685685685685686        1.0041386093266595       0.78197151357801298     
  0.86086086086086089        1.0043372253290221       0.78000749083765841     
  0.86486486486486491        1.0045371893421817       0.77803575431843952     
  0.86886886886886883        1.0047384513594897       0.77605632351957921     
  0.87287287287287285        1.0049409608181843       0.77406921801639061     
  0.87687687687687688        1.0051446669150701       0.77207445746008641     
  0.88088088088088090        1.0053495182045538       0.77007206157758135     
  0.88488488488488493        1.0055554630493502       0.76806205017129980     
  0.88888888888888884        1.0057624492623463       0.76604444311897812     
  0.89289289289289286        1.0059704243285663       0.76401926037346957     
  0.89689689689689689        1.0061793354586910       0.76198652196254524     
  0.90090090090090091        1.0063891293117904       0.75994624798869781     
  0.90490490490490494        1.0065997524440355       0.75789845862894112     
  0.90890890890890896        1.0068111508687352       0.75584317413461199     
  0.91291291291291288        1.0070232704093940       0.75378041483116964     
  0.91691691691691690        1.0072360565978711       0.75171020111799358     
  0.92092092092092093        1.0074494545384429       0.74963255346818269     
  0.92492492492492495        1.0076634092783736       0.74754749242835361     
  0.92892892892892898        1.0078778653683584       0.74545503861843632     
  0.93293293293293289        1.0080927672619546       0.74335521273147021     
  0.93693693693693691        1.0083080591590687       0.74124803553340046     
  0.94094094094094094        1.0085236849126680       0.73913352786287123     
  0.94494494494494496        1.0087395883701187       0.73701171063102144     
  0.94894894894894899        1.0089557129644882       0.73488260482127599     
  0.95295295295295290        1.0091720020519053       0.73274623148913998     
  0.95695695695695693        1.0093883988739609       0.73060261176198882     
  0.96096096096096095        1.0096048463145368       0.72845176683886093     
  0.96496496496496498        1.0098212873446557       0.72629371799024722     
  0.96896896896896900        1.0100376646185134       0.72412848655788020     
  0.97297297297297303        1.0102539207065728       0.72195609395452465     
  0.97697697697697694        1.0104699981999523       0.71977656166376347     
  0.98098098098098097        1.0106858393754730       0.71758991123978799     
  0.98498498498498499        1.0109013865820879       0.71539616430718200     
  0.98898898898898902        1.0111165820996169       0.71319534256071038     
  0.99299299299299304        1.0113313680066565       0.71098746776510235     
  0.99699699699699695        1.0115456865297106       0.70877256175483849     
   1.0010010010010011        1.0117594797323306       0.70655064643393239     
   1.0050050050050050        1.0119726896527856       0.70432174377571666     
   1.0090090090090089        1.0121852584716109       0.70208587582262261     
   1.0130130130130131        1.0123971281977753       0.69984306468596524     
   1.0170170170170170        1.0126082409165567       0.69759333254572309     
   1.0210210210210211        1.0128185388959254       0.69533670165031780     
   1.0250250250250250        1.0130279642034148       0.69307319431639725     
   1.0290290290290289        1.0132364591187175       0.69080283292861089     
   1.0330330330330331        1.0134439660581698       0.68852563993939231     
   1.0370370370370370        1.0136504273341529       0.68624163786873360     
   1.0410410410410411        1.0138557854873784       0.68395084930396588     
   1.0450450450450450        1.0140599832339154       0.68165329689953280     
   1.0490490490490489        1.0142629632301567       0.67934900337676996     
   1.0530530530530531        1.0144646684007934       0.67703799152367639     
   1.0570570570570570        1.0146650418779068       0.67472028419469277     
   1.0610610610610611        1.0148640267874538       0.67239590431047247     
   1.0650650650650650        1.0150615665224711       0.67006487485765720     
   1.0690690690690692        1.0152576047819093       0.66772721888864850     
   1.0730730730730731        1.0154520852356921       0.66538295952137927     
   1.0770770770770770        1.0156449518979462       0.66303211993908673     
   1.0810810810810811        1.0158361490751049       0.66067472339008138     
   1.0850850850850851        1.0160256211585519       0.65831079318751895     
   1.0890890890890892        1.0162133128414572       0.65594035270916762     
   1.0930930930930931        1.0163991691378800       0.65356342539717938     
   1.0970970970970970        1.0165831352608650       0.65118003475785569     
   1.1011011011011012        1.0167651566931983       0.64879020436141710     
   1.1051051051051051        1.0169451791829252       0.64639395784176923     
   1.1091091091091092        1.0171231489296759       0.64399131889626848     
   1.1131131131131131        1.0172990121693084       0.64158231128548826     
   1.1171171171171170        1.0174727156479708       0.63916695883298480     
   1.1211211211211212        1.0176442063110351       0.63674528542506059     
   1.1251251251251251        1.0178134315549494       0.63431731501052790     
   1.1291291291291292        1.0179803388644888       0.63188307160047219     
   1.1331331331331331        1.0181448762393195       0.62944257926801572     
   1.1371371371371370        1.0183069919394359       0.62699586214807856     
   1.1411411411411412        1.0184666345836362       0.62454294443713887     
   1.1451451451451451        1.0186237529846316       0.62208385039299618     
   1.1491491491491492        1.0187782963858303       0.61961860433452864     
   1.1531531531531531        1.0189302143480656       0.61714723064145538     
   1.1571571571571571        1.0190794567088979       0.61466975375409227     
   1.1611611611611612        1.0192259735642011       0.61218619817311382     
   1.1651651651651651        1.0193697153340349       0.60969658845930685     
   1.1691691691691692        1.0195106327324763       0.60720094923333146     
   1.1731731731731732        1.0196486767491237       0.60469930517547543     
   1.1771771771771771        1.0197837985529303       0.60219168102540976     
   1.1811811811811812        1.0199159496184074       0.59967810158194490     
   1.1851851851851851        1.0200450814750153       0.59715859170278607     
   1.1891891891891893        1.0201711461104332       0.59463317630428669     
   1.1931931931931932        1.0202940953499924       0.59210188036120104     
   1.1971971971971973        1.0204138814351280       0.58956472890643952     
   1.2012012012012012        1.0205304564134481       0.58702174703081855     
   1.2052052052052051        1.0206437726449116       0.58447295988281511     
   1.2092092092092093        1.0207537822138959       0.58191839266831502     
   1.2132132132132132        1.0208604375479440       0.57935807065036715     
   1.2172172172172173        1.0209636905619817       0.57679201914892964     
   1.2212212212212212        1.0210634934511504       0.57422026354062339     
   1.2252252252252251        1.0211597977955607       0.57164282925847876     
   1.2292292292292293        1.0212525553294327       0.56905974179168362     
   1.2332332332332332        1.0213417170353949       0.56647102668533400     
   1.2372372372372373        1.0214272339045918       0.56387670954017777     
   1.2412412412412412        1.0215090560122160       0.56127681601236523     
   1.2452452452452452        1.0215871333489590       0.55867137181319193     
   1.2492492492492493        1.0216614147079077       0.55606040270884771     
   1.2532532532532532        1.0217318486609699       0.55344393452015839     
   1.2572572572572573        1.0217983823481676       0.55082199312233371     
   1.2612612612612613        1.0218609624999713       0.54819460444470980     
   1.2652652652652652        1.0219195341437439       0.54556179447049202     
   1.2692692692692693        1.0219740416842733       0.54292358923649942     
   1.2732732732732732        1.0220244275151988       0.54028001483290677     
   1.2772772772772774        1.0220706331642047       0.53763109740298687     
   1.2812812812812813        1.0221125978026968       0.53497686314285187     
   1.2852852852852852        1.0221502594568896       0.53231733830119210     
   1.2892892892892893        1.0221835534138057       0.52965254917902038     
   1.2932932932932932        1.0222124134947403       0.52698252212940966     
   1.2972972972972974        1.0222367703601534       0.52430728355723166     
   1.3013013013013013        1.0222565528372267       0.52162685991889790     
   1.3053053053053052        1.0222716861312229       0.51894127772209575     
   1.3093093093093093        1.0222820931933521       0.51625056352552856     
   1.3133133133133132        1.0222876928480293       0.51355474393865164     
   1.3173173173173174        1.0222884011470266       0.51085384562140879     
   1.3213213213213213        1.0222841299635212       0.50814789528396931     
   1.3253253253253254        1.0222747870133639       0.50543691968646431     
   1.3293293293293293        1.0222602756394532       0.50272094563872183     
   1.3333333333333333        1.0222404944085033       0.50000000000000033     
   1.3373373373373374        1.0222153368938012       0.49727410967872421     
   1.3413413413413413        1.0221846911868468       0.49454330163221866     
   1.3453453453453454        1.0221484397260083       0.49180760286644143     
   1.3493493493493494        1.0221064586719488       0.48906704043571680     
   1.3533533533533533        1.0220586178328692       0.48632164144246692     
   1.3573573573573574        1.0220047798459868       0.48357143303694439     
   1.3613613613613613        1.0219448002565994       0.48081644241696458     
   1.3653653653653655        1.0218785264415406       0.47805669682763607     
   1.3693693693693694        1.0218057979056114       0.47529222356109019     
   1.3733733733733733        1.0217264448769789       0.47252304995621203     
   1.3773773773773774        1.0216402888901785       0.46974920339837073     
   1.3813813813813813        1.0215471409784429       0.46697071131914814     
   1.3853853853853855        1.0214468026172292       0.46418760119606600     
   1.3893893893893894        1.0213390634345412       0.46139990055231739     
   1.3933933933933933        1.0212237025921371       0.45860763695649082     
   1.3973973973973974        1.0211004859332995       0.45581083802230099     
   1.4014014014014013        1.0209691678795645       0.45300953140831446     
   1.4054054054054055        1.0208294879363851       0.45020374481767350     
   1.4094094094094094        1.0206811731810730       0.44739350599782696     
   1.4134134134134133        1.0205239340513916       0.44457884274025250     
   1.4174174174174174        1.0203574674941240       0.44175978288018319     
   1.4214214214214214        1.0201814519708896       0.43893635429633082     
   1.4254254254254255        1.0199955513253882       0.43610858491061116     
   1.4294294294294294        1.0197994089558566       0.43327650268786849     
   1.4334334334334333        1.0195926524411705       0.43044013563559824     
   1.4374374374374375        1.0193748868518600       0.42759951180366951     
   1.4414414414414414        1.0191457001492761       0.42475465928404799     
   1.4454454454454455        1.0189046556386587       0.42190560621051937     
   1.4494494494494494        1.0186512981197702       0.41905238075840973     
   1.4534534534534536        1.0183851455279178       0.41619501114430768     
   1.4574574574574575        1.0181056957671215       0.41333352562578418     
   1.4614614614614614        1.0178124176398258       0.41046795250111390     
   1.4654654654654655        1.0175047582330632       0.40759832010899610     
   1.4694694694694694        1.0171821333069562       0.40472465682827363     
   1.4734734734734736        1.0168439350281124       0.40184699107765148     
   1.4774774774774775        1.0164895220733172       0.39896535131541649     
   1.4814814814814814        1.0161182274103069       0.39607976603915679     
   1.4854854854854855        1.0157293484782557       0.39319026378547872     
   1.4894894894894894        1.0153221546020978       0.39029687312972589     
   1.4934934934934936        1.0148958777378454       0.38739962268569328     
   1.4974974974974975        1.0144497189703487       0.38449854110534909     
   1.5015015015015014        1.0139828404614577       0.38159365707854875     
   1.5055055055055055        1.0134943703203048       0.37868499933275013     
   1.5095095095095095        1.0129833965677355       0.37577259663273255     
   1.5135135135135136        1.0124489694813776       0.37285647778030873     
   1.5175175175175175        1.0118900985920947       0.36993667161404314     
   1.5215215215215214        1.0113057513914316       0.36701320700896550     
   1.5255255255255256        1.0106948546068522       0.36408611287628412     
   1.5295295295295295        1.0100562879154948       0.36115541816310132     
   1.5335335335335336        1.0093888910051230       0.35822115185212744     
   1.5375375375375375        1.0086914506651763       0.35528334296139380     
   1.5415415415415414        1.0079627154299571       0.35234202054396474     
   1.5455455455455456        1.0072013741157224       0.34939721368765114     
   1.5495495495495495        1.0064060801609704       0.34644895151472355     
   1.5535535535535536        1.0055754193481508       0.34349726318162310     
   1.5575575575575575        1.0047079463011075       0.34054217787867375     
   1.5615615615615615        1.0038021387741971       0.33758372482979260     
   1.5655655655655656        1.0028564491359657       0.33462193329220158     
   1.5695695695695695        1.0018692422309436       0.33165683255613898     
   1.5735735735735736        1.0008388650668034       0.32868845194456903     
   1.5775775775775776       0.99976356486002038       0.32571682081289088     
   1.5815815815815817       0.99864158054525998       0.32274196854864945     
   1.5855855855855856       0.99747103721219132       0.31976392457124525     
   1.5895895895895895       0.99625006346279532       0.31678271833164295     
   1.5935935935935936       0.99497665804180691       0.31379837931207866     
   1.5975975975975976       0.99364883747010202       0.31081093702577139     
   1.6016016016016017       0.99226447027636266       0.30782042101662782     
   1.6056056056056056       0.99082145972089386       0.30482686085895305     
   1.6096096096096095       0.98931754066384658       0.30183028615715729     
   1.6136136136136137       0.98775050255008590       0.29883072654546011     
   1.6176176176176176       0.98611794361424143       0.29582821168760254     
   1.6216216216216217       0.98441753960801681       0.29282277127655032     
   1.6256256256256256       0.98264674976100119       0.28981443503420135     
   1.6296296296296295       0.98080313697964505       0.28680323271109065     
   1.6336336336336337       0.97888401977330353       0.28378919408609704     
   1.6376376376376376       0.97688684982027529       0.28077234896614933     
   1.6416416416416417       0.97480880395016822       0.27775272718593036     
   1.6456456456456456       0.97264722503720558       0.27473035860758332     
   1.6496496496496496       0.97039914812273753       0.27170527312041282     
   1.6536536536536537       0.96806181053932550       0.26867750064059459     
   1.6576576576576576       0.96563210638118135       0.26564707111087615     
   1.6616616616616617       0.96310717156438697       0.26261401450028199     
   1.6656656656656657       0.96048376112775169       0.25957836080381591     
   1.6696696696696696       0.95775891457611106       0.25654014004216519     
   1.6736736736736737       0.95492925093745507       0.25349938226140467     
   1.6776776776776776       0.95199171920078518       0.25045611753269870     
   1.6816816816816818       0.94894280668282649       0.24741037595200283     
   1.6856856856856857       0.94577937864557449       0.24436218763976714     
   1.6896896896896898       0.94249779634946940       0.24131158274063927     
   1.6936936936936937       0.93909484900867213       0.23825859142316480     
   1.6976976976976976       0.93556677893474194       0.23520324387949043     
   1.7017017017017018       0.93191030785496010       0.23214557032506186     
   1.7057057057057057       0.92812156778341226       0.22908560099833006     
   1.7097097097097098       0.92419722239029212       0.22602336616044894     
   1.7137137137137137       0.92013330367168122       0.22295889609497727     
   1.7177177177177176       0.91592642752327169       0.21989222110757800     
   1.7217217217217218       0.91157253790501835       0.21682337152571932     
   1.7257257257257257       0.90706821405581572       0.21375237769837560     
   1.7297297297297298       0.90240932564616561       0.21067926999572606     
   1.7337337337337337       0.89759242719324817       0.20760407880885565     
   1.7377377377377377       0.89261332963781015       0.20452683454945109     
   1.7417417417417418       0.88746857551155511       0.20144756764950522     
   1.7457457457457457       0.88215393443015988       0.19836630856101312     
   1.7497497497497498       0.87666595046408446       0.19528308775567005     
   1.7537537537537538       0.87100037116734652       0.19219793572457314     
   1.7577577577577577       0.86515375645272818       0.18911088297791637     
   1.7617617617617618       0.85912185292850574       0.18602196004469188     
   1.7657657657657657       0.85290125142977458       0.18293119747238676     
   1.7697697697697699       0.84648772055983201       0.17983862582668017     
   1.7737737737737738       0.83987789793637324       0.17674427569114179     
   1.7777777777777777       0.83306759887305015       0.17364817766693028     
   1.7817817817817818       0.82605352442216073       0.17055036237248988     
   1.7857857857857857       0.81883156302383209       0.16745086044324664     
   1.7897897897897899       0.81139849662812624       0.16434970253130635     
   1.7937937937937938       0.80375031482071824       0.16124691930515228     
   1.7977977977977977       0.79588389875139398       0.15814254144934106     
   1.8018018018018018       0.78779536865123567       0.15503659966419786     
   1.8058058058058057       0.77948172404624250       0.15192912466551589     
   1.8098098098098099       0.77093924664706937       0.14882014718424907     
   1.8138138138138138       0.76216507445038317       0.14570969796621130     
   1.8178178178178179       0.75315568264433619       0.14259780777177095     
   1.8218218218218218       0.74390836875919097       0.13948450737554591     
   1.8258258258258258       0.73441983442810133       0.13636982756610005     
   1.8298298298298299       0.72468755880307489       0.13325379914563965     
   1.8338338338338338       0.71470850368213534       0.13013645292970785     
   1.8378378378378379       0.70448035301436618       0.12701781974687870     
   1.8418418418418419       0.69400036299533396       0.12389793043845529     
   1.8458458458458458       0.68326644669973391       0.12077681585816115     
   1.8498498498498499       0.67227618920498444       0.11765450687183837     
   1.8538538538538538       0.66102775826194959       0.11453103435714140     
   1.8578578578578580       0.64951910228383680       0.11140642920322855     
   1.8618618618618619       0.63774867054052831       0.10828072231046192     
   1.8658658658658658       0.62571480890245867       0.10515394459009815     
   1.8698698698698699       0.61341627636398399       0.10202612696398421     
   1.8738738738738738       0.60085184972013606        9.8897300364250137E-002
   1.8778778778778780       0.58802062732672145        9.5767495733004110E-002
   1.8818818818818819       0.57492184937624269        9.2636744022027262E-002
   1.8858858858858858       0.56155498472047616        8.9505076192466795E-002
   1.8898898898898899       0.54791976806895337        8.6372523214528804E-002
   1.8938938938938938       0.53401607146308527        8.3239116067172991E-002
   1.8978978978978980       0.51984415351880409        8.0104885737807094E-002
   1.9019019019019019       0.50540432377556033        7.6969863221979185E-002
   1.9059059059059058       0.49069739202012802        7.3834079523072429E-002
   1.9099099099099099       0.47572414126108120        7.0697565651994948E-002
   1.9139139139139139       0.46048595718292235        6.7560352626878470E-002
   1.9179179179179180       0.44498413393564218        6.4422471472768014E-002
   1.9219219219219219       0.42922065486009447        6.1283953221316440E-002
   1.9259259259259258       0.41319736464842610        5.8144828910476183E-002
   1.9299299299299300       0.39691686263895354        5.5005129584193228E-002
   1.9339339339339339       0.38038158520905668        5.1864886292100981E-002
   1.9379379379379380       0.36359476214958869        4.8724130089211899E-002
   1.9419419419419419       0.34655946440683466        4.5582892035611673E-002
   1.9459459459459461       0.32927956230434685        4.2441203196148525E-002
   1.9499499499499500       0.31175880596161515        3.9299094640131337E-002
   1.9539539539539539       0.29400171142947618        3.6156597441019275E-002
   1.9579579579579580       0.27601275428428246        3.3013742676113601E-002
   1.9619619619619619       0.25779709607903983        2.9870561426253450E-002
   1.9659659659659661       0.23935998574328782        2.6727084775504926E-002
   1.9699699699699700       0.22070722412863661        2.3583343810856781E-002
   1.9739739739739739       0.20184488292820421        2.0439369621911660E-002
   1.9779779779779780       0.18277938952632261        1.7295193300577764E-002
   1.9819819819819819       0.16351768917392936        1.4150845940762258E-002
   1.9859859859859861       0.14406681578916478        1.1006358638064652E-002
   1.9899899899899900       0.12443464048759148        7.8617624894684063E-003
   1.9939939939939939       0.10462877455642622        4.7170885930325071E-003
   1.9979979979979980        8.4658073007397777E-002   1.5723680475848198E-003
   2.0020020020020022        6.4530672375694820E-002  -1.5723680475845747E-003
   2.0060060060060061        4.4256508635455466E-002  -4.7170885930322625E-003
   2.0100100100100100        2.3844089782594512E-002  -7.8617624894681600E-003
   2.0140140140140139        3.3047435828329474E-003  -1.1006358638064406E-002
   2.0180180180180178       -1.7353299564388167E-002  -1.4150845940762012E-002
   2.0220220220220222       -3.8115994690733429E-002  -1.7295193300577522E-002
   2.0260260260260261       -5.8974033664524930E-002  -2.0439369621911417E-002
   2.0300300300300300       -7.9912956033900695E-002  -2.3583343810856538E-002
   2.0340340340340339      -0.10092240477826807       -2.6727084775504683E-002
   2.0380380380380378      -0.12198745450126880       -2.9870561426253207E-002
   2.0420420420420422      -0.14309676283225167       -3.3013742676113789E-002
   2.0460460460460461      -0.16423495093686999       -3.6156597441019026E-002
   2.0500500500500500      -0.18538977344790655       -3.9299094640131087E-002
   2.0540540540540539      -0.20654540577976166       -4.2441203196148275E-002
   2.0580580580580579      -0.22768876600422774       -4.5582892035610979E-002
   2.0620620620620622      -0.24880359544151279       -4.8724130089212093E-002
   2.0660660660660661      -0.26987604763263912       -5.1864886292100738E-002
   2.0700700700700700      -0.29088945771220148       -5.5005129584192979E-002
   2.0740740740740740      -0.31182929939949994       -5.8144828910475933E-002
   2.0780780780780779      -0.33267855295556520       -6.1283953221315746E-002
   2.0820820820820822      -0.35342211788561645       -6.4422471472768209E-002
   2.0860860860860861      -0.37404269715857219       -6.7560352626878220E-002
   2.0900900900900901      -0.39452473990248821       -7.0697565651994698E-002
   2.0940940940940940      -0.41485076938738785       -7.3834079523071736E-002
   2.0980980980980979      -0.43500492259528378       -7.6969863221978935E-002
   2.1021021021021022      -0.45496966038259151       -8.0104885737806844E-002
   2.1061061061061062      -0.47472896385850483       -8.3239116067172741E-002
   2.1101101101101101      -0.49426537302673251       -8.6372523214528554E-002
   2.1141141141141140      -0.51356289266438426       -8.9505076192466101E-002
   2.1181181181181179      -0.53260431234348626       -9.2636744022027012E-002
   2.1221221221221223      -0.55137386814855760       -9.5767495733003860E-002
   2.1261261261261262      -0.56985480227887109       -9.8897300364249888E-002
   2.1301301301301301      -0.58803182056077563      -0.10202612696398396     
   2.1341341341341340      -0.60588885372361589      -0.10515394459009790     
   2.1381381381381384      -0.62341134498916839      -0.10828072231046167     
   2.1421421421421423      -0.64058417896351305      -0.11140642920322831     
   2.1461461461461462      -0.65739382927574153      -0.11453103435714115     
   2.1501501501501501      -0.67382642467067000      -0.11765450687183812     
   2.1541541541541540      -0.68986978263552956      -0.12077681585816090     
   2.1581581581581584      -0.70551158472075381      -0.12389793043845504     
   2.1621621621621623      -0.72074131765973293      -0.12701781974687892     
   2.1661661661661662      -0.73554853135382980      -0.13013645292970763     
   2.1701701701701701      -0.74992470463249827      -0.13325379914563942     
   2.1741741741741740      -0.76386156043838149      -0.13636982756609983     
   2.1781781781781784      -0.77735286936432491      -0.13948450737554569     
   2.1821821821821823      -0.79039279748080093      -0.14259780777177072     
   2.1861861861861862      -0.80297765717757319      -0.14570969796621108     
   2.1901901901901901      -0.81510426482565368      -0.14882014718424885     
   2.1941941941941940      -0.82677164713887452      -0.15192912466551567     
   2.1981981981981984      -0.83797939056219428      -0.15503659966419808     
   2.2022022022022023      -0.84872931229267945      -0.15814254144934084     
   2.2062062062062062      -0.85902378751725850      -0.16124691930515206     
   2.2102102102102101      -0.86886739124342427      -0.16434970253130612     
   2.2142142142142140      -0.87826518858857527      -0.16745086044324597     
   2.2182182182182184      -0.88722434776669323      -0.17055036237248966     
   2.2222222222222223      -0.89575238122598433      -0.17364817766693005     
   2.2262262262262262      -0.90385873383969384      -0.17674427569114157     
   2.2302302302302301      -0.91155297754668607      -0.17983862582667995     
   2.2342342342342341      -0.91884639090616627      -0.18293119747238654     
   2.2382382382382384      -0.92575012533444234      -0.18602196004469207     
   2.2422422422422423      -0.93227679601393165      -0.18911088297791614     
   2.2462462462462462      -0.93843864002501431      -0.19219793572457292     
   2.2502502502502502      -0.94424912937069139      -0.19528308775566983     
   2.2542542542542541      -0.94972113485080856      -0.19836630856101248     
   2.2582582582582584      -0.95486856023320565      -0.20144756764950500     
   2.2622622622622623      -0.95970452128162875      -0.20452683454945086     
   2.2662662662662663      -0.96424299325767204      -0.20760407880885542     
   2.2702702702702702      -0.96849701445783842      -0.21067926999572584     
   2.2742742742742741      -0.97248033624539965      -0.21375237769837538     
   2.2782782782782784      -0.97620566181523327      -0.21682337152571909     
   2.2822822822822824      -0.97968628614311770      -0.21989222110757778     
   2.2862862862862863      -0.98293438147152623      -0.22295889609497704     
   2.2902902902902902      -0.98596261313732358      -0.22602336616044871     
   2.2942942942942941      -0.98878248325308060      -0.22908560099832984     
   2.2982982982982985      -0.99140590760345193      -0.23214557032506164     
   2.3023023023023024      -0.99384362846673446      -0.23520324387949024     
   2.3063063063063063      -0.99610673788793291      -0.23825859142316458     
   2.3103103103103102      -0.99820516969381157      -0.24131158274063905     
   2.3143143143143141       -1.0001491554330819      -0.24436218763976694     
   2.3183183183183185       -1.0019478044167491      -0.24741037595200260     
   2.3223223223223224       -1.0036104802985026      -0.25045611753269847     
   2.3263263263263263       -1.0051454764415233      -0.25349938226140445     
   2.3303303303303302       -1.0065613032889120      -0.25654014004216497     
   2.3343343343343341       -1.0078654645720095      -0.25957836080381524     
   2.3383383383383385       -1.0090656480878430      -0.26261401450028221     
   2.3423423423423424       -1.0101686063093143      -0.26564707111087593     
   2.3463463463463463       -1.0111812457605780      -0.26867750064059437     
   2.3503503503503502       -1.0121096135715553      -0.27170527312041259     
   2.3543543543543541       -1.0129598831674700      -0.27473035860758266     
   2.3583583583583585       -1.0137374463365596      -0.27775272718593058     
   2.3623623623623624       -1.0144477953031896      -0.28077234896614911     
   2.3663663663663663       -1.0150957180446518      -0.28378919408609682     
   2.3703703703703702       -1.0156860789078517      -0.28680323271108998     
   2.3743743743743742       -1.0162231132949828      -0.28981443503420068     
   2.3783783783783785       -1.0167111107531446      -0.29282277127655010     
   2.3823823823823824       -1.0171538038015810      -0.29582821168760237     
   2.3863863863863863       -1.0175549588421067      -0.29883072654545989     
   2.3903903903903903       -1.0179178528500943      -0.30183028615715662     
   2.3943943943943946       -1.0182457785164349      -0.30482686085895327     
   2.3983983983983985       -1.0185416017759694      -0.30782042101662760     
   2.4024024024024024       -1.0188081883138715      -0.31081093702577117     
   2.4064064064064064       -1.0190480344460009      -0.31379837931207849     
   2.4104104104104103       -1.0192636225335499      -0.31678271833164234     
   2.4144144144144146       -1.0194571175336651      -0.31976392457124503     
   2.4184184184184185       -1.0196306590050264      -0.32274196854864923     
   2.4224224224224224       -1.0197861156790258      -0.32571682081289072     
   2.4264264264264264       -1.0199253216497657      -0.32868845194456880     
   2.4304304304304303       -1.0200498815365326      -0.33165683255613876     
   2.4344344344344346       -1.0201613581800228      -0.33462193329220136     
   2.4384384384384385       -1.0202611213351809      -0.33758372482979238     
   2.4424424424424425       -1.0203504937852756      -0.34054217787867352     
   2.4464464464464464       -1.0204306369812282      -0.34349726318162288     
   2.4504504504504503       -1.0205026619771305      -0.34644895151472338     
   2.4544544544544546       -1.0205675459821619      -0.34939721368765092     
   2.4584584584584586       -1.0206262139510418      -0.35234202054396457     
   2.4624624624624625       -1.0206794806063166      -0.35528334296139358     
   2.4664664664664664       -1.0207281079155257      -0.35822115185212722     
   2.4704704704704703       -1.0207727677486618      -0.36115541816310109     
   2.4744744744744747       -1.0208140798655465      -0.36408611287628395     
   2.4784784784784786       -1.0208525909743840      -0.36701320700896528     
   2.4824824824824825       -1.0208887972575558      -0.36993667161404292     
   2.4864864864864864       -1.0209231361760884      -0.37285647778030850     
   2.4904904904904903       -1.0209559969945547      -0.37577259663273233     
   2.4944944944944947       -1.0209877222209141      -0.37868499933275035     
   2.4984984984984986       -1.0210186090618740      -0.38159365707854853     
   2.5025025025025025       -1.0210489178898878      -0.38449854110534887     
   2.5065065065065064       -1.0210788670758821      -0.38739962268569306     
   2.5105105105105103       -1.0211086463302945      -0.39029687312972527     
   2.5145145145145147       -1.0211384069242424      -0.39319026378547894     
   2.5185185185185186       -1.0211682781571492      -0.39607976603915657     
   2.5225225225225225       -1.0211983545914283      -0.39896535131541627     
   2.5265265265265264       -1.0212287142553833      -0.40184699107765126     
   2.5305305305305303       -1.0212594041796437      -0.40472465682827302     
   2.5345345345345347       -1.0212904592520982      -0.40759832010899633     
   2.5385385385385386       -1.0213218870546477      -0.41046795250111373     
   2.5425425425425425       -1.0213536865495352      -0.41333352562578402     
   2.5465465465465464       -1.0213858329694203      -0.41619501114430751     
   2.5505505505505504       -1.0214182957350673      -0.41905238075840956     
   2.5545545545545547       -1.0214510239465959      -0.42190560621051959     
   2.5585585585585586       -1.0214839631149331      -0.42475465928404776     
   2.5625625625625625       -1.0215170416334007      -0.42759951180366890     
   2.5665665665665665       -1.0215501860536960      -0.43044013563559802     
   2.5705705705705704       -1.0215833087805803      -0.43327650268786827     
   2.5745745745745747       -1.0216163217415641      -0.43610858491061100     
   2.5785785785785786       -1.0216491254392694      -0.43893635429633066     
   2.5825825825825826       -1.0216816209564783      -0.44175978288018303     
   2.5865865865865865       -1.0217137004168002      -0.44457884274025233     
   2.5905905905905904       -1.0217452573371206      -0.44739350599782673     
   2.5945945945945947       -1.0217761784838306      -0.45020374481767333     
   2.5985985985985987       -1.0218063526364549      -0.45300953140831385     
   2.6026026026026026       -1.0218356637805541      -0.45581083802230121     
   2.6066066066066065       -1.0218639983826594      -0.45860763695649065     
   2.6106106106106104       -1.0218912398289199      -0.46139990055231678     
   2.6146146146146148       -1.0219172743352796      -0.46418760119606622     
   2.6186186186186187       -1.0219419865203718      -0.46697071131914791     
   2.6226226226226226       -1.0219652640886285      -0.46974920339837051     
   2.6266266266266265       -1.0219869944144129      -0.47252304995621180     
   2.6306306306306309       -1.0220070681417026      -0.47529222356109002     
   2.6346346346346348       -1.0220253766519716      -0.47805669682763591     
   2.6386386386386387       -1.0220418147240040      -0.48081644241696481     
   2.6426426426426426       -1.0220562787589236      -0.48357143303694416     
   2.6466466466466465       -1.0220686686391935      -0.48632164144246637     
   2.6506506506506509       -1.0220788865889232      -0.48906704043571703     
   2.6546546546546548       -1.0220868383635076      -0.49180760286644165     
   2.6586586586586587       -1.0220924326307375      -0.49454330163221849     
   2.6626626626626626       -1.0220955816129069      -0.49727410967872404     
   2.6666666666666665       -1.0220962008833498      -0.49999999999999972     
   2.6706706706706709       -1.0220942095720151      -0.50272094563872161     
   2.6746746746746748       -1.0220895304637736      -0.50543691968646454     
   2.6786786786786787       -1.0220820898213363      -0.50814789528396909     
   2.6826826826826826       -1.0220718179781909      -0.51085384562140823     
   2.6866866866866865       -1.0220586485880809      -0.51355474393865141     
   2.6906906906906909       -1.0220425194880984      -0.51625056352552878     
   2.6946946946946948       -1.0220233718311971      -0.51894127772209564     
   2.6986986986986987       -1.0220011510718323      -0.52162685991889768     
   2.7027027027027026       -1.0219758058337931      -0.52430728355723144     
   2.7067067067067065       -1.0219472890757522      -0.52698252212940910     
   2.7107107107107109       -1.0219155568691249      -0.52965254917902060     
   2.7147147147147148       -1.0218805695608670      -0.53231733830119188     
   2.7187187187187187       -1.0218422905284466      -0.53497686314285131     
   2.7227227227227226       -1.0218006873881895      -0.53763109740298709     
   2.7267267267267266       -1.0217557306449920      -0.54028001483290666     
   2.7307307307307309       -1.0217073949325970      -0.54292358923649919     
   2.7347347347347348       -1.0216556576963549      -0.54556179447049191     
   2.7387387387387387       -1.0216005003479176      -0.54819460444470958     
   2.7427427427427427       -1.0215419070290319      -0.55082199312233360     
   2.7467467467467466       -1.0214798656634170      -0.55344393452015828     
   2.7507507507507509       -1.0214143668208908      -0.55606040270884749     
   2.7547547547547548       -1.0213454046478405      -0.55867137181319182     
   2.7587587587587588       -1.0212729758393946      -0.56127681601236501     
   2.7627627627627627       -1.0211970805076933      -0.56387670954017755     
   2.7667667667667666       -1.0211177211692992      -0.56647102668533345     
   2.7707707707707709       -1.0210349035553157      -0.56905974179168384     
   2.7747747747747749       -1.0209486357137270      -0.57164282925847854     
   2.7787787787787788       -1.0208589286808116      -0.57422026354062317     
   2.7827827827827827       -1.0207657957232878      -0.57679201914892952     
   2.7867867867867866       -1.0206692528657186      -0.57935807065036660     
   2.7907907907907910       -1.0205693182473672      -0.58191839266831491     
   2.7947947947947949       -1.0204660126113620      -0.58447295988281489     
   2.7987987987987988       -1.0203593587022501      -0.58702174703081833     
   2.8028028028028027       -1.0202493816063580      -0.58956472890643896     
   2.8068068068068066       -1.0201361083523246      -0.59210188036120082     
   2.8108108108108110       -1.0200195680858659      -0.59463317630428647     
   2.8148148148148149       -1.0198997917528301      -0.59715859170278585     
   2.8188188188188188       -1.0197768124012969      -0.59967810158194468     
   2.8228228228228227       -1.0196506645902921      -0.60219168102540921     
   2.8268268268268266       -1.0195213848680291      -0.60469930517547521     
   2.8308308308308310       -1.0193890111443265      -0.60720094923333168     
   2.8348348348348349       -1.0192535831769629      -0.60969658845930674     
   2.8388388388388388       -1.0191151420782865      -0.61218619817311326     
   2.8428428428428427       -1.0189737305283479      -0.61466975375409216     
   2.8468468468468466       -1.0188293924329803      -0.61714723064145482     
   2.8508508508508510       -1.0186821731562832      -0.61961860433452842     
   2.8548548548548549       -1.0185321192853416      -0.62208385039299596     
   2.8588588588588588       -1.0183792786429802      -0.62454294443713865     
   2.8628628628628627       -1.0182237000897543      -0.62699586214807834     
   2.8668668668668666       -1.0180654336627619      -0.62944257926801550     
   2.8708708708708710       -1.0179045304465046      -0.63188307160047208     
   2.8748748748748749       -1.0177410424738473      -0.63431731501052735     
   2.8788788788788788       -1.0175750226552416      -0.63674528542506048     
   2.8828828828828827       -1.0174065248191004      -0.63916695883298458     
   2.8868868868868871       -1.0172356037113304      -0.64158231128548815     
   2.8908908908908910       -1.0170623146853315      -0.64399131889626826     
   2.8948948948948949       -1.0168867139358961      -0.64639395784176901     
   2.8988988988988988       -1.0167088583143473      -0.64879020436141721     
   2.9029029029029028       -1.0165288053869967      -0.65118003475785557     
   2.9069069069069071       -1.0163466131666463      -0.65356342539717915     
   2.9109109109109110       -1.0161623403405620      -0.65594035270916740     
   2.9149149149149149       -1.0159760461804748      -0.65831079318751873     
   2.9189189189189189       -1.0157877902621608      -0.66067472339008115     
   2.9229229229229228       -1.0155976327222944      -0.66303211993908662     
   2.9269269269269271       -1.0154056341408546      -0.66538295952137938     
   2.9309309309309310       -1.0152118553899478      -0.66772721888864839     
   2.9349349349349350       -1.0150163576932838      -0.67006487485765742     
   2.9389389389389389       -1.0148192026519367      -0.67239590431047236     
   2.9429429429429428       -1.0146204521159154      -0.67472028419469232     
   2.9469469469469471       -1.0144201681098610      -0.67703799152367616     
   2.9509509509509511       -1.0142184129941927      -0.67934900337676973     
   2.9549549549549550       -1.0140152492906089      -0.68165329689953269     
   2.9589589589589589       -1.0138107395970899      -0.68395084930396566     
   2.9629629629629628       -1.0136049467587360      -0.68624163786873338     
   2.9669669669669672       -1.0133979337386072      -0.68852563993939209     
   2.9709709709709711       -1.0131897634519575      -0.69080283292861111     
   2.9749749749749750       -1.0129804990371576      -0.69307319431639702     
   2.9789789789789789       -1.0127702036309711      -0.69533670165031769     
   2.9829829829829828       -1.0125589402980479      -0.69759333254572287     
   2.9869869869869872       -1.0123467722337292      -0.69984306468596547     
   2.9909909909909911       -1.0121337625698372      -0.70208587582262250     
   2.9949949949949950       -1.0119199743080818      -0.70432174377571644     
   2.9989989989989989       -1.0117054705455832      -0.70655064643393228     
   3.0030030030030028       -1.0114903141920200      -0.70877256175483805     
   3.0070070070070072       -1.0112745680464583      -0.71098746776510247     
   3.0110110110110111       -1.0110582949181814      -0.71319534256071015     
   3.0150150150150150       -1.0108415573425829      -0.71539616430718178     
   3.0190190190190189       -1.0106244177467221      -0.71758991123978788     
   3.0230230230230228       -1.0104069385212804      -0.71977656166376336     
   3.0270270270270272       -1.0101891816409643      -0.72195609395452442     
   3.0310310310310311       -1.0099712090691746      -0.72412848655788031     
   3.0350350350350350       -1.0097530825623435      -0.72629371799024711     
   3.0390390390390389       -1.0095348634836752      -0.72845176683886070     
   3.0430430430430429       -1.0093166131607378      -0.73060261176198871     
   3.0470470470470472       -1.0090983925578414      -0.73274623148913987     
   3.0510510510510511       -1.0088802623411448      -0.73488260482127588     
   3.0550550550550550       -1.0086622830632979      -0.73701171063102133     
   3.0590590590590589       -1.0084445147608530      -0.73913352786287101     
   3.0630630630630629       -1.0082270173257981      -0.74124803553339991     
   3.0670670670670672       -1.0080098503432238      -0.74335521273147032     
   3.0710710710710711       -1.0077930729066871      -0.74545503861843621     
   3.0750750750750750       -1.0075767439796248      -0.74754749242835339     
   3.0790790790790790       -1.0073609220163176      -0.74963255346818258     
   3.0830830830830829       -1.0071456651449755      -0.75171020111799314     
   3.0870870870870872       -1.0069310312217419      -0.75378041483116953     
   3.0910910910910911       -1.0067170775097976      -0.75584317413461222     
   3.0950950950950951       -1.0065038610815809      -0.75789845862894101     
   3.0990990990990990       -1.0062914384842985      -0.75994624798869759     
   3.1031031031031029       -1.0060798658288432      -0.76198652196254535     
   3.1071071071071072       -1.0058691989281037      -0.76401926037346968     
   3.1111111111111112       -1.0056594929428746      -0.76604444311897801     
   3.1151151151151151       -1.0054508027774993      -0.76806205017129969     
   3.1191191191191190       -1.0052431827664963      -0.77007206157758090     
   3.1231231231231229       -1.0050366867477407      -0.77207445746008596     
   3.1271271271271273       -1.0048313682027645      -0.77406921801639050     
   3.1311311311311312       -1.0046272799091542      -0.77605632351957909     
   3.1351351351351351       -1.0044244743482553      -0.77803575431843974     
   3.1391391391391390       -1.0042230033261799      -0.78000749083765863     
   3.1431431431431434       -1.0040229181732909      -0.78197151357801342     
   3.1471471471471473       -1.0038242697335458      -0.78392780311656574     
   3.1511511511511512       -1.0036271081449153      -0.78587634010685492     
   3.1551551551551551       -1.0034314831854225      -0.78781710527908644     
   3.1591591591591590       -1.0032374438406577      -0.78975007944032583     
   3.1631631631631634       -1.0030450386782548      -0.79167524347468532     
   3.1671671671671673       -1.0028543156025631      -0.79359257834351493     
   3.1711711711711712       -1.0026653218604828      -0.79550206508559018     
   3.1751751751751751       -1.0024781042003137      -0.79740368481729929     
   3.1791791791791790       -1.0022927085658437      -0.79929741873283011     
   3.1831831831831834       -1.0021091804448550      -0.80118324810435748     
   3.1871871871871873       -1.0019275644915504      -0.80306115428222580     
   3.1911911911911912       -1.0017479048222893      -0.80493111869513456     
   3.1951951951951951       -1.0015702448188279      -0.80679312285032412     
   3.1991991991991990       -1.0013946271483365      -0.80864714833375495     
   3.2032032032032034       -1.0012210938468256      -0.81049317681029209     
   3.2072072072072073       -1.0010496861263645      -0.81233119002388610     
   3.2112112112112112       -1.0008804445983106      -0.81416116979775310     
   3.2152152152152151       -1.0007134089956917      -0.81598309803455449     
   3.2192192192192191       -1.0005486184175889      -0.81779695671657726     
   3.2232232232232234       -1.0003861111302197      -0.81960272790591171     
   3.2272272272272273       -1.0002259246304086      -0.82140039374462503     
   3.2312312312312312       -1.0000680956539838      -0.82318993645494509     
   3.2352352352352352      -0.99991266007911206      -0.82497133833943015     
   3.2392392392392391      -0.99975965303471015      -0.82674458178114651     
   3.2432432432432434      -0.99960910874519693      -0.82850964924384241     
   3.2472472472472473      -0.99946106067403973      -0.83026652327212114     
   3.2512512512512513      -0.99931554134508116      -0.83201518649161355     
   3.2552552552552552      -0.99917258249233376      -0.83375562160915107     
   3.2592592592592591      -0.99903221491455529      -0.83548781141293604     
   3.2632632632632634      -0.99889446854189534      -0.83721173877271049     
   3.2672672672672673      -0.99875937239783352      -0.83892738663992716     
   3.2712712712712713      -0.99862695456975226      -0.84063473804791811     
   3.2752752752752752      -0.99849724223172853      -0.84233377611206173     
   3.2792792792792791      -0.99837026159640951      -0.84402448402995045     
   3.2832832832832834      -0.99824603792519451      -0.84570684508155636     
   3.2872872872872874      -0.99812459550741084      -0.84738084262939606     
   3.2912912912912913      -0.99800595764067279      -0.84904646011869733     
   3.2952952952952952      -0.99789014663466247      -0.85070368107756111     
   3.2992992992992991      -0.99777718377658586      -0.85235248911712369     
   3.3033033033033035      -0.99766708933929060      -0.85399286793172058     
   3.3073073073073074      -0.99755988254992189      -0.85562480129904661     
   3.3113113113113113      -0.99745558159630332      -0.85724827308031681     
   3.3153153153153152      -0.99735420358507376      -0.85886326722042616     
   3.3193193193193191      -0.99725576458252718      -0.86046976774810746     
   3.3233233233233235      -0.99716027951671427      -0.86206775877609132     
   3.3273273273273274      -0.99706776227251526      -0.86365722450126015     
   3.3313313313313313      -0.99697822556446547      -0.86523814920480790     
   3.3353353353353352      -0.99689168103795567      -0.86681051725239255     
   3.3393393393393391      -0.99680813914922439      -0.86837431309429247     
   3.3433433433433435      -0.99672760925526893      -0.86992952126555956     
   3.3473473473473474      -0.99665009950571792      -0.87147612638617244     
   3.3513513513513513      -0.99657561692425267      -0.87301411316118827     
   3.3553553553553552      -0.99650416730590397      -0.87454346638089397     
   3.3593593593593591      -0.99643575529797412      -0.87606417092095756     
   3.3633633633633635      -0.99637038429494074      -0.87757621174257716     
   3.3673673673673674      -0.99630805652594812      -0.87907957389262847     
   3.3713713713713713      -0.99624877294158742      -0.88057424250381433     
   3.3753753753753752      -0.99619253331254021      -0.88206020279481123     
   3.3793793793793796      -0.99613933610499317      -0.88353744007041513     
   3.3833833833833835      -0.99608917859274682      -0.88500593972168740     
   3.3873873873873874      -0.99604205671992307      -0.88646568722609875     
   3.3913913913913913      -0.99599796522744677      -0.88791666814767278     
   3.3953953953953953      -0.99595689750258598      -0.88935886813712972     
   3.3993993993993996      -0.99591884572036826      -0.89079227293202790     
   3.4034034034034035      -0.99588380067932958      -0.89221686835690339     
   3.4074074074074074      -0.99585175195906128      -0.89363264032341194     
   3.4114114114114114      -0.99582268774052329      -0.89503957483046781     
   3.4154154154154153      -0.99579659498224105      -0.89643765796438168     
   3.4194194194194196      -0.99577345922206473      -0.89782687589899912     
   3.4234234234234235      -0.99575326477594595      -0.89920721489583688     
   3.4274274274274275      -0.99573599451696415      -0.90057866130421815     
   3.4314314314314314      -0.99572163010101078      -0.90194120156140900     
   3.4354354354354353      -0.99571015171957555      -0.90329482219275192     
   3.4394394394394396      -0.99570153835445441      -0.90463950981179775     
   3.4434434434434436      -0.99569576750498767      -0.90597525112043964     
   3.4474474474474475      -0.99569281546754640      -0.90730203290904421     
   3.4514514514514514      -0.99569265704606735      -0.90861984205658186     
   3.4554554554554553      -0.99569526589720070      -0.90992866553075646     
   3.4594594594594597      -0.99570061425864365      -0.91122849038813580     
   3.4634634634634636      -0.99570867291405751      -0.91251930377427593     
   3.4674674674674675      -0.99571941139790754      -0.91380109292385281     
   3.4714714714714714      -0.99573279782359103      -0.91507384516078560     
   3.4754754754754753      -0.99574879902966662      -0.91633754789836286     
   3.4794794794794797      -0.99576738046578639      -0.91759218863936631     
   3.4834834834834836      -0.99578850630502613      -0.91883775497619591     
   3.4874874874874875      -0.99581213934468726      -0.92007423459099136     
   3.4914914914914914      -0.99583824112007047      -0.92130161525575383     
   3.4954954954954953      -0.99586677180260508      -0.92251988483246850     
   3.4994994994994997      -0.99589769031808428      -0.92372903127322248     
   3.5035035035035036      -0.99593095425107214      -0.92492904262032472     
   3.5075075075075075      -0.99596651994981722      -0.92611990700642566     
   3.5115115115115114      -0.99600434245865355      -0.92730161265463207     
   3.5155155155155153      -0.99604437559619363      -0.92847414787862559     
   3.5195195195195197      -0.99608657189745042      -0.92963750108277710     
   3.5235235235235236      -0.99613088274302641      -0.93079166076226205     
   3.5275275275275275      -0.99617725818697755      -0.93193661550317375     
   3.5315315315315314      -0.99622564723627738      -0.93307235398263721     
   3.5355355355355353      -0.99627599753599683      -0.93419886496891946     
   3.5395395395395397      -0.99632825579616024      -0.93531613732154262     
   3.5435435435435436      -0.99638236731437280      -0.93642415999139206     
   3.5475475475475475      -0.99643827659869022      -0.93752292202082732     
   3.5515515515515514      -0.99649592667603681      -0.93861241254378924     
   3.5555555555555554      -0.99655525993204497      -0.93969262078590843     
   3.5595595595595597      -0.99661621725309113      -0.94076353606461116     
   3.5635635635635636      -0.99667873896938841      -0.94182514778922477     
   3.5675675675675675      -0.99674276393046168      -0.94287744546108421     
   3.5715715715715715      -0.99680823052738488      -0.94392041867363274     
   3.5755755755755754      -0.99687507569187550      -0.94495405711252811     
   3.5795795795795797      -0.99694323598599544      -0.94597835055574231     
   3.5835835835835836      -0.99701264654509258      -0.94699328887366330     
   3.5875875875875876      -0.99708324225624223      -0.94799886202919548     
   3.5915915915915915      -0.99715495658308639      -0.94899506007785894     
   3.5955955955955954      -0.99722772283637051      -0.94998187316788696     
   3.5995995995995997      -0.99730147301645700      -0.95095929154032532     
   3.6036036036036037      -0.99737613893556554      -0.95192730552912663     
   3.6076076076076076      -0.99745165138425806      -0.95288590556124664     
   3.6116116116116115      -0.99752794074124662      -0.95383508215674029     
   3.6156156156156154      -0.99760493682171847      -0.95477482592885354     
   3.6196196196196198      -0.99768256869827809      -0.95570512758411708     
   3.6236236236236237      -0.99776076538938263      -0.95662597792243798     
   3.6276276276276276      -0.99783945489198744      -0.95753736783719101     
   3.6316316316316315      -0.99791856555823677      -0.95843928831530878     
   3.6356356356356359      -0.99799802455118969      -0.95933173043737030     
   3.6396396396396398      -0.99807775971120483      -0.96021468537768961     
   3.6436436436436437      -0.99815769759432205      -0.96108814440440271     
   3.6476476476476476      -0.99823776573341194      -0.96195209887955480     
   3.6516516516516515      -0.99831789034663698      -0.96280654025918444     
   3.6556556556556559      -0.99839799872769708      -0.96365146009340885     
   3.6596596596596598      -0.99847801720929996      -0.96448685002650714     
   3.6636636636636637      -0.99855787279337083      -0.96531270179700357     
   3.6676676676676676      -0.99863749249368661      -0.96612900723774797     
   3.6716716716716715      -0.99871680295384402      -0.96693575827599820     
   3.6756756756756759      -0.99879573229508856      -0.96773294693349898     
   3.6796796796796798      -0.99887420698771168      -0.96852056532655983     
   3.6836836836836837      -0.99895215656418634      -0.96929860566613557     
   3.6876876876876876      -0.99902950751171793      -0.97006706025790090     
   3.6916916916916915      -0.99910619106061038      -0.97082592150232783     
   3.6956956956956959      -0.99918213412022350      -0.97157518189476044     
   3.6996996996996998      -0.99925726950282612      -0.97231483402548924     
   3.7037037037037037      -0.99933152549911530      -0.97304487057982392     
   3.7077077077077076      -0.99940483579031913      -0.97376528433816678     
   3.7117117117117115      -0.99947713160944229      -0.97447606817608323     
   3.7157157157157159      -0.99954834629157985      -0.97517721506437227     
   3.7197197197197198      -0.99961841605548729      -0.97586871806913611     
   3.7237237237237237      -0.99968727211451514      -0.97655057035184933     
   3.7277277277277276      -0.99975485834054612      -0.97722276516942586     
   3.7317317317317316      -0.99982110158509974      -0.97788529587428519     
   3.7357357357357359      -0.99988595617196330      -0.97853815591441973     
   3.7397397397397398      -0.99994934270678926      -0.97918133883345804     
   3.7437437437437437       -1.0000112279680391      -0.97981483827072935     
   3.7477477477477477       -1.0000715255550892      -0.98043864796132674     
   3.7517517517517516       -1.0001302151274745      -0.98105276173616807     
   3.7557557557557559       -1.0001872050448519      -0.98165717352205806     
   3.7597597597597598       -1.0002424845495965      -0.98225187734174813     
   3.7637637637637638       -1.0002959631592587      -0.98283686731399489     
   3.7677677677677677       -1.0003476311847852      -0.98341213765361879     
   3.7717717717717716       -1.0003974116831007      -0.98397768267156138     
   3.7757757757757759       -1.0004452804952579      -0.98453349677494195     
   3.7797797797797799       -1.0004911943532511      -0.98507957446711136     
   3.7837837837837838       -1.0005350914064435      -0.98561591034770824     
   3.7877877877877877       -1.0005769891719019      -0.98614249911271146     
   3.7917917917917916       -1.0006167589862225      -0.98665933555449192     
   3.7957957957957960       -1.0006545102561331      -0.98716641456186571     
   3.7997997997997999       -1.0006900176858695      -0.98766373112014327     
   3.8038038038038038       -1.0007235097235589      -0.98815128031117960     
   3.8078078078078077       -1.0007546443906827      -0.98862905731342254     
   3.8118118118118116       -1.0007837790886778      -0.98909705740196108     
   3.8158158158158160       -1.0008104615730473      -0.98955527594857173     
   3.8198198198198199       -1.0008351511549518      -0.99000370842176366     
   3.8238238238238238       -1.0008573400592029      -0.99044235038682449     
   3.8278278278278277       -1.0008775019804694      -0.99087119750586350     
   3.8318318318318316       -1.0008952007136733      -0.99129024553785516     
   3.8358358358358360       -1.0009107541035469      -0.99169949033868066     
   3.8398398398398399       -1.0009240146875305      -0.99209892786116838     
   3.8438438438438438       -1.0009348816573507      -0.99248855415513493     
   3.8478478478478477       -1.0009438011671175      -0.99286836536742351     
   3.8518518518518516       -1.0009499177013370      -0.99323835774194280     
   3.8558558558558560       -1.0009546220783452      -0.99359852761970280     
   3.8598598598598599       -1.0009559645091410      -0.99394887143885202     
   3.8638638638638638       -1.0009565739940909      -0.99428938573471282     
   3.8678678678678677       -1.0009532056969859      -0.99462006713981466     
   3.8718718718718717       -1.0009497783971750      -0.99494091238392857     
   3.8758758758758760       -1.0009419173260727      -0.99525191829409909     
   3.8798798798798799       -1.0009343760651082      -0.99555308179467450     
   3.8838838838838838       -1.0009224729001300      -0.99584439990733942     
   3.8878878878878878       -1.0009105316102398      -0.99612586975114281     
   3.8918918918918921       -1.0008953309618382      -0.99639748854252641     
   3.8958958958958960       -1.0008784592174358      -0.99665925359535279     
   3.8998998998998999       -1.0008609953589225      -0.99691116232093191     
   3.9039039039039038       -1.0008384816422264      -0.99715321222804643     
   3.9079079079079078       -1.0008199373340960      -0.99738540092297623     
   3.9119119119119121       -1.0007911292454903      -0.99760772610952264     
   3.9159159159159160       -1.0007724781496190      -0.99782018558903074     
   3.9199199199199199       -1.0007372711066542      -0.99802277726041111     
   3.9239239239239239       -1.0007186530556262      -0.99821549912016083     
   3.9279279279279278       -1.0006782401358330      -0.99839834926238302     
   3.9319319319319321       -1.0006581160279968      -0.99857132587880604     
   3.9359359359359360       -1.0006158675743009      -0.99873442725880057     
   3.9399399399399400       -1.0005901967605753      -0.99888765178939798     
   3.9439439439439439       -1.0005522910684623      -0.99903099795530448     
   3.9479479479479478       -1.0005142648389092      -0.99916446433891781     
   3.9519519519519521       -1.0004893765213232      -0.99928804962034024     
   3.9559559559559561       -1.0004305384897882      -0.99940175257739150     
   3.9599599599599600       -1.0004276758831858      -0.99950557208562174     
   3.9639639639639639       -1.0003412936743508      -0.99959950711832180     
   3.9679679679679678       -1.0003651559029683      -0.99968355674653397     
   3.9719719719719722       -1.0002519587073935      -0.99975772013906072     
   3.9759759759759761       -1.0002966349844753      -0.99982199656247328     
   3.9799799799799800       -1.0001707096042407      -0.99987638538111856     
   3.9839839839839839       -1.0002159310155549      -0.99992088605712559     
   3.9879879879879878       -1.0001039880266684      -0.99995549815041107     
   3.9919919919919922       -1.0001236140405123      -0.99998022131868336     
   3.9959959959959961       -1.0000464934598026      -0.99999505531744570     
   4.0000000000000000       -1.0000000000000000       -1.0000000000000000     
