   0.0000000000000000        1.0000000000000000       0.99999999999999989     
   4.0040040040040040E-003   1.0002474799603480       0.99999505531744592     
   8.0080080080080079E-003   1.0000023758982284       0.99998022131868325     
   1.2012012012012012E-002   1.0002572813743891       0.99995549815041107     
   1.6016016016016016E-002   1.0000740396005232       0.99992088605712559     
   2.0020020020020020E-002   1.0002295945466502       0.99987638538111856     
   2.4024024024024024E-002   1.0001286210204432       0.99982199656247328     
   2.8028028028028028E-002   1.0001943554874893       0.99975772013906072     
   3.2032032032032032E-002   1.0001593232112702       0.99968355674653397     
   3.6036036036036036E-002   1.0001590835089698       0.99959950711832180     
   4.0040040040040040E-002   1.0001629234246907       0.99950557208562174     
   4.4044044044044044E-002   1.0001246960939874       0.99940175257739161     
   4.8048048048048048E-002   1.0001418189197329       0.99928804962034012     
   5.2052052052052052E-002   1.0000880727435602       0.99916446433891792     
   5.6056056056056056E-002   1.0001008517536272       0.99903099795530459     
   6.0060060060060060E-002   1.0000452400514783       0.99888765178939798     
   6.4064064064064064E-002   1.0000447877691969       0.99873442725880068     
   6.8068068068068074E-002  0.99999315831157254       0.99857132587880615     
   7.2072072072072071E-002  0.99997719710143362       0.99839834926238324     
   7.6076076076076082E-002  0.99993024734148273       0.99821549912016094     
   8.0080080080080079E-002  0.99990032374761095       0.99802277726041122     
   8.4084084084084090E-002  0.99985621323255758       0.99782018558903074     
   8.8088088088088087E-002  0.99981541095221538       0.99760772610952264     
   9.2092092092092098E-002  0.99977163100675503       0.99738540092297623     
   9.6096096096096095E-002  0.99972312278032349       0.99715321222804643     
  0.10010010010010011       0.99967753840197404       0.99691116232093191     
  0.10410410410410410       0.99962388938822233       0.99665925359535279     
  0.10810810810810811       0.99957514113170232       0.99639748854252641     
  0.11211211211211211       0.99951812740453805       0.99612586975114281     
  0.11611611611611612       0.99946564128853188       0.99584439990733964     
  0.12012012012012012       0.99940634831411013       0.99555308179467450     
  0.12412412412412413       0.99935016152412015       0.99525191829409887     
  0.12812812812812813       0.99928918948735102       0.99494091238392868     
  0.13213213213213212       0.99922972964706103       0.99462006713981466     
  0.13613613613613615       0.99916740150895200       0.99428938573471282     
  0.14014014014014015       0.99910529342199905       0.99394887143885213     
  0.14414414414414414       0.99904181735304132       0.99359852761970280     
  0.14814814814814814       0.99897774512029924       0.99323835774194291     
  0.15215215215215216       0.99891331902316183       0.99286836536742373     
  0.15615615615615616       0.99884794432831947       0.99248855415513493     
  0.16016016016016016       0.99878280945355702       0.99209892786116838     
  0.16416416416416416       0.99871673436542974       0.99169949033868066     
  0.16816816816816818       0.99865119231277033       0.99129024553785539     
  0.17217217217217218       0.99858495128922942       0.99087119750586361     
  0.17617617617617617       0.99851935894130961       0.99044235038682449     
  0.18018018018018017       0.99845342696203976       0.99000370842176388     
  0.18418418418418420       0.99838818106340343       0.98955527594857196     
  0.18818818818818819       0.99832298783307494       0.98909705740196130     
  0.19219219219219219       0.99825850720174492       0.98862905731342254     
  0.19619619619619619       0.99819445139527319       0.98815128031117949     
  0.20020020020020021       0.99813116115695955       0.98766373112014327     
  0.20420420420420421       0.99806862182901346       0.98716641456186571     
  0.20820820820820821       0.99800694150696745       0.98665933555449203     
  0.21221221221221220       0.99794628541422692       0.98614249911271146     
  0.21621621621621623       0.99788662109456072       0.98561591034770846     
  0.22022022022022023       0.99782820646816950       0.98507957446711159     
  0.22422422422422422       0.99777094656937948       0.98453349677494206     
  0.22822822822822822       0.99771512417060282       0.98397768267156138     
  0.23223223223223224       0.99766063757541135       0.98341213765361868     
  0.23623623623623624       0.99760774975596445       0.98283686731399489     
  0.24024024024024024       0.99755638556981363       0.98225187734174813     
  0.24424424424424424       0.99750676467973565       0.98165717352205828     
  0.24824824824824826       0.99745885278059099       0.98105276173616818     
  0.25225225225225223       0.99741281895893397       0.98043864796132674     
  0.25625625625625625       0.99736867077443148       0.97981483827072957     
  0.26026026026026028       0.99732653011592098       0.97918133883345804     
  0.26426426426426425       0.99728643942819861       0.97853815591441973     
  0.26826826826826827       0.99724848227944718       0.97788529587428519     
  0.27227227227227230       0.99721272561636820       0.97722276516942586     
  0.27627627627627627       0.99717922556094130       0.97655057035184956     
  0.28028028028028029       0.99714806254922395       0.97586871806913633     
  0.28428428428428426       0.99711927541383272       0.97517721506437238     
  0.28828828828828829       0.99709294881695687       0.97447606817608334     
  0.29229229229229231       0.99706911240453289       0.97376528433816700     
  0.29629629629629628       0.99704784794479451       0.97304487057982403     
  0.30030030030030030       0.99702918171677879       0.97231483402548924     
  0.30430430430430433       0.99701318805913353       0.97157518189476044     
  0.30830830830830830       0.99699989308890258       0.97082592150232794     
  0.31231231231231232       0.99698936150372430       0.97006706025790113     
  0.31631631631631629       0.99698162072589180       0.96929860566613568     
  0.32032032032032032       0.99697672495971801       0.96852056532656006     
  0.32432432432432434       0.99697470312113701       0.96773294693349898     
  0.32832832832832831       0.99697559937283020       0.96693575827599854     
  0.33233233233233234       0.99697944301441055       0.96612900723774819     
  0.33633633633633636       0.99698626958413472       0.96531270179700357     
  0.34034034034034033       0.99699610785958437       0.96448685002650714     
  0.34434434434434436       0.99700898570297247       0.96365146009340885     
  0.34834834834834832       0.99702493027048256       0.96280654025918455     
  0.35235235235235235       0.99704396301230791       0.96195209887955491     
  0.35635635635635637       0.99706610823443853       0.96108814440440293     
  0.36036036036036034       0.99709138221531057       0.96021468537768961     
  0.36436436436436437       0.99711980553731838       0.95933173043737041     
  0.36836836836836839       0.99715139005659170       0.95843928831530878     
  0.37237237237237236       0.99718615218363094       0.95753736783719101     
  0.37637637637637639       0.99722409985117733       0.95662597792243798     
  0.38038038038038036       0.99726524500926117       0.95570512758411708     
  0.38438438438438438       0.99730959208430459       0.95477482592885377     
  0.38838838838838841       0.99735714833412115       0.95383508215674051     
  0.39239239239239238       0.99740791499555415       0.95288590556124697     
  0.39639639639639640       0.99746189465398172       0.95192730552912663     
  0.40040040040040042       0.99751908536882716       0.95095929154032544     
  0.40440440440440439       0.99757948529455942       0.94998187316788707     
  0.40840840840840842       0.99764308921688183       0.94899506007785894     
  0.41241241241241239       0.99770989115754694       0.94799886202919548     
  0.41641641641641641       0.99777988260558925       0.94699328887366341     
  0.42042042042042044       0.99785305358421672       0.94597835055574242     
  0.42442442442442441       0.99792939235722489       0.94495405711252856     
  0.42842842842842843       0.99800888509559860       0.94392041867363297     
  0.43243243243243246       0.99809151688977760       0.94287744546108421     
  0.43643643643643643       0.99817727027905001       0.94182514778922499     
  0.44044044044044045       0.99826612710602280       0.94076353606461094     
  0.44444444444444442       0.99835806655796855       0.93969262078590843     
  0.44844844844844844       0.99845306719259996       0.93861241254378935     
  0.45245245245245247       0.99855110506968836       0.93752292202082743     
  0.45645645645645644       0.99865215549931330       0.93642415999139239     
  0.46046046046046046       0.99875619154367146       0.93531613732154295     
  0.46446446446446449       0.99886318538933139       0.93419886496891991     
  0.46846846846846846       0.99897310716872001       0.93307235398263733     
  0.47247247247247248       0.99908592609226554       0.93193661550317397     
  0.47647647647647645       0.99920160943229308       0.93079166076226205     
  0.48048048048048048       0.99932012356952571       0.92963750108277710     
  0.48448448448448450       0.99944143301158961       0.92847414787862570     
  0.48848848848848847       0.99956550139636757       0.92730161265463229     
  0.49249249249249250       0.99969229060596965       0.92611990700642588     
  0.49649649649649652       0.99982176160907821       0.92492904262032505     
  0.50050050050050054       0.99995387378681411       0.92372903127322259     
  0.50450450450450446        1.0000885855369339       0.92251988483246872     
  0.50850850850850848        1.0002258538459512       0.92130161525575405     
  0.51251251251251251        1.0003656346291752       0.92007423459099136     
  0.51651651651651653        1.0005078826010212       0.91883775497619602     
  0.52052052052052056        1.0006525513132609       0.91759218863936653     
  0.52452452452452447        1.0007995932478111       0.91633754789836308     
  0.52852852852852850        1.0009489597470793       0.91507384516078605     
  0.53253253253253252        1.0011006011289978       0.91380109292385314     
  0.53653653653653655        1.0012544666355976       0.91251930377427604     
  0.54054054054054057        1.0014105045134636       0.91122849038813569     
  0.54454454454454460        1.0015686619981898       0.90992866553075669     
  0.54854854854854851        1.0017288853576709       0.90861984205658186     
  0.55255255255255253        1.0018911199176312       0.90730203290904443     
  0.55655655655655656        1.0020553100422858       0.90597525112043986     
  0.56056056056056058        1.0022213992574120       0.90463950981179786     
  0.56456456456456461        1.0023893301135276       0.90329482219275237     
  0.56856856856856852        1.0025590443940595       0.90194120156140967     
  0.57257257257257255        1.0027304829513284       0.90057866130421826     
  0.57657657657657657        1.0029035858904540       0.89920721489583666     
  0.58058058058058060        1.0030782924567585       0.89782687589899912     
  0.58458458458458462        1.0032545411569185       0.89643765796438168     
  0.58858858858858853        1.0034322697046678       0.89503957483046792     
  0.59259259259259256        1.0036114150917201       0.89363264032341216     
  0.59659659659659658        1.0037919135702884       0.89221686835690384     
  0.60060060060060061        1.0039737006974341       0.89079227293202834     
  0.60460460460460463        1.0041567113320520       0.88935886813713039     
  0.60860860860860866        1.0043408796720523       0.88791666814767300     
  0.61261261261261257        1.0045261392500451       0.88646568722609853     
  0.61661661661661660        1.0047124229753723       0.88500593972168740     
  0.62062062062062062        1.0048996631197531       0.88353744007041513     
  0.62462462462462465        1.0050877913700820       0.88206020279481145     
  0.62862862862862867        1.0052767388005635       0.88057424250381455     
  0.63263263263263259        1.0054664359377958       0.87907957389262892     
  0.63663663663663661        1.0056568127192351       0.87757621174257761     
  0.64064064064064064        1.0058477985698218       0.87606417092095823     
  0.64464464464464466        1.0060393223478765       0.87454346638089420     
  0.64864864864864868        1.0062313124323075       0.87301411316118804     
  0.65265265265265260        1.0064236966566917       0.87147612638617244     
  0.65665665665665662        1.0066164024062814       0.86992952126555978     
  0.66066066066066065        1.0068093565412628       0.86837431309429269     
  0.66466466466466467        1.0070024855022768       0.86681051725239278     
  0.66866866866866870        1.0071957152246485       0.86523814920480835     
  0.67267267267267272        1.0073889712497650       0.86365722450126059     
  0.67667667667667664        1.0075821786341423       0.86206775877609154     
  0.68068068068068066        1.0077752620614557       0.86046976774810768     
  0.68468468468468469        1.0079681457529965       0.85886326722042616     
  0.68868868868868871        1.0081607535724404       0.85724827308031681     
  0.69269269269269274        1.0083530089471748       0.85562480129904683     
  0.69669669669669665        1.0085448349546120       0.85399286793172080     
  0.70070070070070067        1.0087361542673212       0.85235248911712413     
  0.70470470470470470        1.0089268892063479       0.85070368107756156     
  0.70870870870870872        1.0091169617260070       0.84904646011869800     
  0.71271271271271275        1.0093062934174990       0.84738084262939628     
  0.71671671671671666        1.0094948055503767       0.84570684508155602     
  0.72072072072072069        1.0096824190102078       0.84402448402995045     
  0.72472472472472471        1.0098690544106022       0.84233377611206173     
  0.72872872872872874        1.0100546319553356       0.84063473804791822     
  0.73273273273273276        1.0102390716239475       0.83892738663992727     
  0.73673673673673679        1.0104222929650208       0.83721173877271082     
  0.74074074074074070        1.0106042153347807       0.83548781141293649     
  0.74474474474474472        1.0107847576612923       0.83375562160915173     
  0.74874874874874875        1.0109638386707358       0.83201518649161366     
  0.75275275275275277        1.0111413767208977       0.83026652327212069     
  0.75675675675675680        1.0113172898731544       0.82850964924384218     
  0.76076076076076071        1.0114914959789716       0.82674458178114663     
  0.76476476476476474        1.0116639124265754       0.82497133833943037     
  0.76876876876876876        1.0118344565529689       0.82318993645494531     
  0.77277277277277279        1.0120030451175108       0.82140039374462548     
  0.77677677677677681        1.0121695949094884       0.81960272790591149     
  0.78078078078078073        1.0123340221023032       0.81779695671657793     
  0.78478478478478475        1.0124962429081088       0.81598309803455460     
  0.78878878878878878        1.0126561729512091       0.81416116979775299     
  0.79279279279279280        1.0128137278282088       0.81233119002388599     
  0.79679679679679682        1.0129688226630629       0.81049317681029232     
  0.80080080080080085        1.0131213723713288       0.80864714833375506     
  0.80480480480480476        1.0132712916407587       0.80679312285032445     
  0.80880880880880879        1.0134184946574361       0.80493111869513490     
  0.81281281281281281        1.0135628956675753       0.80306115428222591     
  0.81681681681681684        1.0137044081748812       0.80118324810435759     
  0.82082082082082086        1.0138429458753113       0.79929741873283022     
  0.82482482482482478        1.0139784216873726       0.79740368481729917     
  0.82882882882882880        1.0141107486420340       0.79550206508558996     
  0.83283283283283283        1.0142398391630998       0.79359257834351515     
  0.83683683683683685        1.0143656054874937       0.79167524347468543     
  0.84084084084084088        1.0144879596286487       0.78975007944032627     
  0.84484484484484490        1.0146068129760408       0.78781710527908688     
  0.84884884884884881        1.0147220770639303       0.78587634010685514     
  0.85285285285285284        1.0148336625299255       0.78392780311656585     
  0.85685685685685686        1.0149414802442873       0.78197151357801298     
  0.86086086086086089        1.0150454402424804       0.78000749083765841     
  0.86486486486486491        1.0151454525288521       0.77803575431843952     
  0.86886886886886883        1.0152414266626137       0.77605632351957921     
  0.87287287287287285        1.0153332716760719       0.77406921801639061     
  0.87687687687687688        1.0154208965945859       0.77207445746008641     
  0.88088088088088090        1.0155042095737901       0.77007206157758135     
  0.88488488488488493        1.0155831188666000       0.76806205017129980     
  0.88888888888888884        1.0156575319447014       0.76604444311897812     
  0.89289289289289286        1.0157273560177655       0.76401926037346957     
  0.89689689689689689        1.0157924980131914       0.76198652196254524     
  0.90090090090090091        1.0158528640526598       0.75994624798869781     
  0.90490490490490494        1.0159083602971324       0.75789845862894112     
  0.90890890890890896        1.0159588919879132       0.75584317413461199     
  0.91291291291291288        1.0160043642017451       0.75378041483116964     
  0.91691691691691690        1.0160446814820092       0.75171020111799358     
  0.92092092092092093        1.0160797476816312       0.74963255346818269     
  0.92492492492492495        1.0161094665120918       0.74754749242835361     
  0.92892892892892898        1.0161337407586422       0.74545503861843632     
  0.93293293293293289        1.0161524729493758       0.74335521273147021     
  0.93693693693693691        1.0161655650142272       0.74124803553340046     
  0.94094094094094094        1.0161729181253918       0.73913352786287123     
  0.94494494494494496        1.0161744332141991       0.73701171063102144     
  0.94894894894894899        1.0161700107217939       0.73488260482127599     
  0.95295295295295290        1.0161595502031717       0.73274623148913998     
  0.95695695695695693        1.0161429505448070       0.73060261176198882     
  0.96096096096096095        1.0161201100077171       0.72845176683886093     
  0.96496496496496498        1.0160909261551685       0.72629371799024722     
  0.96896896896896900        1.0160552958784872       0.72412848655788020     
  0.97297297297297303        1.0160131153385261       0.72195609395452465     
  0.97697697697697694        1.0159642799762854       0.71977656166376347     
  0.98098098098098097        1.0159086844661920       0.71758991123978799     
  0.98498498498498499        1.0158462227132472       0.71539616430718200     
  0.98898898898898902        1.0157767878164359       0.71319534256071038     
  0.99299299299299304        1.0157002720538257       0.71098746776510235     
  0.99699699699699695        1.0156165668546824       0.70877256175483849     
   1.0010010010010011        1.0155255627737922       0.70655064643393239     
   1.0050050050050050        1.0154271494710272       0.70432174377571666     
   1.0090090090090089        1.0153212156758777       0.70208587582262261     
   1.0130130130130131        1.0152076491734738       0.69984306468596524     
   1.0170170170170170        1.0150863367602134       0.69759333254572309     
   1.0210210210210211        1.0149571642352564       0.69533670165031780     
   1.0250250250250250        1.0148200163480359       0.69307319431639725     
   1.0290290290290289        1.0146747767943960       0.69080283292861089     
   1.0330330330330331        1.0145213281566898       0.68852563993939231     
   1.0370370370370370        1.0143595519037421       0.68624163786873360     
   1.0410410410410411        1.0141893283242196       0.68395084930396588     
   1.0450450450450450        1.0140105365296639       0.68165329689953280     
   1.0490490490490489        1.0138230543816804       0.67934900337676996     
   1.0530530530530531        1.0136267584974570       0.67703799152367639     
   1.0570570570570570        1.0134215241712112       0.67472028419469277     
   1.0610610610610611        1.0132072253816025       0.67239590431047247     
   1.0650650650650650        1.0129837347079462       0.67006487485765720     
   1.0690690690690692        1.0127509233388816       0.66772721888864850     
   1.0730730730730731        1.0125086609838587       0.66538295952137927     
   1.0770770770770770        1.0122568158824301       0.66303211993908673     
   1.0810810810810811        1.0119952547115501       0.66067472339008138     
   1.0850850850850851        1.0117238425948099       0.65831079318751895     
   1.0890890890890892        1.0114424430060516       0.65594035270916762     
   1.0930930930930931        1.0111509177780402       0.65356342539717938     
   1.0970970970970970        1.0108491270026769       0.65118003475785569     
   1.1011011011011012        1.0105369290387654       0.64879020436141710     
   1.1051051051051051        1.0102141804090083       0.64639395784176923     
   1.1091091091091092        1.0098807358066395       0.64399131889626848     
   1.1131131131131131        1.0095364479892648       0.64158231128548826     
   1.1171171171171170        1.0091811677841567       0.63916695883298480     
   1.1211211211211212        1.0088147439790980       0.63674528542506059     
   1.1251251251251251        1.0084370233260476       0.63431731501052790     
   1.1291291291291292        1.0080478504292134       0.63188307160047219     
   1.1331331331331331        1.0076470677467415       0.62944257926801572     
   1.1371371371371370        1.0072345154762570       0.62699586214807856     
   1.1411411411411412        1.0068100315542647       0.62454294443713887     
   1.1451451451451451        1.0063734515394136       0.62208385039299618     
   1.1491491491491492        1.0059246086092508       0.61961860433452864     
   1.1531531531531531        1.0054633334415111       0.61714723064145538     
   1.1571571571571571        1.0049894542078002       0.61466975375409227     
   1.1611611611611612        1.0045027964533626       0.61218619817311382     
   1.1651651651651651        1.0040031830871736       0.60969658845930685     
   1.1691691691691692        1.0034904342606144       0.60720094923333146     
   1.1731731731731732        1.0029643673535542       0.60469930517547543     
   1.1771771771771771        1.0024247968523103       0.60219168102540976     
   1.1811811811811812        1.0018715343313396       0.59967810158194490     
   1.1851851851851851        1.0013043883309012       0.59715859170278607     
   1.1891891891891893        1.0007231643338008       0.59463317630428669     
   1.1931931931931932        1.0001276646434911       0.59210188036120104     
   1.1971971971971973       0.99951768835509680       0.58956472890643952     
   1.2012012012012012       0.99889303123477657       0.58702174703081855     
   1.2052052052052051       0.99825348568425698       0.58447295988281511     
   1.2092092092092093       0.99759884062229298       0.58191839266831502     
   1.2132132132132132       0.99692888144195801       0.57935807065036715     
   1.2172172172172173       0.99624338989512573       0.57679201914892964     
   1.2212212212212212       0.99554214404158692       0.57422026354062339     
   1.2252252252252251       0.99482491813772111       0.57164282925847876     
   1.2292292292292293       0.99409148257634528       0.56905974179168362     
   1.2332332332332332       0.99334160378094427       0.56647102668533400     
   1.2372372372372373       0.99257504413494524       0.56387670954017777     
   1.2412412412412412       0.99179156188313566       0.56127681601236523     
   1.2452452452452452       0.99099091104892756       0.55867137181319193     
   1.2492492492492493       0.99017284134461381       0.55606040270884771     
   1.2532532532532532       0.98933709807532666       0.55344393452015839     
   1.2572572572572573       0.98848342205966222       0.55082199312233371     
   1.2612612612612613       0.98761154951916041       0.54819460444470980     
   1.2652652652652652       0.98672121201083807       0.54556179447049202     
   1.2692692692692693       0.98581213630098252       0.54292358923649942     
   1.2732732732732732       0.98488404431126564       0.54028001483290677     
   1.2772772772772774       0.98393665297558686       0.53763109740298687     
   1.2812812812812813       0.98296967420145409       0.53497686314285187     
   1.2852852852852852       0.98198281470878779       0.53231733830119210     
   1.2892892892892893       0.98097577600803476       0.52965254917902038     
   1.2932932932932932       0.97994825422022125       0.52698252212940966     
   1.2972972972972974       0.97889994007288117       0.52430728355723166     
   1.3013013013013013       0.97783051870110738       0.52162685991889790     
   1.3053053053053052       0.97673966966203263       0.51894127772209575     
   1.3093093093093093       0.97562706671704957       0.51625056352552856     
   1.3133133133133132       0.97449237786507892       0.51355474393865164     
   1.3173173173173174       0.97333526510692825       0.51085384562140879     
   1.3213213213213213       0.97215538449669869       0.50814789528396931     
   1.3253253253253254       0.97095238589029642       0.50543691968646431     
   1.3293293293293293       0.96972591301329902       0.50272094563872183     
   1.3333333333333333       0.96847560319685211       0.50000000000000033     
   1.3373373373373374       0.96720108745904521       0.49727410967872421     
   1.3413413413413413       0.96590199023289369       0.49454330163221866     
   1.3453453453453454       0.96457792945679266       0.49180760286644143     
   1.3493493493493494       0.96322851630099771       0.48906704043571680     
   1.3533533533533533       0.96185335526090077       0.48632164144246692     
   1.3573573573573574       0.96045204389056305       0.48357143303694439     
   1.3613613613613613       0.95902417289028630       0.48081644241696458     
   1.3653653653653655       0.95756932585831112       0.47805669682763607     
   1.3693693693693694       0.95608707936151693       0.47529222356109019     
   1.3733733733733733       0.95457700271932044       0.47252304995621203     
   1.3773773773773774       0.95303865804329257       0.46974920339837073     
   1.3813813813813813       0.95147160007062836       0.46697071131914814     
   1.3853853853853855       0.94987537615508577       0.46418760119606600     
   1.3893893893893894       0.94824952617102776       0.46139990055231739     
   1.3933933933933933       0.94659358243434744       0.45860763695649082     
   1.3973973973973974       0.94490706970212868       0.45581083802230099     
   1.4014014014014013       0.94318950499815157       0.45300953140831446     
   1.4054054054054055       0.94144039773743826       0.45020374481767350     
   1.4094094094094094       0.93965924942674084       0.44739350599782696     
   1.4134134134134133       0.93784555394758873       0.44457884274025250     
   1.4174174174174174       0.93599879709792011       0.44175978288018319     
   1.4214214214214214       0.93411845707148056       0.43893635429633082     
   1.4254254254254255       0.93220400380276558       0.43610858491061116     
   1.4294294294294294       0.93025489968450925       0.43327650268786849     
   1.4334334334334333       0.92827059867457073       0.43044013563559824     
   1.4374374374374375       0.92625054729651812       0.42759951180366951     
   1.4414414414414414       0.92419418346437321       0.42475465928404799     
   1.4454454454454455       0.92210093781349967       0.42190560621051937     
   1.4494494494494494       0.91997023219772378       0.41905238075840973     
   1.4534534534534536       0.91780148139831796       0.41619501114430768     
   1.4574574574574575       0.91559409124861924       0.41333352562578418     
   1.4614614614614614       0.91334746076700890       0.41046795250111390     
   1.4654654654654655       0.91106097986767520       0.40759832010899610     
   1.4694694694694694       0.90873403195823710       0.40472465682827363     
   1.4734734734734736       0.90636599120264327       0.40184699107765148     
   1.4774774774774775       0.90395622561444555       0.39896535131541649     
   1.4814814814814814       0.90150409385024555       0.39607976603915679     
   1.4854854854854855       0.89900894881411697       0.39319026378547872     
   1.4894894894894894       0.89647013397907671       0.39029687312972589     
   1.4934934934934936       0.89388698749515050       0.38739962268569328     
   1.4974974974974975       0.89125883806381490       0.38449854110534909     
   1.5015015015015014       0.88858500950978969       0.38159365707854875     
   1.5055055055055055       0.88586481627138425       0.37868499933275013     
   1.5095095095095095       0.88309756835184083       0.37577259663273255     
   1.5135135135135136       0.88028256653976555       0.37285647778030873     
   1.5175175175175175       0.87741910759688124       0.36993667161404314     
   1.5215215215215214       0.87450647939013493       0.36701320700896550     
   1.5255255255255256       0.87154396609591889       0.36408611287628412     
   1.5295295295295295       0.86853084351255083       0.36115541816310132     
   1.5335335335335336       0.86546638396247932       0.35822115185212744     
   1.5375375375375375       0.86234985216476667       0.35528334296139380     
   1.5415415415415414       0.85918050939220658       0.35234202054396474     
   1.5455455455455456       0.85595761042278462       0.34939721368765114     
   1.5495495495495495       0.85268040635300457       0.34644895151472355     
   1.5535535535535536       0.84934814332044528       0.34349726318162310     
   1.5575575575575575       0.84596006318222372       0.34054217787867375     
   1.5615615615615615       0.84251540491372989       0.33758372482979260     
   1.5655655655655656       0.83901340212561093       0.33462193329220158     
   1.5695695695695695       0.83545328830341592       0.33165683255613898     
   1.5735735735735736       0.83183428985052810       0.32868845194456903     
   1.5775775775775776       0.82815563664735947       0.32571682081289088     
   1.5815815815815817       0.82441654896335292       0.32274196854864945     
   1.5855855855855856       0.82061625519090242       0.31976392457124525     
   1.5895895895895895       0.81675397055800902       0.31678271833164295     
   1.5935935935935936       0.81282892434066434       0.31379837931207866     
   1.5975975975975976       0.80884032781914783       0.31081093702577139     
   1.6016016016016017       0.80478741380340879       0.30782042101662782     
   1.6056056056056056       0.80066939069968590       0.30482686085895305     
   1.6096096096096095       0.79648549780758582       0.30183028615715729     
   1.6136136136136137       0.79223494168812558       0.29883072654546011     
   1.6176176176176176       0.78791697142069939       0.29582821168760254     
   1.6216216216216217       0.78353079267638170       0.29282277127655032     
   1.6256256256256256       0.77907566797068384       0.28981443503420135     
   1.6296296296296295       0.77455080293367706       0.28680323271109065     
   1.6336336336336337       0.76995547757409200       0.28378919408609704     
   1.6376376376376376       0.76528889818644863       0.28077234896614933     
   1.6416416416416417       0.76055036676808174       0.27775272718593036     
   1.6456456456456456       0.75573909079818680       0.27473035860758332     
   1.6496496496496496       0.75085439923690589       0.27170527312041282     
   1.6536536536536537       0.74589550103660207       0.26867750064059459     
   1.6576576576576576       0.74086175761689332       0.26564707111087615     
   1.6616616616616617       0.73575237940861016       0.26261401450028199     
   1.6656656656656657       0.73056676635676765       0.25957836080381591     
   1.6696696696696696       0.72530413003626992       0.25654014004216519     
   1.6736736736736737       0.71996391560260897       0.25349938226140467     
   1.6776776776776776       0.71454533503905748       0.25045611753269870     
   1.6816816816816818       0.70904788606879310       0.24741037595200283     
   1.6856856856856857       0.70347077987972306       0.24436218763976714     
   1.6896896896896898       0.69781357484794071       0.24131158274063927     
   1.6936936936936937       0.69207547962247373       0.23825859142316480     
   1.6976976976976976       0.68625612210421638       0.23520324387949043     
   1.7017017017017018       0.68035470604339132       0.23214557032506186     
   1.7057057057057057       0.67437093858532460       0.22908560099833006     
   1.7097097097097098       0.66830401552384189       0.22602336616044894     
   1.7137137137137137       0.66215373387927368       0.22295889609497727     
   1.7177177177177176       0.65591927764824187       0.21989222110757800     
   1.7217217217217218       0.64960054533243505       0.21682337152571932     
   1.7257257257257257       0.64319670441788024       0.21375237769837560     
   1.7297297297297298       0.63670776753569469       0.21067926999572606     
   1.7337337337337337       0.63013287998270018       0.20760407880885565     
   1.7377377377377377       0.62347218227558676       0.20452683454945109     
   1.7417417417417418       0.61672479078295939       0.20144756764950522     
   1.7457457457457457       0.60989098883729775       0.19836630856101312     
   1.7497497497497498       0.60296985598266883       0.19528308775567005     
   1.7537537537537538       0.59596183453636120       0.19219793572457314     
   1.7577577577577577       0.58886595806663611       0.18911088297791637     
   1.7617617617617618       0.58168284534582604       0.18602196004469188     
   1.7657657657657657       0.57441147346292665       0.18293119747238676     
   1.7697697697697699       0.56705265647569625       0.17983862582668017     
   1.7737737737737738       0.55960530304265643       0.17674427569114179     
   1.7777777777777777       0.55207044275163164       0.17364817766693028     
   1.7817817817817818       0.54444690233930315       0.17055036237248988     
   1.7857857857857857       0.53673594863029461       0.16745086044324664     
   1.7897897897897899       0.52893631132028274       0.16434970253130635     
   1.7937937937937938       0.52104951767945173       0.16124691930515228     
   1.7977977977977977       0.51307418353444045       0.15814254144934106     
   1.8018018018018018       0.50501212134205642       0.15503659966419786     
   1.8058058058058057       0.49686181445046707       0.15192912466551589     
   1.8098098098098099       0.48862538679515760       0.14882014718424907     
   1.8138138138138138       0.48030116879315282       0.14570969796621130     
   1.8178178178178179       0.47189162370669480       0.14259780777177095     
   1.8218218218218218       0.46339490667693845       0.13948450737554591     
   1.8258258258258258       0.45481384968615962       0.13636982756610005     
   1.8298298298298299       0.44614640832955837       0.13325379914563965     
   1.8338338338338338       0.43739581421886153       0.13013645292970785     
   1.8378378378378379       0.42855979719276016       0.12701781974687870     
   1.8418418418418419       0.41964202086821867       0.12389793043845529     
   1.8458458458458458       0.41063996118230073       0.12077681585816115     
   1.8498498498498499       0.40155774752626067       0.11765450687183837     
   1.8538538538538538       0.39239257188576254       0.11453103435714140     
   1.8578578578578580       0.38314906448950103       0.11140642920322855     
   1.8618618618618619       0.37382410147435691       0.10828072231046192     
   1.8658658658658658       0.36442285013565440       0.10515394459009815     
   1.8698698698698699       0.35494183710391997       0.10202612696398421     
   1.8738738738738738       0.34538680397647836        9.8897300364250137E-002
   1.8778778778778780       0.33575389258090854        9.5767495733004110E-002
   1.8818818818818819       0.32604945686347192        9.2636744022027262E-002
   1.8858858858858858       0.31626921707152911        8.9505076192466795E-002
   1.8898898898898899       0.30642017812640804        8.6372523214528804E-002
   1.8938938938938938       0.29649760063632385        8.3239116067172991E-002
   1.8978978978978980       0.28650917942987814        8.0104885737807094E-002
   1.9019019019019019       0.27644967637876239        7.6969863221979185E-002
   1.9059059059059058       0.26632751514032976        7.3834079523072429E-002
   1.9099099099099099       0.25613691900479879        7.0697565651994948E-002
   1.9139139139139139       0.24588707900565895        6.7560352626878470E-002
   1.9179179179179180       0.23557163960110689        6.4422471472768014E-002
   1.9219219219219219       0.22520059696141223        6.1283953221316440E-002
   1.9259259259259258       0.21476697645294859        5.8144828910476183E-002
   1.9299299299299300       0.20428161589221283        5.5005129584193228E-002
   1.9339339339339339       0.19373688173851186        5.1864886292100981E-002
   1.9379379379379380       0.18314448819429119        4.8724130089211899E-002
   1.9419419419419419       0.17249610395518639        4.5582892035611673E-002
   1.9459459459459461       0.16180435200508786        4.2441203196148525E-002
   1.9499499499499500       0.15106016595475416        3.9299094640131337E-002
   1.9539539539539539       0.14027710698893184        3.6156597441019275E-002
   1.9579579579579580       0.12944533848888221        3.3013742676113601E-002
   1.9619619619619619       0.11857938559396276        2.9870561426253450E-002
   1.9659659659659661       0.10766860919348668        2.6727084775504926E-002
   1.9699699699699700        9.6728519725072959E-002   2.3583343810856781E-002
   1.9739739739739739        8.5747646970818381E-002   2.0439369621911660E-002
   1.9779779779779780        7.4742502805955180E-002   1.7295193300577764E-002
   1.9819819819819819        6.3700761788274080E-002   1.4150845940762258E-002
   1.9859859859859861        5.2639947109723396E-002   1.1006358638064652E-002
   1.9899899899899900        4.1546860487658641E-002   7.8617624894684063E-003
   1.9939939939939939        3.0440034244160037E-002   4.7170885930325071E-003
   1.9979979979979980        1.9305406133662120E-002   1.5723680475848198E-003
   2.0020020020020022        8.1624362587010991E-003  -1.5723680475845747E-003
   2.0060060060060061       -3.0035597912634691E-003  -4.7170885930322625E-003
   2.0100100100100100       -1.4172932054705803E-002  -7.8617624894681600E-003
   2.0140140140140139       -2.5358982207860214E-002  -1.1006358638064406E-002
   2.0180180180180178       -3.6542935389767432E-002  -1.4150845940762012E-002
   2.0220220220220222       -4.7737168527007823E-002  -1.7295193300577522E-002
   2.0260260260260261       -5.8923802346231929E-002  -2.0439369621911417E-002
   2.0300300300300300       -7.0114309927336957E-002  -2.3583343810856538E-002
   2.0340340340340339       -8.1291703411101535E-002  -2.6727084775504683E-002
   2.0380380380380378       -9.2466569977016355E-002  -2.9870561426253207E-002
   2.0420420420420422      -0.10362280457091182       -3.3013742676113789E-002
   2.0460460460460461      -0.11477013610277678       -3.6156597441019026E-002
   2.0500500500500500      -0.12589333211421389       -3.9299094640131087E-002
   2.0540540540540539      -0.13700129713120904       -4.2441203196148275E-002
   2.0580580580580579      -0.14807965804489320       -4.5582892035610979E-002
   2.0620620620620622      -0.15913653324259666       -4.8724130089212093E-002
   2.0660660660660661      -0.17015839296943114       -5.1864886292100738E-002
   2.0700700700700700      -0.18115261113407402       -5.5005129584192979E-002
   2.0740740740740740      -0.19210648308357212       -5.8144828910475933E-002
   2.0780780780780779      -0.20302668248484002       -6.1283953221315746E-002
   2.0820820820820822      -0.21390130969157189       -6.4422471472768209E-002
   2.0860860860860861      -0.22473638420782008       -6.7560352626878220E-002
   2.0900900900900901      -0.23552078990949302       -7.0697565651994698E-002
   2.0940940940940940      -0.24625993946485886       -7.3834079523071736E-002
   2.0980980980980979      -0.25694347766840459       -7.6969863221978935E-002
   2.1021021021021022      -0.26757625799271911       -8.0104885737806844E-002
   2.1061061061061062      -0.27814866217739670       -8.3239116067172741E-002
   2.1101101101101101      -0.28866503155990958       -8.6372523214528554E-002
   2.1141141141141140      -0.29911646012254106       -8.9505076192466101E-002
   2.1181181181181179      -0.30950682464322693       -9.2636744022027012E-002
   2.1221221221221223      -0.31982790870112027       -9.5767495733003860E-002
   2.1261261261261262      -0.33008317490283212       -9.8897300364249888E-002
   2.1301301301301301      -0.34026507749422608      -0.10202612696398396     
   2.1341341341341340      -0.35037671681486610      -0.10515394459009790     
   2.1381381381381384      -0.36041119890706252      -0.10828072231046167     
   2.1421421421421423      -0.37037130897735882      -0.11140642920322831     
   2.1461461461461462      -0.38025077956792164      -0.11453103435714115     
   2.1501501501501501      -0.39005211751332869      -0.11765450687183812     
   2.1541541541541540      -0.39976964759805411      -0.12077681585816090     
   2.1581581581581584      -0.40940562512705347      -0.12389793043845504     
   2.1621621621621623      -0.41895492753570801      -0.12701781974687892     
   2.1661661661661662      -0.42841958066867625      -0.13013645292970763     
   2.1701701701701701      -0.43779497547305390      -0.13325379914563942     
   2.1741741741741740      -0.44708293045662778      -0.13636982756609983     
   2.1781781781781784      -0.45627931493672669      -0.13948450737554569     
   2.1821821821821823      -0.46538576399407311      -0.14259780777177072     
   2.1861861861861862      -0.47439859459148331      -0.14570969796621108     
   2.1901901901901901      -0.48331928335983826      -0.14882014718424885     
   2.1941941941941940      -0.49214456741821860      -0.15192912466551567     
   2.1981981981981984      -0.50087578957033907      -0.15503659966419808     
   2.2022022022022023      -0.50951008156972710      -0.15814254144934084     
   2.2062062062062062      -0.51804867558502743      -0.16124691930515206     
   2.2102102102102101      -0.52648907366719899      -0.16434970253130612     
   2.2142142142142140      -0.53483241856753982      -0.16745086044324597     
   2.2182182182182184      -0.54307655913202257      -0.17055036237248966     
   2.2222222222222223      -0.55122256775124667      -0.17364817766693005     
   2.2262262262262262      -0.55926861728011945      -0.17674427569114157     
   2.2302302302302301      -0.56721572663096687      -0.17983862582667995     
   2.2342342342342341      -0.57506237057217213      -0.18293119747238654     
   2.2382382382382384      -0.58280952930541496      -0.18602196004469207     
   2.2422422422422423      -0.59045595811152762      -0.18911088297791614     
   2.2462462462462462      -0.59800261122524156      -0.19219793572457292     
   2.2502502502502502      -0.60544850374495540      -0.19528308775566983     
   2.2542542542542541      -0.61279457476603616      -0.19836630856101248     
   2.2582582582582584      -0.62004007922932747      -0.20144756764950500     
   2.2622622622622623      -0.62718595012150902      -0.20452683454945086     
   2.2662662662662663      -0.63423166298450606      -0.20760407880885542     
   2.2702702702702702      -0.64117815205754358      -0.21067926999572584     
   2.2742742742742741      -0.64802509498987193      -0.21375237769837538     
   2.2782782782782784      -0.65477343309824609      -0.21682337152571909     
   2.2822822822822824      -0.66142302840636380      -0.21989222110757778     
   2.2862862862862863      -0.66797483373386590      -0.22295889609497704     
   2.2902902902902902      -0.67442887851911326      -0.22602336616044871     
   2.2942942942942941      -0.68078613024825341      -0.22908560099832984     
   2.2982982982982985      -0.68704676959829658      -0.23214557032506164     
   2.3023023023023024      -0.69321178076096068      -0.23520324387949024     
   2.3063063063063063      -0.69928148026828407      -0.23825859142316458     
   2.3103103103103102      -0.70525687006675586      -0.24131158274063905     
   2.3143143143143141      -0.71113838795833173      -0.24436218763976694     
   2.3183183183183185      -0.71692705383422106      -0.24741037595200260     
   2.3223223223223224      -0.72262341298291288      -0.25045611753269847     
   2.3263263263263263      -0.72822850269621997      -0.25349938226140445     
   2.3303303303303302      -0.73374296276749218      -0.25654014004216497     
   2.3343343343343341      -0.73916784672959912      -0.25957836080381524     
   2.3383383383383385      -0.74450387669732321      -0.26261401450028221     
   2.3423423423423424      -0.74975212078079156      -0.26564707111087593     
   2.3463463463463463      -0.75491337202399322      -0.26867750064059437     
   2.3503503503503502      -0.75998871104930799      -0.27170527312041259     
   2.3543543543543541      -0.76497899121825552      -0.27473035860758266     
   2.3583583583583585      -0.76988530329371607      -0.27775272718593058     
   2.3623623623623624      -0.77470855110942216      -0.28077234896614911     
   2.3663663663663663      -0.77944983297584525      -0.28378919408609682     
   2.3703703703703702      -0.78411009410239441      -0.28680323271108998     
   2.3743743743743742      -0.78869043760971413      -0.28981443503420068     
   2.3783783783783785      -0.79319184171440194      -0.29282277127655010     
   2.3823823823823824      -0.79761541153311932      -0.29582821168760237     
   2.3863863863863863      -0.80196215062560572      -0.29883072654545989     
   2.3903903903903903      -0.80623316327275207      -0.30183028615715662     
   2.3943943943943946      -0.81042947139171306      -0.30482686085895327     
   2.3983983983983985      -0.81455217562895621      -0.30782042101662760     
   2.4024024024024024      -0.81860230992335459      -0.31081093702577117     
   2.4064064064064064      -0.82258096856428509      -0.31379837931207849     
   2.4104104104104103      -0.82648919179662106      -0.31678271833164234     
   2.4144144144144146      -0.83032806494139388      -0.31976392457124503     
   2.4184184184184185      -0.83409862942231960      -0.32274196854864923     
   2.4224224224224224      -0.83780195912078637      -0.32571682081289072     
   2.4264264264264264      -0.84143909206835921      -0.32868845194456880     
   2.4304304304304303      -0.84501108839769523      -0.33165683255613876     
   2.4344344344344346      -0.84851897870038262      -0.33462193329220136     
   2.4384384384384385      -0.85196380723002518      -0.33758372482979238     
   2.4424424424424425      -0.85534659358033560      -0.34054217787867352     
   2.4464464464464464      -0.85866836418576897      -0.34349726318162288     
   2.4504504504504503      -0.86193012454103879      -0.34644895151472338     
   2.4544544544544546      -0.86513288151854439      -0.34939721368765092     
   2.4584584584584586      -0.86827762383687479      -0.35234202054396457     
   2.4624624624624625      -0.87136533726370635      -0.35528334296139358     
   2.4664664664664664      -0.87439699145623406      -0.35822115185212722     
   2.4704704704704703      -0.87737354973466164      -0.36115541816310109     
   2.4744744744744747      -0.88029596077009886      -0.36408611287628395     
   2.4784784784784786      -0.88316516428928371      -0.36701320700896528     
   2.4824824824824825      -0.88598208638289544      -0.36993667161404292     
   2.4864864864864864      -0.88874764222944613      -0.37285647778030850     
   2.4904904904904903      -0.89146273404614740      -0.37577259663273233     
   2.4944944944944947      -0.89412825169233001      -0.37868499933275035     
   2.4984984984984986      -0.89674507249228153      -0.38159365707854853     
   2.5025025025025025      -0.89931406039005812      -0.38449854110534887     
   2.5065065065065064      -0.90183606704483221      -0.38739962268569306     
   2.5105105105105103      -0.90431193005406929      -0.39029687312972527     
   2.5145145145145147      -0.90674247486203952      -0.39319026378547894     
   2.5185185185185186      -0.90912851244217019      -0.39607976603915657     
   2.5225225225225225      -0.91147084167307879      -0.39896535131541627     
   2.5265265265265264      -0.91377024676913821      -0.40184699107765126     
   2.5305305305305303      -0.91602749986973109      -0.40472465682827302     
   2.5345345345345347      -0.91824335842586224      -0.40759832010899633     
   2.5385385385385386      -0.92041856782090259      -0.41046795250111373     
   2.5425425425425425      -0.92255385885706087      -0.41333352562578402     
   2.5465465465465464      -0.92464995028282881      -0.41619501114430751     
   2.5505505505505504      -0.92670754647336695      -0.41905238075840956     
   2.5545545545545547      -0.92872733978387234      -0.42190560621051959     
   2.5585585585585586      -0.93071000847990770      -0.42475465928404776     
   2.5625625625625625      -0.93265621886934669      -0.42759951180366890     
   2.5665665665665665      -0.93456662351019615      -0.43044013563559802     
   2.5705705705705704      -0.93644186309863864      -0.43327650268786827     
   2.5745745745745747      -0.93828256496110440      -0.43610858491061100     
   2.5785785785785786      -0.94008934469391459      -0.43893635429633066     
   2.5825825825825826      -0.94186280493172125      -0.44175978288018303     
   2.5865865865865865      -0.94360353674676789      -0.44457884274025233     
   2.5905905905905904      -0.94531211867599130      -0.44739350599782673     
   2.5945945945945947      -0.94698911789619666      -0.45020374481767333     
   2.5985985985985987      -0.94863508948600561      -0.45300953140831385     
   2.6026026026026026      -0.95025057739824748      -0.45581083802230121     
   2.6066066066066065      -0.95183611392966971      -0.45860763695649065     
   2.6106106106106104      -0.95339222051439165      -0.46139990055231678     
   2.6146146146146148      -0.95491940737311665      -0.46418760119606622     
   2.6186186186186187      -0.95641817415223196      -0.46697071131914791     
   2.6226226226226226      -0.95788900972461011      -0.46974920339837051     
   2.6266266266266265      -0.95933239269838566      -0.47252304995621180     
   2.6306306306306309      -0.96074879134280988      -0.47529222356109002     
   2.6346346346346348      -0.96213866398933801      -0.47805669682763591     
   2.6386386386386387      -0.96350245905804754      -0.48081644241696481     
   2.6426426426426426      -0.96484061537171129      -0.48357143303694416     
   2.6466466466466465      -0.96615356226074889      -0.48632164144246637     
   2.6506506506506509      -0.96744171980868554      -0.48906704043571703     
   2.6546546546546548      -0.96870549901625469      -0.49180760286644165     
   2.6586586586586587      -0.96994530199426188      -0.49454330163221849     
   2.6626626626626626      -0.97116152217010554      -0.49727410967872404     
   2.6666666666666665      -0.97235454444171077      -0.49999999999999972     
   2.6706706706706709      -0.97352474541229861      -0.50272094563872161     
   2.6746746746746748      -0.97467249351680696      -0.50543691968646454     
   2.6786786786786787      -0.97579814927314412      -0.50814789528396909     
   2.6826826826826826      -0.97690206539042468      -0.51085384562140823     
   2.6866866866866865      -0.97798458702715318      -0.51355474393865141     
   2.6906906906906909      -0.97904605188870708      -0.51625056352552878     
   2.6946946946946948      -0.98008679048486746      -0.51894127772209564     
   2.6986986986986987      -0.98110712622232588      -0.52162685991889768     
   2.7027027027027026      -0.98210737565570005      -0.52430728355723144     
   2.7067067067067065      -0.98308784857940545      -0.52698252212940910     
   2.7107107107107109      -0.98404884826777550      -0.52965254917902060     
   2.7147147147147148      -0.98499067156942410      -0.53231733830119188     
   2.7187187187187187      -0.98591360913334536      -0.53497686314285131     
   2.7227227227227226      -0.98681794550788149      -0.53763109740298709     
   2.7267267267267266      -0.98770395935072197      -0.54028001483290666     
   2.7307307307307309      -0.98857192353376300      -0.54292358923649919     
   2.7347347347347348      -0.98942210533578245      -0.54556179447049191     
   2.7387387387387387      -0.99025476655382338      -0.54819460444470958     
   2.7427427427427427      -0.99107016367799095      -0.55082199312233360     
   2.7467467467467466      -0.99186854800949531      -0.55344393452015828     
   2.7507507507507509      -0.99265016581754895      -0.55606040270884749     
   2.7547547547547548      -0.99341525846381329      -0.55867137181319182     
   2.7587587587587588      -0.99416406254177991      -0.56127681601236501     
   2.7627627627627627      -0.99489681000710295      -0.56387670954017755     
   2.7667667667667666      -0.99561372830013284      -0.56647102668533345     
   2.7707707707707709      -0.99631504048143693      -0.56905974179168384     
   2.7747747747747749      -0.99700096533835225      -0.57164282925847854     
   2.7787787787787788      -0.99767171752489303      -0.57422026354062317     
   2.7827827827827827      -0.99832750765331824      -0.57679201914892952     
   2.7867867867867866      -0.99896854243757005      -0.57935807065036660     
   2.7907907907907910      -0.99959502477092188      -0.58191839266831491     
   2.7947947947947949       -1.0002071538720887      -0.58447295988281489     
   2.7987987987987988       -1.0008051253500483      -0.58702174703081833     
   2.8028028028028027       -1.0013891313519816      -0.58956472890643896     
   2.8068068068068066       -1.0019593606163519      -0.59210188036120082     
   2.8108108108108110       -1.0025159986218963      -0.59463317630428647     
   2.8148148148148149       -1.0030592276299981      -0.59715859170278585     
   2.8188188188188188       -1.0035892268340172      -0.59967810158194468     
   2.8228228228228227       -1.0041061723919460      -0.60219168102540921     
   2.8268268268268266       -1.0046102375754495      -0.60469930517547521     
   2.8308308308308310       -1.0051015927937084      -0.60720094923333168     
   2.8348348348348349       -1.0055804057416269      -0.60969658845930674     
   2.8388388388388388       -1.0060468414157115      -0.61218619817311326     
   2.8428428428428427       -1.0065010622609747      -0.61466975375409216     
   2.8468468468468466       -1.0069432281796162      -0.61714723064145482     
   2.8508508508508510       -1.0073734966762447      -0.61961860433452842     
   2.8548548548548549       -1.0077920228600485      -0.62208385039299596     
   2.8588588588588588       -1.0081989595880292      -0.62454294443713865     
   2.8628628628628627       -1.0085944574612840      -0.62699586214807834     
   2.8668668668668666       -1.0089786649660024      -0.62944257926801550     
   2.8708708708708710       -1.0093517284644244      -0.63188307160047208     
   2.8748748748748749       -1.0097137923334274      -0.63431731501052735     
   2.8788788788788788       -1.0100649989506401      -0.63674528542506048     
   2.8828828828828827       -1.0104054888304950      -0.63916695883298458     
   2.8868868868868871       -1.0107354006059472      -0.64158231128548815     
   2.8908908908908910       -1.0110548711619081      -0.64399131889626826     
   2.8948948948948949       -1.0113640356129594      -0.64639395784176901     
   2.8988988988988988       -1.0116630274341243      -0.64879020436141721     
   2.9029029029029028       -1.0119519784349311      -0.65118003475785557     
   2.9069069069069071       -1.0122310188874981      -0.65356342539717915     
   2.9109109109109110       -1.0125002774972773      -0.65594035270916740     
   2.9149149149149149       -1.0127598815284491      -0.65831079318751873     
   2.9189189189189189       -1.0130099567716417      -0.66067472339008115     
   2.9229229229229228       -1.0132506276666478      -0.66303211993908662     
   2.9269269269269271       -1.0134820172674017      -0.66538295952137938     
   2.9309309309309310       -1.0137042473620379      -0.66772721888864839     
   2.9349349349349350       -1.0139174384353702      -0.67006487485765742     
   2.9389389389389389       -1.0141217097863329      -0.67239590431047236     
   2.9429429429429428       -1.0143171794882144      -0.67472028419469232     
   2.9469469469469471       -1.0145039645034821      -0.67703799152367616     
   2.9509509509509511       -1.0146821806420188      -0.67934900337676973     
   2.9549549549549550       -1.0148519426733633      -0.68165329689953269     
   2.9589589589589589       -1.0150133642831660      -0.68395084930396566     
   2.9629629629629628       -1.0151665581828515      -0.68624163786873338     
   2.9669669669669672       -1.0153116360645356      -0.68852563993939209     
   2.9709709709709711       -1.0154487087081165      -0.69080283292861111     
   2.9749749749749750       -1.0155778859348612      -0.69307319431639702     
   2.9789789789789789       -1.0156992767119257      -0.69533670165031769     
   2.9829829829829828       -1.0158129891048429      -0.69759333254572287     
   2.9869869869869872       -1.0159191303794508      -0.69984306468596547     
   2.9909909909909911       -1.0160178069534893      -0.70208587582262250     
   2.9949949949949950       -1.0161091244959350      -0.70432174377571644     
   2.9989989989989989       -1.0161931878779105      -0.70655064643393228     
   3.0030030030030028       -1.0162701012693922      -0.70877256175483805     
   3.0070070070070072       -1.0163399680896490      -0.71098746776510247     
   3.0110110110110111       -1.0164028911012941      -0.71319534256071015     
   3.0150150150150150       -1.0164589723604358      -0.71539616430718178     
   3.0190190190190189       -1.0165083133080646      -0.71758991123978788     
   3.0230230230230228       -1.0165510147200760      -0.71977656166376336     
   3.0270270270270272       -1.0165871767959944      -0.72195609395452442     
   3.0310310310310311       -1.0166168991090130      -0.72412848655788031     
   3.0350350350350350       -1.0166402806920516      -0.72629371799024711     
   3.0390390390390389       -1.0166574199879448      -0.72845176683886070     
   3.0430430430430429       -1.0166684149328600      -0.73060261176198871     
   3.0470470470470472       -1.0166733629067102      -0.73274623148913987     
   3.0510510510510511       -1.0166723608140036      -0.73488260482127588     
   3.0550550550550550       -1.0166655047812883      -0.73701171063102133     
   3.0590590590590589       -1.0166528905361618      -0.73913352786287101     
   3.0630630630630629       -1.0166346136063695      -0.74124803553339991     
   3.0670670670670672       -1.0166107691042225      -0.74335521273147032     
   3.0710710710710711       -1.0165814514719040      -0.74545503861843621     
   3.0750750750750750       -1.0165467549590723      -0.74754749242835339     
   3.0790790790790790       -1.0165067733223259      -0.74963255346818258     
   3.0830830830830829       -1.0164615997725239      -0.75171020111799314     
   3.0870870870870872       -1.0164113274762059      -0.75378041483116953     
   3.0910910910910911       -1.0163560487968324      -0.75584317413461222     
   3.0950950950950951       -1.0162958560498583      -0.75789845862894101     
   3.0990990990990990       -1.0162308410934406      -0.75994624798869759     
   3.1031031031031029       -1.0161610952963076      -0.76198652196254535     
   3.1071071071071072       -1.0160867099883477      -0.76401926037346968     
   3.1111111111111112       -1.0160077758279122      -0.76604444311897801     
   3.1151151151151151       -1.0159243833620621      -0.76806205017129969     
   3.1191191191191190       -1.0158366228400286      -0.77007206157758090     
   3.1231231231231229       -1.0157445839439456      -0.77207445746008596     
   3.1271271271271273       -1.0156483564758865      -0.77406921801639050     
   3.1311311311311312       -1.0155480294662647      -0.77605632351957909     
   3.1351351351351351       -1.0154436920413266      -0.77803575431843974     
   3.1391391391391390       -1.0153354328523088      -0.78000749083765863     
   3.1431431431431434       -1.0152233402239310      -0.78197151357801342     
   3.1471471471471473       -1.0151075024682605      -0.78392780311656574     
   3.1511511511511512       -1.0149880072336097      -0.78587634010685492     
   3.1551551551551551       -1.0148649423136951      -0.78781710527908644     
   3.1591591591591590       -1.0147383949243813      -0.78975007944032583     
   3.1631631631631634       -1.0146084521345267      -0.79167524347468532     
   3.1671671671671673       -1.0144752009151947      -0.79359257834351493     
   3.1711711711711712       -1.0143387276021769      -0.79550206508559018     
   3.1751751751751751       -1.0141991187974388      -0.79740368481729929     
   3.1791791791791790       -1.0140564602983826      -0.79929741873283011     
   3.1831831831831834       -1.0139108381656723      -0.80118324810435748     
   3.1871871871871873       -1.0137623378404352      -0.80306115428222580     
   3.1911911911911912       -1.0136110446966000      -0.80493111869513456     
   3.1951951951951951       -1.0134570439229034      -0.80679312285032412     
   3.1991991991991990       -1.0133004202134419      -0.80864714833375495     
   3.2032032032032034       -1.0131412584048012      -0.81049317681029209     
   3.2072072072072073       -1.0129796426407831      -0.81233119002388610     
   3.2112112112112112       -1.0128156572840952      -0.81416116979775310     
   3.2152152152152151       -1.0126493860483572      -0.81598309803455449     
   3.2192192192192191       -1.0124809126839092      -0.81779695671657726     
   3.2232232232232234       -1.0123103205962698      -0.81960272790591171     
   3.2272272272272273       -1.0121376928713925      -0.82140039374462503     
   3.2312312312312312       -1.0119631125519559      -0.82318993645494509     
   3.2352352352352352       -1.0117866621293243      -0.82497133833943015     
   3.2392392392392391       -1.0116084242001806      -0.82674458178114651     
   3.2432432432432434       -1.0114284807150677      -0.82850964924384241     
   3.2472472472472473       -1.0112469137539073      -0.83026652327212114     
   3.2512512512512513       -1.0110638047707838      -0.83201518649161355     
   3.2552552552552552       -1.0108792352460361      -0.83375562160915107     
   3.2592592592592591       -1.0106932861902103      -0.83548781141293604     
   3.2632632632632634       -1.0105060384286462      -0.83721173877271049     
   3.2672672672672673       -1.0103175725016964      -0.83892738663992716     
   3.2712712712712713       -1.0101279685961619      -0.84063473804791811     
   3.2752752752752752       -1.0099373067091493      -0.84233377611206173     
   3.2792792792792791       -1.0097456664116902      -0.84402448402995045     
   3.2832832832832834       -1.0095531271009459      -0.84570684508155636     
   3.2872872872872874       -1.0093597677269801      -0.84738084262939606     
   3.2912912912912913       -1.0091656670464473      -0.84904646011869733     
   3.2952952952952952       -1.0089709033676559      -0.85070368107756111     
   3.2992992992992991       -1.0087755547704043      -0.85235248911712369     
   3.3033033033033035       -1.0085796988964670      -0.85399286793172058     
   3.3073073073073074       -1.0083834131041409      -0.85562480129904661     
   3.3113113113113113       -1.0081867743512738      -0.85724827308031681     
   3.3153153153153152       -1.0079898592185006      -0.85886326722042616     
   3.3193193193193191       -1.0077927439586594      -0.86046976774810746     
   3.3233233233233235       -1.0075955043414089      -0.86206775877609132     
   3.3273273273273274       -1.0073982158437613      -0.86365722450126015     
   3.3313313313313313       -1.0072009534160182      -0.86523814920480790     
   3.3353353353353352       -1.0070037916931884      -0.86681051725239255     
   3.3393393393393391       -1.0068068047764560      -0.86837431309429247     
   3.3433433433433435       -1.0066100664041469      -0.86992952126555956     
   3.3473473473473474       -1.0064136497850966      -0.87147612638617244     
   3.3513513513513513       -1.0062176277109396      -0.87301411316118827     
   3.3553553553553552       -1.0060220724467406      -0.87454346638089397     
   3.3593593593593591       -1.0058270557880116      -0.87606417092095756     
   3.3633633633633635       -1.0056326489995371      -0.87757621174257716     
   3.3673673673673674       -1.0054389228295593      -0.87907957389262847     
   3.3713713713713713       -1.0052459474826294      -0.88057424250381433     
   3.3753753753753752       -1.0050537926056791      -0.88206020279481123     
   3.3793793793793796       -1.0048625272804406      -0.88353744007041513     
   3.3833833833833835       -1.0046722199950908      -0.88500593972168740     
   3.3873873873873874       -1.0044829386436529      -0.88646568722609875     
   3.3913913913913913       -1.0042947504945259      -0.88791666814767278     
   3.3953953953953953       -1.0041077221869348      -0.88935886813712972     
   3.3993993993993996       -1.0039219197048863      -0.89079227293202790     
   3.4034034034034035       -1.0037374083635637      -0.89221686835690339     
   3.4074074074074074       -1.0035542527943508      -0.89363264032341194     
   3.4114114114114114       -1.0033725169171412      -0.89503957483046781     
   3.4154154154154153       -1.0031922639386761      -0.89643765796438168     
   3.4194194194194196       -1.0030135563106564      -0.89782687589899912     
   3.4234234234234235       -1.0028364557390295      -0.89920721489583688     
   3.4274274274274275       -1.0026610231332282      -0.90057866130421815     
   3.4314314314314314       -1.0024873186177199      -0.90194120156140900     
   3.4354354354354353       -1.0023154014849245      -0.90329482219275192     
   3.4394394394394396       -1.0021453301923966      -0.90463950981179775     
   3.4434434434434436       -1.0019771623400984      -0.90597525112043964     
   3.4474474474474475       -1.0018109546293394      -0.90730203290904421     
   3.4514514514514514       -1.0016467628897177      -0.90861984205658186     
   3.4554554554554553       -1.0014846419766243      -0.90992866553075646     
   3.4594594594594597       -1.0013246458626477      -0.91122849038813580     
   3.4634634634634636       -1.0011668274765879      -0.91251930377427593     
   3.4674674674674675       -1.0010112388284393      -0.91380109292385281     
   3.4714714714714714       -1.0008579308554286      -0.91507384516078560     
   3.4754754754754753       -1.0007069535006345      -0.91633754789836286     
   3.4794794794794797       -1.0005583556088173      -0.91759218863936631     
   3.4834834834834836       -1.0004121849767829      -0.91883775497619591     
   3.4874874874874875       -1.0002684882570847      -0.92007423459099136     
   3.4914914914914914       -1.0001273110038786      -0.92130161525575383     
   3.4954954954954953      -0.99998869758886355      -0.92251988483246850     
   3.4994994994994997      -0.99985269121573550      -0.92372903127322248     
   3.5035035035035036      -0.99971933389135681      -0.92492904262032472     
   3.5075075075075075      -0.99958866635782018      -0.92611990700642566     
   3.5115115115115114      -0.99946072816682674      -0.92730161265463207     
   3.5155155155155153      -0.99933555750003344      -0.92847414787862559     
   3.5195195195195197      -0.99921319133461040      -0.92963750108277710     
   3.5235235235235236      -0.99909366523113718      -0.93079166076226205     
   3.5275275275275275      -0.99897701346892409      -0.93193661550317375     
   3.5315315315315314      -0.99886326886783972      -0.93307235398263721     
   3.5355355355355353      -0.99875246293752329      -0.93419886496891946     
   3.5395395395395397      -0.99864462563701750      -0.93531613732154262     
   3.5435435435435436      -0.99853978561540402      -0.93642415999139206     
   3.5475475475475475      -0.99843796985775501      -0.93752292202082732     
   3.5515515515515514      -0.99833920406920484      -0.93861241254378924     
   3.5555555555555554      -0.99824351212568585      -0.93969262078590843     
   3.5595595595595597      -0.99815091673538259      -0.94076353606461116     
   3.5635635635635636      -0.99806143854232432      -0.94182514778922477     
   3.5675675675675675      -0.99797509712297860      -0.94287744546108421     
   3.5715715715715715      -0.99789190984814657      -0.94392041867363274     
   3.5755755755755754      -0.99781189299967910      -0.94495405711252811     
   3.5795795795795797      -0.99773506065301221      -0.94597835055574231     
   3.5835835835835836      -0.99766142559352544      -0.94699328887366330     
   3.5875875875875876      -0.99759099863866196      -0.94799886202919548     
   3.5915915915915915      -0.99752378886540727      -0.94899506007785894     
   3.5955955955955954      -0.99745980379919996      -0.94998187316788696     
   3.5995995995995997      -0.99739904867458151      -0.95095929154032532     
   3.6036036036036037      -0.99734152766837436      -0.95192730552912663     
   3.6076076076076076      -0.99728724206506048      -0.95288590556124664     
   3.6116116116116115      -0.99723619263606111      -0.95383508215674029     
   3.6156156156156154      -0.99718837655619241      -0.95477482592885354     
   3.6196196196196198      -0.99714379120683183      -0.95570512758411708     
   3.6236236236236237      -0.99710242944601390      -0.95662597792243798     
   3.6276276276276276      -0.99706428531747060      -0.95753736783719101     
   3.6316316316316315      -0.99702934720157266      -0.95843928831530878     
   3.6356356356356359      -0.99699760572257956      -0.95933173043737030     
   3.6396396396396398      -0.99696904482074367      -0.96021468537768961     
   3.6436436436436437      -0.99694365138997387      -0.96108814440440271     
   3.6476476476476476      -0.99692140523396711      -0.96195209887955480     
   3.6516516516516515      -0.99690228902805778      -0.96280654025918444     
   3.6556556556556559      -0.99688627881512226      -0.96365146009340885     
   3.6596596596596598      -0.99687335251816356      -0.96448685002650714     
   3.6636636636636637      -0.99686348291836768      -0.96531270179700357     
   3.6676676676676676      -0.99685664249481554      -0.96612900723774797     
   3.6716716716716715      -0.99685280153076183      -0.96693575827599820     
   3.6756756756756759      -0.99685192599696859      -0.96773294693349898     
   3.6796796796796798      -0.99685398484893406      -0.96852056532655983     
   3.6836836836836837      -0.99685893655952262      -0.96929860566613557     
   3.6876876876876876      -0.99686674951305165      -0.97006706025790090     
   3.6916916916916915      -0.99687737359367490      -0.97082592150232783     
   3.6956956956956959      -0.99689077748068888      -0.97157518189476044     
   3.6996996996996998      -0.99690690198385501      -0.97231483402548924     
   3.7037037037037037      -0.99692571633000637      -0.97304487057982392     
   3.7077077077077076      -0.99694715241488419      -0.97376528433816678     
   3.7117117117117115      -0.99697117925906975      -0.97447606817608323     
   3.7157157157157159      -0.99699772144749943      -0.97517721506437227     
   3.7197197197197198      -0.99702674531599722      -0.97586871806913611     
   3.7237237237237237      -0.99705817159582832      -0.97655057035184933     
   3.7277277277277276      -0.99709195957225727      -0.97722276516942586     
   3.7317317317317316      -0.99712803166489627      -0.97788529587428519     
   3.7357357357357359      -0.99716633345966943      -0.97853815591441973     
   3.7397397397397398      -0.99720679707373294      -0.97918133883345804     
   3.7437437437437437      -0.99724934547387767      -0.97981483827072935     
   3.7477477477477477      -0.99729393015861179      -0.98043864796132674     
   3.7517517517517516      -0.99734044172712977      -0.98105276173616807     
   3.7557557557557559      -0.99738886097065815      -0.98165717352205806     
   3.7597597597597598      -0.99743903693292180      -0.98225187734174813     
   3.7637637637637638      -0.99749098757895505      -0.98283686731399489     
   3.7677677677677677      -0.99754451551452394      -0.98341213765361879     
   3.7717717717717716      -0.99759967717989340      -0.98397768267156138     
   3.7757757757757759      -0.99765623263031400      -0.98453349677494195     
   3.7797797797797799      -0.99771426687832143      -0.98507957446711136     
   3.7837837837837838      -0.99777351568821249      -0.98561591034770824     
   3.7877877877877877      -0.99783406516740980      -0.98614249911271146     
   3.7917917917917916      -0.99789566532959606      -0.98665933555449192     
   3.7957957957957960      -0.99795835357147311      -0.98716641456186571     
   3.7997997997997999      -0.99802195671893412      -0.98766373112014327     
   3.8038038038038038      -0.99808638914771219      -0.98815128031117960     
   3.8078078078078077      -0.99815164023406056      -0.98862905731342254     
   3.8118118118118116      -0.99821740731068564      -0.98909705740196108     
   3.8158158158158160      -0.99828394197306780      -0.98955527594857173     
   3.8198198198198199      -0.99835062589255352      -0.99000370842176366     
   3.8238238238238238      -0.99841806393011556      -0.99044235038682449     
   3.8278278278278277      -0.99848524944818984      -0.99087119750586350     
   3.8318318318318316      -0.99855318387804726      -0.99129024553785516     
   3.8358358358358360      -0.99862047407716958      -0.99169949033868066     
   3.8398398398398399      -0.99868845591854183      -0.99209892786116838     
   3.8438438438438438      -0.99875549185073742      -0.99248855415513493     
   3.8478478478478477      -0.99882301250032690      -0.99286836536742351     
   3.8518518518518516      -0.99888949310353370      -0.99323835774194280     
   3.8558558558558560      -0.99895596955489929      -0.99359852761970280     
   3.8598598598598599      -0.99902166518635593      -0.99394887143885202     
   3.8638638638638638      -0.99908643704757283      -0.99428938573471282     
   3.8678678678678677      -0.99915118513087842      -0.99462006713981466     
   3.8718718718718717      -0.99921353722844086      -0.99494091238392857     
   3.8758758758758760      -0.99927720391420771      -0.99525191829409909     
   3.8798798798798799      -0.99933643238748571      -0.99555308179467450     
   3.8838838838838838      -0.99939882175645656      -0.99584439990733942     
   3.8878878878878878      -0.99945436147247424      -0.99612586975114281     
   3.8918918918918921      -0.99951505662137341      -0.99639748854252641     
   3.8958958958958960      -0.99956668052048914      -0.99665925359535279     
   3.8998998998998999      -0.99962481474287534      -0.99691116232093191     
   3.9039039039039038      -0.99967289394227232      -0.99715321222804643     
   3.9079079079079078      -0.99972688145854394      -0.99738540092297623     
   3.9119119119119121      -0.99977265221372524      -0.99760772610952264     
   3.9159159159159160      -0.99981996322255118      -0.99782018558903074     
   3.9199199199199199      -0.99986567853299757      -0.99802277726041111     
   3.9239239239239239      -0.99990282404484887      -0.99821549912016083     
   3.9279279279279278      -0.99995157744766983      -0.99839834926238302     
   3.9319319319319321      -0.99997456361172710      -0.99857132587880604     
   3.9359359359359360       -1.0000294831827694      -0.99873442725880057     
   3.9399399399399400       -1.0000350646447649      -0.99888765178939798     
   3.9439439439439439       -1.0000975465196096      -0.99903099795530448     
   3.9479479479479478       -1.0000855673371809      -0.99916446433891781     
   3.9519519519519521       -1.0001523656263152      -0.99928804962034024     
   3.9559559559559561       -1.0001291757991313      -0.99940175257739150     
   3.9599599599599600       -1.0001886795493653      -0.99950557208562174     
   3.9639639639639639       -1.0001708305444692      -0.99959950711832180     
   3.9679679679679678       -1.0001999743653023      -0.99968355674653397     
   3.9719719719719722       -1.0002159062753413      -0.99975772013906072     
   3.9759759759759761       -1.0001810417830963      -0.99982199656247328     
   3.9799799799799800       -1.0002662568372662      -0.99987638538111856     
   3.9839839839839839       -1.0001336607049531      -0.99992088605712559     
   3.9879879879879878       -1.0003127619951044      -0.99995549815041107     
   3.9919919919919922       -1.0000756329602776      -0.99998022131868336     
   3.9959959959959961       -1.0003299217815349      -0.99999505531744570     
   4.0000000000000000       -1.0000000000000000       -1.0000000000000000     
