   0.0000000000000000        0.0000000000000000        0.0000000000000000     
   4.0040040040040040E-003  -5.5286217565759566E-007   0.0000000000000000     
   8.0080080080080079E-003  -1.1099496275298913E-008   0.0000000000000000     
   1.2012012012012012E-002  -5.6472519478512795E-007   0.0000000000000000     
   1.6016016016016016E-002  -3.1656792727333186E-008   0.0000000000000000     
   2.0020020020020020E-002  -5.7950929727961666E-007   0.0000000000000000     
   2.4024024024024024E-002  -4.2503535227653507E-008   0.0000000000000000     
   2.8028028028028028E-002  -5.7114910765847650E-007   0.0000000000000000     
   3.2032032032032032E-002  -2.3267052549821599E-008   0.0000000000000000     
   3.6036036036036036E-002  -5.3729052447412781E-007   0.0000000000000000     
   4.0040040040040040E-002   1.0975455433392345E-008   0.0000000000000000     
   4.4044044044044044E-002  -4.9798758600708597E-007   0.0000000000000000     
   4.8048048048048048E-002   4.5873961299465278E-008   0.0000000000000000     
   5.2052052052052052E-002  -4.5911478070047392E-007   0.0000000000000000     
   5.6056056056056056E-002   8.0569028925538324E-008   0.0000000000000000     
   6.0060060060060060E-002  -4.2230778087423570E-007   0.0000000000000000     
   6.4064064064064064E-002   1.1339512141821501E-007   0.0000000000000000     
   6.8068068068068074E-002  -3.8732434275119866E-007   0.0000000000000000     
   7.2072072072072071E-002   1.4464014875600762E-007   0.0000000000000000     
   7.6076076076076082E-002  -3.5393039458416045E-007   0.0000000000000000     
   8.0080080080080079E-002   1.7456946339128924E-007   0.0000000000000000     
   8.4084084084084090E-002  -3.2190004211367530E-007   0.0000000000000000     
   8.8088088088088087E-002   2.0342944819859124E-007   0.0000000000000000     
   9.2092092092092098E-002  -2.9101528108117752E-007   0.0000000000000000     
   9.6096096096096095E-002   2.3145061271638044E-007   0.0000000000000000     
  0.10010010010010011       -2.6106548657923599E-007   0.0000000000000000     
  0.10410410410410410        2.5885028591413415E-007   0.0000000000000000     
  0.10810810810810811       -2.3184673435902877E-007   0.0000000000000000     
  0.11211211211211211        2.8583497870448457E-007   0.0000000000000000     
  0.11611611611611612       -2.0316099721363679E-007   0.0000000000000000     
  0.12012012012012012        3.1260247701044637E-007   0.0000000000000000     
  0.12412412412412413       -1.7481524975775559E-007   0.0000000000000000     
  0.12812812812812813        3.3934371595958393E-007   0.0000000000000000     
  0.13213213213213212       -1.4662050694718830E-007   0.0000000000000000     
  0.13613613613613615        3.6624447734886128E-007   0.0000000000000000     
  0.14014014014014015       -1.1839081520475304E-007   0.0000000000000000     
  0.14414414414414414        3.9348694560293933E-007   0.0000000000000000     
  0.14814814814814814       -8.9942209775454193E-008   0.0000000000000000     
  0.15215215215215216        4.2125115178123298E-007   0.0000000000000000     
  0.15615615615615616       -6.1091647699728775E-008   0.0000000000000000     
  0.16016016016016016        4.4971633056328841E-007   0.0000000000000000     
  0.16416416416416416       -3.1655922383406807E-008   0.0000000000000000     
  0.16816816816816818        4.7906221138124458E-007   0.0000000000000000     
  0.17217217217217218       -1.4505630021699120E-009   0.0000000000000000     
  0.17617617617617617        5.0947026182511720E-007   0.0000000000000000     
  0.18018018018018017        2.9711280221514386E-008   0.0000000000000000     
  0.18418418418418420        5.4112489899908383E-007   0.0000000000000000     
  0.18818818818818819        6.2019965596056146E-008   0.0000000000000000     
  0.19219219219219219        5.7421468255340225E-007   0.0000000000000000     
  0.19619619619619619        9.5670506538280615E-008   0.0000000000000000     
  0.20020020020020021        6.0893350157310978E-007   0.0000000000000000     
  0.20420420420420421        1.3086373844008235E-007   0.0000000000000000     
  0.20820820820820821        6.4548176630194801E-007   0.0000000000000000     
  0.21221221221221220        1.6780751004298318E-007   0.0000000000000000     
  0.21621621621621623        6.8406761476103992E-007   0.0000000000000000     
  0.22022022022022023        2.0671790430384486E-007   0.0000000000000000     
  0.22422422422422422        7.2490814363994052E-007   0.0000000000000000     
  0.22822822822822822        2.4782049437478947E-007   0.0000000000000000     
  0.23223223223223224        7.6823067235462961E-007   0.0000000000000000     
  0.23623623623623624        2.9135164086890831E-007   0.0000000000000000     
  0.24024024024024024        8.1427404885174390E-007   0.0000000000000000     
  0.24424424424424424        3.3755983706782871E-007   0.0000000000000000     
  0.24824824824824826        8.6329000556582215E-007   0.0000000000000000     
  0.25225225225225223        3.8670710917020645E-007   0.0000000000000000     
  0.25625625625625625        9.1554457388640460E-007   0.0000000000000000     
  0.26026026026026028        4.3907047910014139E-007   0.0000000000000000     
  0.26426426426426425        9.7131956554853182E-007   0.0000000000000000     
  0.26826826826826827        4.9494349780665747E-007   0.0000000000000000     
  0.27227227227227230        1.0309141295109951E-006   0.0000000000000000     
  0.27627627627627627        5.5463785740241387E-007   0.0000000000000000     
  0.28028028028028029        1.0946463931219439E-006   0.0000000000000000     
  0.28428428428428426        6.1848509092227044E-007   0.0000000000000000     
  0.28828828828828829        1.1628551966838821E-006   0.0000000000000000     
  0.29229229229229231        6.8683836893919276E-007   0.0000000000000000     
  0.29629629629629628        1.2359019309144721E-006   0.0000000000000000     
  0.30030030030030030        7.6007440276383264E-007   0.0000000000000000     
  0.30430430430430433        1.3141724872523024E-006   0.0000000000000000     
  0.30830830830830830        8.3859546448173545E-007   0.0000000000000000     
  0.31231231231231232        1.3980793314757639E-006   0.0000000000000000     
  0.31631631631631629        9.2283153465431465E-007   0.0000000000000000     
  0.32032032032032032        1.4880637116874731E-006   0.0000000000000000     
  0.32432432432432434        1.0132425891320324E-006   0.0000000000000000     
  0.32832832832832831        1.5845980123664002E-006   0.0000000000000000     
  0.33233233233233234        1.1103210371056152E-006   0.0000000000000000     
  0.33633633633633636        1.6881882669059890E-006   0.0000000000000000     
  0.34034034034034033        1.2145943232585280E-006   0.0000000000000000     
  0.34434434434434436        1.7993768418409384E-006   0.0000000000000000     
  0.34834834834834832        1.3266277076861013E-006   0.0000000000000000     
  0.35235235235235235        1.9187453068203999E-006   0.0000000000000000     
  0.35635635635635637        1.4470272381184684E-006   0.0000000000000000     
  0.36036036036036034        2.0469175053143493E-006   0.0000000000000000     
  0.36436436436436437        1.5764429299307378E-006   0.0000000000000000     
  0.36836836836836839        2.1845628420464732E-006   0.0000000000000000     
  0.37237237237237236        1.7155721704497537E-006   0.0000000000000000     
  0.37637637637637639        2.3323998042354468E-006   0.0000000000000000     
  0.38038038038038036        1.8651633651777011E-006   0.0000000000000000     
  0.38438438438438438        2.4911997349017657E-006   0.0000000000000000     
  0.38838838838838841        2.0260198447544592E-006   0.0000000000000000     
  0.39239239239239238        2.6617908777647487E-006   0.0000000000000000     
  0.39639639639639640        2.1990040527789822E-006   0.0000000000000000     
  0.40040040040040042        2.8450627146197847E-006   0.0000000000000000     
  0.40440440440440439        2.3850420360116489E-006   0.0000000000000000     
  0.40840840840840842        3.0419706175559364E-006   0.0000000000000000     
  0.41241241241241239        2.5851282599913743E-006   0.0000000000000000     
  0.41641641641641641        3.2535408399554645E-006   0.0000000000000000     
  0.42042042042042044        2.8003307747308494E-006   0.0000000000000000     
  0.42442442442442441        3.4808758719174229E-006   0.0000000000000000     
  0.42842842842842843        3.0317967569085093E-006   0.0000000000000000     
  0.43243243243243246        3.7251601875753137E-006   0.0000000000000000     
  0.43643643643643643        3.2807584568655013E-006   0.0000000000000000     
  0.44044044044044045        3.9876664137426319E-006   0.0000000000000000     
  0.44444444444444442        3.5485395807491443E-006   0.0000000000000000     
  0.44844844844844844        4.2697619514296260E-006   0.0000000000000000     
  0.45245245245245247        3.8365621403313459E-006   0.0000000000000000     
  0.45645645645645644        4.5729160840397032E-006   0.0000000000000000     
  0.46046046046046046        4.1463538053816526E-006   0.0000000000000000     
  0.46446446446446449        4.8987076084857851E-006   0.0000000000000000     
  0.46846846846846846        4.4795557960018216E-006   0.0000000000000000     
  0.47247247247247248        5.2488330280771736E-006   0.0000000000000000     
  0.47647647647647645        4.8379313550442492E-006   0.0000000000000000     
  0.48048048048048048        5.6251153488288462E-006   0.0000000000000000     
  0.48448448448448450        5.2233748436535996E-006   0.0000000000000000     
  0.48848848848848847        6.0295135238509764E-006   0.0000000000000000     
  0.49249249249249250        5.6379215061038121E-006   0.0000000000000000     
  0.49649649649649652        6.4641325937016275E-006   0.0000000000000000     
  0.50050050050050054        6.0837579534666613E-006   0.0000000000000000     
  0.50450450450450446        6.9312345740452520E-006   0.0000000000000000     
  0.50850850850850848        6.5632334192594389E-006   0.0000000000000000     
  0.51251251251251251        7.4332501456709767E-006   0.0000000000000000     
  0.51651651651651653        7.0788718440958333E-006   0.0000000000000000     
  0.52052052052052056        7.9727912059052676E-006   0.0000000000000000     
  0.52452452452452447        7.6333848505245306E-006   0.0000000000000000     
  0.52852852852852850        8.5526643447229211E-006   0.0000000000000000     
  0.53253253253253252        8.2296856737042674E-006   0.0000000000000000     
  0.53653653653653655        9.1758853134390537E-006   0.0000000000000000     
  0.54054054054054057        8.8709041183540953E-006   0.0000000000000000     
  0.54454454454454460        9.8456945587748636E-006   0.0000000000000000     
  0.54854854854854851        9.5604026175560954E-006   0.0000000000000000     
  0.55255255255255253        1.0565573900355462E-005   0.0000000000000000     
  0.55655655655655656        1.0301793474499601E-005   0.0000000000000000     
  0.56056056056056058        1.1339264435344316E-005   0.0000000000000000     
  0.56456456456456461        1.1098957374167488E-005   0.0000000000000000     
  0.56856856856856852        1.2170785759973189E-005   0.0000000000000000     
  0.57257257257257255        1.1956063258304594E-005   0.0000000000000000     
  0.57657657657657657        1.3064456604218432E-005   0.0000000000000000     
  0.58058058058058060        1.2877589663805835E-005   0.0000000000000000     
  0.58458458458458462        1.4024916982835274E-005   0.0000000000000000     
  0.58858858858858853        1.3868347631949660E-005   0.0000000000000000     
  0.59259259259259256        1.5057151973425286E-005   0.0000000000000000     
  0.59659659659659658        1.4933505303715248E-005   0.0000000000000000     
  0.60060060060060061        1.6166517240214808E-005   0.0000000000000000     
  0.60460460460460463        1.6078614324796732E-005   0.0000000000000000     
  0.60860860860860866        1.7358766430802191E-005   0.0000000000000000     
  0.61261261261261257        1.7309638192903438E-005   0.0000000000000000     
  0.61661661661661660        1.8640080582331363E-005   0.0000000000000000     
  0.62062062062062062        1.8632982689554618E-005   0.0000000000000000     
  0.62462462462462465        2.0017099683412632E-005   0.0000000000000000     
  0.62862862862862867        2.0055528548884680E-005   0.0000000000000000     
  0.63263263263263259        2.1496956548686941E-005   0.0000000000000000     
  0.63663663663663661        2.1584666527019177E-005   0.0000000000000000     
  0.64064064064064064        2.3087313174268078E-005   0.0000000000000000     
  0.64464464464464466        2.3228335047413989E-005   0.0000000000000000     
  0.64864864864864868        2.4796399754453448E-005   0.0000000000000000     
  0.65265265265265260        2.4995060610225051E-005   0.0000000000000000     
  0.65665665665665662        2.6633056553126816E-005   0.0000000000000000     
  0.66066066066066065        2.6894001167352805E-005   0.0000000000000000     
  0.66466466466466467        2.8606778837249447E-005   0.0000000000000000     
  0.66866866866866870        2.8934992679346439E-005   0.0000000000000000     
  0.67267267267267272        3.0727765094815464E-005   0.0000000000000000     
  0.67667667667667664        3.1128599085925749E-005   0.0000000000000000     
  0.68068068068068066        3.3006968775707071E-005   0.0000000000000000     
  0.68468468468468469        3.3486165938553857E-005   0.0000000000000000     
  0.68868868868868871        3.5456153811101070E-005   0.0000000000000000     
  0.69269269269269274        3.6019877961350087E-005   0.0000000000000000     
  0.69669669669669665        3.8087954185534299E-005   0.0000000000000000     
  0.70070070070070067        3.8742820825748845E-005   0.0000000000000000     
  0.70470470470470470        4.0915937855519174E-005   0.0000000000000000     
  0.70870870870870872        4.1669047444777968E-005   0.0000000000000000     
  0.71271271271271275        4.3954675329807680E-005   0.0000000000000000     
  0.71671671671671666        4.4813649114739017E-005   0.0000000000000000     
  0.72072072072072069        4.7219813249132760E-005   0.0000000000000000     
  0.72472472472472471        4.8192831855524773E-005   0.0000000000000000     
  0.72872872872872874        5.0728153327619731E-005   0.0000000000000000     
  0.73273273273273276        5.1823998325913197E-005   0.0000000000000000     
  0.73673673673673679        5.4497737044171656E-005   0.0000000000000000     
  0.74074074074074070        5.5725835717044266E-005   0.0000000000000000     
  0.74474474474474472        5.8547936500116069E-005   0.0000000000000000     
  0.74874874874874875        5.9918410056042362E-005   0.0000000000000000     
  0.75275275275275277        6.2899551889387104E-005   0.0000000000000000     
  0.75675675675675680        6.4423267382521143E-005   0.0000000000000000     
  0.76076076076076071        6.7574916059649076E-005   0.0000000000000000     
  0.76476476476476474        6.9263542293641027E-005   0.0000000000000000     
  0.76876876876876876        7.2598006677194481E-005   0.0000000000000000     
  0.77277277277277279        7.4464074388632661E-005   0.0000000000000000     
  0.77677677677677681        7.7994566545330966E-005   0.0000000000000000     
  0.78078078078078073        8.0051533181412673E-005   0.0000000000000000     
  0.78478478478478475        8.3792232665482163E-005   0.0000000000000000     
  0.78878878878878878        8.6054552090274173E-005   0.0000000000000000     
  0.79279279279279280        9.0020674672544728E-005   0.0000000000000000     
  0.79679679679679682        9.2503872156816445E-005   0.0000000000000000     
  0.80080080080080085        9.6711743321366376E-005   0.0000000000000000     
  0.80480480480480476        9.9432496192486533E-005   0.0000000000000000     
  0.80880880880880879        1.0389962974974277E-004   0.0000000000000000     
  0.81281281281281281        1.0687585410054846E-004   0.0000000000000000     
  0.81681681681681684        1.1162103629529614E-004   0.0000000000000000     
  0.82082082082082086        1.1487198017420244E-004   0.0000000000000000     
  0.82482482482482478        1.1991535969922930E-004   0.0000000000000000     
  0.82882882882882880        1.2346170322818860E-004   0.0000000000000000     
  0.83283283283283283        1.2882488758949784E-004   0.0000000000000000     
  0.83683683683683685        1.3268885048178808E-004   0.0000000000000000     
  0.84084084084084088        1.3839500919967410E-004   0.0000000000000000     
  0.84484484484484490        1.4260046617595710E-004   0.0000000000000000     
  0.84884884884884881        1.4867444134797410E-004   0.0000000000000000     
  0.85285285285285284        1.5324704597669643E-004   0.0000000000000000     
  0.85685685685685686        1.5971547077388436E-004   0.0000000000000000     
  0.86086086086086089        1.6468278829098769E-004   0.0000000000000000     
  0.86486486486486491        1.7157421400787687E-004   0.0000000000000000     
  0.86886886886886883        1.7696586370106578E-004   0.0000000000000000     
  0.87287287287287285        1.8431089603318277E-004   0.0000000000000000     
  0.87687687687687688        1.9015870380780495E-004   0.0000000000000000     
  0.88088088088088090        1.9799014908786555E-004   0.0000000000000000     
  0.88488488488488493        2.0432831086497527E-004   0.0000000000000000     
  0.88888888888888884        2.1268133305088084E-004   0.0000000000000000     
  0.89289289289289286        2.1954658968349083E-004   0.0000000000000000     
  0.89689689689689689        2.2845887895783822E-004   0.0000000000000000     
  0.90090090090090091        2.3589070338897656E-004   0.0000000000000000     
  0.90490490490490494        2.4540265730122959E-004   0.0000000000000000     
  0.90890890890890896        2.5344345472751222E-004   0.0000000000000000     
  0.91291291291291288        2.6359837288641346E-004   0.0000000000000000     
  0.91691691691691690        2.7229369473377453E-004   0.0000000000000000     
  0.92092092092092093        2.8313798813914390E-004   0.0000000000000000     
  0.92492492492492495        2.9253676070356761E-004   0.0000000000000000     
  0.92892892892892898        3.0412017689342006E-004   0.0000000000000000     
  0.93293293293293289        3.1427494554946779E-004   0.0000000000000000     
  0.93693693693693691        3.2665081083046912E-004   0.0000000000000000     
  0.94094094094094094        3.3761800076467893E-004   0.0000000000000000     
  0.94494494494494496        3.5084348089134437E-004   0.0000000000000000     
  0.94894894894894899        3.6268367537683853E-004   0.0000000000000000     
  0.95295295295295290        3.7682005614755626E-004   0.0000000000000000     
  0.95695695695695693        3.8959829344118406E-004   0.0000000000000000     
  0.96096096096096095        4.0471128278701411E-004   0.0000000000000000     
  0.96496496496496498        4.1849737280193108E-004   0.0000000000000000     
  0.96896896896896900        4.3465742605706200E-004   0.0000000000000000     
  0.97297297297297303        4.4952628804276011E-004   0.0000000000000000     
  0.97697697697697694        4.6680895820329187E-004   0.0000000000000000     
  0.98098098098098097        4.8284098075282905E-004   0.0000000000000000     
  0.98498498498498499        5.0132729565291532E-004   0.0000000000000000     
  0.98898898898898902        5.1860872045465269E-004   0.0000000000000000     
  0.99299299299299304        5.3838558891564331E-004   0.0000000000000000     
  0.99699699699699695        5.5700891977550663E-004   0.0000000000000000     
   1.0010010010010011        5.7816956891415831E-004   0.0000000000000000     
   1.0050050050050050        5.9823400769577393E-004   0.0000000000000000     
   1.0090090090090089        6.2087845371137040E-004   0.0000000000000000     
   1.0130130130130131        6.4249036497697530E-004   0.0000000000000000     
   1.0170170170170170        6.6672591987373812E-004   0.0000000000000000     
   1.0210210210210211        6.8999932616028721E-004   0.0000000000000000     
   1.0250250250250250        7.1594114300017257E-004   0.0000000000000000     
   1.0290290290290289        7.4099825283440845E-004   0.0000000000000000     
   1.0330330330330331        7.6876991225557369E-004   0.0000000000000000     
   1.0370370370370370        7.9574168320102059E-004   0.0000000000000000     
   1.0410410410410411        8.2547582407819695E-004   0.0000000000000000     
   1.0450450450450450        8.5450256331818261E-004   0.0000000000000000     
   1.0490490490490489        8.8634156058216805E-004   0.0000000000000000     
   1.0530530530530531        9.1757356577830819E-004   0.0000000000000000     
   1.0570570570570570        9.5167025855203162E-004   0.0000000000000000     
   1.0610610610610611        9.8526850197941992E-004   0.0000000000000000     
   1.0650650650650650        1.0217869753268308E-003   0.0000000000000000     
   1.0690690690690692        1.0579238345778442E-003   0.0000000000000000     
   1.0730730730730731        1.0970402582985515E-003   0.0000000000000000     
   1.0770770770770770        1.1359002971690528E-003   0.0000000000000000     
   1.0810810810810811        1.1778038252056860E-003   0.0000000000000000     
   1.0850850850850851        1.2195846287328797E-003   0.0000000000000000     
   1.0890890890890892        1.2644783628891145E-003   0.0000000000000000     
   1.0930930930930931        1.3093914309016286E-003   0.0000000000000000     
   1.0970970970970970        1.3574934526966200E-003   0.0000000000000000     
   1.1011011011011012        1.4057651566667211E-003   0.0000000000000000     
   1.1051051051051051        1.4573096312764028E-003   0.0000000000000000     
   1.1091091091091092        1.5091822397334928E-003   0.0000000000000000     
   1.1131131131131131        1.5644205960914305E-003   0.0000000000000000     
   1.1171171171171170        1.6201533743667820E-003   0.0000000000000000     
   1.1211211211211212        1.6793555656179769E-003   0.0000000000000000     
   1.1251251251251251        1.7392259562442349E-003   0.0000000000000000     
   1.1291291291291292        1.8026818048661537E-003   0.0000000000000000     
   1.1331331331331331        1.8669866955521948E-003   0.0000000000000000     
   1.1371371371371370        1.9350073275806875E-003   0.0000000000000000     
   1.1411411411411412        2.0040644143230098E-003   0.0000000000000000     
   1.1451451451451451        2.0769837872499485E-003   0.0000000000000000     
   1.1491491491491492        2.1511330408252247E-003   0.0000000000000000     
   1.1531531531531531        2.2293095698739302E-003   0.0000000000000000     
   1.1571571571571571        2.3089148146819114E-003   0.0000000000000000     
   1.1611611611611612        2.3927331023212463E-003   0.0000000000000000     
   1.1651651651651651        2.4781837173102244E-003   0.0000000000000000     
   1.1691691691691692        2.5680563910455098E-003   0.0000000000000000     
   1.1731731731731732        2.6597691432498562E-003   0.0000000000000000     
   1.1771771771771771        2.7561388069370150E-003   0.0000000000000000     
   1.1811811811811812        2.8545598289824643E-003   0.0000000000000000     
   1.1851851851851851        2.9579011331612708E-003   0.0000000000000000     
   1.1891891891891893        3.0635080569413370E-003   0.0000000000000000     
   1.1931931931931932        3.1743298939866560E-003   0.0000000000000000     
   1.1971971971971973        3.2876341535738752E-003   0.0000000000000000     
   1.2012012012012012        3.4064819838347700E-003   0.0000000000000000     
   1.2052052052052051        3.5280313015521583E-003   0.0000000000000000     
   1.2092092092092093        3.6554896171046140E-003   0.0000000000000000     
   1.2132132132132132        3.7858706875325012E-003   0.0000000000000000     
   1.2172172172172173        3.9225656207317154E-003   0.0000000000000000     
   1.2212212212212212        4.0624070082472931E-003   0.0000000000000000     
   1.2252252252252251        4.2090090929521370E-003   0.0000000000000000     
   1.2292292292292293        4.3589843591753628E-003   0.0000000000000000     
   1.2332332332332332        4.5162114533558060E-003   0.0000000000000000     
   1.2372372372372373        4.6770425315849785E-003   0.0000000000000000     
   1.2412412412412412        4.8456629110407851E-003   0.0000000000000000     
   1.2452452452452452        5.0181237453809611E-003   0.0000000000000000     
   1.2492492492492493        5.1989593795275148E-003   0.0000000000000000     
   1.2532532532532532        5.3838798469189762E-003   0.0000000000000000     
   1.2572572572572573        5.5778098690671312E-003   0.0000000000000000     
   1.2612612612612613        5.7760800027816016E-003   0.0000000000000000     
   1.2652652652652652        5.9840443890888046E-003   0.0000000000000000     
   1.2692692692692693        6.1966189224479514E-003   0.0000000000000000     
   1.2732732732732732        6.4196223957853436E-003   0.0000000000000000     
   1.2772772772772774        6.6475256448381452E-003   0.0000000000000000     
   1.2812812812812813        6.8866418222423087E-003   0.0000000000000000     
   1.2852852852852852        7.1309729258833198E-003   0.0000000000000000     
   1.2892892892892893        7.3873487310813927E-003   0.0000000000000000     
   1.2932932932932932        7.6492872665692635E-003   0.0000000000000000     
   1.2972972972972974        7.9241476323215695E-003   0.0000000000000000     
   1.3013013013013013        8.2049596233369233E-003   0.0000000000000000     
   1.3053053053053052        8.4996125120690488E-003   0.0000000000000000     
   1.3093093093093093        8.8006568453065231E-003   0.0000000000000000     
   1.3133133133133132        9.1164986207359407E-003   0.0000000000000000     
   1.3173173173173174        9.4392338855364289E-003   0.0000000000000000     
   1.3213213213213213        9.7777550727641133E-003   0.0000000000000000     
   1.3253253253253254        1.0123746836447419E-002   0.0000000000000000     
   1.3293293293293293        1.0486538313299860E-002   0.0000000000000000     
   1.3333333333333333        1.0857466842653790E-002   0.0000000000000000     
   1.3373373373373374        1.1246226510930451E-002   0.0000000000000000     
   1.3413413413413413        1.1643894947763980E-002   0.0000000000000000     
   1.3453453453453454        1.2060434939457684E-002   0.0000000000000000     
   1.3493493493493494        1.2486777935266376E-002   0.0000000000000000     
   1.3533533533533533        1.2933032415746228E-002   0.0000000000000000     
   1.3573573573573574        1.3390125227425970E-002   0.0000000000000000     
   1.3613613613613613        1.3868158864943659E-002   0.0000000000000000     
   1.3653653653653655        1.4358226910212758E-002   0.0000000000000000     
   1.3693693693693694        1.4870244088819829E-002   0.0000000000000000     
   1.3733733733733733        1.5395672956695963E-002   0.0000000000000000     
   1.3773773773773774        1.5944027817607575E-002   0.0000000000000000     
   1.3813813813813813        1.6507373726106615E-002   0.0000000000000000     
   1.3853853853853855        1.7094581130532589E-002   0.0000000000000000     
   1.3893893893893894        1.7698581820936518E-002   0.0000000000000000     
   1.3933933933933933        1.8327329335182940E-002   0.0000000000000000     
   1.3973973973973974        1.8974915390051441E-002   0.0000000000000000     
   1.4014014014014013        1.9648076400967482E-002   0.0000000000000000     
   1.4054054054054055        2.0342382971904098E-002   0.0000000000000000     
   1.4094094094094094        2.1063031047123502E-002   0.0000000000000000     
   1.4134134134134133        2.1807409978595694E-002   0.0000000000000000     
   1.4174174174174174        2.2578834591028295E-002   0.0000000000000000     
   1.4214214214214214        2.3376866928819143E-002   0.0000000000000000     
   1.4254254254254255        2.4202590667913804E-002   0.0000000000000000     
   1.4294294294294294        2.5058099545691367E-002   0.0000000000000000     
   1.4334334334334333        2.5941896938440279E-002   0.0000000000000000     
   1.4374374374374375        2.6858960844221968E-002   0.0000000000000000     
   1.4414414414414414        2.7804878905914151E-002   0.0000000000000000     
   1.4454454454454455        2.8787845342748850E-002   0.0000000000000000     
   1.4494494494494494        2.9800225970193907E-002   0.0000000000000000     
   1.4534534534534536        3.0853725543179125E-002   0.0000000000000000     
   1.4574574574574575        3.1937229850474751E-002   0.0000000000000000     
   1.4614614614614614        3.3066190836384839E-002   0.0000000000000000     
   1.4654654654654655        3.4225825514137928E-002   0.0000000000000000     
   1.4694694694694694        3.5435489001694506E-002   0.0000000000000000     
   1.4734734734734736        3.6676634753664547E-002   0.0000000000000000     
   1.4774774774774775        3.7972570483157893E-002   0.0000000000000000     
   1.4814814814814814        3.9301012558227259E-002   0.0000000000000000     
   1.4854854854854855        4.0689135640194038E-002   0.0000000000000000     
   1.4894894894894894        4.2111096430990522E-002   0.0000000000000000     
   1.4934934934934936        4.3597685186385862E-002   0.0000000000000000     
   1.4974974974974975        4.5119858807406203E-002   0.0000000000000000     
   1.5015015015015014        4.6711574047545730E-002   0.0000000000000000     
   1.5055055055055055        4.8341162733964348E-002   0.0000000000000000     
   1.5095095095095095        5.0045068888682119E-002   0.0000000000000000     
   1.5135135135135136        5.1789820971091936E-002   0.0000000000000000     
   1.5175175175175175        5.3613409579010403E-002   0.0000000000000000     
   1.5215215215215214        5.5481658688408368E-002   0.0000000000000000     
   1.5255255255255256        5.7432874884437823E-002   0.0000000000000000     
   1.5295295295295295        5.9433579925682163E-002   0.0000000000000000     
   1.5335335335335336        6.1520852697654491E-002   0.0000000000000000     
   1.5375375375375375        6.3663637999072945E-002   0.0000000000000000     
   1.5415415415415414        6.5895915136545913E-002   0.0000000000000000     
   1.5455455455455456        6.8191110040254216E-002   0.0000000000000000     
   1.5495495495495495        7.0577898861368144E-002   0.0000000000000000     
   1.5535535535535536        7.3036575866718717E-002   0.0000000000000000     
   1.5575575575575575        7.5587990978964806E-002   0.0000000000000000     
   1.5615615615615615        7.8222001396192065E-002   0.0000000000000000     
   1.5655655655655656        8.0948820916883255E-002   0.0000000000000000     
   1.5695695695695695        8.3770826838252405E-002   0.0000000000000000     
   1.5735735735735736        8.6684558659739050E-002   0.0000000000000000     
   1.5775775775775776        8.9708059924090269E-002   0.0000000000000000     
   1.5815815815815817        9.2821019742200167E-002   0.0000000000000000     
   1.5855855855855856        9.6060374473596291E-002   0.0000000000000000     
   1.5895895895895895        9.9385777384428275E-002   0.0000000000000000     
   1.5935935935935936       0.10285621465115663        0.0000000000000000     
   1.5975975975975976       0.10640828213276633        0.0000000000000000     
   1.6016016016016017       0.11012590533215508        0.0000000000000000     
   1.6056056056056056       0.11391998932586644        0.0000000000000000     
   1.6096096096096095       0.11790176909691520        0.0000000000000000     
   1.6136136136136137       0.12195449463793609        0.0000000000000000     
   1.6176176176176176       0.12621825049481494        0.0000000000000000     
   1.6216216216216217       0.13054767784834476        0.0000000000000000     
   1.6256256256256256       0.13511204838752336        0.0000000000000000     
   1.6296296296296295       0.13973785484046816        0.0000000000000000     
   1.6336336336336337       0.14462225739791607        0.0000000000000000     
   1.6376376376376376       0.14956593762989417        0.0000000000000000     
   1.6416416416416417       0.15479051977406413        0.0000000000000000     
   1.6456456456456456       0.16007560194753942        0.0000000000000000     
   1.6496496496496496       0.16566118934290230        0.0000000000000000     
   1.6536536536536537       0.17131346153776622        0.0000000000000000     
   1.6576576576576576       0.17728150969685832        0.0000000000000000     
   1.6616616616616617       0.18332924785179816        0.0000000000000000     
   1.6656656656656657       0.18970180935478306        0.0000000000000000     
   1.6696696696696696       0.19617599319385384        0.0000000000000000     
   1.6736736736736737       0.20297571739768933        0.0000000000000000     
   1.6776776776776776       0.20991021457629427        0.0000000000000000     
   1.6816816816816818       0.21716040403880640        0.0000000000000000     
   1.6856856856856857       0.22459209451784604        0.0000000000000000     
   1.6896896896896898       0.23231685179345327        0.0000000000000000     
   1.6936936936936937       0.24028565372349006        0.0000000000000000     
   1.6976976976976976       0.24851016442449764        0.0000000000000000     
   1.7017017017017018       0.25705890895265371        0.0000000000000000     
   1.7057057057057057       0.26580992272310899        0.0000000000000000     
   1.7097097097097098       0.27498400733737421        0.0000000000000000     
   1.7137137137137137       0.28429059852605520        0.0000000000000000     
   1.7177177177177176       0.29413732586165459        0.0000000000000000     
   1.7217217217217218       0.30403204127119748        0.0000000000000000     
   1.7257257257257257       0.31459952154588089        0.0000000000000000     
   1.7297297297297298       0.32512005497405599        0.0000000000000000     
   1.7337337337337337       0.33645551396185236        0.0000000000000000     
   1.7377377377377377       0.34764708791694215        0.0000000000000000     
   1.7417417417417418       0.35979437687368532        0.0000000000000000     
   1.7457457457457457       0.37171306275408500        0.0000000000000000     
   1.7497497497497498       0.38470910986461565        0.0000000000000000     
   1.7537537537537538       0.39742638136212355        1.0000000000000000     
   1.7577577577577577       0.41129625353852550        1.0000000000000000     
   1.7617617617617618       0.42490514685731567        1.0000000000000000     
   1.7657657657657657       0.43965530300186317        1.0000000000000000     
   1.7697697697697699       0.45427865505977522        1.0000000000000000     
   1.7737737737737738       0.46988786350714545        1.0000000000000000     
   1.7777777777777777       0.48568921966984929        1.0000000000000000     
   1.7817817817817818       0.50209647898103849        1.0000000000000000     
   1.7857857857857857       0.51929440995969456        1.0000000000000000     
   1.7897897897897899       0.53638304820119476        1.0000000000000000     
   1.7937937937937938       0.55526979738237159        1.0000000000000000     
   1.7977977977977977       0.57284672407179471        1.0000000000000000     
   1.8018018018018018       0.59381232876479761        1.0000000000000000     
   1.8058058058058057       0.61158116811964736        1.0000000000000000     
   1.8098098098098099       0.63001421401501656        1.0000000000000000     
   1.8138138138138138       0.64657401922792412        1.0000000000000000     
   1.8178178178178179       0.66288310765857961        1.0000000000000000     
   1.8218218218218218       0.67818192364238905        1.0000000000000000     
   1.8258258258258258       0.69268971830612647        1.0000000000000000     
   1.8298298298298299       0.70672313826447208        1.0000000000000000     
   1.8338338338338338       0.71968550575400758        1.0000000000000000     
   1.8378378378378379       0.73248217183017739        1.0000000000000000     
   1.8418418418418419       0.74410319261720836        1.0000000000000000     
   1.8458458458458458       0.75571376723539307        1.0000000000000000     
   1.8498498498498499       0.76615745484215481        1.0000000000000000     
   1.8538538538538538       0.77664632760395647        1.0000000000000000     
   1.8578578578578580       0.78604573400151545        1.0000000000000000     
   1.8618618618618619       0.79548487201886597        1.0000000000000000     
   1.8658658658658658       0.80394912633367055        1.0000000000000000     
   1.8698698698698699       0.81241359286659576        1.0000000000000000     
   1.8738738738738738       0.82003331334314322        1.0000000000000000     
   1.8778778778778780       0.82759807504926597        1.0000000000000000     
   1.8818818818818819       0.83444950679712582        1.0000000000000000     
   1.8858858858858858       0.84118722753572972        1.0000000000000000     
   1.8898898898898899       0.84733538745000003        1.0000000000000000     
   1.8938938938938938       0.85331496954314634        1.0000000000000000     
   1.8978978978978980       0.85881602206502505        1.0000000000000000     
   1.9019019019019019       0.86410170680610088        1.0000000000000000     
   1.9059059059059058       0.86900474750015611        1.0000000000000000     
   1.9099099099099099       0.87365562768224336        1.0000000000000000     
   1.9139139139139139       0.87800401396723615        1.0000000000000000     
   1.9179179179179180       0.88207384407775824        1.0000000000000000     
   1.9219219219219219       0.88590618221435657        1.0000000000000000     
   1.9259259259259258       0.88944339819793461        1.0000000000000000     
   1.9299299299299300       0.89279427144794432        1.0000000000000000     
   1.9339339339339339       0.89584215280765889        1.0000000000000000     
   1.9379379379379380       0.89874265641075402        1.0000000000000000     
   1.9419419419419419       0.90133957991463343        1.0000000000000000     
   1.9459459459459461       0.90381771325269755        1.0000000000000000     
   1.9499499499499500       0.90599746047303154        1.0000000000000000     
   1.9539539539539539       0.90807841474653472        1.0000000000000000     
   1.9579579579579580       0.90987050577050610        1.0000000000000000     
   1.9619619619619619       0.91157687607030069        1.0000000000000000     
   1.9659659659659661       0.91300690954290542        1.0000000000000000     
   1.9699699699699700       0.91435885285262009        1.0000000000000000     
   1.9739739739739739       0.91544883850516512        1.0000000000000000     
   1.9779779779779780       0.91646419349658792        1.0000000000000000     
   1.9819819819819819       0.91723286784900970        1.0000000000000000     
   1.9859859859859861       0.91792724799601877        1.0000000000000000     
   1.9899899899899900       0.91839036730110146        1.0000000000000000     
   1.9939939939939939       0.91877723556170032        1.0000000000000000     
   1.9979979979979980       0.91894784252822592        1.0000000000000000     
   2.0020020020020022       0.91903857340678063        1.0000000000000000     
   2.0060060060060061       0.91892723599335169        1.0000000000000000     
   2.0100100100100100       0.91873116901726570        1.0000000000000000     
   2.0140140140140139       0.91834619078670199        1.0000000000000000     
   2.0180180180180178       0.91787067816982193        1.0000000000000000     
   2.0220220220220222       0.91721828046193843        1.0000000000000000     
   2.0260260260260261       0.91646873086575253        1.0000000000000000     
   2.0300300300300300       0.91555320748478075        1.0000000000000000     
   2.0340340340340339       0.91453312723571778        1.0000000000000000     
   2.0380380380380378       0.91335697253836090        1.0000000000000000     
   2.0420420420420422       0.91206800534088894        1.0000000000000000     
   2.0460460460460461       0.91063201661696591        1.0000000000000000     
   2.0500500500500500       0.90907398265739248        1.0000000000000000     
   2.0540540540540539       0.90737733757036576        1.0000000000000000     
   2.0580580580580579       0.90554827288511974        1.0000000000000000     
   2.0620620620620622       0.90358858252912355        1.0000000000000000     
   2.0660660660660661       0.90148477957081985        1.0000000000000000     
   2.0700700700700700       0.89925811744339490        1.0000000000000000     
   2.0740740740740740       0.89687416787913854        1.0000000000000000     
   2.0780780780780779       0.89437507480141154        1.0000000000000000     
   2.0820820820820822       0.89170391568283480        1.0000000000000000     
   2.0860860860860861       0.88892538045839686        1.0000000000000000     
   2.0900900900900901       0.88595834497251646        1.0000000000000000     
   2.0940940940940940       0.88289176040285755        1.0000000000000000     
   2.0980980980980979       0.87961863440311960        1.0000000000000000     
   2.1021021021021022       0.87625372821747971        1.0000000000000000     
   2.1061061061061062       0.87266281359382103        1.0000000000000000     
   2.1101101101101101       0.86898755396040439        1.0000000000000000     
   2.1141141141141140       0.86506573957314248        1.0000000000000000     
   2.1181181181181179       0.86106621520574023        1.0000000000000000     
   2.1221221221221223       0.85679905550277713        1.0000000000000000     
   2.1261261261261262       0.85245933104828420        1.0000000000000000     
   2.1301301301301301       0.84783113151078926        1.0000000000000000     
   2.1341341341341340       0.84313308000779896        1.0000000000000000     
   2.1381381381381384       0.83812698710334765        1.0000000000000000     
   2.1421421421421423       0.83305010297727655        1.0000000000000000     
   2.1461461461461462       0.82764819418649016        1.0000000000000000     
   2.1501501501501501       0.82216939266558919        1.0000000000000000     
   2.1541541541541540       0.81635275919426920        1.0000000000000000     
   2.1581581581581584       0.81044617141052455        1.0000000000000000     
   2.1621621621621623       0.80419498216062368        1.0000000000000000     
   2.1661661661661662       0.79783175981157584        1.0000000000000000     
   2.1701701701701701       0.79112528975741991        1.0000000000000000     
   2.1741741741741740       0.78427343938764971        1.0000000000000000     
   2.1781781781781784       0.77709003831114798        1.0000000000000000     
   2.1821821821821823       0.76971431344550789        1.0000000000000000     
   2.1861861861861862       0.76203128155824573        1.0000000000000000     
   2.1901901901901901       0.75409317160197231        1.0000000000000000     
   2.1941941941941940       0.74588649634630977        1.0000000000000000     
   2.1981981981981984       0.73734436499969713        1.0000000000000000     
   2.2022022022022023       0.72858825756574752        1.0000000000000000     
   2.2062062062062062       0.71939770126878777        1.0000000000000000     
   2.2102102102102101       0.71006385121953053        1.0000000000000000     
   2.2142142142142140       0.70017837080704481        1.0000000000000000     
   2.2182182182182184       0.69023481160600630        1.0000000000000000     
   2.2222222222222223       0.67960691909122695        1.0000000000000000     
   2.2262262262262262       0.66901636497898076        1.0000000000000000     
   2.2302302302302301       0.65759928362441977        1.0000000000000000     
   2.2342342342342341       0.64631675761366525        1.0000000000000000     
   2.2382382382382384       0.63406691893110634        1.0000000000000000     
   2.2422422422422423       0.62203644077038711        1.0000000000000000     
   2.2462462462462462       0.60891703892473570        1.0000000000000000     
   2.2502502502502502       0.59606707839929807        0.0000000000000000     
   2.2542542542542541       0.58205301322329817        0.0000000000000000     
   2.2582582582582584       0.56829033531642947        0.0000000000000000     
   2.2622622622622623       0.55337496285252596        0.0000000000000000     
   2.2662662662662663       0.53857639370318711        0.0000000000000000     
   2.2702702702702702       0.52278061158307210        0.0000000000000000     
   2.2742742742742741       0.50678213377874581        0.0000000000000000     
   2.2782782782782784       0.49016646228964672        0.0000000000000000     
   2.2822822822822824       0.47274889994027774        0.0000000000000000     
   2.2862862862862863       0.45542938366341540        0.0000000000000000     
   2.2902902902902902       0.43629975605128035        0.0000000000000000     
   2.2942942942942941       0.41846871190867113        0.0000000000000000     
   2.2982982982982985       0.39723611227981137        0.0000000000000000     
   2.3023023023023024       0.37918899536923162        0.0000000000000000     
   2.3063063063063063       0.36046383561078121        0.0000000000000000     
   2.3103103103103102       0.34360052312191508        0.0000000000000000     
   2.3143143143143141       0.32697306475934573        0.0000000000000000     
   2.3183183183183185       0.31134429054446588        0.0000000000000000     
   2.3223223223223224       0.29649059541304756        0.0000000000000000     
   2.3263263263263263       0.28209938987423044        0.0000000000000000     
   2.3303303303303302       0.26876217611909808        0.0000000000000000     
   2.3343343343343341       0.25557836117816152        0.0000000000000000     
   2.3383383383383385       0.24355198792476399        0.0000000000000000     
   2.3423423423423424       0.23152320048251576        0.0000000000000000     
   2.3463463463463463       0.22064194341995341        0.0000000000000000     
   2.3503503503503502       0.20970192246454589        0.0000000000000000     
   2.3543543543543541       0.19983086226637320        0.0000000000000000     
   2.3583583583583585       0.18990559177443422        0.0000000000000000     
   2.3623623623623624       0.18093356822724227        0.0000000000000000     
   2.3663663663663663       0.17194575101634629        0.0000000000000000     
   2.3703703703703702       0.16377994284834718        0.0000000000000000     
   2.3743743743743742       0.15565218510297224        0.0000000000000000     
   2.3783783783783785       0.14821396291311184        0.0000000000000000     
   2.3823823823823824       0.14087097147196564        0.0000000000000000     
   2.3863863863863863       0.13409274228850337        0.0000000000000000     
   2.3903903903903903       0.12746277382244289        0.0000000000000000     
   2.3943943943943946       0.12128559353247190        0.0000000000000000     
   2.3983983983983985       0.11530134385435997        0.0000000000000000     
   2.4024024024024024       0.10967312042720104        0.0000000000000000     
   2.4064064064064064       0.10427220119156499        0.0000000000000000     
   2.4104104104104103        9.9146349251696256E-002   0.0000000000000000     
   2.4144144144144146        9.4271466424573097E-002   0.0000000000000000     
   2.4184184184184185        8.9605903958490676E-002   0.0000000000000000     
   2.4224224224224224        8.5204826176292658E-002   0.0000000000000000     
   2.4264264264264264        8.0961228344438890E-002   0.0000000000000000     
   2.4304304304304303        7.6986612403014895E-002   0.0000000000000000     
   2.4344344344344346        7.3129856698211468E-002   0.0000000000000000     
   2.4384384384384385        6.9538980902998260E-002   0.0000000000000000     
   2.4424424424424425        6.6036733178832990E-002   0.0000000000000000     
   2.4464464464464464        6.2791176307349122E-002   0.0000000000000000     
   2.4504504504504503        5.9613579257288267E-002   0.0000000000000000     
   2.4544544544544546        5.6678872749138964E-002   0.0000000000000000     
   2.4584584584584586        5.3798307876477554E-002   0.0000000000000000     
   2.4624624624624625        5.1143581010796510E-002   0.0000000000000000     
   2.4664664664664664        4.8534482503927799E-002   0.0000000000000000     
   2.4704704704704703        4.6132114290220648E-002   0.0000000000000000     
   2.4744744744744747        4.3770818925875643E-002   0.0000000000000000     
   2.4784784784784786        4.1596105847357824E-002   0.0000000000000000     
   2.4824824824824825        3.9460727427271435E-002   0.0000000000000000     
   2.4864864864864864        3.7491572732327900E-002   0.0000000000000000     
   2.4904904904904903        3.5561892892732982E-002   0.0000000000000000     
   2.4944944944944947        3.3778520584478527E-002   0.0000000000000000     
   2.4984984984984986        3.2035890326457678E-002   0.0000000000000000     
   2.5025025025025025        3.0420585154696974E-002   0.0000000000000000     
   2.5065065065065064        2.8847833306772236E-002   0.0000000000000000     
   2.5105105105105103        2.7384706762244658E-002   0.0000000000000000     
   2.5145145145145147        2.5966052949070055E-002   0.0000000000000000     
   2.5185185185185186        2.4640834369994008E-002   0.0000000000000000     
   2.5225225225225225        2.3361805037937930E-002   0.0000000000000000     
   2.5265265265265264        2.2161656362894779E-002   0.0000000000000000     
   2.5305305305305303        2.1009003096268703E-002   0.0000000000000000     
   2.5345345345345347        1.9922355455903193E-002   0.0000000000000000     
   2.5385385385385386        1.8883975278982758E-002   0.0000000000000000     
   2.5425425425425425        1.7900385449497500E-002   0.0000000000000000     
   2.5465465465465464        1.6965243106116631E-002   0.0000000000000000     
   2.5505505505505504        1.6075267801556159E-002   0.0000000000000000     
   2.5545545545545547        1.5233320180229526E-002   0.0000000000000000     
   2.5585585585585586        1.4428406200622600E-002   0.0000000000000000     
   2.5625625625625625        1.3670529163119444E-002   0.0000000000000000     
   2.5665665665665665        1.2942917513060316E-002   0.0000000000000000     
   2.5705705705705704        1.2260835414345708E-002   0.0000000000000000     
   2.5745745745745747        1.1603477639959895E-002   0.0000000000000000     
   2.5785785785785786        1.0989695817306263E-002   0.0000000000000000     
   2.5825825825825826        1.0396180962724945E-002   0.0000000000000000     
   2.5865865865865865        9.8439214364236284E-003   0.0000000000000000     
   2.5905905905905904        9.3084121821961942E-003   0.0000000000000000     
   2.5945945945945947        8.8115527605726746E-003   0.0000000000000000     
   2.5985985985985987        8.3287294675751227E-003   0.0000000000000000     
   2.6026026026026026        7.8817463927788704E-003   0.0000000000000000     
   2.6066066066066065        7.4467579304306293E-003   0.0000000000000000     
   2.6106106106106104        7.0446721442167229E-003   0.0000000000000000     
   2.6146146146146148        6.6530925274913780E-003   0.0000000000000000     
   2.6186186186186187        6.2914195816212845E-003   0.0000000000000000     
   2.6226226226226226        5.9392095752135565E-003   0.0000000000000000     
   2.6266266266266265        5.6139131615062544E-003   0.0000000000000000     
   2.6306306306306309        5.2973861304892698E-003   0.0000000000000000     
   2.6346346346346348        5.0048351622771301E-003   0.0000000000000000     
   2.6386386386386387        4.7206265563419962E-003   0.0000000000000000     
   2.6426426426426426        4.4575556967227535E-003   0.0000000000000000     
   2.6466466466466465        4.2025956498903134E-003   0.0000000000000000     
   2.6506506506506509        3.9660691527960311E-003   0.0000000000000000     
   2.6546546546546548        3.7375577629631426E-003   0.0000000000000000     
   2.6586586586586587        3.5249364704146311E-003   0.0000000000000000     
   2.6626626626626626        3.3203213941190080E-003   0.0000000000000000     
   2.6666666666666665        3.1292327165976727E-003   0.0000000000000000     
   2.6706706706706709        2.9461887749686875E-003   0.0000000000000000     
   2.6746746746746748        2.7744994709800819E-003   0.0000000000000000     
   2.6786786786786787        2.6109100140598216E-003   0.0000000000000000     
   2.6826826826826826        2.4567015789824366E-003   0.0000000000000000     
   2.6866866866866865        2.3106413985277663E-003   0.0000000000000000     
   2.6906906906906909        2.1721878710177327E-003   0.0000000000000000     
   2.6946946946946948        2.0419074875729910E-003   0.0000000000000000     
   2.6986986986986987        1.9176554834305741E-003   0.0000000000000000     
   2.7027027027027026        1.8015666628739824E-003   0.0000000000000000     
   2.7067067067067065        1.6901174507124436E-003   0.0000000000000000     
   2.7107107107107109        1.5867798295342908E-003   0.0000000000000000     
   2.7147147147147148        1.4868732692228780E-003   0.0000000000000000     
   2.7187187187187187        1.3949819873125854E-003   0.0000000000000000     
   2.7227227227227226        1.3054821604542627E-003   0.0000000000000000     
   2.7267267267267266        1.2238564158915163E-003   0.0000000000000000     
   2.7307307307307309        1.1437387870696625E-003   0.0000000000000000     
   2.7347347347347348        1.0713112399805575E-003   0.0000000000000000     
   2.7387387387387387        9.9965119776122108E-004   0.0000000000000000     
   2.7427427427427427        9.3545816027860204E-004   0.0000000000000000     
   2.7467467467467466        8.7142079764295627E-004   0.0000000000000000     
   2.7507507507507509        8.1459315488825593E-004   0.0000000000000000     
   2.7547547547547548        7.5742415961002781E-004   0.0000000000000000     
   2.7587587587587588        7.0717897280671695E-004   0.0000000000000000     
   2.7627627627627627        6.5619650905186756E-004   0.0000000000000000     
   2.7667667667667666        6.1182925673874651E-004   0.0000000000000000     
   2.7707707707707709        5.6641672966789060E-004   0.0000000000000000     
   2.7747747747747749        5.2729414679577853E-004   0.0000000000000000     
   2.7787787787787788        4.8689375205479974E-004   0.0000000000000000     
   2.7827827827827827        4.5244722976401811E-004   0.0000000000000000     
   2.7867867867867866        4.1655419935260346E-004   0.0000000000000000     
   2.7907907907907910        3.8627371063746003E-004   0.0000000000000000     
   2.7947947947947949        3.5443117567782347E-004   0.0000000000000000     
   2.7987987987987988        3.2785969410626162E-004   0.0000000000000000     
   2.8028028028028027        2.9965409345029405E-004   0.0000000000000000     
   2.8068068068068066        2.7638247374751771E-004   0.0000000000000000     
   2.8108108108108110        2.5143944513691735E-004   0.0000000000000000     
   2.8148148148148149        2.3110173585887123E-004   0.0000000000000000     
   2.8188188188188188        2.0908243348384967E-004   0.0000000000000000     
   2.8228228228228227        1.9135159327478965E-004   0.0000000000000000     
   2.8268268268268266        1.7194938207106870E-004   0.0000000000000000     
   2.8308308308308310        1.5653337217499730E-004   0.0000000000000000     
   2.8348348348348349        1.3947085507513859E-004   0.0000000000000000     
   2.8388388388388388        1.2610908189379400E-004   0.0000000000000000     
   2.8428428428428427        1.1113542153455326E-004   0.0000000000000000     
   2.8468468468468466        9.9595504123021876E-005   0.0000000000000000     
   2.8508508508508510        8.6484005238297488E-005   0.0000000000000000     
   2.8548548548548549        7.6558843721109181E-005   0.0000000000000000     
   2.8588588588588588        6.5104766656830826E-005   0.0000000000000000     
   2.8628628628628627        5.6609888643136567E-005   0.0000000000000000     
   2.8668668668668666        4.6628468155043433E-005   0.0000000000000000     
   2.8708708708708710        3.9399631335794902E-005   0.0000000000000000     
   2.8748748748748749        3.0724278113239604E-005   0.0000000000000000     
   2.8788788788788788        2.4615308336588538E-005   0.0000000000000000     
   2.8828828828828827        1.7095973575110570E-005   0.0000000000000000     
   2.8868868868868871        1.1976818815891096E-005   0.0000000000000000     
   2.8908908908908910        5.4785046770601208E-006   0.0000000000000000     
   2.8948948948948949        1.2334864375940519E-006   0.0000000000000000     
   2.8988988988988988       -4.3651125760757593E-006   0.0000000000000000     
   2.9029029029029028       -7.8388677794064569E-006   0.0000000000000000     
   2.9069069069069071       -1.2646605608448215E-005   0.0000000000000000     
   2.9109109109109110       -1.5440570911787763E-005   0.0000000000000000     
   2.9149149149149149       -1.9554984316344432E-005   0.0000000000000000     
   2.9189189189189189       -2.1750488477596385E-005   0.0000000000000000     
   2.9229229229229228       -2.5258835027078320E-005   0.0000000000000000     
   2.9269269269269271       -2.6928183781342294E-005   0.0000000000000000     
   2.9309309309309310       -2.9908392263474113E-005   0.0000000000000000     
   2.9349349349349350       -3.1115868111699065E-005   0.0000000000000000     
   2.9389389389389389       -3.3637409126256199E-005   0.0000000000000000     
   2.9429429429429428       -3.4440161602159926E-005   0.0000000000000000     
   2.9469469469469471       -3.6564845213692598E-005   0.0000000000000000     
   2.9509509509509511       -3.7013682711101708E-005   0.0000000000000000     
   2.9549549549549550       -3.8796389273144405E-005   0.0000000000000000     
   2.9589589589589589       -3.8936482595719159E-005   0.0000000000000000     
   2.9629629629629628       -4.0425832207845456E-005   0.0000000000000000     
   2.9669669669669672       -4.0297339128554873E-005   0.0000000000000000     
   2.9709709709709711       -4.1536304630828216E-005   0.0000000000000000     
   2.9749749749749750       -4.1174923921563621E-005   0.0000000000000000     
   2.9789789789789789       -4.2201391854073445E-005   0.0000000000000000     
   2.9829829829829828       -4.1638854467795317E-005   0.0000000000000000     
   2.9869869869869872       -4.2486138013543254E-005   0.0000000000000000     
   2.9909909909909911       -4.1750642372953121E-005   0.0000000000000000     
   2.9949949949949950       -4.2447949949539206E-005   0.0000000000000000     
   2.9989989989989989       -4.1564547617491240E-005   0.0000000000000000     
   3.0030030030030028       -4.2137410477515462E-005   0.0000000000000000     
   3.0070070070070072       -4.1128347854701454E-005   0.0000000000000000     
   3.0110110110110111       -4.1599009788592313E-005   0.0000000000000000     
   3.0150150150150150       -4.0484030902447377E-005   0.0000000000000000     
   3.0190190190190189       -4.0871802903809081E-005   0.0000000000000000     
   3.0230230230230228       -3.9668417817710545E-005   0.0000000000000000     
   3.0270270270270272       -3.9990000364569284E-005   0.0000000000000000     
   3.0310310310310311       -3.8713723246514511E-005   0.0000000000000000     
   3.0350350350350350       -3.8983498667298978E-005   0.0000000000000000     
   3.0390390390390389       -3.7648059110382004E-005   0.0000000000000000     
   3.0430430430430429       -3.7878356337175816E-005   0.0000000000000000     
   3.0470470470470472       -3.6495887118161078E-005   0.0000000000000000     
   3.0510510510510511       -3.6697220978486789E-005   0.0000000000000000     
   3.0550550550550550       -3.5278425073310044E-005   0.0000000000000000     
   3.0590590590590589       -3.5459712132832962E-005   0.0000000000000000     
   3.0630630630630629       -3.4014011476531785E-005   0.0000000000000000     
   3.0670670670670672       -3.4182764316493660E-005   0.0000000000000000     
   3.0710710710710711       -3.2718432497462181E-005   0.0000000000000000     
   3.0750750750750750       -3.2880934190699438E-005   0.0000000000000000     
   3.0790790790790790       -3.1405215002818231E-005   0.0000000000000000     
   3.0830830830830829       -3.1566675439563915E-005   0.0000000000000000     
   3.0870870870870872       -3.0085888978267170E-005   0.0000000000000000     
   3.0910910910910911       -3.0250584586560637E-005   0.0000000000000000     
   3.0950950950950951       -2.8770222363904224E-005   0.0000000000000000     
   3.0990990990990990       -2.8941620668559699E-005   0.0000000000000000     
   3.1031031031031029       -2.7466431035556403E-005   0.0000000000000000     
   3.1071071071071072       -2.7647301403686973E-005   0.0000000000000000     
   3.1111111111111112       -2.6181366403391218E-005   0.0000000000000000     
   3.1151151151151151       -2.6373878233016095E-005   0.0000000000000000     
   3.1191191191191190       -2.4920682862978011E-005   0.0000000000000000     
   3.1231231231231229       -2.5126492383953840E-005   0.0000000000000000     
   3.1271271271271273       -2.3688987119753468E-005   0.0000000000000000     
   3.1311311311311312       -2.3909313892946257E-005   0.0000000000000000     
   3.1351351351351351       -2.2489971213715392E-005   0.0000000000000000     
   3.1391391391391390       -2.2725665334818107E-005   0.0000000000000000     
   3.1431431431431434       -2.1326530895236317E-005   0.0000000000000000     
   3.1471471471471473       -2.1578131833841843E-005   0.0000000000000000     
   3.1511511511511512       -2.0200870843460948E-005   0.0000000000000000     
   3.1551551551551551       -2.0468658775851423E-005   0.0000000000000000     
   3.1591591591591590       -1.9114598074289502E-005   0.0000000000000000     
   3.1631631631631634       -1.9398638499854554E-005   0.0000000000000000     
   3.1671671671671673       -1.8068804754063495E-005   0.0000000000000000     
   3.1711711711711712       -1.8368987120274380E-005   0.0000000000000000     
   3.1751751751751751       -1.7064141516498821E-005   0.0000000000000000     
   3.1791791791791790       -1.7380212515909367E-005   0.0000000000000000     
   3.1831831831831834       -1.6100882273009630E-005   0.0000000000000000     
   3.1871871871871873       -1.6432474417790142E-005   0.0000000000000000     
   3.1911911911911912       -1.5178981409300734E-005   0.0000000000000000     
   3.1951951951951951       -1.5525637434294467E-005   0.0000000000000000     
   3.1991991991991990       -1.4298124173033664E-005   0.0000000000000000     
   3.2032032032032034       -1.4659317767202361E-005   0.0000000000000000     
   3.2072072072072073       -1.3457770977641019E-005   0.0000000000000000     
   3.2112112112112112       -1.3832924295973559E-005   0.0000000000000000     
   3.2152152152152151       -1.2657196275201581E-005   0.0000000000000000     
   3.2192192192192191       -1.3045694638620714E-005   0.0000000000000000     
   3.2232232232232234       -1.1895522585993532E-005   0.0000000000000000     
   3.2272272272272273       -1.2296726735422694E-005   0.0000000000000000     
   3.2312312312312312       -1.1171750213276818E-005   0.0000000000000000     
   3.2352352352352352       -1.1585006445724581E-005   0.0000000000000000     
   3.2392392392392391       -1.0484783118442521E-005   0.0000000000000000     
   3.2432432432432434       -1.0909431597616553E-005   0.0000000000000000     
   3.2472472472472473       -9.8334513833796015E-006   0.0000000000000000     
   3.2512512512512513       -1.0268832884839295E-005   0.0000000000000000     
   3.2552552552552552       -9.2165306432739839E-006   0.0000000000000000     
   3.2592592592592591       -9.6619919643455709E-006   0.0000000000000000     
   3.2632632632632634       -8.6327588336363096E-006   0.0000000000000000     
   3.2672672672672673       -9.0876570711163239E-006   0.0000000000000000     
   3.2712712712712713       -8.0808505597619238E-006   0.0000000000000000     
   3.2752752752752752       -8.5445564336895282E-006   0.0000000000000000     
   3.2792792792792791       -7.5595093647017633E-006   0.0000000000000000     
   3.2832832832832834       -8.0314097440493181E-006   0.0000000000000000     
   3.2872872872872874       -7.0674381428419244E-006   0.0000000000000000     
   3.2912912912912913       -7.5469379087176050E-006   0.0000000000000000     
   3.2952952952952952       -6.6033479200581007E-006   0.0000000000000000     
   3.2992992992992991       -7.0898712837939458E-006   0.0000000000000000     
   3.3033033033033035       -6.1659651978615873E-006   0.0000000000000000     
   3.3073073073073074       -6.6589565750370406E-006   0.0000000000000000     
   3.3113113113113113       -5.7540380377421848E-006   0.0000000000000000     
   3.3153153153153152       -6.2529625646302715E-006   0.0000000000000000     
   3.3193193193193191       -5.3663410428203830E-006   0.0000000000000000     
   3.3233233233233235       -5.8706848088074718E-006   0.0000000000000000     
   3.3273273273273274       -5.0016793767450286E-006   0.0000000000000000     
   3.3313313313313313       -5.5109494348361253E-006   0.0000000000000000     
   3.3353353353353352       -4.6588919443313762E-006   0.0000000000000000     
   3.3393393393393391       -5.1726161517861297E-006   0.0000000000000000     
   3.3433433433433435       -4.3368538445625940E-006   0.0000000000000000     
   3.3473473473473474       -4.8545805768924821E-006   0.0000000000000000     
   3.3513513513513513       -4.0344781941245244E-006   0.0000000000000000     
   3.3553553553553552       -4.5557759680049218E-006   0.0000000000000000     
   3.3593593593593591       -3.7507174084729264E-006   0.0000000000000000     
   3.3633633633633635       -4.2751744424764980E-006   0.0000000000000000     
   3.3673673673673674       -3.4845640174199787E-006   0.0000000000000000     
   3.3713713713713713       -4.0117877537577542E-006   0.0000000000000000     
   3.3753753753753752       -3.2350510832602511E-006   0.0000000000000000     
   3.3793793793793796       -3.7646676888281029E-006   0.0000000000000000     
   3.3833833833833835       -3.0012522814336093E-006   0.0000000000000000     
   3.3873873873873874       -3.5329061423150439E-006   0.0000000000000000     
   3.3913913913913913       -2.7822816965506101E-006   0.0000000000000000     
   3.3953953953953953       -3.3156349166387476E-006   0.0000000000000000     
   3.3993993993993996       -2.5772933802013965E-006   0.0000000000000000     
   3.4034034034034035       -3.1120252916967498E-006   0.0000000000000000     
   3.4074074074074074       -2.3854807112552833E-006   0.0000000000000000     
   3.4114114114114114       -2.9212874024009432E-006   0.0000000000000000     
   3.4154154154154153       -2.2060755942662196E-006   0.0000000000000000     
   3.4194194194194196       -2.7426694577334218E-006   0.0000000000000000     
   3.4234234234234235       -2.0383475270670157E-006   0.0000000000000000     
   3.4274274274274275       -2.5754568308427737E-006   0.0000000000000000     
   3.4314314314314314       -1.8816025646052136E-006   0.0000000000000000     
   3.4354354354354353       -2.4189710460065063E-006   0.0000000000000000     
   3.4394394394394396       -1.7351822024955000E-006   0.0000000000000000     
   3.4434434434434436       -2.2725686849928022E-006   0.0000000000000000     
   3.4474474474474475       -1.5984622005904130E-006   0.0000000000000000     
   3.4514514514514514       -2.1356402324240918E-006   0.0000000000000000     
   3.4554554554554553       -1.4708513640615547E-006   0.0000000000000000     
   3.4594594594594597       -2.0076088771389430E-006   0.0000000000000000     
   3.4634634634634636       -1.3517902969993295E-006   0.0000000000000000     
   3.4674674674674675       -1.8879292842338504E-006   0.0000000000000000     
   3.4714714714714714       -1.2407501413464078E-006   0.0000000000000000     
   3.4754754754754753       -1.7760863504125600E-006   0.0000000000000000     
   3.4794794794794797       -1.1372313120478378E-006   0.0000000000000000     
   3.4834834834834836       -1.6715939534505315E-006   0.0000000000000000     
   3.4874874874874875       -1.0407622376011083E-006   0.0000000000000000     
   3.4914914914914914       -1.5739937049714849E-006   0.0000000000000000     
   3.4954954954954953       -9.5089811369759686E-007   0.0000000000000000     
   3.4994994994994997       -1.4828537143099529E-006   0.0000000000000000     
   3.5035035035035036       -8.6721967633998097E-007   0.0000000000000000     
   3.5075075075075075       -1.3977673699784989E-006   0.0000000000000000     
   3.5115115115115114       -7.8933199967825246E-007   0.0000000000000000     
   3.5155155155155153       -1.3183521441530680E-006   0.0000000000000000     
   3.5195195195195197       -7.1686332281158749E-007   0.0000000000000000     
   3.5235235235235236       -1.2442484246189661E-006   0.0000000000000000     
   3.5275275275275275       -6.4946390893818019E-007   0.0000000000000000     
   3.5315315315315314       -1.1751183777687439E-006   0.0000000000000000     
   3.5355355355355353       -5.8680493948544703E-007   0.0000000000000000     
   3.5395395395395397       -1.1106448454990269E-006   0.0000000000000000     
   3.5435435435435436       -5.2857744520572877E-007   0.0000000000000000     
   3.5475475475475475       -1.0505302782044948E-006   0.0000000000000000     
   3.5515515515515514       -4.7449127566577359E-007   0.0000000000000000     
   3.5555555555555554       -9.9449570550335267E-007   0.0000000000000000     
   3.5595595595595597       -4.2427410808144042E-007   0.0000000000000000     
   3.5635635635635636       -9.4227974584045126E-007   0.0000000000000000     
   3.5675675675675675       -3.7767049604268794E-007   0.0000000000000000     
   3.5715715715715715       -8.9363765569333799E-007   0.0000000000000000     
   3.5755755755755754       -3.3444095832964929E-007   0.0000000000000000     
   3.5795795795795797       -8.4834041874539171E-007   0.0000000000000000     
   3.5835835835835836       -2.9436110773078587E-007   0.0000000000000000     
   3.5875875875875876       -8.0617387508213583E-007   0.0000000000000000     
   3.5915915915915915       -2.5722081953220062E-007   0.0000000000000000     
   3.5955955955955954       -7.6693789020573078E-007   0.0000000000000000     
   3.5995995995995997       -2.2282343914705756E-007   0.0000000000000000     
   3.6036036036036037       -7.3044556344313178E-007   0.0000000000000000     
   3.6076076076076076       -1.9098502819048459E-007   0.0000000000000000     
   3.6116116116116115       -6.9652247514060792E-007   0.0000000000000000     
   3.6156156156156154       -1.6153364817352718E-007   0.0000000000000000     
   3.6196196196196198       -6.6500597188691925E-007   0.0000000000000000     
   3.6236236236236237       -1.3430868088553006E-007   0.0000000000000000     
   3.6276276276276276       -6.3574448888554079E-007   0.0000000000000000     
   3.6316316316316315       -1.0916018445398814E-007   0.0000000000000000     
   3.6356356356356359       -6.0859690849946176E-007   0.0000000000000000     
   3.6396396396396398       -8.5948284011167475E-008   0.0000000000000000     
   3.6436436436436437       -5.8343195391716989E-007   0.0000000000000000     
   3.6476476476476476       -6.4542595854673658E-008   0.0000000000000000     
   3.6516516516516515       -5.6012761683277067E-007   0.0000000000000000     
   3.6556556556556559       -4.4821683962101768E-008   0.0000000000000000     
   3.6596596596596598       -5.3857061799421016E-007   0.0000000000000000     
   3.6636636636636637       -2.6672547705612801E-008   0.0000000000000000     
   3.6676676676676676       -5.1865589944929053E-007   0.0000000000000000     
   3.6716716716716715       -9.9901396087261684E-009   0.0000000000000000     
   3.6756756756756759       -5.0028614730749291E-007   0.0000000000000000     
   3.6796796796796798        5.3230880069804480E-009   0.0000000000000000     
   3.6836836836836837       -4.8337134383501558E-007   0.0000000000000000     
   3.6876876876876876        1.9357608624860375E-008   0.0000000000000000     
   3.6916916916916915       -4.6782834770931488E-007   0.0000000000000000     
   3.6956956956956959        3.2197220506755253E-008   0.0000000000000000     
   3.6996996996996998       -4.5358050127655015E-007   0.0000000000000000     
   3.7037037037037037        4.3919420134654825E-008   0.0000000000000000     
   3.7077077077077076       -4.4055726367951259E-007   0.0000000000000000     
   3.7117117117117115        5.4595751190993639E-008   0.0000000000000000     
   3.7157157157157159       -4.2869386875392419E-007   0.0000000000000000     
   3.7197197197197198        6.4292130118524923E-008   0.0000000000000000     
   3.7237237237237237       -4.1793100662647254E-007   0.0000000000000000     
   3.7277277277277276        7.3069149269339552E-008   0.0000000000000000     
   3.7317317317317316       -4.0821452798794756E-007   0.0000000000000000     
   3.7357357357357359        8.0982358620191481E-008   0.0000000000000000     
   3.7397397397397398       -3.9949517005856343E-007   0.0000000000000000     
   3.7437437437437437        8.8082526998488735E-008   0.0000000000000000     
   3.7477477477477477       -3.9172830330951506E-007   0.0000000000000000     
   3.7517517517517516        9.4415883730621771E-008   0.0000000000000000     
   3.7557557557557559       -3.8487369805433478E-007   0.0000000000000000     
   3.7597597597597598        1.0002434159217156E-007   0.0000000000000000     
   3.7637637637637638       -3.7889531007519828E-007   0.0000000000000000     
   3.7677677677677677        1.0494570190820064E-007   0.0000000000000000     
   3.7717717717717716       -3.7376108450237375E-007   0.0000000000000000     
   3.7757757757757759        1.0921384262143644E-007   0.0000000000000000     
   3.7797797797797799       -3.6944277721885433E-007   0.0000000000000000     
   3.7837837837837838        1.1285889011666073E-007   0.0000000000000000     
   3.7877877877877877       -3.6591579311613200E-007   0.0000000000000000     
   3.7917917917917916        1.1590737556074524E-007   0.0000000000000000     
   3.7957957957957960       -3.6315904058009050E-007   0.0000000000000000     
   3.7997997997997999        1.1838237648896710E-007   0.0000000000000000     
   3.8038038038038038       -3.6115480163699803E-007   0.0000000000000000     
   3.8078078078078077        1.2030364433863630E-007   0.0000000000000000     
   3.8118118118118116       -3.5988861723699562E-007   0.0000000000000000     
   3.8158158158158160        1.2168771859934676E-007   0.0000000000000000     
   3.8198198198198199       -3.5934918719440461E-007   0.0000000000000000     
   3.8238238238238238        1.2254802821342971E-007   0.0000000000000000     
   3.8278278278278277       -3.5952828433806690E-007   0.0000000000000000     
   3.8318318318318316        1.2289498081796206E-007   0.0000000000000000     
   3.8358358358358360       -3.6042068244749871E-007   0.0000000000000000     
   3.8398398398398399        1.2273604036749571E-007   0.0000000000000000     
   3.8438438438438438       -3.6202409755769422E-007   0.0000000000000000     
   3.8478478478478477        1.2207579361005349E-007   0.0000000000000000     
   3.8518518518518516       -3.6433914220150845E-007   0.0000000000000000     
   3.8558558558558560        1.2091600580211081E-007   0.0000000000000000     
   3.8598598598598599       -3.6736929211679453E-007   0.0000000000000000     
   3.8638638638638638        1.1925566593366647E-007   0.0000000000000000     
   3.8678678678678677       -3.7112086486706164E-007   0.0000000000000000     
   3.8718718718718717        1.1709102158260453E-007   0.0000000000000000     
   3.8758758758758760       -3.7560300969829842E-007   0.0000000000000000     
   3.8798798798798799        1.1441560331620466E-007   0.0000000000000000     
   3.8838838838838838       -3.8082770776677985E-007   0.0000000000000000     
   3.8878878878878878        1.1122023829160109E-007   0.0000000000000000     
   3.8918918918918921       -3.8680978160571173E-007   0.0000000000000000     
   3.8958958958958960        1.0749305235710369E-007   0.0000000000000000     
   3.8998998998998999       -3.9356691233068046E-007   0.0000000000000000     
   3.9039039039039038        1.0321945949869331E-007   0.0000000000000000     
   3.9079079079079078       -4.0111966258802888E-007   0.0000000000000000     
   3.9119119119119121        9.8382136881086495E-008   0.0000000000000000     
   3.9159159159159160       -4.0949150259304333E-007   0.0000000000000000     
   3.9199199199199199        9.2960982963864276E-008   0.0000000000000000     
   3.9239239239239239       -4.1870883574494094E-007   0.0000000000000000     
   3.9279279279279278        8.6933055185107115E-008   0.0000000000000000     
   3.9319319319319321       -4.2880101919244940E-007   0.0000000000000000     
   3.9359359359359360        8.0272482442284388E-008   0.0000000000000000     
   3.9399399399399400       -4.3980037329511203E-007   0.0000000000000000     
   3.9439439439439439        7.2950345994799892E-008   0.0000000000000000     
   3.9479479479479478       -4.5174217210545839E-007   0.0000000000000000     
   3.9519519519519521        6.4934520381585469E-008   0.0000000000000000     
   3.9559559559559561       -4.6466460469331574E-007   0.0000000000000000     
   3.9599599599599600        5.6189463389254255E-008   0.0000000000000000     
   3.9639639639639639       -4.7860869423329812E-007   0.0000000000000000     
   3.9679679679679678        4.6675940898634123E-008   0.0000000000000000     
   3.9719719719719722       -4.9361815814343384E-007   0.0000000000000000     
   3.9759759759759761        3.6350668430881312E-008   0.0000000000000000     
   3.9799799799799800       -5.0973918803175286E-007   0.0000000000000000     
   3.9839839839839839        2.5165846228441205E-008   0.0000000000000000     
   3.9879879879879878       -5.2702012257889994E-007   0.0000000000000000     
   3.9919919919919922        1.3068558523021963E-008   0.0000000000000000     
   3.9959959959959961       -5.4551097951783489E-007   0.0000000000000000     
   4.0000000000000000        0.0000000000000000        0.0000000000000000     
