   0.0000000000000000        0.0000000000000000        0.0000000000000000     
   4.0040040040040040E-003  -9.3990088969388234E-007   0.0000000000000000     
   8.0080080080080079E-003   3.0303714860744332E-008   0.0000000000000000     
   1.2012012012012012E-002  -9.1576129154643860E-007   0.0000000000000000     
   1.6016016016016016E-002   7.6153022705957817E-008   0.0000000000000000     
   2.0020020020020020E-002  -8.8741273889754746E-007   0.0000000000000000     
   2.4024024024024024E-002   1.2323068500584264E-007   0.0000000000000000     
   2.8028028028028028E-002  -8.6076419045825318E-007   0.0000000000000000     
   3.2032032032032032E-002   1.7068369114841572E-007   0.0000000000000000     
   3.6036036036036036E-002  -8.3748893795076507E-007   0.0000000000000000     
   4.0040040040040040E-002   2.1680199544411726E-007   0.0000000000000000     
   4.4044044044044044E-002  -8.1738698712046282E-007   0.0000000000000000     
   4.8048048048048048E-002   2.6183665492247050E-007   0.0000000000000000     
   5.2052052052052052E-002  -8.0027014239568847E-007   0.0000000000000000     
   5.6056056056056056E-002   3.0602191981737653E-007   0.0000000000000000     
   6.0060060060060060E-002  -7.8596133965732649E-007   0.0000000000000000     
   6.4064064064064064E-002   3.4957727999957396E-007   0.0000000000000000     
   6.8068068068068074E-002  -7.7429394230184081E-007   0.0000000000000000     
   7.2072072072072071E-002   3.9270930666375492E-007   0.0000000000000000     
   7.6076076076076082E-002  -7.6511101113863633E-007   0.0000000000000000     
   8.0080080080080079E-002   4.3561331543959218E-007   0.0000000000000000     
   8.4084084084084090E-002  -7.5826455646757095E-007   0.0000000000000000     
   8.8088088088088087E-002   4.7847487400064594E-007   0.0000000000000000     
   9.2092092092092098E-002  -7.5361477880721817E-007   0.0000000000000000     
   9.6096096096096095E-002   5.2147117454925030E-007   0.0000000000000000     
  0.10010010010010011       -7.5102930314429914E-007   0.0000000000000000     
  0.10410410410410410        5.6477228921063786E-007   0.0000000000000000     
  0.10810810810810811       -7.5038241021047623E-007   0.0000000000000000     
  0.11211211211211211        6.0854232433332439E-007   0.0000000000000000     
  0.11611611611611612       -7.5155426713034286E-007   0.0000000000000000     
  0.12012012012012012        6.5294048792796847E-007   0.0000000000000000     
  0.12412412412412413       -7.5443015879421521E-007   0.0000000000000000     
  0.12812812812812813        6.9812208295100284E-007   0.0000000000000000     
  0.13213213213213212       -7.5889972046532082E-007   0.0000000000000000     
  0.13613613613613615        7.4423943782384311E-007   0.0000000000000000     
  0.14014014014014015       -7.6485617141060061E-007   0.0000000000000000     
  0.14414414414414414        7.9144278444858625E-007   0.0000000000000000     
  0.14814814814814814       -7.7219554872792925E-007   0.0000000000000000     
  0.15215215215215216        8.3988109301512549E-007   0.0000000000000000     
  0.15615615615615616       -7.8081594001296809E-007   0.0000000000000000     
  0.16016016016016016        8.8970287207367055E-007   0.0000000000000000     
  0.16416416416416416       -7.9061671305116773E-007   0.0000000000000000     
  0.16816816816816818        9.4105694165439537E-007   0.0000000000000000     
  0.17217217217217218       -8.0149774032161325E-007   0.0000000000000000     
  0.17617617617617617        9.9409318663810676E-007   0.0000000000000000     
  0.18018018018018017       -8.1335861574808354E-007   0.0000000000000000     
  0.18418418418418420        1.0489632971061732E-006   0.0000000000000000     
  0.18818818818818819       -8.2609786081896819E-007   0.0000000000000000     
  0.19219219219219219        1.1058215020139002E-006   0.0000000000000000     
  0.19619619619619619       -8.3961211691281743E-007   0.0000000000000000     
  0.20020020020020021        1.1648253022299918E-006   0.0000000000000000     
  0.20420420420420421       -8.5379532040270493E-007   0.0000000000000000     
  0.20820820820820821        1.2261362087580052E-006   0.0000000000000000     
  0.21221221221221220       -8.6853785686347219E-007   0.0000000000000000     
  0.21621621621621623        1.2899204917971741E-006   0.0000000000000000     
  0.22022022022022023       -8.8372569046538533E-007   0.0000000000000000     
  0.22422422422422422        1.3563499462042215E-006   0.0000000000000000     
  0.22822822822822822       -8.9923946440040646E-007   0.0000000000000000     
  0.23223223223223224        1.4256026788801612E-006   0.0000000000000000     
  0.23623623623623624       -9.1495356794842961E-007   0.0000000000000000     
  0.24024024024024024        1.4978639236229430E-006   0.0000000000000000     
  0.24424424424424424       -9.3073516554609804E-007   0.0000000000000000     
  0.24824824824824826        1.5733268890551091E-006   0.0000000000000000     
  0.25225225225225223       -9.4644318296626681E-007   0.0000000000000000     
  0.25625625625625625        1.6521936453531250E-006   0.0000000000000000     
  0.26026026026026028       -9.6192724544812225E-007   0.0000000000000000     
  0.26426426426426425        1.7346760556700293E-006   0.0000000000000000     
  0.26826826826826827       -9.7702656233296498E-007   0.0000000000000000     
  0.27227227227227230        1.8209967583544055E-006   0.0000000000000000     
  0.27627627627627627       -9.9156875245544231E-007   0.0000000000000000     
  0.28028028028028029        1.9113902063257819E-006   0.0000000000000000     
  0.28428428428428426       -1.0053686042113756E-006   0.0000000000000000     
  0.28828828828828829        2.0061037702692795E-006   0.0000000000000000     
  0.29229229229229231       -1.0182267638681917E-006   0.0000000000000000     
  0.29629629629629628        2.1053989126609716E-006   0.0000000000000000     
  0.30030030030030030       -1.0299283452991956E-006   0.0000000000000000     
  0.30430430430430433        2.2095524400306815E-006   0.0000000000000000     
  0.30830830830830830       -1.0402414539054286E-006   0.0000000000000000     
  0.31231231231231232        2.3188578413119701E-006   0.0000000000000000     
  0.31631631631631629       -1.0489156170354306E-006   0.0000000000000000     
  0.32032032032032032        2.4336267206213243E-006   0.0000000000000000     
  0.32432432432432434       -1.0556801127205773E-006   0.0000000000000000     
  0.32832832832832831        2.5541903333519244E-006   0.0000000000000000     
  0.33233233233233234       -1.0602421880083663E-006   0.0000000000000000     
  0.33633633633633636        2.6809012350640873E-006   0.0000000000000000     
  0.34034034034034033       -1.0622851575945020E-006   0.0000000000000000     
  0.34434434434434436        2.8141350533070955E-006   0.0000000000000000     
  0.34834834834834832       -1.0614663728230209E-006   0.0000000000000000     
  0.35235235235235235        2.9542923932186299E-006   0.0000000000000000     
  0.35635635635635637       -1.0574150504380513E-006   0.0000000000000000     
  0.36036036036036034        3.1018008885216943E-006   0.0000000000000000     
  0.36436436436436437       -1.0497299497266971E-006   0.0000000000000000     
  0.36836836836836839        3.2571174103784899E-006   0.0000000000000000     
  0.37237237237237236       -1.0379768858855024E-006   0.0000000000000000     
  0.37637637637637639        3.4207304474701606E-006   0.0000000000000000     
  0.38038038038038036       -1.0216860665678959E-006   0.0000000000000000     
  0.38438438438438438        3.5931626716552541E-006   0.0000000000000000     
  0.38838838838838841       -1.0003492376217584E-006   0.0000000000000000     
  0.39239239239239238        3.7749737046229150E-006   0.0000000000000000     
  0.39639639639639640       -9.7341662299897543E-007   0.0000000000000000     
  0.40040040040040042        3.9667631021046323E-006   0.0000000000000000     
  0.40440440440440439       -9.4029364270645262E-007   0.0000000000000000     
  0.40840840840840842        4.1691735734465240E-006   0.0000000000000000     
  0.41241241241241239       -9.0033739146387832E-007   0.0000000000000000     
  0.41641641641641641        4.3828944556789671E-006   0.0000000000000000     
  0.42042042042042044       -8.5285285943042171E-007   0.0000000000000000     
  0.42442442442442441        4.6086654626586146E-006   0.0000000000000000     
  0.42842842842842843       -7.9708887495274471E-007   0.0000000000000000     
  0.43243243243243246        4.8472807314067781E-006   0.0000000000000000     
  0.43643643643643643       -7.3223374776195841E-007   0.0000000000000000     
  0.44044044044044045        5.0995931894357688E-006   0.0000000000000000     
  0.44444444444444442       -6.5741058939836820E-007   0.0000000000000000     
  0.44844844844844844        5.3665192686494864E-006   0.0000000000000000     
  0.45245245245245247       -5.7167228586041216E-007   0.0000000000000000     
  0.45645645645645644        5.6490439933356904E-006   0.0000000000000000     
  0.46046046046046046       -4.7399609554757880E-007   0.0000000000000000     
  0.46446446446446449        5.9482264718446495E-006   0.0000000000000000     
  0.46846846846846846       -3.6327784348506545E-007   0.0000000000000000     
  0.47247247247247248        6.2652058237831610E-006   0.0000000000000000     
  0.47647647647647645       -2.3832568056827421E-007   0.0000000000000000     
  0.48048048048048048        6.6012075769555548E-006   0.0000000000000000     
  0.48448448448448450       -9.7853374134900866E-008   0.0000000000000000     
  0.48848848848848847        6.9575505708667402E-006   0.0000000000000000     
  0.49249249249249250        5.9526906452889721E-008   0.0000000000000000     
  0.49649649649649652        7.3356544063799213E-006   0.0000000000000000     
  0.50050050050050054        2.3531234836900855E-007   0.0000000000000000     
  0.50450450450450446        7.7370474841076127E-006   0.0000000000000000     
  0.50850850850850848        4.3111784024136925E-007   0.0000000000000000     
  0.51251251251251251        8.1633756773245689E-006   0.0000000000000000     
  0.51651651651651653        6.4868494894788160E-007   0.0000000000000000     
  0.52052052052052056        8.6164116886417717E-006   0.0000000000000000     
  0.52452452452452447        8.8989157738044886E-007   0.0000000000000000     
  0.52852852852852850        9.0980651433896992E-006   0.0000000000000000     
  0.53253253253253252        1.1567623561198987E-006   0.0000000000000000     
  0.53653653653653655        9.6103934766459727E-006   0.0000000000000000     
  0.54054054054054057        1.4514798261234645E-006   0.0000000000000000     
  0.54454454454454460        1.0155613675128065E-005   0.0000000000000000     
  0.54854854854854851        1.7763964740147407E-006   0.0000000000000000     
  0.55255255255255253        1.0736114939778337E-005   0.0000000000000000     
  0.55655655655655656        2.1340476864092277E-006   0.0000000000000000     
  0.56056056056056058        1.1354472339820558E-005   0.0000000000000000     
  0.56456456456456461        2.5271656949343701E-006   0.0000000000000000     
  0.56856856856856852        1.2013461534390140E-005   0.0000000000000000     
  0.57257257257257255        2.9586945892406847E-006   0.0000000000000000     
  0.57657657657657657        1.2716074643562869E-005   0.0000000000000000     
  0.58058058058058060        3.4318064813820131E-006   0.0000000000000000     
  0.58458458458458462        1.3465537356758893E-005   0.0000000000000000     
  0.58858858858858853        3.9499189115022505E-006   0.0000000000000000     
  0.59259259259259256        1.4265327373113039E-005   0.0000000000000000     
  0.59659659659659658        4.5167135918395335E-006   0.0000000000000000     
  0.60060060060060061        1.5119194275514264E-005   0.0000000000000000     
  0.60460460460460463        5.1361565936865113E-006   0.0000000000000000     
  0.60860860860860866        1.6031180947663943E-005   0.0000000000000000     
  0.61261261261261257        5.8125200901689344E-006   0.0000000000000000     
  0.61661661661661660        1.7005646651726026E-005   0.0000000000000000     
  0.62062062062062062        6.5504057765699318E-006   0.0000000000000000     
  0.62462462462462465        1.8047291892985716E-005   0.0000000000000000     
  0.62862862862862867        7.3547700994828464E-006   0.0000000000000000     
  0.63263263263263259        1.9161185207444841E-005   0.0000000000000000     
  0.63663663663663661        8.2309514363733790E-006   0.0000000000000000     
  0.64064064064064064        2.0352792018513220E-005   0.0000000000000000     
  0.64464464464464466        9.1846993782286383E-006   0.0000000000000000     
  0.64864864864864868        2.1628005719960943E-005   0.0000000000000000     
  0.65265265265265260        1.0222206279926395E-005   0.0000000000000000     
  0.65665665665665662        2.2993181154137001E-005   0.0000000000000000     
  0.66066066066066065        1.1350141255837261E-005   0.0000000000000000     
  0.66466466466466467        2.4455170667199173E-005   0.0000000000000000     
  0.66866866866866870        1.2575686812045105E-005   0.0000000000000000     
  0.67267267267267272        2.6021362936808557E-005   0.0000000000000000     
  0.67667667667667664        1.3906578321510818E-005   0.0000000000000000     
  0.68068068068068066        2.7699724782494553E-005   0.0000000000000000     
  0.68468468468468469        1.5351146564591971E-005   0.0000000000000000     
  0.68868868868868871        2.9498846184774002E-005   0.0000000000000000     
  0.69269269269269274        1.6918363574650851E-005   0.0000000000000000     
  0.69669669669669665        3.1427988756198440E-005   0.0000000000000000     
  0.70070070070070067        1.8617892047128115E-005   0.0000000000000000     
  0.70470470470470470        3.3497137925901895E-005   0.0000000000000000     
  0.70870870870870872        2.0460138590527066E-005   0.0000000000000000     
  0.71271271271271275        3.5717059119028951E-005   0.0000000000000000     
  0.71671671671671666        2.2456311119349802E-005   0.0000000000000000     
  0.72072072072072069        3.8099358233750541E-005   0.0000000000000000     
  0.72472472472472471        2.4618480712264202E-005   0.0000000000000000     
  0.72872872872872874        4.0656546741540793E-005   0.0000000000000000     
  0.73273273273273276        2.6959648283781418E-005   0.0000000000000000     
  0.73673673673673679        4.3402111761122020E-005   0.0000000000000000     
  0.74074074074074070        2.9493816444616677E-005   0.0000000000000000     
  0.74474474474474472        4.6350591483124132E-005   0.0000000000000000     
  0.74874874874874875        3.2236066954831593E-005   0.0000000000000000     
  0.75275275275275277        4.9517656351199208E-005   0.0000000000000000     
  0.75675675675675680        3.5202644204962574E-005   0.0000000000000000     
  0.76076076076076071        5.2920196436243995E-005   0.0000000000000000     
  0.76476476476476474        3.8411045193787591E-005   0.0000000000000000     
  0.76876876876876876        5.6576415473685697E-005   0.0000000000000000     
  0.77277277277277279        4.1880116507344041E-005   0.0000000000000000     
  0.77677677677677681        6.0505932069668311E-005   0.0000000000000000     
  0.78078078078078073        4.5630158842467163E-005   0.0000000000000000     
  0.78478478478478475        6.4729888620641192E-005   0.0000000000000000     
  0.78878878878878878        4.9683039659669156E-005   0.0000000000000000     
  0.79279279279279280        6.9271068532515554E-005   0.0000000000000000     
  0.79679679679679682        5.4062314594834163E-005   0.0000000000000000     
  0.80080080080080085        7.4154022370457275E-005   0.0000000000000000     
  0.80480480480480476        5.8793358307190698E-005   0.0000000000000000     
  0.80880880880880879        7.9405203618776492E-005   0.0000000000000000     
  0.81281281281281281        6.3903505492584261E-005   0.0000000000000000     
  0.81681681681681684        8.5053114782533657E-005   0.0000000000000000     
  0.82082082082082086        6.9422202846466838E-005   0.0000000000000000     
  0.82482482482482478        9.1128464618701842E-005   0.0000000000000000     
  0.82882882882882880        7.5381172820529970E-005   0.0000000000000000     
  0.83283283283283283        9.7664337345325806E-005   0.0000000000000000     
  0.83683683683683685        8.1814590080829237E-005   0.0000000000000000     
  0.84084084084084088        1.0469637474244262E-004   0.0000000000000000     
  0.84484484484484490        8.8759271643905634E-005   0.0000000000000000     
  0.84884884884884881        1.1226297212894736E-004   0.0000000000000000     
  0.85285285285285284        9.6254881741145095E-005   0.0000000000000000     
  0.85685685685685686        1.2040548927549822E-004   0.0000000000000000     
  0.86086086086086089        1.0434415254080495E-004   0.0000000000000000     
  0.86486486486486491        1.2916847739538793E-004   0.0000000000000000     
  0.86886886886886883        1.1307312194216850E-004   0.0000000000000000     
  0.87287287287287285        1.3859992344352457E-004   0.0000000000000000     
  0.87687687687687688        1.2249138974759739E-004   0.0000000000000000     
  0.88088088088088090        1.4875151304876157E-004   0.0000000000000000     
  0.88488488488488493        1.3265239361629315E-004   0.0000000000000000     
  0.88888888888888884        1.5967891350732831E-004   0.0000000000000000     
  0.89289289289289286        1.4361370630884115E-004   0.0000000000000000     
  0.89689689689689689        1.7144207837561571E-004   0.0000000000000000     
  0.90090090090090091        1.5543735584463481E-004   0.0000000000000000     
  0.90490490490490494        1.8410557531968100E-004   0.0000000000000000     
  0.90890890890890896        1.6819017031561800E-004   0.0000000000000000     
  0.91291291291291288        1.9773893900721878E-004   0.0000000000000000     
  0.91691691691691690        1.8194414923006466E-004   0.0000000000000000     
  0.92092092092092093        2.1241705096611583E-004   0.0000000000000000     
  0.92492492492492495        1.9677686339998878E-004   0.0000000000000000     
  0.92892892892892898        2.2822054848282747E-004   0.0000000000000000     
  0.93293293293293289        2.1277188553595460E-004   0.0000000000000000     
  0.93693693693693691        2.4523626477450947E-004   0.0000000000000000     
  0.94094094094094094        2.3001925387430025E-004   0.0000000000000000     
  0.94494494494494496        2.6355770284199455E-004   0.0000000000000000     
  0.94894894894894899        2.4861597133492042E-004   0.0000000000000000     
  0.95295295295295290        2.8328554559725659E-004   0.0000000000000000     
  0.95695695695695693        2.6866654289365883E-004   0.0000000000000000     
  0.96096096096096095        3.0452820505998389E-004   0.0000000000000000     
  0.96496496496496498        2.9028355405299534E-004   0.0000000000000000     
  0.96896896896896900        3.2740241363436018E-004   0.0000000000000000     
  0.97297297297297303        3.1358829350910440E-004   0.0000000000000000     
  0.97697697697697694        3.5203386071030372E-004   0.0000000000000000     
  0.98098098098098097        3.3871142334362123E-004   0.0000000000000000     
  0.98498498498498499        3.7855787808448106E-004   0.0000000000000000     
  0.98898898898898902        3.6579370031577819E-004   0.0000000000000000     
  0.99299299299299304        4.0712017796672704E-004   0.0000000000000000     
  0.99699699699699695        3.9498675209626016E-004   0.0000000000000000     
   1.0010010010010011        4.3787764762849785E-004   0.0000000000000000     
   1.0050050050050050        4.2645391256957007E-004   0.0000000000000000     
   1.0090090090090089        4.7099920506317808E-004   0.0000000000000000     
   1.0130130130130131        4.6037112063840671E-004   0.0000000000000000     
   1.0170170170170170        5.0666672036509171E-004   0.0000000000000000     
   1.0210210210210211        4.9692788729316221E-004   0.0000000000000000     
   1.0250250250250250        5.4507600789666501E-004   0.0000000000000000     
   1.0290290290290289        5.3632833606391767E-004   0.0000000000000000     
   1.0330330330330331        5.8643789470322490E-004   0.0000000000000000     
   1.0370370370370370        5.7879232235314966E-004   0.0000000000000000     
   1.0410410410410411        6.3097937105435406E-004   0.0000000000000000     
   1.0450450450450450        6.2455663755683791E-004   0.0000000000000000     
   1.0490490490490489        6.7894482944170272E-004   0.0000000000000000     
   1.0530530530530531        6.7387630432199079E-004   0.0000000000000000     
   1.0570570570570570        7.3059739884790342E-004   0.0000000000000000     
   1.0610610610610611        7.2702596976223618E-004   0.0000000000000000     
   1.0650650650650650        7.8622038162217388E-004   0.0000000000000000     
   1.0690690690690692        7.8430140396263618E-004   0.0000000000000000     
   1.0730730730730731        8.4611880085786514E-004   0.0000000000000000     
   1.0770770770770770        8.4602111165314677E-004   0.0000000000000000     
   1.0810810810810811        9.1062106676834717E-004   0.0000000000000000     
   1.0850850850850851        9.1252806552019974E-004   0.0000000000000000     
   1.0890890890890892        9.8008077120311388E-004   0.0000000000000000     
   1.0930930930930931        9.8419157026107722E-004   0.0000000000000000     
   1.0970970970970970        1.0548786201389230E-003   0.0000000000000000     
   1.1011011011011012        1.0614092671696687E-003   0.0000000000000000     
   1.1051051051051051        1.1354245147244225E-003   0.0000000000000000     
   1.1091091091091092        1.1446092897787669E-003   0.0000000000000000     
   1.1131131131131131        1.2221597922545543E-003   0.0000000000000000     
   1.1171171171171170        1.2342525818774704E-003   0.0000000000000000     
   1.1211211211211212        1.3155596393067558E-003   0.0000000000000000     
   1.1251251251251251        1.3308353900771440E-003   0.0000000000000000     
   1.1291291291291292        1.4161356901885289E-003   0.0000000000000000     
   1.1331331331331331        1.4348919440206444E-003   0.0000000000000000     
   1.1371371371371370        1.5244388248295056E-003   0.0000000000000000     
   1.1411411411411412        1.5469973383225913E-003   0.0000000000000000     
   1.1451451451451451        1.6410621813051042E-003   0.0000000000000000     
   1.1491491491491492        1.6677706313991025E-003   0.0000000000000000     
   1.1531531531531531        1.7666443993080202E-003   0.0000000000000000     
   1.1571571571571571        1.7978781774999730E-003   0.0000000000000000     
   1.1611611611611612        1.9018731120930472E-003   0.0000000000000000     
   1.1651651651651651        1.9380372095015390E-003   0.0000000000000000     
   1.1691691691691692        2.0474887057154562E-003   0.0000000000000000     
   1.1731731731731732        2.0890196913618130E-003   0.0000000000000000     
   1.1771771771771771        2.2042883657690210E-003   0.0000000000000000     
   1.1811811811811812        2.2516564605888838E-003   0.0000000000000000     
   1.1851851851851851        2.3731304333127041E-003   0.0000000000000000     
   1.1891891891891893        2.4268416826376351E-003   0.0000000000000000     
   1.1931931931931932        2.5549390932615222E-003   0.0000000000000000     
   1.1971971971971973        2.6155376408378717E-003   0.0000000000000000     
   1.2012012012012012        2.7507094202138633E-003   0.0000000000000000     
   1.2052052052052051        2.8187798872789335E-003   0.0000000000000000     
   1.2092092092092093        2.9615128085019042E-003   0.0000000000000000     
   1.2132132132132132        3.0376827820427070E-003   0.0000000000000000     
   1.2172172172172173        3.1885028151914206E-003   0.0000000000000000     
   1.2212212212212212        3.2734454503001802E-003   0.0000000000000000     
   1.2252252252252251        3.4329214468305533E-003   0.0000000000000000     
   1.2292292292292293        3.5273581890788706E-003   0.0000000000000000     
   1.2332332332332332        3.6961059229627473E-003   0.0000000000000000     
   1.2372372372372373        3.8008093579830547E-003   0.0000000000000000     
   1.2412412412412412        3.9794959517867037E-003   0.0000000000000000     
   1.2452452452452452        4.0952927908201563E-003   0.0000000000000000     
   1.2492492492492493        4.2846415558759031E-003   0.0000000000000000     
   1.2532532532532532        4.4124157679703143E-003   0.0000000000000000     
   1.2572572572572573        4.6132114885730881E-003   0.0000000000000000     
   1.2612612612612613        4.7539075924486127E-003   0.0000000000000000     
   1.2652652652652652        4.9670022845628914E-003   0.0000000000000000     
   1.2692692692692693        5.1216288159683524E-003   0.0000000000000000     
   1.2732732732732732        5.3479479912113409E-003   0.0000000000000000     
   1.2772772772772774        5.5175811649377151E-003   0.0000000000000000     
   1.2812812812812813        5.7581306305583193E-003   0.0000000000000000     
   1.2852852852852852        5.9439182202313178E-003   0.0000000000000000     
   1.2892892892892893        6.1997914453731920E-003   0.0000000000000000     
   1.2932932932932932        6.4029569087933422E-003   0.0000000000000000     
   1.2972972972972974        6.6753429864515714E-003   0.0000000000000000     
   1.3013013013013013        6.8971898696727268E-003   0.0000000000000000     
   1.3053053053053052        7.1873821023604959E-003   0.0000000000000000     
   1.3093093093093093        7.4292987619862926E-003   0.0000000000000000     
   1.3133133133133132        7.7387038971503969E-003   0.0000000000000000     
   1.3173173173173174        8.0021685875777352E-003   0.0000000000000000     
   1.3213213213213213        8.3323167261671188E-003   0.0000000000000000     
   1.3253253253253254        8.6189031068141294E-003   0.0000000000000000     
   1.3293293293293293        8.9714583050404754E-003   0.0000000000000000     
   1.3333333333333333        9.2828414320640235E-003   0.0000000000000000     
   1.3373373373373374        9.6596130122247534E-003   0.0000000000000000     
   1.3413413413413413        9.9975758899591826E-003   0.0000000000000000     
   1.3453453453453454        1.0400530471151611E-002   0.0000000000000000     
   1.3493493493493494        1.0766971250583849E-002   0.0000000000000000     
   1.3533533533533533        1.1198245504161179E-002   0.0000000000000000     
   1.3573573573573574        1.1595185429289128E-002   0.0000000000000000     
   1.3613613613613613        1.2057099556941361E-002   0.0000000000000000     
   1.3653653653653655        1.2486691774924072E-002   0.0000000000000000     
   1.3693693693693694        1.2981763699271611E-002   0.0000000000000000     
   1.3733733733733733        1.3446303066937341E-002   0.0000000000000000     
   1.3773773773773774        1.3977263315485180E-002   0.0000000000000000     
   1.3813813813813813        1.4479197353060908E-002   0.0000000000000000     
   1.3853853853853855        1.5049004606288361E-002   0.0000000000000000     
   1.3893893893893894        1.5590945769165931E-002   0.0000000000000000     
   1.3933933933933933        1.6202803032470504E-002   0.0000000000000000     
   1.3973973973973974        1.6787542493403980E-002   0.0000000000000000     
   1.4014014014014013        1.7444913840676549E-002   0.0000000000000000     
   1.4054054054054055        1.8075436997934600E-002   0.0000000000000000     
   1.4094094094094094        1.8782064821877428E-002   0.0000000000000000     
   1.4134134134134133        1.9461568773408943E-002   0.0000000000000000     
   1.4174174174174174        2.0221491464557755E-002   0.0000000000000000     
   1.4214214214214214        2.0953404713939344E-002   0.0000000000000000     
   1.4254254254254255        2.1770974677053224E-002   0.0000000000000000     
   1.4294294294294294        2.2558979363540045E-002   0.0000000000000000     
   1.4334334334334333        2.3438881267037640E-002   0.0000000000000000     
   1.4374374374374375        2.4286938238968971E-002   0.0000000000000000     
   1.4414414414414414        2.5234207381024009E-002   0.0000000000000000     
   1.4454454454454455        2.6146584458518751E-002   0.0000000000000000     
   1.4494494494494494        2.7166625123072777E-002   0.0000000000000000     
   1.4534534534534536        2.8147928921566187E-002   0.0000000000000000     
   1.4574574574574575        2.9246532589882124E-002   0.0000000000000000     
   1.4614614614614614        3.0301744299546626E-002   0.0000000000000000     
   1.4654654654654655        3.1485107579291433E-002   0.0000000000000000     
   1.4694694694694694        3.2619623115405991E-002   0.0000000000000000     
   1.4734734734734736        3.3894365251212685E-002   0.0000000000000000     
   1.4774774774774775        3.5114040205406732E-002   0.0000000000000000     
   1.4814814814814814        3.6487220044408658E-002   0.0000000000000000     
   1.4854854854854855        3.7798419874304198E-002   0.0000000000000000     
   1.4894894894894894        3.9277552179699679E-002   0.0000000000000000     
   1.4934934934934936        4.0687208072209706E-002   0.0000000000000000     
   1.4974974974974975        4.2280279110492675E-002   0.0000000000000000     
   1.5015015015015014        4.3795949938720220E-002   0.0000000000000000     
   1.5055055055055055        4.5511432315437583E-002   0.0000000000000000     
   1.5095095095095095        4.7141373076872994E-002   0.0000000000000000     
   1.5135135135135136        4.8988239866048881E-002   0.0000000000000000     
   1.5175175175175175        5.0741476935872859E-002   0.0000000000000000     
   1.5215215215215214        5.2729215244882388E-002   0.0000000000000000     
   1.5255255255255256        5.4615628696966463E-002   0.0000000000000000     
   1.5295295295295295        5.6754252938025426E-002   0.0000000000000000     
   1.5335335335335336        5.8784666070846495E-002   0.0000000000000000     
   1.5375375375375375        6.1084731380040731E-002   0.0000000000000000     
   1.5415415415415414        6.3271007427012041E-002   0.0000000000000000     
   1.5455455455455456        6.5743623891023645E-002   0.0000000000000000     
   1.5495495495495495        6.8098769684931407E-002   0.0000000000000000     
   1.5535535535535536        7.0755618315153465E-002   0.0000000000000000     
   1.5575575575575575        7.3293894402861492E-002   0.0000000000000000     
   1.5615615615615615        7.6147246149267767E-002   0.0000000000000000     
   1.5655655655655656        7.8884282501840403E-002   0.0000000000000000     
   1.5695695695695695        8.1947022039978182E-002   0.0000000000000000     
   1.5735735735735736        8.4899938058574445E-002   0.0000000000000000     
   1.5775775775775776        8.8185594630301137E-002   0.0000000000000000     
   1.5815815815815817        9.1373121590380191E-002   0.0000000000000000     
   1.5855855855855856        9.4895909853572769E-002   0.0000000000000000     
   1.5895895895895895        9.8338513236469013E-002   0.0000000000000000     
   1.5935935935935936       0.10211338790570530        0.0000000000000000     
   1.5975975975975976       0.10583338621086516        0.0000000000000000     
   1.6016016016016017       0.10987611527909788        0.0000000000000000     
   1.6056056056056056       0.11389779086100416        0.0000000000000000     
   1.6096096096096095       0.11822505341558746        0.0000000000000000     
   1.6136136136136137       0.12257474961008274        0.0000000000000000     
   1.6176176176176176       0.12720426573497629        0.0000000000000000     
   1.6216216216216217       0.13191046298762812        0.0000000000000000     
   1.6256256256256256       0.13686116502365997        0.0000000000000000     
   1.6296296296296295       0.14195452685815343        0.0000000000000000     
   1.6336336336336337       0.14724678342900149        0.0000000000000000     
   1.6376376376376376       0.15276016083824698        0.0000000000000000     
   1.6416416416416417       0.15841606760428817        0.0000000000000000     
   1.6456456456456456       0.16438444774346286        0.0000000000000000     
   1.6496496496496496       0.17042820189202729        0.0000000000000000     
   1.6536536536536537       0.17688858372267027        0.0000000000000000     
   1.6576576576576576       0.18334696282645252        0.0000000000000000     
   1.6616616616616617       0.19033813851299586        0.0000000000000000     
   1.6656656656656657       0.19724110868684736        0.0000000000000000     
   1.6696696696696696       0.20480332497611459        0.0000000000000000     
   1.6736736736736737       0.21218480835011885        0.0000000000000000     
   1.6776776776776776       0.22035927674830449        0.0000000000000000     
   1.6816816816816818       0.22825811428367909        0.0000000000000000     
   1.6856856856856857       0.23708633244302321        0.0000000000000000     
   1.6896896896896898       0.24554748519919276        0.0000000000000000     
   1.6936936936936937       0.25507032437503935        0.0000000000000000     
   1.6976976976976976       0.26414636466679087        0.0000000000000000     
   1.7017017017017018       0.27440286921697804        0.0000000000000000     
   1.7057057057057057       0.28415582288238339        0.0000000000000000     
   1.7097097097097098       0.29518165733833374        0.0000000000000000     
   1.7137137137137137       0.30568526980422533        0.0000000000000000     
   1.7177177177177176       0.31751073679724146        0.0000000000000000     
   1.7217217217217218       0.32885324904770796        0.0000000000000000     
   1.7257257257257257       0.34150078703793635        0.0000000000000000     
   1.7297297297297298       0.35378832327090048        0.0000000000000000     
   1.7337337337337337       0.36726937627044448        0.0000000000000000     
   1.7377377377377377       0.38063006332209087        0.0000000000000000     
   1.7417417417417418       0.39494119524919191        0.0000000000000000     
   1.7457457457457457       0.40953015518228153        0.0000000000000000     
   1.7497497497497498       0.42464825869589357        0.0000000000000000     
   1.7537537537537538       0.44065364075195612        1.0000000000000000     
   1.7577577577577577       0.45653006389732964        1.0000000000000000     
   1.7617617617617618       0.47418031083846396        1.0000000000000000     
   1.7657657657657657       0.49073369401394268        1.0000000000000000     
   1.7697697697697699       0.51030627133904505        1.0000000000000000     
   1.7737737737737738       0.52741385131897811        1.0000000000000000     
   1.7777777777777777       0.54924570663139360        1.0000000000000000     
   1.7817817817817818       0.56673280290267514        1.0000000000000000     
   1.7857857857857857       0.58610261225112981        1.0000000000000000     
   1.7897897897897899       0.60260531616375024        1.0000000000000000     
   1.7937937937937938       0.61985554042425961        1.0000000000000000     
   1.7977977977977977       0.63532851949203739        1.0000000000000000     
   1.8018018018018018       0.65074601739922167        1.0000000000000000     
   1.8058058058058057       0.66517200617922578        1.0000000000000000     
   1.8098098098098099       0.67899718687372190        1.0000000000000000     
   1.8138138138138138       0.69238045403939164        1.0000000000000000     
   1.8178178178178179       0.70481497028468476        1.0000000000000000     
   1.8218218218218218       0.71717597428102031        1.0000000000000000     
   1.8258258258258258       0.72838917648275259        1.0000000000000000     
   1.8298298298298299       0.73976021869292208        1.0000000000000000     
   1.8338338338338338       0.74989455837637620        1.0000000000000000     
   1.8378378378378379       0.76031627092527121        1.0000000000000000     
   1.8418418418418419       0.76949181513506859        1.0000000000000000     
   1.8458458458458458       0.77901034474072428        1.0000000000000000     
   1.8498498498498499       0.78732853936265346        1.0000000000000000     
   1.8538538538538538       0.79599330953591008        1.0000000000000000     
   1.8578578578578580       0.80354010931606901        1.0000000000000000     
   1.8618618618618619       0.81140206115222147        1.0000000000000000     
   1.8658658658658658       0.81825052677657695        1.0000000000000000     
   1.8698698698698699       0.82536075397283071        1.0000000000000000     
   1.8738738738738738       0.83157320159820269        1.0000000000000000     
   1.8778778778778780       0.83798190851018273        1.0000000000000000     
   1.8818818818818819       0.84361168428020927        1.0000000000000000     
   1.8858858858858858       0.84936740709831859        1.0000000000000000     
   1.8898898898898899       0.85446034815138983        1.0000000000000000     
   1.8938938938938938       0.85960938889371918        1.0000000000000000     
   1.8978978978978980       0.86420502292685097        1.0000000000000000     
   1.9019019019019019       0.86879105413614821        1.0000000000000000     
   1.9059059059059058       0.87292358151382843        1.0000000000000000     
   1.9099099099099099       0.87698738650882191        1.0000000000000000     
   1.9139139139139139       0.88068648201147981        1.0000000000000000     
   1.9179179179179180       0.88426580144886724        1.0000000000000000     
   1.9219219219219219       0.88755726687859660        1.0000000000000000     
   1.9259259259259258       0.89068672738008270        1.0000000000000000     
   1.9299299299299300       0.89359302123973527        1.0000000000000000     
   1.9339339339339339       0.89630412605777765        1.0000000000000000     
   1.9379379379379380       0.89884479227022918        1.0000000000000000     
   1.9419419419419419       0.90116595751874173        1.0000000000000000     
   1.9459459459459461       0.90335797154882647        1.0000000000000000     
   1.9499499499499500       0.90531459450825547        1.0000000000000000     
   1.9539539539539539       0.90717264219748139        1.0000000000000000     
   1.9579579579579580       0.90878719070179881        1.0000000000000000     
   1.9619619619619619       0.91032389254449164        1.0000000000000000     
   1.9659659659659661       0.91161600654403441        1.0000000000000000     
   1.9699699699699700       0.91284209795259330        1.0000000000000000     
   1.9739739739739739       0.91382869608498807        1.0000000000000000     
   1.9779779779779780       0.91475317235001419        1.0000000000000000     
   1.9819819819819819       0.91544855779718226        1.0000000000000000     
   1.9859859859859861       0.91607879089169264        1.0000000000000000     
   1.9899899899899900       0.91649475200258157        1.0000000000000000     
   1.9939939939939939       0.91683658506126064        1.0000000000000000     
   1.9979979979979980       0.91698248722009779        1.0000000000000000     
   2.0020020020020022       0.91704031140292497        1.0000000000000000     
   2.0060060060060061       0.91692317745907137        1.0000000000000000     
   2.0100100100100100       0.91669999494678944        1.0000000000000000     
   2.0140140140140139       0.91632457222828212        1.0000000000000000     
   2.0180180180180178       0.91582204826171509        1.0000000000000000     
   2.0220220220220222       0.91519086080069001        1.0000000000000000     
   2.0260260260260261       0.91440936693663888        1.0000000000000000     
   2.0300300300300300       0.91352275206887568        1.0000000000000000     
   2.0340340340340339       0.91246140215409210        1.0000000000000000     
   2.0380380380380378       0.91131753114300107        1.0000000000000000     
   2.0420420420420422       0.90997421087804531        1.0000000000000000     
   2.0460460460460461       0.90856909368048244        1.0000000000000000     
   2.0500500500500500       0.90694048403140870        1.0000000000000000     
   2.0540540540540539       0.90526795879322020        1.0000000000000000     
   2.0580580580580579       0.90334955288550767        1.0000000000000000     
   2.0620620620620622       0.90140126125333964        1.0000000000000000     
   2.0660660660660661       0.89918737372343205        1.0000000000000000     
   2.0700700700700700       0.89695272361151845        1.0000000000000000     
   2.0740740740740740       0.89443649066971131        1.0000000000000000     
   2.0780780780780779       0.89190260875303529        1.0000000000000000     
   2.0820820820820822       0.88907597639850444        1.0000000000000000     
   2.0860860860860861       0.88622765334597009        1.0000000000000000     
   2.0900900900900901       0.88308135023920220        1.0000000000000000     
   2.0940940940940940       0.87990098258427552        1.0000000000000000     
   2.0980980980980979       0.87642447298952986        1.0000000000000000     
   2.1021021021021022       0.87289200659686772        1.0000000000000000     
   2.1061061061061062       0.86907341751892397        1.0000000000000000     
   2.1101101101101101       0.86516629888405605        1.0000000000000000     
   2.1141141141141140       0.86099231399585208        1.0000000000000000     
   2.1181181181181179       0.85668545715674349        1.0000000000000000     
   2.1221221221221223       0.85214116829788034        1.0000000000000000     
   2.1261261261261262       0.84740694699452290        1.0000000000000000     
   2.1301301301301301       0.84247565185831530        1.0000000000000000     
   2.1341341341341340       0.83728392880941604        1.0000000000000000     
   2.1381381381381384       0.83194686086303082        1.0000000000000000     
   2.1421421421421423       0.82626506870655569        1.0000000000000000     
   2.1461461461461462       0.82050104232986132        1.0000000000000000     
   2.1501501501501501       0.81429433397639639        1.0000000000000000     
   2.1541541541541540       0.80807928417405261        1.0000000000000000     
   2.1581581581581584       0.80131077414071417        1.0000000000000000     
   2.1621621621621623       0.79461716587917175        1.0000000000000000     
   2.1661661661661662       0.78724828871336083        1.0000000000000000     
   2.1701701701701701       0.78004436584494796        1.0000000000000000     
   2.1741741741741740       0.77203538313429942        1.0000000000000000     
   2.1781781781781784       0.76428422086188486        1.0000000000000000     
   2.1821821821821823       0.75559491470083540        1.0000000000000000     
   2.1861861861861862       0.74725323245595565        1.0000000000000000     
   2.1901901901901901       0.73784383076373561        1.0000000000000000     
   2.1941941941941940       0.72886051404244068        1.0000000000000000     
   2.1981981981981984       0.71869290199015368        1.0000000000000000     
   2.2022022022022023       0.70900717191141038        1.0000000000000000     
   2.2062062062062062       0.69804645413398969        1.0000000000000000     
   2.2102102102102101       0.68758561202188195        1.0000000000000000     
   2.2142142142142140       0.67580210251355866        1.0000000000000000     
   2.2182182182182184       0.66447876338833312        1.0000000000000000     
   2.2222222222222223       0.65185049429475650        1.0000000000000000     
   2.2262262262262262       0.63955920748048978        1.0000000000000000     
   2.2302302302302301       0.62607506473649666        1.0000000000000000     
   2.2342342342342341       0.61268820150058190        1.0000000000000000     
   2.2382382382382384       0.59835181479837773        1.0000000000000000     
   2.2422422422422423       0.58371458162363055        1.0000000000000000     
   2.2462462462462462       0.56854911896618687        1.0000000000000000     
   2.2502502502502502       0.55247353025404389        0.0000000000000000     
   2.2542542542542541       0.53652757385076033        0.0000000000000000     
   2.2582582582582584       0.51878518902972837        0.0000000000000000     
   2.2622622622622623       0.50213990009631493        0.0000000000000000     
   2.2662662662662663       0.48245309665199587        0.0000000000000000     
   2.2702702702702702       0.46523091243711673        0.0000000000000000     
   2.2742742742742741       0.44326242758913431        0.0000000000000000     
   2.2782782782782784       0.42563757541365388        0.0000000000000000     
   2.2822822822822824       0.40610825962110192        0.0000000000000000     
   2.2862862862862863       0.38944406745926013        0.0000000000000000     
   2.2902902902902902       0.37201082669170438        0.0000000000000000     
   2.2942942942942941       0.35635191797438787        0.0000000000000000     
   2.2982982982982985       0.34072709814614688        0.0000000000000000     
   2.3023023023023024       0.32608989936079030        0.0000000000000000     
   2.3063063063063063       0.31203213006969205        0.0000000000000000     
   2.3103103103103102       0.29841140153145157        0.0000000000000000     
   2.3143143143143141       0.28571789795874569        0.0000000000000000     
   2.3183183183183185       0.27309207534054575        0.0000000000000000     
   2.3223223223223224       0.26159217819155245        0.0000000000000000     
   2.3263263263263263       0.24992771584549298        0.0000000000000000     
   2.3303303303303302       0.23947748069117508        0.0000000000000000     
   2.3343343343343341       0.22873235958282309        0.0000000000000000     
   2.3383383383383385       0.21921003415809420        0.0000000000000000     
   2.3423423423423424       0.20933657293420735        0.0000000000000000     
   2.3463463463463463       0.20063882441768352        0.0000000000000000     
   2.3503503503503502       0.19158591122191154        0.0000000000000000     
   2.3543543543543541       0.18362468575222476        0.0000000000000000     
   2.3583583583583585       0.17533953044231218        0.0000000000000000     
   2.3623623623623624       0.16803944454479613        0.0000000000000000     
   2.3663663663663663       0.16046893555587319        0.0000000000000000     
   2.3703703703703702       0.15376511413315039        0.0000000000000000     
   2.3743743743743742       0.14685685103208604        0.0000000000000000     
   2.3783783783783785       0.14069313943815437        0.0000000000000000     
   2.3823823823823824       0.13439620092484869        0.0000000000000000     
   2.3863863863863863       0.12872368967841694        0.0000000000000000     
   2.3903903903903903       0.12298918715107335        0.0000000000000000     
   2.3943943943943946       0.11776499729738986        0.0000000000000000     
   2.3983983983983985       0.11254645588372313        0.0000000000000000     
   2.4024024024024024       0.10773274110028101        0.0000000000000000     
   2.4064064064064064       0.10298634306834621        0.0000000000000000     
   2.4104104104104103        9.8549471515952614E-002   0.0000000000000000     
   2.4144144144144146        9.4234191045738547E-002   0.0000000000000000     
   2.4184184184184185        9.0144075855340580E-002   0.0000000000000000     
   2.4224224224224224        8.6221729126975871E-002   0.0000000000000000     
   2.4264264264264264        8.2451281425762427E-002   0.0000000000000000     
   2.4304304304304303        7.8886511733409229E-002   0.0000000000000000     
   2.4344344344344346        7.5411194373765020E-002   0.0000000000000000     
   2.4384384384384385        7.2171408394527001E-002   0.0000000000000000     
   2.4424424424424425        6.8968872162778652E-002   0.0000000000000000     
   2.4464464464464464        6.6024140500774528E-002   0.0000000000000000     
   2.4504504504504503        6.3073927641450520E-002   0.0000000000000000     
   2.4544544544544546        6.0396860245247194E-002   0.0000000000000000     
   2.4584584584584586        5.7680162720464126E-002   0.0000000000000000     
   2.4624624624624625        5.5245767665384062E-002   0.0000000000000000     
   2.4664664664664664        5.2745229746828153E-002   0.0000000000000000     
   2.4704704704704703        5.0530762120228855E-002   0.0000000000000000     
   2.4744744744744747        4.8230318742461142E-002   0.0000000000000000     
   2.4784784784784786        4.6215124916541186E-002   0.0000000000000000     
   2.4824824824824825        4.4099868756255101E-002   0.0000000000000000     
   2.4864864864864864        4.2265230133379225E-002   0.0000000000000000     
   2.4904904904904903        4.0321301663900480E-002   0.0000000000000000     
   2.4944944944944947        3.8650280994456131E-002   0.0000000000000000     
   2.4984984984984986        3.6864776836132429E-002   0.0000000000000000     
   2.5025025025025025        3.5342069404770762E-002   0.0000000000000000     
   2.5065065065065064        3.3702965182532359E-002   0.0000000000000000     
   2.5105105105105103        3.2314756506414771E-002   0.0000000000000000     
   2.5145145145145147        3.0810841163627860E-002   0.0000000000000000     
   2.5185185185185186        2.9544672321323854E-002   0.0000000000000000     
   2.5225225225225225        2.8165491448024615E-002   0.0000000000000000     
   2.5265265265265264        2.7010132738949352E-002   0.0000000000000000     
   2.5305305305305303        2.5745938973078347E-002   0.0000000000000000     
   2.5345345345345347        2.4691272276923831E-002   0.0000000000000000     
   2.5385385385385386        2.3532981246723511E-002   0.0000000000000000     
   2.5425425425425425        2.2569891195033144E-002   0.0000000000000000     
   2.5465465465465464        2.1509041804182234E-002   0.0000000000000000     
   2.5505505505505504        2.0629315679176197E-002   0.0000000000000000     
   2.5545545545545547        1.9658033806145270E-002   0.0000000000000000     
   2.5585585585585586        1.8854269934253296E-002   0.0000000000000000     
   2.5625625625625625        1.7965234834492534E-002   0.0000000000000000     
   2.5665665665665665        1.7230759134631995E-002   0.0000000000000000     
   2.5705705705705704        1.6417172007615270E-002   0.0000000000000000     
   2.5745745745745747        1.5745962279373225E-002   0.0000000000000000     
   2.5785785785785786        1.5001516599883890E-002   0.0000000000000000     
   2.5825825825825826        1.4388134087980113E-002   0.0000000000000000     
   2.5865865865865865        1.3706987408786247E-002   0.0000000000000000     
   2.5905905905905904        1.3146515152137075E-002   0.0000000000000000     
   2.5945945945945947        1.2523262168789436E-002   0.0000000000000000     
   2.5985985985985987        1.2011249630694738E-002   0.0000000000000000     
   2.6026026026026026        1.1440896363129439E-002   0.0000000000000000     
   2.6066066066066065        1.0973309839873926E-002   0.0000000000000000     
   2.6106106106106104        1.0451248833606061E-002   0.0000000000000000     
   2.6146146146146148        1.0024427149062215E-002   0.0000000000000000     
   2.6186186186186187        9.5464136341695000E-003   0.0000000000000000     
   2.6226226226226226        9.1570286453251278E-003   0.0000000000000000     
   2.6266266266266265        8.7191576167566058E-003   0.0000000000000000     
   2.6306306306306309        8.3641790774436602E-003   0.0000000000000000     
   2.6346346346346348        7.9628632776039543E-003   0.0000000000000000     
   2.6386386386386387        7.6395276334457500E-003   0.0000000000000000     
   2.6426426426426426        7.2714764292716432E-003   0.0000000000000000     
   2.6466466466466465        6.9772591446887935E-003   0.0000000000000000     
   2.6506506506506509        6.6394582979982060E-003   0.0000000000000000     
   2.6546546546546548        6.3720493449889101E-003   0.0000000000000000     
   2.6586586586586587        6.0617416779173592E-003   0.0000000000000000     
   2.6626626626626626        5.8190238454499622E-003   0.0000000000000000     
   2.6666666666666665        5.5336908032424335E-003   0.0000000000000000     
   2.6706706706706709        5.3137205148509527E-003   0.0000000000000000     
   2.6746746746746748        5.0510646269045787E-003   0.0000000000000000     
   2.6786786786786787        4.8520549819976279E-003   0.0000000000000000     
   2.6826826826826826        4.6099832194519408E-003   0.0000000000000000     
   2.6866866866866865        4.4302890005950479E-003   0.0000000000000000     
   2.6906906906906909        4.2068970254105992E-003   0.0000000000000000     
   2.6946946946946948        4.0450014391863014E-003   0.0000000000000000     
   2.6986986986986987        3.8385587359012941E-003   0.0000000000000000     
   2.7027027027027026        3.6930616787375949E-003   0.0000000000000000     
   2.7067067067067065        3.5019975562197909E-003   0.0000000000000000     
   2.7107107107107109        3.3716052187186419E-003   0.0000000000000000     
   2.7147147147147148        3.1944956654396217E-003   0.0000000000000000     
   2.7187187187187187        3.0780113091969916E-003   0.0000000000000000     
   2.7227227227227226        2.9135666819933535E-003   0.0000000000000000     
   2.7267267267267266        2.8098824416861960E-003   0.0000000000000000     
   2.7307307307307309        2.6569359647371869E-003   0.0000000000000000     
   2.7347347347347348        2.5650255453947717E-003   0.0000000000000000     
   2.7387387387387387        2.4225225933015792E-003   0.0000000000000000     
   2.7427427427427427        2.3414347482374216E-003   0.0000000000000000     
   2.7467467467467466        2.2084228846705922E-003   0.0000000000000000     
   2.7507507507507509        2.1372755736003431E-003   0.0000000000000000     
   2.7547547547547548        2.0128953150014895E-003   0.0000000000000000     
   2.7587587587587588        1.9508704544970866E-003   0.0000000000000000     
   2.7627627627627627        1.8343467267754171E-003   0.0000000000000000     
   2.7667667667667666        1.7806854564985360E-003   0.0000000000000000     
   2.7707707707707709        1.6713197115358295E-003   0.0000000000000000     
   2.7747747747747749        1.6253181097499584E-003   0.0000000000000000     
   2.7787787787787788        1.5224810677946883E-003   0.0000000000000000     
   2.7827827827827827        1.4834862585718441E-003   0.0000000000000000     
   2.7867867867867866        1.3866112422337342E-003   0.0000000000000000     
   2.7907907907907910        1.3540178446445317E-003   0.0000000000000000     
   2.7947947947947949        1.2625946701606684E-003   0.0000000000000000     
   2.7987987987987988        1.2358415466583947E-003   0.0000000000000000     
   2.8028028028028027        1.1494109383551410E-003   0.0000000000000000     
   2.8068068068068066        1.1279782056252356E-003   0.0000000000000000     
   2.8108108108108110        1.0461267000100771E-003   0.0000000000000000     
   2.8148148148148149        1.0295329708408950E-003   0.0000000000000000     
   2.8188188188188188        9.5188827748904923E-004   0.0000000000000000     
   2.8228228228228227        9.3968810680813942E-004   0.0000000000000000     
   2.8268268268268266        8.6591489412568470E-004   0.0000000000000000     
   2.8308308308308310        8.5769640631264805E-004   0.0000000000000000     
   2.8348348348348349        7.8749248132831617E-004   0.0000000000000000     
   2.8388388388388388        7.8287515932990196E-004   0.0000000000000000     
   2.8428428428428427        7.1596801186108036E-004   0.0000000000000000     
   2.8468468468468466        7.1460063156023935E-004   0.0000000000000000     
   2.8508508508508510        6.5074431438706822E-004   0.0000000000000000     
   2.8548548548548549        6.5230301017351830E-004   0.0000000000000000     
   2.8588588588588588        5.9127532821294981E-004   0.0000000000000000     
   2.8628628628628627        5.9546177782148141E-004   0.0000000000000000     
   2.8668668668668666        5.3706176069792319E-004   0.0000000000000000     
   2.8708708708708710        5.4360147917025968E-004   0.0000000000000000     
   2.8748748748748749        4.8764711301083665E-004   0.0000000000000000     
   2.8788788788788788        4.9628784714057317E-004   0.0000000000000000     
   2.8828828828828827        4.4261404286344373E-004   0.0000000000000000     
   2.8868868868868871        4.5312425874028051E-004   0.0000000000000000     
   2.8908908908908910        4.0158103553856393E-004   0.0000000000000000     
   2.8948948948948949        4.1374849285228619E-004   0.0000000000000000     
   2.8988988988988988        3.6419935699098468E-004   0.0000000000000000     
   2.9029029029029028        3.7782976461819248E-004   0.0000000000000000     
   2.9069069069069071        3.3015026504611274E-004   0.0000000000000000     
   2.9109109109109110        3.4506601315073359E-004   0.0000000000000000     
   2.9149149149149149        2.9914245677478912E-004   0.0000000000000000     
   2.9189189189189189        3.1518142123084886E-004   0.0000000000000000     
   2.9229229229229228        2.7090973199901273E-004   0.0000000000000000     
   2.9269269269269271        2.8792414741192523E-004   0.0000000000000000     
   2.9309309309309310        2.4520885459778101E-004   0.0000000000000000     
   2.9349349349349350        2.6306425257682808E-004   0.0000000000000000     
   2.9389389389389389        2.2181759484885832E-004   0.0000000000000000     
   2.9429429429429428        2.4039180448438334E-004   0.0000000000000000     
   2.9469469469469471        2.0053293747375312E-004   0.0000000000000000     
   2.9509509509509511        2.1971514521157664E-004   0.0000000000000000     
   2.9549549549549550        1.8116944136125737E-004   0.0000000000000000     
   2.9589589589589589        2.0085930765563459E-004   0.0000000000000000     
   2.9629629629629628        1.6355773814023331E-004   0.0000000000000000     
   2.9669669669669672        1.8366456841533389E-004   0.0000000000000000     
   2.9709709709709711        1.4754315786471211E-004   0.0000000000000000     
   2.9749749749749750        1.6798512543156810E-004   0.0000000000000000     
   2.9789789789789789        1.3298447107272388E-004   0.0000000000000000     
   2.9829829829829828        1.5368788974098895E-004   0.0000000000000000     
   2.9869869869869872        1.1975273739276459E-004   0.0000000000000000     
   2.9909909909909911        1.4065138159041074E-004   0.0000000000000000     
   2.9949949949949950        1.0773025170588845E-004   0.0000000000000000     
   2.9989989989989989        1.2876472198003784E-004   0.0000000000000000     
   3.0030030030030028        9.6809579633885568E-005   0.0000000000000000     
   3.0070070070070072        1.1792671145637074E-004   0.0000000000000000     
   3.0110110110110111        8.6892674821098111E-005   0.0000000000000000     
   3.0150150150150150        1.0804498866630458E-004   0.0000000000000000     
   3.0190190190190189        7.7890071114801603E-005   0.0000000000000000     
   3.0230230230230228        9.9035261817473846E-005   0.0000000000000000     
   3.0270270270270272        6.9720143331931207E-005   0.0000000000000000     
   3.0310310310310311        9.0820606770923804E-005   0.0000000000000000     
   3.0350350350350350        6.2308430832970903E-005   0.0000000000000000     
   3.0390390390390389        8.3330826024965201E-005   0.0000000000000000     
   3.0430430430430429        5.5587018611387166E-005   0.0000000000000000     
   3.0470470470470472        7.6501863337496170E-005   0.0000000000000000     
   3.0510510510510511        4.9493971052992256E-005   0.0000000000000000     
   3.0550550550550550        7.0275269181760948E-005   0.0000000000000000     
   3.0590590590590589        4.3972813927676680E-005   0.0000000000000000     
   3.0630630630630629        6.4597712640773953E-005   0.0000000000000000     
   3.0670670670670672        3.8972060549326314E-005   0.0000000000000000     
   3.0710710710710711        5.9420535721522899E-005   0.0000000000000000     
   3.0750750750750750        3.4444778381429601E-005   0.0000000000000000     
   3.0790790790790790        5.4699346414387389E-005   0.0000000000000000     
   3.0830830830830829        3.0348192678618345E-005   0.0000000000000000     
   3.0870870870870872        5.0393647138550609E-005   0.0000000000000000     
   3.0910910910910911        2.6643324040659576E-005   0.0000000000000000     
   3.0950950950950951        4.6466495502929037E-005   0.0000000000000000     
   3.0990990990990990        2.3294657017501664E-005   0.0000000000000000     
   3.1031031031031029        4.2884194576481485E-005   0.0000000000000000     
   3.1071071071071072        2.0269837143948867E-005   0.0000000000000000     
   3.1111111111111112        3.9616010103700443E-005   0.0000000000000000     
   3.1151151151151151        1.7539394002290933E-005   0.0000000000000000     
   3.1191191191191190        3.6633912322490815E-005   0.0000000000000000     
   3.1231231231231229        1.5076488112474248E-005   0.0000000000000000     
   3.1271271271271273        3.3912340244203095E-005   0.0000000000000000     
   3.1311311311311312        1.2856679633747951E-005   0.0000000000000000     
   3.1351351351351351        3.1427986440880276E-005   0.0000000000000000     
   3.1391391391391390        1.0857717030593838E-005   0.0000000000000000     
   3.1431431431431434        2.9159600554236583E-005   0.0000000000000000     
   3.1471471471471473        9.0593440104669642E-006   0.0000000000000000     
   3.1511511511511512        2.7087809895837518E-005   0.0000000000000000     
   3.1551551551551551        7.4431231826367616E-006   0.0000000000000000     
   3.1591591591591590        2.5194955649609383E-005   0.0000000000000000     
   3.1631631631631634        5.9922750173249063E-006   0.0000000000000000     
   3.1671671671671673        2.3464943317287985E-005   0.0000000000000000     
   3.1711711711711712        4.6915308033860098E-006   0.0000000000000000     
   3.1751751751751751        2.1883106165748522E-005   0.0000000000000000     
   3.1791791791791790        3.5269984118900801E-006   0.0000000000000000     
   3.1831831831831834        2.0436080543281611E-005   0.0000000000000000     
   3.1871871871871873        2.4860397729757619E-006   0.0000000000000000     
   3.1911911911911912        1.9111692030659066E-005   0.0000000000000000     
   3.1951951951951951        1.5571590650180545E-006   0.0000000000000000     
   3.1991991991991990        1.7898851483059771E-005   0.0000000000000000     
   3.2032032032032034        7.2990069919221495E-007   0.0000000000000000     
   3.2072072072072073        1.6787460101330072E-005   0.0000000000000000     
   3.2112112112112112       -5.2437404429111809E-009   0.0000000000000000     
   3.2152152152152151        1.5768322746299262E-005   0.0000000000000000     
   3.2192192192192191       -6.5692037058858477E-007   0.0000000000000000     
   3.2232232232232234        1.4833068778574040E-005   0.0000000000000000     
   3.2272272272272273       -1.2329904005688298E-006   0.0000000000000000     
   3.2312312312312312        1.3974079768953865E-005   0.0000000000000000     
   3.2352352352352352       -1.7406006875357282E-006   0.0000000000000000     
   3.2392392392392391        1.3184423481858939E-005   0.0000000000000000     
   3.2432432432432434       -2.1862480457095570E-006   0.0000000000000000     
   3.2472472472472473        1.2457793586412907E-005   0.0000000000000000     
   3.2512512512512513       -2.5758378504422963E-006   0.0000000000000000     
   3.2552552552552552        1.1788454597505701E-005   0.0000000000000000     
   3.2592592592592591       -2.9147374321397690E-006   0.0000000000000000     
   3.2632632632632634        1.1171191592672861E-005   0.0000000000000000     
   3.2672672672672673       -3.2078247131318718E-006   0.0000000000000000     
   3.2712712712712713        1.0601264290327940E-005   0.0000000000000000     
   3.2752752752752752       -3.4595325021254240E-006   0.0000000000000000     
   3.2792792792792791        1.0074365111104574E-005   0.0000000000000000     
   3.2832832832832834       -3.6738888256224690E-006   0.0000000000000000     
   3.2872872872872874        9.5865808771083353E-006   0.0000000000000000     
   3.2912912912912913       -3.8545536433724090E-006   0.0000000000000000     
   3.2952952952952952        9.1343578340209466E-006   0.0000000000000000     
   3.2992992992992991       -4.0048522653073539E-006   0.0000000000000000     
   3.3033033033033035        8.7144697084954668E-006   0.0000000000000000     
   3.3073073073073074       -4.1278057602634495E-006   0.0000000000000000     
   3.3113113113113113        8.3239885383613536E-006   0.0000000000000000     
   3.3153153153153152       -4.2261586219129558E-006   0.0000000000000000     
   3.3193193193193191        7.9602580360346255E-006   0.0000000000000000     
   3.3233233233233235       -4.3024039345352653E-006   0.0000000000000000     
   3.3273273273273274        7.6208692663942492E-006   0.0000000000000000     
   3.3313313313313313       -4.3588062603680950E-006   0.0000000000000000     
   3.3353353353353352        7.3036384394175797E-006   0.0000000000000000     
   3.3393393393393391       -4.3974224511457361E-006   0.0000000000000000     
   3.3433433433433435        7.0065866352268319E-006   0.0000000000000000     
   3.3473473473473474       -4.4201205689043571E-006   0.0000000000000000     
   3.3513513513513513        6.7279212950324001E-006   0.0000000000000000     
   3.3553553553553552       -4.4285970850828506E-006   0.0000000000000000     
   3.3593593593593591        6.4660193259014956E-006   0.0000000000000000     
   3.3633633633633635       -4.4243925122497285E-006   0.0000000000000000     
   3.3673673673673674        6.2194116804554328E-006   0.0000000000000000     
   3.3713713713713713       -4.4089056093301884E-006   0.0000000000000000     
   3.3753753753753752        5.9867692846170796E-006   0.0000000000000000     
   3.3793793793793796       -4.3834062888904995E-006   0.0000000000000000     
   3.3833833833833835        5.7668901974944010E-006   0.0000000000000000     
   3.3873873873873874       -4.3490473437649280E-006   0.0000000000000000     
   3.3913913913913913        5.5586878974895548E-006   0.0000000000000000     
   3.3953953953953953       -4.3068750999969482E-006   0.0000000000000000     
   3.3993993993993996        5.3611805978503375E-006   0.0000000000000000     
   3.4034034034034035       -4.2578390936324570E-006   0.0000000000000000     
   3.4074074074074074        5.1734815032101481E-006   0.0000000000000000     
   3.4114114114114114       -4.2028008602748766E-006   0.0000000000000000     
   3.4154154154154153        4.9947899262637653E-006   0.0000000000000000     
   3.4194194194194196       -4.1425419184236863E-006   0.0000000000000000     
   3.4234234234234235        4.8243831906643442E-006   0.0000000000000000     
   3.4274274274274275       -4.0777710204074132E-006   0.0000000000000000     
   3.4314314314314314        4.6616092525601375E-006   0.0000000000000000     
   3.4354354354354353       -4.0091307381331872E-006   0.0000000000000000     
   3.4394394394394396        4.5058799789714802E-006   0.0000000000000000     
   3.4434434434434436       -3.9372034448556112E-006   0.0000000000000000     
   3.4474474474474475        4.3566650264880029E-006   0.0000000000000000     
   3.4514514514514514       -3.8625167486703631E-006   0.0000000000000000     
   3.4554554554554553        4.2134862685873252E-006   0.0000000000000000     
   3.4594594594594597       -3.7855484284190216E-006   0.0000000000000000     
   3.4634634634634636        4.0759127242800590E-006   0.0000000000000000     
   3.4674674674674675       -3.7067309181107539E-006   0.0000000000000000     
   3.4714714714714714        3.9435559448085888E-006   0.0000000000000000     
   3.4754754754754753       -3.6264553817870954E-006   0.0000000000000000     
   3.4794794794794797        3.8160658188024537E-006   0.0000000000000000     
   3.4834834834834836       -3.5450754169440863E-006   0.0000000000000000     
   3.4874874874874875        3.6931267596516187E-006   0.0000000000000000     
   3.4914914914914914       -3.4629104211505562E-006   0.0000000000000000     
   3.4954954954954953        3.5744542419284571E-006   0.0000000000000000     
   3.4994994994994997       -3.3802486533338255E-006   0.0000000000000000     
   3.5035035035035036        3.4597916564950591E-006   0.0000000000000000     
   3.5075075075075075       -3.2973500183184007E-006   0.0000000000000000     
   3.5115115115115114        3.3489074564977752E-006   0.0000000000000000     
   3.5155155155155153       -3.2144486005753215E-006   0.0000000000000000     
   3.5195195195195197        3.2415925687964809E-006   0.0000000000000000     
   3.5235235235235236       -3.1317549707477668E-006   0.0000000000000000     
   3.5275275275275275        3.1376580475212543E-006   0.0000000000000000     
   3.5315315315315314       -3.0494582863420415E-006   0.0000000000000000     
   3.5355355355355353        3.0369329484112465E-006   0.0000000000000000     
   3.5395395395395397       -2.9677282059937315E-006   0.0000000000000000     
   3.5435435435435436        2.9392624043854601E-006   0.0000000000000000     
   3.5475475475475475       -2.8867166349196019E-006   0.0000000000000000     
   3.5515515515515514        2.8445058844372700E-006   0.0000000000000000     
   3.5555555555555554       -2.8065593175312062E-006   0.0000000000000000     
   3.5595595595595597        2.7525356194471140E-006   0.0000000000000000     
   3.5635635635635636       -2.7273772917019288E-006   0.0000000000000000     
   3.5675675675675675        2.6632351798826664E-006   0.0000000000000000     
   3.5715715715715715       -2.6492782178322241E-006   0.0000000000000000     
   3.5755755755755754        2.5764981916140351E-006   0.0000000000000000     
   3.5795795795795797       -2.5723575946362321E-006   0.0000000000000000     
   3.5835835835835836        2.4922271772229088E-006   0.0000000000000000     
   3.5875875875875876       -2.4966998724657831E-006   0.0000000000000000     
   3.5915915915915915        2.4103325112382512E-006   0.0000000000000000     
   3.5955955955955954       -2.4223794739850810E-006   0.0000000000000000     
   3.5995995995995997        2.3307314786952874E-006   0.0000000000000000     
   3.6036036036036037       -2.3494617311019026E-006   0.0000000000000000     
   3.6076076076076076        2.2533474272966660E-006   0.0000000000000000     
   3.6116116116116115       -2.2780037462406144E-006   0.0000000000000000     
   3.6156156156156154        2.1781090042616324E-006   0.0000000000000000     
   3.6196196196196198       -2.2080551853010508E-006   0.0000000000000000     
   3.6236236236236237        2.1049494696870294E-006   0.0000000000000000     
   3.6276276276276276       -2.1396590089783883E-006   0.0000000000000000     
   3.6316316316316315        2.0338060789186031E-006   0.0000000000000000     
   3.6356356356356359       -2.0728521485160939E-006   0.0000000000000000     
   3.6396396396396398        1.9646195270475872E-006   0.0000000000000000     
   3.6436436436436437       -2.0076661314211871E-006   0.0000000000000000     
   3.6476476476476476        1.8973334492105094E-006   0.0000000000000000     
   3.6516516516516515       -1.9441276621829535E-006   0.0000000000000000     
   3.6556556556556559        1.8318939708838947E-006   0.0000000000000000     
   3.6596596596596598       -1.8822591625982020E-006   0.0000000000000000     
   3.6636636636636637        1.7682493028338434E-006   0.0000000000000000     
   3.6676676676676676       -1.8220792759136459E-006   0.0000000000000000     
   3.6716716716716715        1.7063493758068221E-006   0.0000000000000000     
   3.6756756756756759       -1.7636033386450721E-006   0.0000000000000000     
   3.6796796796796798        1.6461455104356139E-006   0.0000000000000000     
   3.6836836836836837       -1.7068438236199114E-006   0.0000000000000000     
   3.6876876876876876        1.5875901181859745E-006   0.0000000000000000     
   3.6916916916916915       -1.6518107575113753E-006   0.0000000000000000     
   3.6956956956956959        1.5306364294877670E-006   0.0000000000000000     
   3.6996996996996998       -1.5985121158853489E-006   0.0000000000000000     
   3.7037037037037037        1.4752382454814044E-006   0.0000000000000000     
   3.7077077077077076       -1.5469541985630093E-006   0.0000000000000000     
   3.7117117117117115        1.4213497100683437E-006   0.0000000000000000     
   3.7157157157157159       -1.4971419879100693E-006   0.0000000000000000     
   3.7197197197197198        1.3689250991849082E-006   0.0000000000000000     
   3.7237237237237237       -1.4490794924953173E-006   0.0000000000000000     
   3.7277277277277276        1.3179186244233739E-006   0.0000000000000000     
   3.7317317317317316       -1.4027700784145655E-006   0.0000000000000000     
   3.7357357357357359        1.2682842483043597E-006   0.0000000000000000     
   3.7397397397397398       -1.3582167904492134E-006   0.0000000000000000     
   3.7437437437437437        1.2199755086611417E-006   0.0000000000000000     
   3.7477477477477477       -1.3154226651195190E-006   0.0000000000000000     
   3.7517517517517516        1.1729453497304199E-006   0.0000000000000000     
   3.7557557557557559       -1.2743910375995829E-006   0.0000000000000000     
   3.7597597597597598        1.1271459576559160E-006   0.0000000000000000     
   3.7637637637637638       -1.2351258443822873E-006   0.0000000000000000     
   3.7677677677677677        1.0825285982013315E-006   0.0000000000000000     
   3.7717717717717716       -1.1976319235163761E-006   0.0000000000000000     
   3.7757757757757759        1.0390434545377914E-006   0.0000000000000000     
   3.7797797797797799       -1.1619153141828982E-006   0.0000000000000000     
   3.7837837837837838        9.9663946301779809E-007   0.0000000000000000     
   3.7877877877877877       -1.1279835573327558E-006   0.0000000000000000     
   3.7917917917917916        9.5526414487255039E-007   0.0000000000000000     
   3.7957957957957960       -1.0958459990694508E-006   0.0000000000000000     
   3.7997997997997999        9.1486343177152815E-007   0.0000000000000000     
   3.8038038038038038       -1.0655140984296112E-006   0.0000000000000000     
   3.8078078078078077        8.7538148316151624E-007   0.0000000000000000     
   3.8118118118118116       -1.0370017411866514E-006   0.0000000000000000     
   3.8158158158158160        8.3676049325538109E-007   0.0000000000000000     
   3.8198198198198199       -1.0103255612780447E-006   0.0000000000000000     
   3.8238238238238238        7.9894048546716407E-007   0.0000000000000000     
   3.8278278278278277       -9.8550527143197080E-007   0.0000000000000000     
   3.8318318318318316        7.6185909198727959E-007   0.0000000000000000     
   3.8358358358358360       -9.6256400454215210E-007   0.0000000000000000     
   3.8398398398398399        7.2545131605711160E-007   0.0000000000000000     
   3.8438438438438438       -9.4152866730779697E-007   0.0000000000000000     
   3.8478478478478477        6.8964927433293948E-007   0.0000000000000000     
   3.8518518518518516       -9.2243030761565116E-007   0.0000000000000000     
   3.8558558558558560        6.5438191652106870E-007   0.0000000000000000     
   3.8598598598598599       -9.0530449708969342E-007   0.0000000000000000     
   3.8638638638638638        6.1957471921482677E-007   0.0000000000000000     
   3.8678678678678677       -8.9019173016696219E-007   0.0000000000000000     
   3.8718718718718717        5.8514935056445375E-007   0.0000000000000000     
   3.8758758758758760       -8.7713784097069815E-007   0.0000000000000000     
   3.8798798798798799        5.5102330205670878E-007   0.0000000000000000     
   3.8838838838838838       -8.6619443913905116E-007   0.0000000000000000     
   3.8878878878878878        5.1710948326511399E-007   0.0000000000000000     
   3.8918918918918921       -8.5741936562278138E-007   0.0000000000000000     
   3.8958958958958960        4.8331577494586214E-007   0.0000000000000000     
   3.8998998998998999       -8.5087716928145714E-007   0.0000000000000000     
   3.9039039039039038        4.4954453528895706E-007   0.0000000000000000     
   3.9079079079079078       -8.4663960487626189E-007   0.0000000000000000     
   3.9119119119119121        4.1569205347808463E-007   0.0000000000000000     
   3.9159159159159160       -8.4478615276893376E-007   0.0000000000000000     
   3.9199199199199199        3.8164794395329459E-007   0.0000000000000000     
   3.9239239239239239       -8.4540456027937848E-007   0.0000000000000000     
   3.9279279279279278        3.4729447389316862E-007   0.0000000000000000     
   3.9319319319319321       -8.4859140421608484E-007   0.0000000000000000     
   3.9359359359359360        3.1250581542094901E-007   0.0000000000000000     
   3.9399399399399400       -8.5445267355862616E-007   0.0000000000000000     
   3.9439439439439439        2.7714721287280055E-007   0.0000000000000000     
   3.9479479479479478       -8.6310437062285701E-007   0.0000000000000000     
   3.9519519519519521        2.4107405412388245E-007   0.0000000000000000     
   3.9559559559559561       -8.7467312825687524E-007   0.0000000000000000     
   3.9599599599599600        2.0413083342388572E-007   0.0000000000000000     
   3.9639639639639639       -8.8929683967627933E-007   0.0000000000000000     
   3.9679679679679678        1.6614999141919691E-007   0.0000000000000000     
   3.9719719719719722       -9.0712529642407258E-007   0.0000000000000000     
   3.9759759759759761        1.2695061600076156E-007   0.0000000000000000     
   3.9799799799799800       -9.2832082860306906E-007   0.0000000000000000     
   3.9839839839839839        8.6336985277231276E-008   0.0000000000000000     
   3.9879879879879878       -9.5305893994157480E-007   0.0000000000000000     
   3.9919919919919922        4.4096931288897444E-008   0.0000000000000000     
   3.9959959959959961       -9.8152892837593223E-007   0.0000000000000000     
   4.0000000000000000        0.0000000000000000        0.0000000000000000     
